journal	date	pmc_id	Nchars	Nwords	delve	analyse	acknowledge	assess	appraise	dissect	explore	examine	extricate	expose	estimate	investigate	inquire	inspect	interpret	scrutinise	study	unearth	uncover	understand	ponder	research	reason	retrieve	avoid	discount	disregard	dismiss	ignore	neglect	overlook	omit	skip	reject
BMJ Open	2021-10-01	8264879	4274	327	0	0	0	0	0	0	0	0	0	0	0	0	0	0	0	0	3	0	0	0	0	0	0	0	0	0	0	0	0	0	0	0	0	0
BMJ Open	2021-10-01	8258572	104748	8933	0	15	0	4	0	0	0	1	0	0	1	0	0	0	0	0	76	0	0	0	0	0	0	0	0	0	0	0	0	0	0	0	0	0
BMJ Open	2021-10-01	8258573	54233	4896	0	7	0	2	0	0	0	2	0	1	0	2	0	0	0	0	31	0	0	1	0	0	0	0	0	0	0	0	0	0	0	0	0	0
BMJ Open	2021-10-01	8264892	94481	6862	0	5	0	9	1	0	9	1	0	0	1	0	0	0	1	0	78	0	0	1	0	0	2	0	0	0	0	0	0	0	0	0	0	0
BMJ Open	2021-10-01	8267168	4081	299	0	0	0	0	0	0	0	0	0	0	0	0	0	0	0	0	2	0	0	0	0	0	0	0	0	0	0	0	0	0	0	0	0	0
BMJ Open	2021-10-01	8258570	60141	5582	0	4	0	2	0	0	0	2	0	0	2	3	0	0	0	0	47	0	0	0	0	0	1	0	0	0	0	0	0	0	0	0	0	0
BMJ Open	2021-10-01	8266430	90965	8735	0	12	1	0	0	0	6	4	0	0	3	3	0	0	1	0	34	0	0	3	0	0	0	2	0	0	0	0	0	0	1	1	0	4
BMJ Open	2021-10-01	8260307	108812	9846	0	6	0	5	0	0	2	3	0	9	4	0	0	0	0	0	40	0	0	0	0	0	1	0	0	0	0	0	0	0	0	0	0	0
BMJ Open	2021-10-01	8264897	86813	8516	0	10	1	1	0	0	1	5	0	0	0	0	0	0	1	0	33	0	0	0	0	0	1	1	0	0	0	0	0	0	0	0	0	0
BMJ Open	2021-10-01	8260308	82604	7417	0	8	0	4	0	0	1	3	0	0	2	3	0	0	1	0	40	0	0	0	0	0	0	1	0	0	0	0	0	0	0	1	0	0
BMJ Open	2021-10-01	8257291	59070	5765	0	2	1	1	0	0	3	0	0	0	0	0	0	0	1	0	47	0	0	3	0	0	0	0	0	0	0	0	0	0	0	0	0	0
BMJ Open	2021-10-01	8264911	111555	12713	0	14	0	5	0	0	1	0	0	0	4	1	0	0	0	0	195	0	0	5	0	0	1	0	0	0	0	0	0	0	0	0	0	0
BMJ Open	2021-10-01	8261879	77860	6884	0	2	0	0	0	0	6	1	0	0	0	0	0	0	0	0	24	0	0	2	0	0	1	0	2	0	0	0	0	0	0	0	0	0
BMJ Open	2021-10-01	8264901	96197	8891	0	4	1	2	0	0	2	0	0	0	5	1	0	0	1	0	62	0	0	1	0	0	1	0	0	0	0	0	0	0	0	0	0	0
BMJ Open	2021-10-01	8264903	91244	7849	0	1	2	3	0	0	0	1	0	2	4	0	0	0	0	0	51	0	0	0	0	0	0	0	1	0	0	0	0	0	0	0	0	0
BMJ Open	2021-10-01	8258595	118937	8933	0	2	5	2	2	0	3	0	0	0	0	0	0	0	0	0	22	0	1	3	0	0	3	1	0	0	0	0	0	0	0	0	0	0
BMJ Open	2021-10-01	8260285	52976	4587	0	7	1	3	2	0	2	0	0	0	5	1	0	0	0	0	33	0	0	0	0	0	0	2	0	0	0	0	4	0	0	0	0	0
BMJ Open	2021-10-01	8258554	77297	6479	0	7	0	2	0	0	1	0	0	15	0	1	0	0	0	0	52	0	0	0	0	0	0	0	0	0	0	0	0	0	0	0	0	0
BMJ Open	2021-10-01	8264891	87132	7908	0	11	1	0	0	0	0	1	0	0	6	1	0	0	1	0	29	0	0	0	0	0	0	0	0	0	0	0	0	0	0	0	0	0
BMJ Open	2021-10-01	8258560	129967	12232	0	8	0	0	0	0	0	1	0	0	1	4	0	0	1	0	29	0	0	1	0	0	0	0	1	0	0	0	0	0	0	0	0	0
BMJ Open	2021-10-01	8261888	95724	8594	0	3	1	1	0	0	1	2	0	0	1	1	0	0	0	0	45	0	0	0	0	0	0	0	0	0	0	0	0	0	0	0	0	0
BMJ Open	2021-10-01	8264882	86088	7413	0	8	0	0	0	0	3	2	0	0	2	0	0	0	0	0	43	0	0	1	0	4	0	0	0	0	0	0	0	0	2	0	0	0
BMJ Open	2021-10-01	8264875	108647	8242	0	8	0	4	0	0	0	4	0	0	20	5	0	0	1	0	105	0	0	2	0	0	0	0	0	0	0	0	0	0	0	1	0	0
BMJ Open	2021-10-01	8266429	117584	10422	0	4	0	3	0	0	1	1	0	1	2	2	0	0	2	0	46	0	0	1	0	0	0	0	0	0	0	0	0	0	0	0	0	0
BMJ Open	2021-10-01	8264864	98414	8278	0	4	2	3	0	0	0	1	0	0	2	10	0	0	0	0	21	0	0	4	0	0	1	0	0	0	0	0	0	0	0	1	0	0
BMJ Open	2021-10-01	8276287	53634	4630	0	1	0	3	5	0	1	5	0	0	1	0	0	0	0	0	56	0	0	3	0	0	0	1	0	0	0	0	0	0	0	0	0	0
BMJ Open	2021-10-01	8273447	81768	7179	0	4	0	0	0	0	1	1	0	2	0	0	0	0	1	0	30	0	1	9	0	0	0	0	0	0	0	0	0	0	0	0	0	0
BMJ Open	2021-10-01	8282414	52431	5056	0	6	0	0	0	0	6	0	0	0	0	3	0	0	0	0	12	0	0	1	0	0	0	0	0	0	0	0	0	0	0	0	0	0
BMJ Open	2021-10-01	8273450	89127	8240	0	3	0	4	0	0	0	6	0	0	1	0	0	0	0	0	36	0	0	2	0	0	0	0	35	0	0	0	0	0	0	0	0	0
BMJ Open	2021-10-01	8280912	120796	10946	0	13	0	0	1	0	1	4	0	0	2	6	0	0	1	0	147	0	0	1	0	0	1	2	0	0	0	0	0	0	0	1	0	0
BMJ Open	2021-10-01	8286767	95882	9137	0	7	0	0	0	0	3	2	0	0	10	1	0	0	1	0	54	0	0	0	0	0	0	0	0	0	0	0	0	0	0	0	1	0
BMJ Open	2021-10-01	8273471	75454	5918	0	3	1	0	0	0	1	2	0	0	13	0	0	0	0	0	40	0	0	1	0	0	0	2	0	0	0	0	0	0	0	0	0	0
BMJ Open	2021-10-01	8286769	87998	8554	0	1	0	1	0	0	1	0	0	0	0	1	0	0	0	0	29	0	0	0	0	0	1	1	0	0	0	0	0	0	0	0	0	0
BMJ Open	2021-10-01	8280893	71572	6024	0	2	0	1	0	0	0	1	0	0	4	12	0	0	0	0	27	0	0	1	0	0	0	1	0	0	0	0	0	0	0	0	0	0
BMJ Open	2021-10-01	8277488	61084	4831	0	6	1	0	0	0	1	1	0	0	0	0	0	0	1	0	48	0	0	0	0	0	1	2	0	0	0	0	0	0	0	0	0	0
BMJ Open	2021-10-01	8273459	49377	4641	0	8	0	1	0	0	0	0	0	0	0	0	0	0	0	0	42	0	0	0	0	0	2	1	0	0	0	0	0	0	0	0	0	0
BMJ Open	2021-10-01	8286773	93413	8636	0	3	0	0	0	0	0	0	0	1	14	2	0	0	0	0	32	0	0	0	0	0	0	0	0	3	0	0	1	0	0	0	0	0
BMJ Open	2021-10-01	8286775	99513	8522	0	11	0	9	0	0	1	2	0	0	8	8	0	0	0	0	46	0	0	0	0	0	1	0	0	0	0	0	0	0	0	0	0	0
BMJ Open	2021-10-01	8276297	117323	10415	0	4	1	2	0	0	5	1	0	0	3	2	0	0	0	0	54	0	0	3	0	0	12	0	0	0	0	0	0	0	0	0	0	0
BMJ Open	2021-10-01	8276292	78470	7117	0	7	0	1	0	0	0	2	0	0	0	0	0	0	1	0	20	0	0	1	0	0	6	0	0	0	0	0	0	0	0	0	0	0
BMJ Open	2021-10-01	8273448	85180	6155	0	7	0	1	0	0	0	1	0	0	10	0	0	0	0	0	24	0	0	0	0	0	0	0	0	0	0	0	0	0	0	0	0	0
BMJ Open	2021-10-01	8276299	237990	19391	0	12	0	2	2	0	2	5	0	1	1	1	0	0	6	0	149	0	0	5	0	0	3	1	0	0	0	0	1	0	0	0	0	0
BMJ Open	2021-10-01	8280902	68220	6335	0	6	0	0	1	0	11	1	0	0	0	1	0	0	0	0	51	0	0	0	0	0	0	0	0	0	0	0	0	0	0	0	0	0
BMJ Open	2021-10-01	8273468	98072	8740	0	4	0	4	0	0	3	0	0	0	7	0	0	0	0	0	71	0	0	1	0	0	0	0	0	0	0	0	0	0	0	0	0	0
BMJ Open	2021-10-01	8276286	69006	6583	0	4	2	4	0	0	6	1	0	0	2	1	0	0	1	0	63	0	0	3	0	0	1	0	0	0	1	0	0	1	0	0	0	0
BMJ Open	2021-10-01	8282413	101868	9661	0	4	2	0	0	0	0	2	0	0	2	1	0	0	0	0	17	0	0	1	0	0	0	0	0	0	0	0	1	2	0	0	0	0
BMJ Open	2021-10-01	8276309	84650	8438	0	3	0	2	0	0	0	0	0	0	1	1	0	0	0	0	54	0	0	3	0	0	1	0	1	0	0	0	0	0	0	0	2	0
BMJ Open	2021-10-01	8278888	90745	8732	0	3	1	0	0	0	0	0	0	0	5	6	0	0	0	0	54	0	0	0	0	0	0	0	0	0	0	0	0	0	0	1	0	0
BMJ Open	2021-10-01	8273463	111732	10272	0	6	1	0	0	0	0	0	0	0	1	5	0	0	2	0	18	0	0	2	0	0	1	0	0	0	0	0	0	0	0	0	0	0
BMJ Open	2021-10-01	8286762	86558	8017	0	2	0	5	0	0	1	4	0	0	0	3	0	0	1	0	49	0	0	3	0	0	0	0	0	0	0	0	0	0	0	0	0	0
BMJ Open	2021-10-01	8292810	67430	6438	0	6	0	7	0	0	1	6	0	0	0	1	0	0	0	0	40	0	0	0	0	0	0	0	0	0	0	0	0	0	0	0	0	0
BMJ Open	2021-10-01	8728351	106234	9768	0	5	1	8	0	0	0	3	0	0	0	2	0	0	1	0	57	0	0	0	0	0	0	0	0	0	0	0	0	0	0	0	0	0
BMJ Open	2021-10-01	8291298	125411	10428	0	6	2	0	0	0	3	1	0	2	6	1	0	0	0	0	49	0	0	4	0	0	0	0	0	0	0	0	0	0	0	0	0	0
BMJ Open	2021-10-01	8728374	105500	9759	0	2	0	11	0	0	0	2	0	2	7	0	0	0	0	0	49	0	0	0	0	0	0	0	2	0	0	0	0	0	0	0	0	0
BMJ Open	2021-10-01	8300557	109677	9325	0	4	0	6	0	0	0	1	0	0	0	0	0	0	0	0	54	0	0	0	0	0	0	0	0	0	0	0	0	0	0	0	1	0
BMJ Open	2021-10-01	8288240	76708	7391	0	5	0	14	0	0	5	3	0	1	2	3	0	0	0	0	68	0	0	5	0	0	0	0	0	0	0	0	0	0	0	0	0	0
BMJ Open	2021-10-01	8287608	84565	7401	0	11	0	1	0	0	0	3	0	0	7	3	0	1	0	0	44	0	0	5	0	0	0	0	0	0	0	0	0	0	0	0	0	0
BMJ Open	2021-10-01	8300555	96664	8526	0	11	1	1	0	0	1	2	0	2	30	1	0	0	0	0	28	0	0	0	0	0	1	0	0	1	0	0	0	0	0	0	0	0
BMJ Open	2021-10-01	8296767	62622	5859	0	9	0	2	0	0	0	2	0	1	1	4	0	1	0	0	24	0	0	1	0	0	0	1	0	0	0	0	0	0	0	0	0	0
BMJ Open	2021-10-01	8291296	63670	6420	0	6	1	0	0	0	10	0	0	1	1	2	0	0	0	0	38	0	0	4	0	0	2	0	0	0	0	1	0	0	0	0	0	0
BMJ Open	2021-10-01	8296762	103194	9696	0	1	1	1	0	0	1	0	0	3	4	0	0	0	0	0	97	0	0	1	0	0	2	0	0	0	0	0	0	0	0	0	1	0
BMJ Open	2021-10-01	8296761	124277	10856	0	7	2	11	0	0	4	0	0	0	5	2	1	0	2	0	32	0	0	1	0	0	1	0	0	0	0	0	0	0	0	0	0	0
BMJ Open	2021-10-01	8728349	104637	9277	0	4	1	8	0	0	0	4	0	0	4	0	0	0	0	0	57	0	0	1	0	0	1	0	1	0	0	0	0	0	0	0	0	0
BMJ Open	2021-10-01	8296817	111501	9464	0	1	1	1	0	0	3	1	0	0	0	2	0	2	0	0	56	0	0	15	0	0	3	0	1	0	0	1	0	0	0	0	0	0
BMJ Open	2021-10-01	8292819	118235	11337	0	11	0	7	0	0	0	3	0	0	9	1	0	0	0	0	55	0	0	0	0	0	0	0	0	0	0	0	0	0	0	0	0	0
BMJ Open	2021-10-01	8292835	10323	895	0	0	0	2	0	0	0	0	0	0	0	0	0	0	0	0	4	0	0	0	0	0	0	0	0	0	0	0	0	0	0	0	0	0
BMJ Open	2021-10-01	8296779	88064	7849	0	7	0	0	0	0	0	0	0	0	13	0	0	0	0	0	31	0	0	0	0	0	0	0	0	0	0	0	0	0	0	0	0	0
BMJ Open	2021-10-01	8292816	78730	6943	0	9	1	5	0	0	5	1	0	0	1	0	0	0	0	0	110	0	0	4	0	0	2	0	0	0	0	0	0	0	0	0	0	0
BMJ Open	2021-10-01	8292808	50400	4178	0	2	0	2	0	0	2	1	0	0	10	1	0	0	0	0	17	0	0	0	0	0	0	0	0	1	0	0	0	0	0	0	0	0
BMJ Open	2021-10-01	8292809	101403	8805	0	7	0	2	0	0	1	3	0	3	3	6	0	0	0	0	44	0	0	1	0	0	0	0	0	0	0	0	0	0	0	0	0	0
BMJ Open	2021-10-01	8296772	90522	7788	0	4	0	0	0	0	17	1	0	0	7	0	0	0	1	0	62	0	0	1	0	0	2	0	0	0	0	0	0	0	0	0	0	0
BMJ Open	2021-10-01	8287605	71017	6719	0	3	0	5	0	0	0	0	0	0	4	0	0	0	0	0	57	0	0	0	0	0	0	0	0	0	0	0	0	0	0	0	0	0
BMJ Open	2021-10-01	8287625	123167	10590	0	2	0	0	0	0	4	0	0	3	0	1	0	0	0	0	63	0	0	1	0	1	1	0	1	0	0	0	0	0	0	0	0	0
BMJ Open	2021-10-01	8292830	111289	12581	0	3	0	1	0	0	6	0	0	0	0	0	0	0	1	0	55	0	0	12	0	0	1	1	1	0	0	0	0	0	0	0	0	0
BMJ Open	2021-10-01	8290948	108534	9719	0	8	0	6	0	0	1	6	0	1	3	0	0	0	0	0	30	0	0	3	0	0	0	0	0	0	0	0	0	0	0	0	0	0
BMJ Open	2021-10-01	8327815	83559	8100	0	8	1	2	0	0	0	0	0	0	12	0	0	0	0	0	13	0	0	2	0	0	0	0	1	0	0	0	0	0	0	0	0	0
BMJ Open	2021-10-01	8317080	138462	11243	0	7	1	19	0	0	4	11	0	1	0	0	0	1	0	0	107	0	1	6	0	0	1	1	0	0	0	0	0	0	0	0	0	0
BMJ Open	2021-10-01	8327817	108944	8756	0	9	0	10	0	0	2	1	0	0	0	2	0	0	0	0	41	0	0	3	0	1	0	0	0	0	0	0	0	0	0	0	0	0
BMJ Open	2021-10-01	8314706	75485	6557	0	2	0	5	0	0	0	1	0	0	1	0	0	0	0	0	61	0	0	0	0	0	0	0	0	0	0	0	0	0	0	1	0	0
BMJ Open	2021-10-01	8320247	53661	5329	0	2	0	3	0	0	0	0	0	0	1	1	0	0	0	0	57	0	0	0	0	0	0	0	0	0	0	0	0	0	0	0	0	0
BMJ Open	2021-10-01	8313304	72773	8241	0	5	0	0	0	0	1	1	0	0	0	0	0	0	0	0	20	0	1	7	0	0	5	0	2	0	0	0	0	0	0	0	0	0
BMJ Open	2021-10-01	8319988	88259	7130	0	4	0	10	0	0	0	1	0	0	0	1	0	0	0	0	67	0	0	0	0	0	0	0	0	0	0	0	0	0	0	0	0	0
BMJ Open	2021-10-01	8327810	121898	9384	0	6	0	5	1	0	1	0	0	2	1	1	0	0	2	0	12	0	1	0	0	0	0	1	0	0	0	0	1	0	0	0	0	0
BMJ Open	2021-10-01	8314702	63152	4937	0	12	1	3	2	0	0	0	0	0	8	2	0	0	0	1	51	0	0	1	0	0	0	5	0	0	0	0	0	0	0	0	0	0
BMJ Open	2021-10-01	8314737	77537	6777	0	8	0	3	0	0	2	1	0	0	0	0	2	0	0	0	62	0	0	1	0	1	1	0	0	0	0	0	0	0	0	0	0	0
BMJ Open	2021-10-01	8323352	80479	7449	0	7	0	1	0	0	0	2	0	0	7	0	0	0	0	0	51	0	0	1	0	0	0	0	0	0	0	0	0	0	0	0	0	0
BMJ Open	2021-10-01	8316694	45220	4133	0	5	0	0	0	0	1	0	0	3	0	0	0	0	0	0	18	0	0	0	0	0	0	0	0	0	0	0	0	0	0	0	0	0
BMJ Open	2021-10-01	8317076	95518	8229	0	16	0	5	0	0	5	1	0	1	8	2	0	0	0	0	86	0	0	0	0	0	5	1	0	0	0	0	0	1	0	0	0	0
BMJ Open	2021-10-01	8323366	55129	4627	0	9	0	1	0	0	1	13	0	0	0	2	0	0	0	0	55	0	0	0	0	0	1	2	0	0	0	0	0	0	0	0	0	0
BMJ Open	2021-10-01	8311324	81288	7384	0	5	2	1	0	0	4	1	0	0	7	1	0	0	0	0	56	0	0	2	0	0	1	0	0	0	0	0	0	0	0	0	0	0
BMJ Open	2021-10-01	8311309	50774	4315	0	6	2	1	0	0	0	2	0	0	3	0	0	0	0	0	41	0	0	0	0	0	0	0	2	0	0	0	1	0	0	0	0	0
BMJ Open	2021-10-01	8327806	78845	6346	0	4	1	2	0	0	2	1	0	0	10	3	0	0	0	0	70	0	0	0	0	0	0	0	0	0	0	0	0	18	0	0	0	0
BMJ Open	2021-10-01	8317079	89808	8210	0	4	1	1	0	0	4	7	0	0	0	1	0	0	0	0	53	0	0	1	1	0	0	0	0	0	0	0	0	1	0	0	0	0
BMJ Open	2021-10-01	8323375	70247	6841	0	2	3	0	0	0	7	1	0	0	11	1	0	0	0	0	34	0	0	4	0	0	0	0	0	0	0	0	0	0	0	0	0	0
BMJ Open	2021-10-01	8313306	110714	9589	0	7	0	1	0	0	2	0	0	0	2	0	0	0	1	0	50	0	0	1	0	0	0	0	0	0	0	0	0	0	0	2	0	0
BMJ Open	2021-10-01	8372813	115726	10193	0	2	0	6	0	0	2	2	0	0	5	2	0	0	2	0	25	0	0	4	0	1	1	0	0	0	0	0	0	1	0	0	0	0
BMJ Open	2021-10-01	8314719	74891	7430	0	2	1	0	0	0	2	2	0	0	3	0	0	0	0	0	35	0	0	0	0	0	2	0	0	0	0	0	0	1	0	0	0	0
BMJ Open	2021-10-01	8319980	103469	9015	0	9	0	6	0	0	1	7	0	0	0	5	0	0	0	0	99	0	0	0	0	0	2	1	0	0	0	0	0	0	0	0	0	0
BMJ Open	2021-10-01	8327846	136069	11834	0	1	1	1	0	0	11	8	0	0	1	0	0	0	1	0	33	0	1	8	0	0	0	1	0	0	0	0	1	0	0	0	0	0
BMJ Open	2021-10-01	8320253	106340	9449	0	18	1	7	0	0	2	1	0	0	7	5	0	0	2	0	58	0	0	1	0	0	0	0	1	0	0	0	0	0	0	0	0	0
BMJ Open	2021-10-01	8351496	62974	5209	0	3	2	8	0	0	1	7	0	1	0	0	0	0	1	0	108	0	0	0	0	0	2	0	0	0	0	0	0	0	0	0	0	0
BMJ Open	2021-10-01	8336220	61901	6007	0	14	0	2	0	0	0	2	0	0	2	3	0	0	0	0	33	0	0	1	0	0	1	0	0	0	0	0	0	0	0	0	0	0
BMJ Open	2021-10-01	8344294	135936	12692	0	1	1	2	0	0	0	3	0	0	7	0	0	0	0	0	16	0	1	4	0	0	0	0	0	0	0	0	0	5	0	0	0	0
BMJ Open	2021-10-01	8330583	65893	6255	0	5	0	0	0	0	2	2	0	0	1	3	0	0	0	0	41	0	0	0	0	0	0	0	0	0	0	0	0	0	0	0	0	0
BMJ Open	2021-10-01	8344279	55577	4311	0	5	0	1	0	0	2	6	0	2	0	4	0	0	0	0	44	0	0	1	0	0	1	0	0	0	0	0	0	0	0	0	0	0
BMJ Open	2021-10-01	8330580	51079	5113	0	6	0	0	0	0	3	1	0	0	0	1	0	0	0	0	23	0	0	0	0	0	2	0	0	0	0	0	0	1	0	0	0	0
BMJ Open	2021-10-01	8344321	119512	10538	0	1	1	2	0	0	0	0	0	0	0	1	0	0	0	0	72	0	0	1	0	0	5	0	1	0	0	0	0	0	0	0	0	1
BMJ Open	2021-10-01	8336210	205529	18882	0	7	0	6	0	0	4	2	0	1	3	20	0	0	0	0	44	0	0	0	0	0	4	0	0	0	0	0	0	0	0	0	0	0
BMJ Open	2021-10-01	8344309	291263	18472	0	5	0	2	0	0	14	4	0	1	0	4	0	0	2	2	93	0	0	10	0	0	1	1	0	0	0	0	0	0	0	0	0	0
BMJ Open	2021-10-01	8340279	93014	9536	0	5	6	0	0	0	15	0	0	0	0	0	0	0	2	0	34	0	0	4	0	0	0	0	0	0	0	0	0	0	0	0	0	0
BMJ Open	2021-10-01	8350972	64709	6283	0	0	0	0	0	0	4	2	0	0	0	0	0	0	0	0	28	0	0	0	0	0	0	0	2	0	0	0	0	0	0	0	0	0
BMJ Open	2021-10-01	8330592	109956	9217	0	13	0	1	0	0	1	0	0	0	2	10	0	0	0	0	51	0	0	2	0	0	1	0	0	0	0	0	0	0	0	0	0	0
BMJ Open	2021-10-01	8336172	46588	4192	0	10	0	2	2	0	4	3	0	0	1	1	0	0	0	0	54	0	0	0	0	0	1	1	0	0	0	0	0	0	0	0	0	0
BMJ Open	2021-10-01	8351513	109677	9257	0	7	0	1	0	0	4	2	0	0	1	3	0	0	0	0	65	0	0	0	0	0	0	3	0	0	0	0	0	0	0	0	0	0
BMJ Open	2021-10-01	8340292	98888	8898	0	2	1	0	0	0	0	0	0	1	0	1	0	0	0	0	21	0	0	0	0	0	0	0	0	0	0	0	0	0	0	0	0	0
BMJ Open	2021-10-01	8336235	203509	16110	0	5	0	10	5	0	0	1	0	0	4	0	0	0	1	0	39	0	0	0	0	1	0	0	0	0	0	0	1	0	0	0	0	0
BMJ Open	2021-10-01	8349645	118544	9772	0	0	0	1	0	0	0	2	0	0	11	1	0	0	0	0	26	0	0	0	0	0	0	0	0	0	0	0	0	0	0	0	0	0
BMJ Open	2021-10-01	8340284	139774	10401	0	6	0	1	0	0	9	0	0	2	12	2	0	0	0	0	87	0	0	1	0	0	1	0	1	0	0	0	0	0	0	2	0	0
BMJ Open	2021-10-01	8330578	74739	8266	0	1	1	0	0	0	1	4	0	0	1	1	0	0	0	0	20	0	0	2	0	0	3	0	0	0	0	0	0	0	0	0	2	0
BMJ Open	2021-10-01	8344308	74932	7216	0	4	0	3	0	0	3	2	0	0	4	3	0	0	0	0	25	0	0	1	0	0	0	0	0	0	0	0	0	0	0	0	0	0
BMJ Open	2021-10-01	8330586	85120	6750	0	1	0	5	0	0	3	3	0	0	6	0	0	0	0	0	63	0	0	3	0	0	0	1	0	0	0	0	0	0	0	0	0	0
BMJ Open	2021-10-01	8338318	89035	9270	0	6	0	7	0	0	0	0	0	5	4	0	0	0	0	0	89	0	0	1	0	0	0	0	0	0	0	0	0	0	0	0	0	0
BMJ Open	2021-10-01	8351476	100159	8654	0	7	0	10	0	0	0	0	0	0	1	23	0	0	0	0	102	0	0	2	0	0	0	0	0	0	0	0	0	0	0	1	0	0
BMJ Open	2021-10-01	8340285	86598	8297	0	3	0	1	0	0	3	2	0	1	0	1	0	0	1	0	35	0	0	3	0	0	0	0	1	0	0	0	1	0	0	0	0	0
BMJ Open	2021-10-01	8340274	121481	10739	0	3	3	7	0	0	2	8	0	0	14	2	0	0	1	0	38	0	0	0	0	0	3	0	0	0	0	0	0	0	1	0	0	0
BMJ Open	2021-10-01	8359464	85524	7348	0	2	1	1	0	0	2	0	0	0	1	1	0	0	0	0	45	0	0	0	0	0	0	0	1	0	0	0	0	0	0	0	0	0
BMJ Open	2021-10-01	8366283	121093	10886	0	2	0	1	0	0	3	1	0	1	2	3	0	0	0	0	55	0	0	3	0	0	0	0	0	0	0	0	0	0	0	0	0	2
BMJ Open	2021-10-01	8365792	83736	8104	0	10	0	12	0	0	2	9	0	0	3	1	0	0	1	0	77	0	0	0	0	0	0	0	0	0	0	0	0	0	0	0	0	0
BMJ Open	2021-10-01	8365824	101778	8246	0	1	1	1	6	0	6	2	0	0	0	2	0	0	1	0	48	0	1	12	0	0	0	0	0	0	0	0	0	1	0	0	0	0
BMJ Open	2021-10-01	8354278	77041	7126	0	3	0	3	0	0	2	0	0	0	4	0	0	0	0	0	62	0	0	1	0	0	0	0	1	0	0	0	0	0	0	0	0	0
BMJ Open	2021-10-01	8365788	74088	6899	0	1	0	5	0	0	4	2	0	1	0	2	0	0	0	0	64	0	0	0	0	0	0	1	0	0	0	0	0	0	0	0	0	0
BMJ Open	2021-10-01	8362730	113144	10865	0	4	0	2	0	0	0	0	0	0	16	0	0	0	1	0	61	0	0	0	0	0	2	0	0	1	0	0	0	0	1	0	0	0
BMJ Open	2021-10-01	8356167	70664	5162	0	3	1	7	0	0	0	0	0	0	1	0	0	0	0	0	37	0	0	6	0	0	0	0	0	0	0	0	0	0	0	0	0	0
BMJ Open	2021-10-01	8365802	62292	5939	0	18	0	1	0	0	0	1	0	0	2	2	0	0	1	0	43	0	0	0	0	0	0	0	0	0	0	0	0	0	0	0	0	0
BMJ Open	2021-10-01	8359460	125921	11318	0	6	0	1	0	0	0	0	0	0	4	2	0	0	0	0	37	0	0	0	0	0	1	0	3	0	0	0	0	0	0	0	0	0
BMJ Open	2021-10-01	8359493	76782	7339	0	5	3	0	0	0	0	0	0	1	4	0	0	0	0	0	49	0	0	1	0	0	1	0	0	0	0	0	0	0	0	0	0	0
BMJ Open	2021-10-01	8365806	71414	6570	0	4	1	4	0	0	0	0	0	0	3	3	0	0	0	0	40	0	0	2	0	0	2	0	0	0	0	0	0	0	0	0	0	0
BMJ Open	2021-10-01	8366285	114879	12287	0	8	2	3	0	0	2	0	0	0	5	6	1	0	0	0	53	0	0	18	0	1	6	0	0	0	1	0	0	0	0	0	0	0
BMJ Open	2021-10-01	8354273	91154	8556	0	3	0	0	0	0	4	1	0	0	0	3	0	0	0	0	23	0	0	7	0	1	12	0	0	0	0	0	0	0	0	0	0	0
BMJ Open	2021-10-01	8356169	124560	11816	0	5	0	1	0	0	0	1	0	0	71	1	0	0	0	0	25	0	0	3	0	0	0	0	0	0	0	0	0	0	0	0	0	0
BMJ Open	2021-10-01	8361698	52450	4531	0	6	0	4	0	0	1	1	0	0	3	2	0	0	0	0	54	0	0	0	0	0	0	1	1	0	0	0	0	0	0	0	0	0
BMJ Open	2021-10-01	8366284	102200	8485	0	4	0	4	0	0	1	1	0	1	0	1	0	0	0	0	47	0	0	0	0	0	1	0	0	0	0	0	0	0	0	0	0	0
BMJ Open	2021-10-01	8362734	142583	11044	0	25	0	6	0	0	0	4	0	0	2	5	0	0	1	0	106	0	0	0	0	0	0	0	0	0	0	0	0	0	0	0	0	0
BMJ Open	2021-10-01	8362739	86987	7001	0	7	0	4	0	0	4	1	0	0	1	0	1	0	1	0	52	0	0	2	0	0	0	0	0	0	0	0	0	0	0	0	0	0
BMJ Open	2021-10-01	8361707	83265	7341	0	4	0	3	0	0	1	6	0	0	4	2	0	0	2	0	36	0	0	1	0	0	0	0	8	0	0	0	0	0	0	0	0	0
BMJ Open	2021-10-01	8366280	71403	7302	0	5	0	0	0	0	7	0	0	0	0	1	0	0	1	0	72	0	0	4	0	0	1	0	1	0	0	0	0	0	0	0	0	0
BMJ Open	2021-10-01	8365796	117020	10719	0	1	0	3	0	0	0	3	0	0	1	0	0	0	0	0	46	0	0	0	0	0	0	0	0	0	0	0	0	0	0	0	0	0
BMJ Open	2021-10-01	8354267	109254	10848	0	2	1	2	0	0	8	0	0	0	0	1	0	0	0	0	30	0	0	15	0	0	2	0	0	0	0	0	0	0	1	0	0	0
BMJ Open	2021-10-01	8362708	157316	13501	0	2	1	2	0	0	1	3	0	0	3	1	0	0	2	0	35	0	0	4	0	0	2	0	1	0	0	0	0	0	1	0	0	0
BMJ Open	2021-10-01	8356166	63949	5937	0	6	0	2	0	0	0	0	0	0	0	0	0	0	0	0	39	0	0	0	0	0	0	0	1	0	0	0	0	0	0	0	0	0
BMJ Open	2021-10-01	8375742	58915	5340	0	4	0	0	0	0	1	2	0	0	0	0	0	1	0	0	51	0	0	0	0	0	0	0	0	0	0	0	0	0	0	0	0	0
BMJ Open	2021-10-01	8375447	234728	22110	0	20	1	10	0	0	0	9	0	2	62	2	0	0	0	0	203	0	0	1	0	0	0	2	0	0	0	0	0	0	0	0	0	0
BMJ Open	2021-10-01	8372808	81156	6904	0	4	0	4	0	0	11	1	0	0	4	5	0	0	0	0	56	0	0	4	0	0	0	0	0	0	0	0	0	0	0	1	1	0
BMJ Open	2021-10-01	8370548	103367	10317	0	13	0	11	0	0	1	3	0	26	3	0	0	0	0	0	22	0	0	1	0	0	1	0	0	0	0	0	0	0	0	0	0	0
BMJ Open	2021-10-01	8375715	78863	8065	0	3	1	1	0	0	1	1	0	0	1	0	0	0	1	0	36	0	0	13	0	0	3	0	0	0	0	0	0	0	0	0	0	0
BMJ Open	2021-10-01	8378393	54440	5524	0	1	0	0	0	0	0	0	0	0	35	0	0	0	0	0	66	0	0	0	0	0	0	1	0	0	0	0	0	0	0	0	0	0
BMJ Open	2021-10-01	8375738	103196	8876	0	5	0	0	0	0	1	0	0	0	6	1	0	0	1	0	68	0	0	0	0	0	0	0	0	0	0	0	0	0	0	0	0	0
BMJ Open	2021-10-01	8378360	234057	20217	0	2	0	1	0	0	6	1	0	0	13	0	0	0	1	0	36	0	0	0	0	0	0	1	0	0	0	0	0	1	0	0	0	0
BMJ Open	2021-10-01	8380475	97937	8174	0	11	0	2	0	0	2	0	0	2	9	4	0	0	0	0	53	0	0	0	0	0	0	0	0	0	0	0	1	0	0	0	0	0
BMJ Open	2021-10-01	8375769	89074	7239	0	1	0	3	0	0	3	4	0	0	4	1	0	0	0	0	70	0	0	1	0	0	1	0	1	0	0	0	0	0	0	0	0	0
BMJ Open	2021-10-01	8370498	90370	8064	0	6	1	2	0	0	0	1	0	0	7	2	0	0	1	0	53	0	0	2	0	0	1	0	1	0	0	0	0	0	0	0	0	0
BMJ Open	2021-10-01	8372815	112394	9464	0	4	6	1	0	0	11	4	0	0	3	0	0	0	0	0	39	0	0	3	0	1	1	0	0	0	0	0	5	0	1	0	0	0
BMJ Open	2021-10-01	8372879	63089	5032	0	6	1	2	0	0	0	0	0	0	4	5	0	0	0	0	48	0	0	0	0	0	2	0	0	0	0	0	0	0	0	1	0	0
BMJ Open	2021-10-01	8381320	94296	8237	0	3	0	0	0	0	7	0	0	0	2	0	0	0	0	0	57	0	0	5	0	0	3	0	0	0	0	0	0	0	0	0	0	1
BMJ Open	2021-10-01	8375718	89125	7286	0	5	0	5	0	0	3	0	0	0	6	1	0	0	0	0	22	0	0	0	0	0	2	0	0	0	0	0	0	0	0	0	0	0
BMJ Open	2021-10-01	8378359	86504	6988	0	3	0	1	2	0	13	5	0	0	0	0	0	0	3	0	55	0	0	3	0	1	0	4	0	0	0	0	0	0	0	0	0	0
BMJ Open	2021-10-01	8375732	46779	4284	0	2	3	4	1	0	0	1	0	0	2	0	0	0	0	0	49	0	0	0	0	0	0	1	0	0	0	0	0	0	0	1	0	0
BMJ Open	2021-10-01	8362689	109612	10338	0	18	1	1	0	0	6	2	0	0	3	3	0	0	0	0	44	0	0	1	0	1	3	0	0	0	0	0	0	0	0	2	0	0
BMJ Open	2021-10-01	8372873	114851	11040	0	2	0	1	0	0	22	4	0	3	2	0	1	0	0	0	36	0	0	18	0	0	0	3	0	0	0	0	0	0	0	0	0	0
BMJ Open	2021-10-01	8375745	115422	10616	0	3	0	1	0	0	0	5	0	0	6	0	0	0	1	0	44	0	0	0	0	0	3	0	0	0	0	0	0	0	0	0	0	0
BMJ Open	2021-10-01	8375449	72927	6059	0	4	0	3	1	0	1	0	0	0	1	0	0	0	0	0	51	0	0	0	0	0	3	0	0	0	0	0	0	0	0	1	0	0
BMJ Open	2021-10-01	8375450	86980	7675	0	1	1	1	0	0	1	1	0	0	3	0	0	0	0	0	49	0	0	0	0	0	1	0	0	0	0	0	0	0	0	0	0	0
BMJ Open	2021-10-01	8381323	75731	6235	0	4	0	1	0	0	0	2	0	0	1	0	0	0	0	0	34	0	0	1	0	0	0	0	0	0	0	0	0	0	0	0	0	0
BMJ Open	2021-10-01	8375452	107601	9778	0	9	0	0	0	0	1	1	0	0	33	0	0	0	0	0	65	0	0	0	0	0	0	0	0	0	0	0	0	0	0	0	0	0
BMJ Open	2021-10-01	8375719	181623	14625	0	5	0	6	0	0	9	3	0	0	1	6	0	0	1	0	103	0	0	1	0	0	0	2	0	0	0	0	0	0	0	1	0	0
BMJ Open	2021-10-01	8395269	91545	10145	0	1	0	1	0	0	4	0	0	1	0	1	0	0	0	0	43	0	0	1	0	0	0	1	1	0	0	0	0	0	0	0	0	0
BMJ Open	2021-10-01	8404458	118941	10086	0	11	0	4	0	0	0	2	0	0	2	2	0	0	0	0	76	0	0	0	0	0	1	0	0	0	0	0	0	1	0	0	0	0
BMJ Open	2021-10-01	8395266	97525	7408	0	10	0	7	0	0	0	2	0	0	1	6	0	0	0	0	27	0	0	1	0	0	0	0	0	0	0	0	0	0	0	0	0	0
BMJ Open	2021-10-01	8384498	90694	8873	0	2	1	0	0	0	6	0	0	2	3	0	0	0	0	0	45	0	0	5	0	0	0	0	1	0	0	0	0	0	0	0	0	0
BMJ Open	2021-10-01	8404441	64658	5648	0	5	1	4	0	0	1	0	0	0	3	2	0	0	0	0	43	0	0	0	0	0	0	3	0	0	0	0	0	0	0	0	0	0
BMJ Open	2021-10-01	8395270	82740	7501	0	1	0	2	0	0	2	0	0	1	0	0	0	0	0	0	64	0	0	0	0	0	0	0	0	0	0	0	0	0	0	0	0	0
BMJ Open	2021-10-01	8392741	70447	7278	0	0	3	1	0	0	0	0	0	0	0	0	0	0	0	0	7	0	0	0	0	0	0	0	0	0	0	0	0	0	0	1	0	0
BMJ Open	2021-10-01	8395264	66485	5429	0	5	0	1	0	0	0	1	0	0	0	1	0	0	0	0	68	0	0	0	0	0	1	0	1	0	0	0	0	0	0	0	0	0
BMJ Open	2021-10-01	8388299	114720	10086	0	8	1	0	0	0	1	2	0	0	2	3	0	0	2	0	57	0	0	1	0	0	0	0	1	0	0	0	0	0	0	0	0	0
BMJ Open	2021-10-01	8395347	105433	9173	1	2	1	3	0	0	7	0	0	0	6	0	0	0	0	0	45	0	0	1	0	0	1	0	0	0	0	0	0	0	0	0	0	0
BMJ Open	2021-10-01	8383876	78169	7341	0	13	0	2	0	0	1	4	0	0	3	1	0	0	1	0	35	0	0	1	0	0	1	0	0	0	0	0	0	0	0	0	0	0
BMJ Open	2021-10-01	8388284	100624	10076	0	3	0	3	0	0	0	0	0	0	0	1	0	0	1	0	26	0	0	1	0	0	2	0	0	0	0	0	0	0	0	0	0	0
BMJ Open	2021-10-01	8388272	77223	7188	0	2	0	2	0	0	3	1	0	0	6	4	0	0	1	0	38	0	0	2	0	0	1	0	0	0	0	0	0	0	0	0	0	0
BMJ Open	2021-10-01	8388289	81443	8218	0	3	3	0	0	0	9	1	0	0	1	0	0	0	0	0	27	0	0	3	0	0	1	0	2	0	0	0	0	0	0	0	0	0
BMJ Open	2021-10-01	8386232	53877	5469	0	1	0	3	0	0	1	0	0	0	0	2	0	0	0	0	43	0	0	0	0	0	0	0	0	0	0	0	0	0	0	0	0	0
BMJ Open	2021-10-01	8386223	131877	10083	0	5	0	1	0	0	4	22	0	0	3	0	0	0	0	0	77	0	0	1	0	0	3	0	0	0	0	0	1	0	0	0	0	0
BMJ Open	2021-10-01	8386221	89325	7969	0	6	0	1	0	0	2	2	0	0	5	3	0	0	0	0	39	0	0	0	0	0	1	0	0	0	0	0	0	0	0	0	0	0
BMJ Open	2021-10-01	8406463	133028	9462	0	5	2	2	0	0	1	3	0	0	0	8	0	0	1	0	88	0	0	5	0	0	2	0	1	0	0	0	0	0	0	0	0	0
BMJ Open	2021-10-01	8406464	118415	10650	0	9	1	2	0	0	3	1	0	0	1	2	0	0	0	0	62	0	0	3	0	0	0	0	0	0	0	0	0	0	0	0	0	0
BMJ Open	2021-10-01	8386230	95289	8418	0	11	0	0	0	0	1	6	0	0	4	1	0	0	0	0	41	0	0	0	0	0	1	0	0	0	0	0	0	0	0	0	0	0
BMJ Open	2021-10-01	8404444	82120	7450	0	3	0	11	0	0	0	3	0	0	0	2	0	0	0	0	37	0	1	0	0	0	0	0	0	0	0	0	1	0	0	0	0	0
BMJ Open	2021-10-01	8392739	50208	4501	0	1	0	0	0	0	0	2	0	0	1	1	1	0	0	0	37	0	0	2	0	0	0	0	0	0	0	0	0	0	0	0	0	0
BMJ Open	2021-10-01	8388293	102541	7791	0	2	0	1	0	0	1	2	0	0	0	3	0	0	0	0	42	0	0	1	0	0	1	0	0	0	0	0	0	0	2	0	0	0
BMJ Open	2021-10-01	8395291	78707	6139	0	19	0	4	0	0	6	0	0	1	25	2	0	1	3	0	51	0	0	3	0	0	1	0	0	0	0	0	0	0	0	0	0	0
BMJ Open	2021-10-01	8407224	108575	10115	0	4	2	5	1	0	1	0	0	1	10	0	0	0	0	0	21	0	0	2	0	0	1	0	0	0	1	0	0	0	0	1	0	0
BMJ Open	2021-10-01	8424421	96660	6966	0	16	0	2	0	0	0	3	0	0	11	0	0	0	1	0	22	0	0	0	0	0	1	0	0	0	0	0	0	0	0	0	0	1
BMJ Open	2021-10-01	8424418	81528	8162	0	1	0	0	0	0	5	2	0	1	0	2	0	0	0	0	47	0	0	2	0	0	1	0	0	0	0	0	0	0	0	0	0	0
BMJ Open	2021-10-01	8422311	97720	8785	0	6	0	2	0	0	0	1	0	0	1	0	0	0	0	0	34	0	0	5	0	0	0	0	0	0	0	0	0	0	0	0	0	0
BMJ Open	2021-10-01	8424846	90972	8316	0	7	0	3	0	0	0	3	0	0	2	3	0	0	0	0	38	0	0	2	0	0	1	0	0	0	0	0	0	1	0	0	0	0
BMJ Open	2021-10-01	8424831	91230	8384	0	14	0	7	0	0	0	0	0	0	4	7	0	0	0	0	101	0	0	0	0	0	0	1	0	0	0	0	0	0	0	0	0	0
BMJ Open	2021-10-01	8424837	77591	7281	0	2	1	1	1	0	1	2	0	0	0	3	0	0	0	0	43	0	0	0	0	0	0	0	0	0	0	0	1	0	0	0	0	0
BMJ Open	2021-10-01	8438866	75613	6830	0	2	0	5	2	0	1	0	0	1	0	0	0	0	2	0	28	0	0	0	0	0	2	0	0	0	0	0	0	0	0	0	0	0
BMJ Open	2021-10-01	8422308	62103	5532	0	3	0	2	0	0	5	5	0	0	1	0	0	0	0	1	32	0	0	3	0	0	0	0	0	0	0	0	0	0	1	0	0	1
BMJ Open	2021-10-01	8422485	100893	7721	0	17	0	12	0	0	4	0	0	3	7	6	0	0	3	0	47	0	0	1	0	0	1	1	0	0	0	0	0	0	0	1	0	0
BMJ Open	2021-10-01	8438580	88540	8366	0	4	1	2	0	0	0	1	0	0	1	2	0	0	0	0	53	0	0	0	0	0	0	0	0	0	0	0	0	0	0	0	0	0
BMJ Open	2021-10-01	8442095	121786	11407	0	2	1	2	0	0	0	0	0	0	4	2	0	0	2	0	4	0	0	3	0	0	0	0	0	0	0	0	0	0	1	0	0	0
BMJ Open	2021-10-01	8422493	121065	10039	0	5	0	4	0	0	0	7	0	0	3	2	0	0	2	0	55	0	0	4	0	0	1	0	0	0	0	0	0	0	0	0	0	0
BMJ Open	2021-10-01	8420722	81062	7851	0	9	0	2	0	0	4	1	0	0	2	1	0	0	1	0	27	0	0	8	0	0	2	0	0	0	0	0	0	0	0	0	0	0
BMJ Open	2021-10-01	8420717	128142	11594	0	4	0	3	0	0	0	9	0	0	3	0	0	0	0	0	61	0	0	0	0	0	2	0	0	0	0	0	0	0	0	0	0	0
BMJ Open	2021-10-01	8424417	49277	4036	0	3	1	1	0	0	0	0	0	0	0	2	0	0	0	0	30	0	0	1	0	0	0	0	0	0	0	0	0	1	2	0	0	0
BMJ Open	2021-10-01	8438854	108171	11228	0	9	2	15	1	0	3	8	0	0	0	0	0	0	3	0	60	0	1	7	0	0	1	0	0	0	0	0	0	0	0	0	0	0
BMJ Open	2021-10-01	8423516	76061	7628	0	9	0	1	0	0	0	2	0	0	2	1	0	0	2	0	21	0	0	2	0	0	0	0	0	0	0	0	0	1	0	0	0	0
BMJ Open	2021-10-01	8451280	59017	6355	0	1	0	0	0	0	1	0	0	0	0	0	0	0	0	0	7	0	0	0	0	0	0	0	0	0	0	0	0	0	0	0	0	0
BMJ Open	2021-10-01	8438959	88066	7574	0	7	0	3	0	0	2	2	0	0	1	2	0	0	2	0	61	0	0	2	0	0	0	0	0	0	0	0	0	0	0	0	0	0
BMJ Open	2021-10-01	8422497	159980	12394	0	4	0	9	0	0	1	2	0	0	4	6	0	0	0	0	63	0	0	0	0	0	1	0	0	0	0	0	1	0	0	0	0	0
BMJ Open	2021-10-01	8438911	80638	7210	0	15	0	2	0	0	0	0	0	1	0	0	0	0	0	0	57	0	0	0	0	0	0	0	2	0	0	0	0	0	0	0	0	0
BMJ Open	2021-10-01	8438573	96192	8429	0	6	1	14	0	0	7	0	0	1	15	0	0	0	0	0	57	0	0	0	0	0	1	0	0	0	0	0	0	0	0	0	0	0
BMJ Open	2021-10-01	8413944	91177	7324	0	5	0	2	0	0	4	1	0	0	0	4	0	0	0	0	52	0	0	0	0	0	0	0	0	0	0	0	0	0	1	0	0	0
BMJ Open	2021-10-01	8424868	132987	12121	0	4	1	7	0	0	0	5	0	0	6	0	0	0	2	0	67	0	0	4	0	0	0	0	0	0	0	0	0	0	0	0	0	0
BMJ Open	2021-10-01	8422307	56269	4678	0	6	0	8	0	0	1	1	0	0	0	2	0	0	0	0	31	0	0	0	0	0	0	2	0	0	0	0	0	0	0	0	0	0
BMJ Open	2021-10-01	8438902	100668	9749	0	23	0	3	0	0	0	0	0	0	6	2	0	1	2	0	69	0	0	0	0	0	0	0	1	0	0	0	0	0	0	0	0	0
BMJ Open	2021-10-01	8438946	139781	12183	0	5	1	1	0	0	5	0	0	0	2	1	0	0	0	0	72	0	0	4	0	1	2	0	0	0	0	0	0	0	0	0	0	0
BMJ Open	2021-10-01	8442099	161677	14852	0	1	2	0	0	0	1	1	0	0	2	1	0	0	0	0	50	0	0	0	0	0	4	0	0	0	0	0	0	0	0	0	0	0
BMJ Open	2021-10-01	8449838	126111	11691	0	7	0	2	0	0	0	1	0	0	4	12	1	0	0	0	66	0	0	0	0	0	1	0	0	0	0	0	1	0	0	0	0	0
BMJ Open	2021-10-01	8438826	180611	15646	0	11	1	11	0	0	0	0	0	0	7	3	0	0	0	0	69	0	0	1	0	0	3	0	0	1	0	0	0	0	0	0	0	0
BMJ Open	2021-10-01	8442072	117100	9697	0	13	0	2	0	0	1	0	0	0	4	1	0	0	0	0	52	0	0	0	0	0	0	0	0	0	0	0	0	0	0	0	0	0
BMJ Open	2021-10-01	8442104	49752	4051	0	1	0	0	0	0	0	2	0	0	1	0	0	0	0	0	32	0	0	0	0	0	0	1	0	0	0	0	0	0	0	0	0	0
BMJ Open	2021-10-01	8438878	91052	10281	0	1	2	0	0	0	2	1	0	0	0	0	0	0	0	0	37	0	0	5	0	0	1	0	1	0	0	0	0	0	0	0	0	0
BMJ Open	2021-10-01	8438755	82546	8144	0	4	0	3	0	0	0	12	0	0	9	0	0	0	0	0	54	0	0	0	0	0	0	0	1	0	0	0	0	0	0	0	0	0
BMJ Open	2021-10-01	8438891	105468	8974	0	10	0	3	0	0	7	0	0	0	1	2	0	0	0	0	66	0	0	1	0	0	0	0	0	0	0	0	0	0	0	0	0	0
BMJ Open	2021-10-01	8438960	88889	8096	0	9	0	3	0	0	0	2	0	3	0	1	0	0	0	0	33	0	0	0	0	0	1	1	0	0	0	0	0	0	0	0	0	0
BMJ Open	2021-10-01	8444254	102372	9177	0	6	2	5	0	0	2	0	0	0	1	8	0	0	0	0	62	0	0	0	0	0	0	0	0	0	0	0	0	0	0	1	0	0
BMJ Open	2021-10-01	8442069	66751	5516	0	1	0	5	0	0	1	3	0	0	2	5	0	0	0	0	40	0	0	3	0	0	0	2	0	0	0	0	0	0	0	0	0	0
BMJ Open	2021-10-01	8449848	85474	7804	0	2	1	2	0	0	0	0	0	0	1	0	0	0	0	0	26	0	0	0	0	0	1	0	0	0	0	0	0	0	0	0	0	0
BMJ Open	2021-10-01	8441218	96412	8734	0	6	1	1	0	0	1	1	0	1	2	1	0	0	1	0	23	0	0	1	0	0	1	0	1	0	0	0	0	0	0	0	0	0
BMJ Open	2021-10-01	8444238	76272	8250	0	1	4	0	0	0	4	3	0	0	0	2	0	0	1	0	30	0	0	5	0	0	1	0	0	0	0	0	0	0	1	0	0	0
BMJ Open	2021-10-01	8444251	105191	9453	0	11	0	2	0	0	0	0	0	0	3	1	0	0	0	0	43	0	0	0	0	0	2	0	0	0	0	0	0	0	0	0	0	0
BMJ Open	2021-10-01	8438824	50365	4458	0	2	0	0	0	0	3	0	0	0	0	2	0	0	0	0	15	0	0	11	0	0	1	0	0	0	0	0	0	0	0	0	0	0
BMJ Open	2021-10-01	8441220	66050	5917	0	4	1	0	0	0	6	3	0	0	0	1	0	0	0	0	57	0	0	2	0	0	0	0	0	0	0	0	0	0	0	0	0	0
BMJ Open	2021-10-01	8442060	98945	8865	0	4	0	4	1	0	2	3	0	0	5	1	0	0	1	0	47	0	0	3	0	0	0	1	0	0	0	0	0	1	0	0	0	0
BMJ Open	2021-10-01	8444245	118228	11049	0	14	0	2	0	0	1	1	0	0	0	0	0	0	0	0	57	0	0	0	0	0	3	0	0	0	0	0	1	0	0	0	11	0
BMJ Open	2021-10-01	8438574	72736	6175	0	4	1	0	0	0	6	0	0	0	2	0	0	0	0	0	53	0	0	2	0	0	0	0	0	0	0	0	0	0	0	1	0	0
BMJ Open	2021-10-01	8444241	106121	9454	0	2	2	0	0	0	0	6	0	0	11	4	0	0	0	0	69	0	0	1	0	0	2	0	0	0	0	0	0	0	0	0	0	0
BMJ Open	2021-10-01	8438576	58630	4708	0	3	0	0	0	0	0	2	0	0	0	0	0	0	1	0	51	0	0	5	0	0	0	0	0	0	0	0	0	0	0	0	0	0
BMJ Open	2021-10-01	8438950	80262	6554	0	3	0	9	0	0	3	1	0	0	0	0	0	0	0	0	44	0	0	0	0	0	2	0	2	0	0	0	0	0	0	0	0	0
BMJ Open	2021-10-01	8461281	115674	9456	0	28	2	9	2	0	4	7	0	0	28	3	0	0	0	0	125	0	0	0	0	0	1	0	0	0	0	0	0	0	0	1	0	0
BMJ Open	2021-10-01	8460523	128421	12703	0	4	1	1	0	0	3	2	0	1	1	0	0	0	0	0	38	0	0	7	1	0	0	0	2	0	0	0	0	0	0	0	0	0
BMJ Open	2021-10-01	8451310	85919	7264	0	3	0	3	0	0	0	3	0	0	1	1	0	0	0	0	58	0	0	0	0	0	0	0	0	0	0	0	0	0	0	0	0	0
BMJ Open	2021-10-01	8458355	150897	14795	0	3	2	2	0	0	12	4	0	0	4	0	0	0	0	0	46	0	1	3	0	0	6	0	0	0	0	0	0	1	0	0	0	0
BMJ Open	2021-10-01	8458314	90361	7855	0	8	1	4	0	0	1	1	0	0	4	5	0	0	0	0	54	0	0	0	0	0	2	0	0	0	0	0	0	0	0	0	0	0
BMJ Open	2021-10-01	8458311	91838	8083	0	6	2	3	0	0	0	2	0	0	4	1	0	0	0	0	51	0	0	2	0	0	0	0	0	0	0	0	0	0	0	0	0	0
BMJ Open	2021-10-01	8458366	78031	7371	0	6	0	3	0	0	0	1	0	0	2	0	0	0	0	0	46	0	0	0	0	0	0	0	0	0	0	0	0	0	0	0	0	0
BMJ Open	2021-10-01	8451298	126524	13219	0	4	3	0	0	0	3	9	0	0	3	4	0	0	1	0	53	0	0	6	0	0	3	0	0	0	0	0	0	0	1	0	0	2
BMJ Open	2021-10-01	8449983	83426	8372	0	3	0	3	0	0	3	0	0	0	0	4	0	0	0	0	64	0	0	3	0	1	9	0	0	0	0	0	0	0	0	0	0	0
BMJ Open	2021-10-01	8449971	96308	8403	0	12	1	11	0	0	0	0	0	0	7	2	0	0	0	0	50	0	0	0	0	0	0	1	0	0	0	0	0	0	0	0	0	0
BMJ Open	2021-10-01	8451296	125360	11401	0	11	0	1	0	0	0	6	0	0	1	2	0	0	0	0	61	0	0	0	0	0	1	0	0	0	0	0	0	0	0	0	0	0
BMJ Open	2021-10-01	8451286	109362	8668	0	7	0	10	0	0	0	2	0	0	1	1	0	0	3	0	68	0	0	0	0	0	0	0	0	0	0	0	0	0	0	0	0	0
BMJ Open	2021-10-01	8451291	137211	11809	0	4	1	4	0	0	8	3	0	0	19	11	0	0	0	0	62	0	0	2	0	1	0	0	0	0	0	0	0	0	0	0	0	0
BMJ Open	2021-10-01	8458338	129037	12123	0	3	1	0	0	0	4	2	0	1	6	0	0	0	0	1	72	0	0	2	0	0	1	0	0	0	0	0	0	0	0	0	0	0
BMJ Open	2021-10-01	8449845	170456	16798	0	10	2	3	0	0	2	4	0	1	7	0	0	0	0	0	66	0	0	4	0	0	0	0	2	0	0	1	0	0	1	0	0	0
BMJ Open	2021-10-01	8449978	103788	9256	0	2	0	0	0	0	2	3	0	0	0	0	0	0	0	0	50	0	0	0	0	0	1	0	0	1	0	0	0	1	0	0	0	0
BMJ Open	2021-10-01	8461277	83973	8586	0	2	0	1	0	0	7	1	0	0	1	0	0	0	0	0	36	0	0	5	0	0	1	0	0	0	0	0	0	0	0	0	0	0
BMJ Open	2021-10-01	8458001	81314	7348	0	4	0	0	0	0	0	0	0	0	5	0	1	0	0	0	76	0	0	0	0	0	0	0	1	0	0	0	0	0	0	0	0	0
BMJ Open	2021-10-01	8458313	132087	10219	0	9	0	2	0	0	1	0	0	0	1	0	0	0	1	0	62	0	0	0	0	1	1	1	1	0	0	0	0	0	0	0	0	0
BMJ Open	2021-10-01	8449958	117872	11376	0	5	1	20	0	0	10	4	0	0	0	0	0	0	3	0	74	0	0	1	0	0	1	5	0	0	0	0	0	1	1	1	0	0
BMJ Open	2021-10-01	8458322	76469	6299	0	2	0	3	0	0	3	1	0	1	19	0	0	0	0	0	13	0	0	0	0	0	0	0	0	0	0	0	0	0	0	0	0	0
BMJ Open	2021-10-01	8451294	104402	9577	0	19	0	0	0	0	0	6	0	4	6	0	0	0	0	0	30	0	0	2	0	0	1	0	1	0	0	0	1	0	0	0	0	0
BMJ Open	2021-10-01	8460531	33148	3023	0	9	1	0	0	0	4	4	0	0	2	1	0	0	1	0	21	0	0	3	0	0	0	0	0	0	0	0	0	0	0	0	0	0
BMJ Open	2021-10-01	8449956	64151	6355	0	5	0	0	0	0	0	5	0	0	0	2	0	0	1	0	46	0	0	1	0	0	0	0	0	0	0	0	0	0	0	0	0	0
BMJ Open	2021-10-01	8458309	55029	5202	0	1	2	3	0	0	0	3	0	0	0	0	0	0	0	0	50	0	0	0	0	0	1	1	0	0	0	0	0	0	0	0	0	0
BMJ Open	2021-10-01	8479951	86212	8836	0	1	0	3	0	0	2	0	0	0	9	1	0	0	0	0	42	0	0	0	0	0	0	0	0	0	0	0	0	0	0	0	0	0
BMJ Open	2021-10-01	8479948	100147	9340	0	2	1	1	0	0	5	0	0	0	0	7	0	0	0	0	45	0	0	20	0	0	7	0	0	0	0	0	0	0	0	0	0	0
BMJ Open	2021-10-01	8488283	82304	7764	0	2	4	4	0	0	0	1	0	0	4	0	0	0	0	0	26	0	0	1	0	0	3	0	0	0	0	0	0	0	0	0	0	0
BMJ Open	2021-10-01	8483034	64954	5869	0	5	0	0	0	0	1	1	0	0	2	5	0	0	0	0	22	0	0	0	0	0	11	1	0	0	0	0	0	0	0	0	0	0
BMJ Open	2021-10-01	8479954	85570	9198	0	7	2	6	0	0	2	0	0	1	1	2	2	0	0	0	91	0	0	6	0	0	2	0	0	0	0	0	0	0	0	0	0	0
BMJ Open	2021-10-01	8487209	66769	7010	0	9	1	0	0	0	4	0	0	0	0	0	0	0	1	0	15	0	0	2	0	0	0	0	0	0	0	0	0	0	0	0	0	0
BMJ Open	2021-10-01	8487182	61858	4349	0	12	0	2	0	0	2	2	0	0	0	1	0	0	0	0	32	0	0	0	0	0	1	3	0	0	0	0	0	0	0	0	0	0
BMJ Open	2021-10-01	8487179	67869	5840	0	7	1	2	0	0	0	0	0	3	2	1	0	0	1	0	57	0	0	2	0	0	1	0	0	0	0	0	0	0	0	0	0	0
BMJ Open	2021-10-01	8480002	80657	7487	0	14	0	7	0	0	6	9	0	0	0	6	0	0	0	0	47	0	0	2	0	2	1	0	0	0	0	0	0	0	0	0	0	0
BMJ Open	2021-10-01	8487184	100832	8809	0	5	0	7	0	0	0	0	0	0	4	0	0	0	0	1	102	0	0	1	0	0	3	0	0	0	1	0	0	0	0	0	0	0
BMJ Open	2021-10-01	8487195	169896	14081	0	4	0	4	0	0	0	0	0	0	1	9	0	0	0	0	78	0	0	1	0	0	1	1	0	0	0	0	0	0	0	0	2	0
BMJ Open	2021-10-01	8488727	135584	11388	0	3	2	0	0	0	0	0	0	1	0	6	0	0	4	0	32	0	0	6	0	0	3	0	0	0	0	0	0	0	0	0	0	0
BMJ Open	2021-10-01	8477336	76387	6966	0	0	2	0	0	0	0	0	0	1	2	0	0	0	0	0	32	0	0	0	0	0	1	0	0	0	0	0	0	0	0	0	0	0
BMJ Open	2021-10-01	8483036	122794	10149	0	7	0	6	0	0	4	0	0	0	11	3	0	0	0	0	121	0	0	0	0	0	0	0	0	0	0	0	0	0	0	1	0	0
BMJ Open	2021-10-01	8488730	132499	11003	0	1	0	5	0	0	0	0	0	0	0	2	0	0	0	0	43	0	0	0	0	0	2	0	0	0	0	0	0	0	0	0	0	0
BMJ Open	2021-10-01	8487168	104766	9953	0	17	0	0	1	0	1	1	0	0	0	0	0	0	0	0	40	0	0	8	0	1	1	0	0	0	0	0	0	0	0	0	0	0
BMJ Open	2021-10-01	8480006	97245	8301	0	11	1	2	0	0	1	2	0	0	1	2	0	0	0	0	36	0	0	1	0	0	1	0	0	0	0	0	0	0	0	0	0	0
BMJ Open	2021-10-01	8478579	101862	9816	0	4	0	0	0	0	2	1	0	1	0	0	0	0	0	0	14	0	0	2	0	0	1	1	0	0	0	0	0	1	0	0	0	0
BMJ Open	2021-10-01	8479991	54495	5412	0	3	3	1	0	0	0	0	0	1	2	0	0	0	0	0	27	0	0	0	0	0	0	0	0	0	0	0	0	0	0	0	0	0
BMJ Open	2021-10-01	8479990	60104	5858	0	5	1	4	0	0	2	4	0	0	3	1	0	0	0	0	22	0	0	0	0	0	1	0	0	0	0	0	0	0	0	0	0	0
BMJ Open	2021-10-01	8477335	85027	8594	0	0	0	0	0	0	0	0	0	11	0	0	0	0	0	1	73	0	0	0	0	0	0	0	3	0	0	0	0	0	0	0	0	0
BMJ Open	2021-10-01	8487173	97829	8999	0	9	0	2	0	0	0	0	0	0	0	3	0	0	1	0	32	0	0	0	0	0	0	0	0	0	0	0	0	0	0	0	0	0
BMJ Open	2021-10-01	8488746	138670	11810	0	4	0	4	0	0	0	0	0	0	1	1	0	0	1	0	127	0	0	0	0	0	3	0	0	0	0	0	0	0	0	0	0	0
BMJ Open	2021-10-01	8483053	99014	8070	0	5	0	1	0	0	0	3	0	0	5	2	0	0	0	0	50	0	0	0	0	0	1	0	0	0	0	0	0	0	0	0	0	0
BMJ Open	2021-10-01	8480011	52899	4972	0	3	0	2	0	0	0	2	0	0	21	0	0	0	0	0	25	0	0	1	0	0	0	0	0	0	0	0	0	0	0	0	0	0
