journal	date	pmc_id	Nchars	Nwords	delve	analyse	acknowledge	assess	appraise	dissect	explore	examine	extricate	expose	estimate	investigate	inquire	inspect	interpret	scrutinise	study	unearth	uncover	understand	ponder	research	reason	retrieve	avoid	discount	disregard	dismiss	ignore	neglect	overlook	omit	skip	reject
BMJ Open	2021-07-01	8039280	81605	6365	0	3	0	7	0	0	0	0	0	2	3	0	0	0	0	0	39	0	0	2	0	0	0	0	1	0	0	0	0	0	0	0	0	0
BMJ Open	2021-07-01	8023742	133019	10786	0	9	1	1	0	0	0	0	0	0	17	0	0	0	0	0	55	0	0	1	0	0	1	0	0	0	0	0	0	0	0	0	0	0
BMJ Open	2021-07-01	8031040	140100	11712	0	9	2	2	0	0	2	1	0	0	9	0	0	0	1	0	50	0	0	2	0	0	0	0	0	0	0	0	0	0	0	0	0	0
BMJ Open	2021-07-01	8031030	99821	8020	0	3	0	2	0	0	0	0	0	0	2	2	0	0	1	0	54	0	0	0	0	0	4	0	0	0	0	0	0	0	0	0	0	0
BMJ Open	2021-07-01	8029039	114545	10616	0	2	0	0	0	0	1	1	0	1	2	2	0	0	2	0	24	0	0	1	0	0	1	0	0	0	0	0	1	0	1	0	0	0
BMJ Open	2021-07-01	8031013	113321	9860	0	2	1	1	0	0	0	0	0	0	1	0	0	0	1	0	67	0	0	0	0	0	3	3	0	0	0	0	0	0	0	0	0	0
BMJ Open	2021-07-01	8039261	68888	5977	0	3	0	2	0	0	0	2	0	0	1	1	0	0	0	0	4	0	0	0	0	0	0	0	0	0	0	0	0	0	0	0	0	0
BMJ Open	2021-07-01	8039225	128514	9660	0	7	0	2	0	0	8	25	0	0	3	1	0	0	0	0	89	0	0	5	0	0	2	0	0	0	0	0	0	0	0	0	0	0
BMJ Open	2021-07-01	8039219	156234	13454	0	13	0	0	0	0	0	1	0	0	6	3	0	0	0	0	45	0	0	0	0	0	0	0	0	0	0	0	1	0	0	0	0	0
BMJ Open	2021-07-01	8023758	64881	6051	0	3	0	2	0	0	0	1	0	0	2	1	0	0	0	0	37	0	0	0	0	0	1	0	0	0	0	0	0	0	0	0	0	0
BMJ Open	2021-07-01	8030485	71906	6885	0	2	0	1	0	0	2	0	0	0	9	0	0	0	0	0	29	0	0	1	0	0	1	0	0	0	0	0	0	0	0	0	0	0
BMJ Open	2021-07-01	8029035	44982	4107	0	3	1	0	0	0	0	2	0	0	3	0	0	0	0	0	46	0	0	0	0	0	0	0	0	0	0	0	0	0	0	1	0	0
BMJ Open	2021-07-01	8023734	38125	3498	0	2	0	3	1	0	0	0	0	0	9	0	0	1	0	0	27	0	0	0	0	0	0	1	0	0	0	0	0	3	0	0	0	0
BMJ Open	2021-07-01	8039275	92176	7757	0	9	0	0	0	0	0	3	0	0	4	3	0	0	1	0	27	0	0	2	0	0	0	0	0	0	0	0	0	0	0	0	0	0
BMJ Open	2021-07-01	8039269	320101	25640	0	4	0	4	0	0	1	9	0	0	2	3	0	0	0	0	113	0	0	0	0	1	0	0	0	0	0	0	0	0	0	0	0	0
BMJ Open	2021-07-01	8031691	79122	7163	0	6	0	1	0	0	0	0	0	0	0	0	0	0	2	0	32	0	0	3	0	0	0	0	0	0	0	0	0	0	0	0	0	0
BMJ Open	2021-07-01	8039237	170293	13746	0	3	1	2	0	0	5	3	0	1	0	0	0	0	0	0	57	0	0	7	0	0	1	0	0	0	0	0	0	0	0	0	0	0
BMJ Open	2021-07-01	8039252	84631	8140	0	3	0	2	1	0	2	3	0	1	22	2	0	0	0	0	21	0	0	3	0	0	0	0	0	0	0	0	0	0	0	0	0	0
BMJ Open	2021-07-01	8031067	99635	10692	0	4	2	2	0	0	9	5	0	0	0	0	0	0	0	0	57	0	0	2	0	0	0	0	0	0	0	0	0	0	0	0	0	0
BMJ Open	2021-07-01	8031009	188142	16867	0	5	2	5	1	0	5	5	0	0	0	1	0	0	0	0	120	0	0	5	0	0	1	0	0	0	0	0	0	0	0	0	0	0
BMJ Open	2021-07-01	8039251	108749	9763	0	2	1	0	0	0	0	0	0	2	0	0	0	0	0	0	47	0	0	0	0	0	0	0	0	0	0	0	0	0	0	0	0	0
BMJ Open	2021-07-01	8031699	86242	7418	0	12	1	2	0	0	0	1	0	0	37	0	0	0	0	0	31	0	0	0	0	0	0	0	0	0	0	0	0	0	0	0	0	0
BMJ Open	2021-07-01	8031078	78897	7057	0	3	0	4	0	0	0	0	0	0	7	1	0	0	0	0	39	0	0	0	0	0	1	0	1	0	0	0	0	0	0	0	0	0
BMJ Open	2021-07-01	8030471	81710	7332	0	3	4	0	0	0	12	1	0	0	0	1	0	0	1	0	40	0	0	5	0	0	1	0	3	0	0	0	0	0	0	0	0	0
BMJ Open	2021-07-01	8031703	114934	10346	0	11	0	0	0	0	0	0	0	0	4	9	0	0	1	0	36	0	0	0	0	0	0	0	0	0	0	0	0	0	0	0	0	0
BMJ Open	2021-07-01	8043039	84552	7854	0	4	1	6	0	0	0	3	0	0	4	1	0	0	0	0	55	0	0	0	0	1	0	0	0	0	0	0	0	0	0	0	0	0
BMJ Open	2021-07-01	8043034	75854	6838	0	17	0	5	0	0	0	0	0	0	2	2	0	0	0	0	32	0	0	0	0	0	0	0	0	0	0	0	0	0	0	0	0	0
BMJ Open	2021-07-01	8051392	79646	6983	0	2	1	2	0	0	1	1	0	0	1	0	0	0	0	0	31	0	0	2	0	0	0	3	0	0	0	0	0	0	0	0	0	0
BMJ Open	2021-07-01	8051383	57480	4945	0	8	0	6	1	0	2	1	0	0	37	4	0	0	0	0	66	0	0	1	0	0	1	2	0	0	0	0	0	0	0	0	0	0
BMJ Open	2021-07-01	8047995	100353	9366	0	2	0	4	0	0	0	1	0	0	11	0	0	0	2	0	46	0	0	0	0	0	0	4	0	0	0	0	0	0	0	0	0	0
BMJ Open	2021-07-01	8054078	71271	6807	0	7	0	2	1	0	1	0	0	0	0	0	0	0	0	0	92	0	0	1	0	0	3	0	0	0	0	0	0	0	0	0	0	0
BMJ Open	2021-07-01	8043005	118465	8831	0	5	0	1	0	1	0	0	0	0	0	4	0	0	2	1	66	0	0	1	0	0	1	0	1	0	0	0	0	1	0	0	0	0
BMJ Open	2021-07-01	8054102	104228	8419	0	8	1	4	0	0	2	0	0	1	11	1	0	0	0	0	12	0	0	0	0	0	0	0	0	0	0	0	0	0	0	0	0	0
BMJ Open	2021-07-01	8043014	83743	7217	0	11	0	1	0	0	1	1	0	0	4	0	0	0	0	0	17	0	0	0	0	0	0	0	0	0	0	0	0	0	0	0	0	0
BMJ Open	2021-07-01	8054067	60208	5566	0	4	0	1	0	0	0	2	0	0	9	0	0	0	2	0	31	0	0	0	0	0	0	0	0	0	0	0	0	0	0	0	0	0
BMJ Open	2021-07-01	8054194	100082	9185	0	8	0	8	0	0	1	2	0	0	12	0	0	0	0	0	40	0	0	0	0	0	0	0	0	0	0	0	1	0	0	0	0	0
BMJ Open	2021-07-01	8043010	105253	8715	0	0	0	3	0	0	8	1	0	0	4	5	0	0	0	0	68	0	0	0	0	0	0	0	0	1	0	0	0	0	0	0	0	0
BMJ Open	2021-07-01	8054100	105997	10417	0	3	2	3	0	0	1	1	0	0	2	1	0	0	3	0	64	0	0	6	0	0	2	1	0	0	0	0	0	0	0	0	0	0
BMJ Open	2021-07-01	8055119	58040	5380	0	5	0	0	2	0	1	0	0	0	1	0	0	0	0	0	40	0	0	0	0	0	0	0	1	0	0	0	0	0	0	0	0	0
BMJ Open	2021-07-01	8054109	127953	12186	0	3	0	1	0	0	0	3	0	0	1	0	0	0	0	0	41	0	0	0	0	0	5	0	0	0	0	0	0	0	0	2	0	0
BMJ Open	2021-07-01	8054107	113704	10895	0	13	0	0	0	0	0	10	0	0	13	0	0	0	0	0	53	0	0	0	0	0	0	0	0	0	0	0	0	0	0	0	0	0
BMJ Open	2021-07-01	8051385	139568	11970	0	11	2	6	0	0	1	6	0	1	7	0	0	0	0	0	28	0	0	0	0	0	3	0	0	0	0	0	0	0	0	0	0	0
BMJ Open	2021-07-01	8050879	66708	5673	0	4	0	3	0	0	1	4	0	0	1	3	0	0	0	0	29	0	0	0	0	0	2	0	1	0	0	0	0	0	0	0	0	0
BMJ Open	2021-07-01	8051414	93760	9259	0	8	0	7	0	0	0	2	0	5	23	0	0	0	0	0	42	0	0	0	0	0	0	1	0	0	0	0	0	0	0	0	0	0
BMJ Open	2021-07-01	8054104	118593	11112	0	16	0	3	1	0	1	0	0	0	0	1	0	0	1	0	36	0	0	2	0	0	0	2	0	0	0	0	0	1	0	0	0	0
BMJ Open	2021-07-01	8043011	153556	13560	0	10	0	0	0	0	0	8	0	0	9	3	0	0	0	0	67	0	0	1	0	1	0	0	0	0	0	0	0	0	0	0	0	0
BMJ Open	2021-07-01	8043009	101417	9412	0	7	0	2	0	0	1	17	0	0	2	6	0	0	0	0	64	0	0	9	0	0	2	0	0	0	0	0	0	0	0	0	0	0
BMJ Open	2021-07-01	8053815	172222	15379	0	3	0	2	0	0	0	6	0	2	2	6	0	0	0	0	57	0	0	1	0	0	1	0	0	0	0	0	0	0	0	0	0	0
BMJ Open	2021-07-01	8048021	64577	5186	0	3	2	0	0	0	0	0	0	1	1	1	0	0	0	0	95	0	0	3	0	0	0	0	0	0	0	0	0	0	0	0	0	0
BMJ Open	2021-07-01	8043003	125574	11443	0	3	1	6	0	0	1	1	0	6	7	3	0	0	1	0	97	0	0	3	0	0	3	0	1	0	0	0	0	0	0	0	0	0
BMJ Open	2021-07-01	8070866	136118	10633	0	9	2	3	0	0	2	0	0	0	5	3	0	0	0	0	61	0	0	0	0	1	1	0	0	0	0	0	0	0	0	0	0	0
BMJ Open	2021-07-01	8055110	101290	8934	0	3	0	2	0	0	3	3	0	0	2	2	0	0	1	0	52	0	0	1	0	1	1	0	0	0	0	0	0	0	0	0	0	0
BMJ Open	2021-07-01	8061566	102807	9351	0	4	0	2	0	0	0	0	0	0	2	0	0	0	0	0	58	0	0	0	0	0	0	0	3	0	0	0	0	0	0	0	0	0
BMJ Open	2021-07-01	8061868	141018	12432	0	5	0	0	0	0	1	7	0	0	6	1	0	0	0	0	59	0	0	0	0	0	0	0	0	0	0	0	0	0	0	0	0	0
BMJ Open	2021-07-01	8068949	55928	5237	0	0	2	1	0	0	0	0	0	0	28	3	0	0	4	0	7	0	0	0	0	0	0	0	1	0	0	0	0	0	0	0	0	0
BMJ Open	2021-07-01	8057558	91742	8020	0	7	0	1	0	0	0	5	0	0	26	0	0	0	1	0	64	0	0	0	0	0	0	0	1	0	0	0	0	0	0	0	0	0
BMJ Open	2021-07-01	8061860	77230	6591	0	5	0	1	0	0	0	6	0	1	2	10	0	0	0	0	30	0	0	1	0	1	0	2	0	0	0	0	0	0	0	0	0	0
BMJ Open	2021-07-01	8061828	130423	10388	0	3	2	10	0	0	9	1	0	0	4	5	0	0	0	0	69	0	0	4	0	0	0	0	0	0	0	0	0	0	0	0	0	0
BMJ Open	2021-07-01	8061834	89248	7483	0	3	2	7	0	0	0	0	0	0	1	0	0	0	1	0	56	0	0	1	0	0	0	0	0	0	0	0	0	0	0	0	0	0
BMJ Open	2021-07-01	8061863	105984	10000	0	0	3	1	0	0	3	0	0	0	0	0	0	0	1	0	19	0	0	5	0	0	4	0	0	0	0	0	1	0	0	0	0	0
BMJ Open	2021-07-01	8061821	82293	7879	0	2	0	0	0	0	2	1	0	0	0	0	0	0	1	0	17	0	0	5	0	0	0	0	0	0	0	0	0	0	0	0	0	0
BMJ Open	2021-07-01	8057071	221534	20099	0	13	3	1	0	0	9	2	0	0	10	3	0	1	0	1	78	0	0	1	0	0	1	0	0	0	0	0	0	0	0	0	0	0
BMJ Open	2021-07-01	8061833	117737	10766	0	4	1	9	0	0	1	4	0	6	3	1	2	0	1	0	49	0	0	0	0	0	0	0	0	0	0	0	0	0	0	0	0	0
BMJ Open	2021-07-01	8070884	152453	12227	0	7	1	1	0	0	0	0	0	0	6	1	0	0	0	0	49	0	0	1	0	0	0	0	0	0	0	0	0	0	0	0	0	0
BMJ Open	2021-07-01	8068947	52924	4682	0	2	0	3	0	0	1	2	0	0	2	1	0	0	0	0	29	0	0	2	0	0	0	0	0	0	0	0	0	0	0	0	0	0
BMJ Open	2021-07-01	8061847	81648	7942	0	5	0	6	0	0	0	0	0	0	0	1	0	0	0	0	58	0	0	1	0	0	0	0	0	0	0	0	0	0	0	0	0	0
BMJ Open	2021-07-01	8061838	69673	6465	0	4	0	0	0	0	5	4	0	0	2	0	0	0	0	0	37	0	0	2	0	0	1	0	0	0	0	0	0	0	1	0	0	0
BMJ Open	2021-07-01	8055121	69151	6120	0	4	0	7	0	0	21	0	0	0	0	1	0	0	0	0	86	0	0	0	0	0	1	0	0	0	0	0	0	0	0	0	0	0
BMJ Open	2021-07-01	8061816	155609	14354	0	17	0	7	0	0	0	1	0	0	31	10	0	0	1	0	62	0	0	0	0	0	1	0	0	0	0	0	0	0	0	0	0	0
BMJ Open	2021-07-01	8061569	92895	8314	0	7	0	1	0	0	0	2	0	0	26	0	0	0	0	0	20	0	0	0	0	0	0	0	0	0	1	0	0	0	0	0	0	0
BMJ Open	2021-07-01	8061814	58375	4703	0	5	0	1	1	0	1	0	0	0	0	0	0	0	0	0	40	0	0	1	0	0	0	1	0	0	0	0	1	0	0	0	0	0
BMJ Open	2021-07-01	8057544	115751	10068	0	3	5	0	4	0	6	0	0	4	0	0	0	0	0	0	92	0	0	6	0	1	1	1	2	0	0	0	0	0	0	0	0	0
BMJ Open	2021-07-01	8057555	48013	4384	0	2	0	0	0	0	0	2	0	0	0	0	0	0	1	0	24	0	0	0	0	0	0	0	1	0	0	0	0	0	0	0	0	0
BMJ Open	2021-07-01	8061810	48032	4993	0	1	0	1	0	0	4	1	0	0	0	1	0	0	0	0	18	0	0	1	0	0	1	0	0	0	0	0	0	0	0	0	0	0
BMJ Open	2021-07-01	8061567	89285	9347	0	4	1	1	0	0	2	0	0	1	0	1	0	0	0	0	84	0	0	0	0	0	3	0	0	0	0	0	0	0	0	0	0	1
BMJ Open	2021-07-01	8076948	56931	4959	0	8	0	7	0	0	0	0	0	1	1	1	0	0	0	0	41	0	0	1	0	0	1	2	0	0	0	0	0	0	0	0	0	0
BMJ Open	2021-07-01	8088240	184649	16482	0	3	2	6	1	0	18	4	0	0	1	2	0	0	0	0	104	0	0	8	0	0	3	1	2	0	0	0	0	1	0	0	0	0
BMJ Open	2021-07-01	8088261	86915	7783	0	4	0	4	0	0	1	0	0	0	3	1	0	0	0	0	108	0	0	1	0	0	0	0	2	0	0	0	0	0	0	0	0	0
BMJ Open	2021-07-01	8098939	65458	6374	0	0	0	0	0	0	0	0	0	0	2	1	0	0	0	0	36	0	0	1	0	0	0	0	0	0	0	0	0	0	0	0	0	0
BMJ Open	2021-07-01	8088244	107625	8487	0	7	0	4	0	0	2	0	0	1	9	0	0	0	1	0	76	0	0	0	0	1	2	1	0	0	0	0	0	3	0	0	0	0
BMJ Open	2021-07-01	8074557	132462	9624	0	9	0	9	0	0	2	3	0	0	3	3	0	0	0	0	47	0	0	3	0	0	0	0	0	0	0	0	0	1	1	0	0	0
BMJ Open	2021-07-01	8094349	145501	14260	0	22	3	5	0	0	0	0	0	0	2	0	0	0	0	0	39	0	0	0	0	0	7	0	0	0	0	0	0	0	0	0	0	0
BMJ Open	2021-07-01	8076628	114506	10565	0	1	0	4	0	0	0	0	0	0	1	0	0	0	0	0	55	0	0	0	0	0	0	0	0	0	0	0	0	0	0	0	0	0
BMJ Open	2021-07-01	8074552	86301	7596	0	4	0	2	0	0	5	0	0	0	6	4	0	0	3	0	32	0	0	1	0	0	0	2	0	0	0	0	1	1	0	0	0	0
BMJ Open	2021-07-01	8098992	94642	8209	0	6	0	1	0	0	1	0	0	0	3	3	0	0	1	0	58	0	0	0	0	0	0	0	0	0	0	0	0	0	0	0	0	0
BMJ Open	2021-07-01	8076922	92077	7641	0	3	1	1	0	0	0	0	0	1	0	0	0	0	0	0	50	0	0	0	0	0	0	0	0	0	0	0	0	0	0	1	0	0
BMJ Open	2021-07-01	8074568	100987	8978	0	5	0	5	0	0	3	2	0	0	0	0	0	0	0	0	32	0	0	4	0	0	1	0	0	0	0	0	0	0	1	0	0	0
BMJ Open	2021-07-01	8098998	72094	6786	0	20	0	0	0	0	0	0	0	0	0	3	0	0	0	0	26	0	0	0	0	0	0	0	0	0	0	0	0	0	0	0	0	0
BMJ Open	2021-07-01	8094385	101542	9811	0	11	0	17	0	0	0	0	0	4	17	0	0	0	2	0	92	0	0	0	0	0	1	2	0	2	0	0	0	0	0	0	0	0
BMJ Open	2021-07-01	8094327	54983	5442	0	2	1	1	0	0	0	1	0	0	0	0	0	0	0	0	24	0	0	2	0	2	0	0	0	0	0	0	0	0	0	0	0	0
BMJ Open	2021-07-01	8098292	82906	8108	0	0	0	4	0	0	0	1	0	0	3	0	0	0	0	0	39	0	0	5	0	0	2	0	0	0	0	0	0	0	0	0	0	0
BMJ Open	2021-07-01	8076923	98815	8387	0	3	0	3	0	0	2	0	0	0	21	0	0	0	0	0	45	0	0	0	0	0	0	0	0	0	0	0	0	0	0	0	0	0
BMJ Open	2021-07-01	8094331	141141	11151	0	4	1	5	4	0	0	4	0	0	3	1	0	0	0	1	16	0	0	1	0	0	2	0	0	0	0	0	0	0	0	0	0	0
BMJ Open	2021-07-01	8098284	73527	6443	0	1	0	7	0	0	0	0	0	5	0	2	0	0	0	0	58	0	0	0	0	0	1	0	0	0	0	0	0	0	0	0	0	0
BMJ Open	2021-07-01	8088262	94206	8437	0	3	0	0	0	0	10	2	0	0	2	2	0	0	0	0	39	0	0	0	0	0	0	0	0	0	0	0	0	0	0	0	0	1
BMJ Open	2021-07-01	8094386	104993	7652	0	15	0	14	0	0	4	1	0	5	8	3	0	0	0	0	73	0	0	1	0	0	3	0	0	0	0	0	0	0	0	0	0	0
BMJ Open	2021-07-01	8094344	73947	6383	0	0	0	4	0	0	1	1	0	1	2	1	0	0	0	0	21	0	1	0	0	0	0	0	0	0	0	0	0	2	0	0	0	0
BMJ Open	2021-07-01	8074567	78865	7382	0	3	0	1	0	0	1	1	0	0	5	0	0	0	0	0	64	0	0	0	0	0	0	0	0	0	0	0	0	0	0	0	0	0
BMJ Open	2021-07-01	8088239	102432	9832	0	1	3	0	0	0	0	0	0	0	3	0	0	0	0	0	72	0	0	2	0	0	3	0	0	0	0	0	0	0	0	0	0	0
BMJ Open	2021-07-01	8094339	66240	6251	0	1	1	0	0	0	4	0	0	0	2	0	0	0	0	0	24	0	0	0	0	0	3	0	0	0	0	0	1	0	0	0	0	0
BMJ Open	2021-07-01	8098297	46422	3538	0	9	0	1	0	0	2	0	0	0	4	0	0	0	0	0	31	0	0	0	0	0	0	1	0	0	0	0	0	0	0	0	0	0
BMJ Open	2021-07-01	8103376	53615	4695	0	7	0	2	0	0	0	0	0	1	0	2	0	0	0	0	48	0	0	0	0	0	1	0	1	0	0	0	0	0	0	0	0	0
BMJ Open	2021-07-01	8098981	51597	4407	0	3	0	5	0	0	0	3	0	0	0	0	0	0	0	0	26	0	0	1	0	0	0	0	0	0	0	0	0	0	0	0	0	0
BMJ Open	2021-07-01	8103559	86992	7791	0	1	1	0	0	0	0	0	0	0	3	0	0	0	1	0	31	0	0	3	0	0	0	0	0	0	0	0	0	0	0	0	0	0
BMJ Open	2021-07-01	8103947	101516	9521	0	2	0	1	0	0	0	0	0	0	1	1	0	0	0	0	64	0	0	0	0	0	2	0	0	0	0	0	0	0	0	0	0	0
BMJ Open	2021-07-01	8098990	79349	7151	0	16	0	2	0	0	4	15	0	0	13	1	0	0	0	0	29	0	0	0	0	0	0	0	0	0	0	0	0	0	0	0	0	0
BMJ Open	2021-07-01	8098960	65030	5944	0	10	0	5	0	0	0	0	0	0	2	2	0	0	0	0	54	0	0	0	0	0	1	0	0	0	0	0	0	0	0	0	0	0
BMJ Open	2021-07-01	8103371	171122	15638	0	1	0	2	0	0	0	3	0	1	0	0	0	0	1	0	62	0	0	2	0	0	0	0	0	0	0	0	0	1	0	0	32	0
BMJ Open	2021-07-01	8098949	180985	14239	0	2	0	3	1	0	2	15	0	0	1	7	0	0	0	0	142	0	0	0	0	0	7	0	0	0	0	0	0	0	0	0	0	0
BMJ Open	2021-07-01	8103374	128055	11715	0	7	0	4	5	0	3	4	0	0	4	0	0	0	0	0	84	0	0	4	0	0	3	0	0	0	0	0	0	0	0	0	0	0
BMJ Open	2021-07-01	8098967	124857	10159	0	6	0	6	1	0	0	2	0	0	6	2	0	0	0	0	142	0	0	1	0	0	1	0	0	0	0	0	0	0	0	1	0	0
BMJ Open	2021-07-01	8103394	58007	4938	0	4	0	3	0	0	0	0	0	0	5	1	0	0	1	0	41	0	0	0	0	0	2	0	0	0	0	0	0	0	0	0	0	0
BMJ Open	2021-07-01	8103369	70927	5930	0	3	1	0	0	0	0	3	0	19	1	2	0	0	0	0	53	0	0	0	0	0	0	0	0	0	0	0	0	0	0	0	0	0
BMJ Open	2021-07-01	8103367	84258	7480	0	3	2	0	0	0	4	0	0	0	0	1	0	0	2	0	32	0	1	3	0	0	1	0	0	0	0	0	0	1	2	0	0	0
BMJ Open	2021-07-01	8103382	73915	7457	0	2	0	4	0	0	9	4	0	0	0	2	0	0	0	0	55	0	0	4	0	0	4	0	0	0	0	0	0	0	0	0	0	0
BMJ Open	2021-07-01	8103360	86739	8054	0	3	0	2	0	0	0	8	0	0	2	2	0	0	0	0	33	0	0	0	0	0	0	0	1	0	0	0	0	0	0	0	0	4
BMJ Open	2021-07-01	8103380	247047	18039	0	7	0	8	1	0	2	0	0	0	1	1	0	0	0	0	92	0	0	0	0	0	2	1	0	0	0	0	0	0	0	0	0	0
BMJ Open	2021-07-01	8103950	76090	6839	0	8	1	4	0	0	0	2	0	0	7	1	0	0	0	0	76	0	0	4	0	0	0	0	0	0	0	0	0	0	0	0	0	0
BMJ Open	2021-07-01	8102861	152892	11086	0	5	2	3	0	0	3	5	0	0	5	0	1	0	1	0	45	0	0	5	0	0	0	0	0	0	0	0	0	0	0	0	0	0
BMJ Open	2021-07-01	8098912	91557	8666	0	3	0	0	0	0	4	0	0	0	1	1	0	0	0	0	39	0	0	3	0	0	0	0	0	0	0	0	0	0	0	0	0	0
BMJ Open	2021-07-01	8103372	88414	7660	0	5	0	0	0	0	12	3	0	0	2	1	0	0	2	0	38	0	0	0	0	0	0	0	0	0	0	0	0	0	0	0	0	0
BMJ Open	2021-07-01	8102858	75629	6741	0	7	0	1	0	0	0	0	0	6	2	1	0	0	0	0	55	0	0	4	0	0	0	0	1	0	0	0	0	0	0	0	0	0
BMJ Open	2021-07-01	8103362	86218	8693	0	2	0	0	0	0	14	0	0	0	1	1	0	0	1	0	45	0	0	1	0	0	0	0	1	0	0	0	0	0	0	0	0	0
BMJ Open	2021-07-01	8098296	108024	10013	0	1	2	3	0	0	1	0	0	3	0	1	0	0	0	0	35	0	0	4	0	0	0	0	0	0	0	0	0	0	0	0	0	0
BMJ Open	2021-07-01	8098923	79706	7793	0	3	0	1	0	0	0	0	0	0	4	5	0	0	0	0	55	0	0	0	0	0	1	1	0	0	0	0	0	0	0	0	0	0
BMJ Open	2021-07-01	8126274	83745	6713	0	5	0	1	0	0	0	0	0	1	2	3	0	0	0	0	47	0	0	0	0	0	1	0	0	0	0	0	0	0	1	0	0	0
BMJ Open	2021-07-01	8126309	76690	6673	0	8	0	0	0	0	1	2	0	0	4	3	0	0	0	0	47	0	0	1	0	2	0	0	0	0	0	0	0	0	0	0	0	0
BMJ Open	2021-07-01	8112423	113927	11411	0	5	4	9	0	0	2	3	0	0	2	0	0	0	1	0	76	0	0	2	0	0	3	0	0	0	0	0	0	0	0	0	0	0
BMJ Open	2021-07-01	8126278	106754	10569	0	7	0	0	0	0	4	0	0	0	1	1	0	0	2	0	56	0	0	3	0	0	3	0	0	0	0	0	0	0	0	0	0	0
BMJ Open	2021-07-01	8118013	70746	6569	0	3	0	1	0	0	1	3	0	0	2	0	0	0	0	0	17	0	0	1	0	0	0	0	0	0	0	0	0	0	0	0	0	0
BMJ Open	2021-07-01	8112413	77744	8260	0	4	1	0	0	0	13	0	0	0	0	1	0	0	1	0	49	0	0	3	0	0	4	0	0	0	0	0	0	0	0	0	0	0
BMJ Open	2021-07-01	8117994	108226	9304	0	4	0	4	0	0	12	0	0	0	0	0	0	0	0	0	68	0	0	3	0	0	2	0	1	0	0	0	0	0	0	0	0	0
BMJ Open	2021-07-01	8112445	57427	5978	0	4	0	1	0	0	0	1	0	0	1	2	0	0	0	0	36	0	0	1	0	0	2	0	0	0	0	0	0	0	0	0	0	0
BMJ Open	2021-07-01	8118066	85396	7920	0	2	0	1	0	0	2	4	0	0	1	0	0	0	0	0	50	0	0	0	0	0	2	0	0	0	0	0	0	0	0	0	0	0
BMJ Open	2021-07-01	8126314	129020	11270	0	0	0	0	0	0	0	0	0	0	26	0	0	0	1	0	16	0	0	3	0	0	0	0	0	0	0	0	0	0	0	0	0	0
BMJ Open	2021-07-01	8118016	94221	7853	0	3	0	4	0	0	0	1	0	0	1	3	0	0	0	0	45	0	0	0	0	0	0	0	0	0	0	0	0	0	0	0	0	0
BMJ Open	2021-07-01	8112439	91255	7393	0	4	0	3	0	0	0	7	0	1	0	2	0	0	0	0	60	0	0	0	0	0	0	0	0	0	0	0	0	0	0	0	0	0
BMJ Open	2021-07-01	8126436	75767	6470	0	5	1	1	0	0	9	1	0	0	0	0	0	0	0	0	28	0	0	4	0	0	1	0	2	0	0	0	0	0	1	0	0	0
BMJ Open	2021-07-01	8126317	116094	10049	0	11	0	21	0	0	1	3	0	0	2	0	0	0	0	0	41	0	0	2	0	0	0	0	0	0	0	0	1	0	0	0	0	0
BMJ Open	2021-07-01	8126319	58555	5580	0	6	1	0	0	0	3	0	0	0	0	3	0	0	0	0	21	0	0	5	0	0	0	4	0	0	0	0	0	0	0	0	0	0
BMJ Open	2021-07-01	8126273	113851	8967	0	12	1	11	0	0	0	0	0	0	5	6	0	0	1	0	99	0	0	0	0	0	1	1	0	0	0	0	0	0	0	0	0	0
BMJ Open	2021-07-01	8118080	76342	7200	0	5	0	11	0	0	0	4	0	1	2	3	0	0	0	0	41	0	0	4	0	0	1	0	0	0	0	0	0	0	0	0	0	0
BMJ Open	2021-07-01	8126281	73055	6476	0	2	0	0	0	0	0	2	0	1	0	6	0	0	1	0	46	0	0	0	0	0	1	0	0	0	0	0	0	0	0	0	0	0
BMJ Open	2021-07-01	8126304	57588	5485	0	7	0	1	1	0	0	7	0	0	2	3	0	0	0	0	102	0	0	2	0	0	2	3	0	0	0	0	0	0	1	0	0	0
BMJ Open	2021-07-01	8118033	50102	4380	0	3	0	2	0	0	2	0	0	0	0	1	0	0	0	0	57	0	0	1	0	0	2	0	0	0	0	0	0	0	0	0	0	0
BMJ Open	2021-07-01	8126322	57956	5110	0	1	3	2	0	0	1	0	0	0	10	3	0	0	0	0	51	0	0	0	0	0	2	0	1	0	0	0	0	0	0	0	0	0
BMJ Open	2021-07-01	8118023	95665	9433	0	3	0	1	0	0	6	0	0	0	0	1	0	0	0	0	45	0	0	3	0	0	1	0	0	0	0	0	0	0	0	0	0	0
BMJ Open	2021-07-01	8117468	136577	12673	0	2	0	5	0	0	3	1	0	0	1	2	0	0	0	0	26	0	0	0	0	0	0	0	0	0	0	0	0	0	0	0	0	0
BMJ Open	2021-07-01	8126270	88006	7119	0	6	1	4	0	0	1	0	0	0	5	0	0	0	0	0	60	0	0	0	0	0	1	0	0	0	0	0	0	0	0	0	0	0
BMJ Open	2021-07-01	8111871	78621	6932	0	4	0	2	0	0	2	4	0	0	2	0	0	0	0	0	29	0	0	1	0	0	2	0	0	0	0	0	0	0	0	0	0	0
BMJ Open	2021-07-01	8130745	54353	4761	0	12	0	14	0	0	7	0	0	0	3	0	0	0	0	0	61	0	0	0	0	0	1	0	0	0	0	0	0	0	0	0	0	0
BMJ Open	2021-07-01	8144044	82978	6865	0	4	0	2	0	0	3	2	0	0	5	0	0	0	1	0	37	0	0	1	0	0	0	0	0	0	0	0	0	1	0	0	0	0
BMJ Open	2021-07-01	8130747	90418	7620	0	4	0	1	0	0	1	1	0	1	14	4	0	0	0	0	33	0	0	0	0	0	0	0	3	0	0	0	0	0	0	0	0	0
BMJ Open	2021-07-01	8137247	102307	9635	0	4	0	1	0	0	6	0	0	0	1	0	0	0	0	0	45	0	0	0	0	2	0	0	0	0	0	0	0	0	0	0	0	0
BMJ Open	2021-07-01	8137214	79838	7428	0	0	1	5	0	0	0	0	0	0	4	3	0	0	0	0	76	0	0	0	0	0	1	1	0	0	0	0	0	0	0	0	0	0
BMJ Open	2021-07-01	8144037	78269	5935	0	10	0	2	5	0	0	1	0	0	0	0	0	0	1	0	40	0	0	0	0	0	2	1	1	0	0	0	0	0	0	0	0	0
BMJ Open	2021-07-01	8130739	149888	12829	0	8	0	10	0	0	2	2	0	0	10	4	0	0	0	0	114	0	0	0	0	0	2	2	0	0	0	0	0	0	0	0	0	0
BMJ Open	2021-07-01	8137175	90618	9301	0	2	1	1	0	0	6	1	0	0	0	0	0	0	0	0	23	0	0	4	0	0	0	0	1	0	0	1	1	0	0	0	0	0
BMJ Open	2021-07-01	8141431	128925	12675	0	3	1	3	0	0	1	1	0	0	10	0	0	0	0	0	53	0	0	0	0	0	2	1	0	0	0	0	0	0	0	0	0	0
BMJ Open	2021-07-01	8130732	81021	7338	0	7	0	6	0	0	0	1	0	1	0	1	0	0	0	0	46	0	0	0	0	0	0	0	0	0	0	0	0	0	0	0	0	0
BMJ Open	2021-07-01	8130751	180706	14929	0	1	5	6	0	0	0	0	0	0	1	2	0	0	1	0	15	0	0	4	0	0	0	0	0	0	0	0	0	0	0	0	0	0
BMJ Open	2021-07-01	8137195	88506	8044	0	1	0	1	0	0	5	0	0	0	0	1	0	0	0	0	51	0	0	6	0	0	17	0	0	0	0	0	0	1	0	0	0	0
BMJ Open	2021-07-01	8137248	88489	8051	0	11	0	1	0	0	2	1	0	0	4	0	0	0	0	0	35	0	0	7	0	1	0	0	0	0	0	0	0	0	0	0	0	0
BMJ Open	2021-07-01	8137205	50852	4254	0	2	0	4	1	0	2	1	0	0	0	1	0	0	0	0	34	0	0	1	0	0	0	1	0	0	0	0	1	0	1	0	0	0
BMJ Open	2021-07-01	8144035	105874	9706	0	6	0	1	0	0	2	4	0	0	1	4	0	0	1	0	29	0	0	0	0	0	6	0	0	0	0	0	0	0	0	0	0	0
BMJ Open	2021-07-01	8144043	56158	4398	0	3	0	4	1	0	1	0	0	0	3	2	0	0	0	0	48	0	0	1	0	2	0	0	0	0	0	0	0	0	0	0	0	0
BMJ Open	2021-07-01	8130744	100649	9632	0	2	0	1	0	0	0	1	0	0	1	0	0	0	0	0	26	0	0	0	0	0	2	0	0	0	0	0	0	0	0	0	0	0
BMJ Open	2021-07-01	8144045	83312	7302	0	1	1	7	0	0	4	2	0	0	4	3	0	0	0	0	70	0	0	5	0	0	1	0	0	0	0	0	0	2	0	0	0	0
BMJ Open	2021-07-01	8137253	66419	5673	0	12	0	3	0	0	1	1	0	0	3	0	0	0	1	0	56	0	0	0	0	0	4	1	0	0	0	0	0	0	0	0	0	0
BMJ Open	2021-07-01	8137217	74528	5741	0	3	1	4	0	0	0	2	0	0	1	0	0	0	0	0	37	0	0	0	0	0	0	0	0	0	0	0	0	0	0	0	0	0
BMJ Open	2021-07-01	8130742	103886	8682	0	2	0	2	0	0	2	0	0	0	12	0	0	0	0	0	67	0	0	0	0	0	0	0	0	0	0	0	0	0	0	0	0	0
BMJ Open	2021-07-01	8137196	70391	6907	0	1	6	0	0	0	13	0	0	0	0	0	0	0	0	0	40	0	0	4	0	0	2	0	0	0	0	0	0	0	0	0	0	0
BMJ Open	2021-07-01	8137197	112282	10669	0	6	3	5	0	0	2	0	0	0	7	1	0	0	2	0	27	0	0	0	0	0	1	0	1	1	0	0	0	0	0	1	0	0
BMJ Open	2021-07-01	8130755	141416	12961	0	12	0	2	0	0	0	1	0	0	8	0	0	0	1	0	49	0	0	3	0	0	0	0	0	2	0	0	2	0	0	0	0	0
BMJ Open	2021-07-01	8137218	69839	6309	0	6	6	0	0	0	0	1	0	0	0	0	0	0	0	0	17	0	0	5	0	0	0	0	0	0	0	0	0	0	0	0	0	0
BMJ Open	2021-07-01	8166631	178733	15143	0	5	3	3	0	0	7	13	0	0	0	0	9	0	0	0	65	0	0	7	0	0	1	0	0	0	0	0	0	0	0	0	0	0
BMJ Open	2021-07-01	8166598	93483	9732	0	6	0	6	0	0	4	1	0	0	1	4	0	0	0	0	33	0	0	1	0	0	1	0	0	0	0	0	0	0	0	0	0	0
BMJ Open	2021-07-01	8149444	56321	5045	0	6	1	2	0	0	0	0	0	1	0	0	0	0	0	0	40	0	0	1	0	0	0	0	0	0	0	0	0	0	0	0	0	0
BMJ Open	2021-07-01	8169467	79715	7591	0	23	0	0	0	0	0	4	0	0	6	0	0	0	1	0	43	0	0	0	0	0	0	2	0	0	0	0	0	0	0	0	0	0
BMJ Open	2021-07-01	8166612	84578	7828	0	5	1	1	0	0	0	0	0	0	0	1	0	0	0	0	44	0	0	0	0	0	3	0	0	0	0	0	0	0	0	0	0	0
BMJ Open	2021-07-01	8154929	87111	7728	0	4	2	0	0	0	0	1	0	0	7	0	0	0	0	0	56	0	0	1	0	1	0	0	0	0	0	0	0	0	0	0	0	0
BMJ Open	2021-07-01	8149439	97020	9991	0	2	0	1	2	0	6	2	0	1	1	0	0	0	4	0	34	0	0	4	0	0	2	0	1	0	0	0	0	0	0	0	0	0
BMJ Open	2021-07-01	8154974	46406	3919	0	8	0	5	0	0	0	4	0	0	3	0	0	0	0	0	53	0	0	2	0	0	1	1	0	0	0	0	0	0	0	0	0	0
BMJ Open	2021-07-01	8149264	65620	6231	0	0	0	1	0	0	0	0	0	0	6	8	0	0	0	0	25	0	0	0	0	0	0	0	0	0	0	0	0	0	0	0	0	0
BMJ Open	2021-07-01	8166613	86981	8245	0	8	0	5	0	0	3	2	0	0	1	1	0	0	0	0	81	0	0	1	0	0	2	0	0	0	0	0	0	0	0	0	0	0
BMJ Open	2021-07-01	8154958	69234	5958	0	2	0	2	0	0	2	0	0	0	8	2	0	0	0	0	45	0	0	0	0	0	1	0	0	0	0	0	0	0	0	0	0	0
BMJ Open	2021-07-01	8173283	63636	6353	0	10	0	0	0	0	5	0	0	0	2	3	0	0	0	0	79	0	0	1	0	0	0	3	0	0	0	0	0	0	0	0	0	0
BMJ Open	2021-07-01	8154293	71768	7044	0	3	4	1	0	0	3	0	0	1	0	0	0	0	0	0	24	0	0	2	0	0	0	0	0	0	0	0	0	0	0	0	0	0
BMJ Open	2021-07-01	8149442	101458	9024	0	7	0	5	0	0	4	0	0	0	6	4	0	0	0	0	48	0	0	0	0	0	0	0	0	0	0	0	0	0	0	0	0	0
BMJ Open	2021-07-01	8166592	78954	7199	0	0	2	1	0	0	0	1	0	0	0	0	0	0	0	0	99	0	0	2	0	0	1	1	0	0	0	0	0	0	0	0	0	0
BMJ Open	2021-07-01	8154927	90103	8461	0	0	0	0	0	5	1	0	0	4	3	0	0	0	0	0	63	0	0	0	0	0	0	4	0	0	0	0	0	0	0	0	0	0
BMJ Open	2021-07-01	8154981	133254	12732	0	3	0	0	0	0	1	2	0	0	0	1	0	0	0	0	75	0	0	5	0	0	0	0	0	0	0	0	0	0	0	1	0	0
BMJ Open	2021-07-01	8154928	159491	12040	0	4	0	3	0	0	2	1	0	0	4	14	0	0	0	0	80	0	0	3	0	0	0	0	1	0	0	0	1	0	0	0	0	0
BMJ Open	2021-07-01	8160196	78880	7380	0	8	0	6	0	0	0	0	0	2	0	0	0	0	0	1	28	0	0	0	0	0	0	0	0	0	0	0	0	0	0	0	0	0
BMJ Open	2021-07-01	8149435	120315	11744	0	0	3	1	0	0	3	2	0	0	32	0	0	0	0	0	40	0	0	0	0	0	2	0	1	0	0	0	0	0	0	0	0	0
BMJ Open	2021-07-01	8154999	88157	7950	0	6	0	5	0	0	0	5	0	0	10	0	0	0	2	0	95	0	0	5	0	0	1	1	0	0	0	0	0	0	0	1	0	0
BMJ Open	2021-07-01	8162084	80372	7476	0	7	0	8	0	0	0	0	0	0	5	1	0	0	0	0	47	0	0	0	0	0	0	0	0	0	0	0	1	0	0	0	0	0
BMJ Open	2021-07-01	8166628	91998	8175	0	7	0	7	2	0	0	4	0	0	11	2	0	0	0	0	35	0	0	2	0	0	0	0	1	0	0	0	0	0	0	2	0	0
BMJ Open	2021-07-01	8728372	114973	9571	0	7	1	2	0	0	0	0	0	1	7	5	0	0	0	0	38	0	0	1	0	0	0	0	0	0	0	0	0	0	0	0	0	0
BMJ Open	2021-07-01	8149432	85360	7738	0	12	0	1	0	0	1	0	0	2	6	0	0	0	0	0	77	0	0	1	0	0	1	0	0	0	0	0	0	1	0	0	0	0
BMJ Open	2021-07-01	8189755	198795	16667	0	2	3	7	2	0	0	0	0	2	0	0	0	0	1	0	6	0	0	1	0	0	3	0	0	0	0	0	0	0	0	0	0	0
BMJ Open	2021-07-01	8183205	87583	7918	0	0	1	5	0	0	1	1	0	0	1	1	0	0	0	0	65	0	0	0	0	0	3	0	0	0	0	0	1	0	0	0	0	0
BMJ Open	2021-07-01	8174515	139828	12220	0	1	0	0	0	0	2	2	0	0	0	2	0	0	0	0	40	0	0	1	0	2	0	0	0	0	0	0	0	0	0	0	0	0
BMJ Open	2021-07-01	8183275	87005	8449	0	3	0	1	0	0	1	3	0	1	0	1	0	0	0	0	26	0	0	0	0	0	3	0	0	0	0	0	0	0	0	1	0	0
BMJ Open	2021-07-01	8174521	50909	4390	0	3	0	2	0	0	1	0	0	0	0	1	0	0	0	0	38	0	0	1	0	0	1	2	0	0	0	0	0	0	0	0	0	0
BMJ Open	2021-07-01	8190059	63315	6731	0	9	0	1	0	0	0	2	0	0	3	1	0	0	0	0	41	0	0	1	0	0	2	0	0	0	0	0	0	0	0	0	0	0
BMJ Open	2021-07-01	8190046	121432	10565	0	10	3	1	0	0	0	7	0	0	2	1	0	0	0	0	105	0	0	0	0	0	0	0	1	0	0	0	0	0	0	0	0	0
BMJ Open	2021-07-01	8190043	124775	10934	0	20	0	2	0	0	0	0	0	0	2	1	0	0	1	0	62	0	0	0	0	0	0	0	0	0	0	0	0	0	0	0	0	0
BMJ Open	2021-07-01	8190048	79459	7507	0	3	0	0	0	0	0	0	0	0	0	0	3	0	6	0	41	0	0	0	0	0	0	0	0	0	0	0	0	0	0	0	0	0
BMJ Open	2021-07-01	8190042	106838	10047	0	3	0	1	0	0	0	1	0	1	17	2	0	0	1	0	64	0	0	1	0	0	0	0	0	0	0	0	0	0	0	0	0	0
BMJ Open	2021-07-01	8190055	103742	8325	0	6	0	6	0	0	1	0	0	0	1	2	0	0	0	0	59	0	0	1	0	0	0	1	0	0	0	0	1	0	0	0	0	0
BMJ Open	2021-07-01	8183222	103140	9179	0	4	0	18	0	0	3	0	0	0	0	1	1	0	0	0	48	0	0	1	0	0	0	0	0	0	0	0	0	0	0	0	0	0
BMJ Open	2021-07-01	8183277	127561	11843	0	4	1	0	0	0	0	4	0	0	7	1	0	0	0	0	44	0	0	0	0	0	1	0	0	0	0	0	0	0	0	0	0	0
BMJ Open	2021-07-01	8190040	45277	4086	0	2	0	0	0	0	7	0	0	0	1	1	0	0	0	0	7	0	0	7	0	0	0	0	0	0	0	0	0	0	1	0	0	0
BMJ Open	2021-07-01	8189753	81145	7396	0	0	1	3	0	0	0	0	0	1	3	3	0	0	0	0	48	0	0	1	0	0	0	0	0	0	0	0	0	0	0	0	0	0
BMJ Open	2021-07-01	8190058	77970	7513	0	18	1	0	0	0	1	17	0	0	3	3	0	0	0	0	44	0	0	1	0	0	0	0	0	0	0	0	0	0	0	0	0	0
BMJ Open	2021-07-01	8182750	103998	9393	0	3	1	3	0	0	0	3	0	0	0	0	0	0	0	0	37	0	0	0	0	0	0	0	0	0	0	0	0	0	0	1	0	0
BMJ Open	2021-07-01	8190054	59234	5786	0	8	2	4	0	0	6	3	0	0	6	0	0	0	1	0	79	0	0	7	0	0	0	0	0	0	0	0	0	0	0	0	0	0
BMJ Open	2021-07-01	8183289	68984	5926	0	8	0	2	0	0	0	0	0	0	5	0	0	0	1	0	56	0	0	0	0	0	1	0	0	0	0	0	0	0	0	0	0	0
BMJ Open	2021-07-01	8183293	119496	10282	0	7	1	11	0	0	1	3	0	2	2	5	0	0	2	0	108	0	0	0	0	0	2	0	0	0	0	0	0	0	0	0	0	0
BMJ Open	2021-07-01	8174520	100016	9753	0	5	1	3	0	0	4	0	0	0	6	1	0	0	0	0	54	0	0	3	0	0	1	0	0	0	0	0	1	0	0	0	0	0
BMJ Open	2021-07-01	8183269	56584	4731	0	4	1	3	2	0	0	0	0	0	0	0	0	0	0	0	71	0	0	1	0	0	1	1	0	0	0	0	0	0	0	0	0	0
BMJ Open	2021-07-01	8184351	93039	8503	0	22	0	0	0	0	0	7	0	0	4	5	0	0	0	0	2	0	0	2	0	0	0	0	0	0	0	0	0	0	0	0	0	0
BMJ Open	2021-07-01	8183264	68304	6479	0	6	0	4	0	0	1	3	0	0	9	1	0	0	0	0	14	0	0	0	0	0	3	0	0	0	0	0	0	0	0	0	0	0
BMJ Open	2021-07-01	8183219	77732	7570	0	0	3	0	0	0	8	0	0	0	0	0	0	0	1	0	43	0	0	10	0	0	1	0	1	0	0	1	0	0	0	0	0	0
BMJ Open	2021-07-01	8191618	107735	9568	0	1	0	8	0	0	1	1	0	0	0	0	0	0	0	0	68	0	0	0	0	0	0	0	0	0	0	0	0	0	0	0	0	0
BMJ Open	2021-07-01	8194327	120420	8675	0	5	0	2	1	0	0	0	0	1	0	1	0	0	1	0	29	0	0	5	0	0	0	0	0	0	0	0	0	0	0	0	0	0
BMJ Open	2021-07-01	8202100	109546	9542	0	6	0	3	0	0	1	0	0	0	5	4	0	0	0	0	37	0	0	0	0	0	0	0	0	0	0	0	0	0	0	0	0	0
BMJ Open	2021-07-01	8210695	92924	8710	3	16	1	4	0	0	4	8	0	1	5	7	0	0	0	0	18	0	0	7	0	0	2	0	0	0	0	0	0	0	1	0	0	0
BMJ Open	2021-07-01	8191612	72408	6484	0	1	0	5	0	0	0	1	0	0	4	0	0	0	0	0	73	0	0	0	0	0	0	0	0	0	0	0	0	0	0	0	0	0
BMJ Open	2021-07-01	8204162	101096	9266	0	5	0	2	0	0	6	4	0	0	0	0	0	0	0	0	52	0	0	0	0	0	0	0	0	0	0	0	2	0	0	0	0	0
BMJ Open	2021-07-01	8208003	91080	7690	0	5	0	0	0	0	0	0	0	0	0	1	0	0	1	0	17	0	0	0	0	0	0	1	0	0	0	0	0	0	0	0	0	0
BMJ Open	2021-07-01	8193693	49232	4291	0	2	0	1	0	0	0	0	0	1	0	0	0	0	1	0	39	0	0	0	0	0	0	0	0	0	0	0	0	0	0	0	0	0
BMJ Open	2021-07-01	8191602	109322	9470	0	9	0	16	0	0	2	0	0	0	4	3	0	0	0	0	64	0	0	1	0	0	1	0	0	0	0	0	0	0	0	0	0	0
BMJ Open	2021-07-01	8204191	64934	6045	0	5	0	0	0	0	0	2	0	1	5	1	0	1	3	0	32	0	0	0	0	0	1	0	0	0	0	0	0	0	0	1	0	0
BMJ Open	2021-07-01	8202099	74780	6631	0	4	0	1	0	0	0	0	0	0	3	1	0	0	0	0	43	0	0	1	0	1	0	1	0	0	0	0	0	0	0	0	0	0
BMJ Open	2021-07-01	8190984	135035	12293	0	17	5	1	0	0	2	1	0	0	10	1	0	0	0	0	56	0	0	1	0	0	1	0	0	0	0	0	0	0	0	0	0	0
BMJ Open	2021-07-01	8191599	104665	9867	0	1	1	4	0	0	2	11	0	1	1	0	0	0	0	0	41	0	0	3	0	0	1	0	0	0	0	0	0	0	0	0	0	1
BMJ Open	2021-07-01	8202105	91232	8240	0	18	0	4	0	0	2	7	0	0	19	1	0	0	0	0	54	0	0	0	0	0	0	0	1	0	0	0	0	0	0	0	0	0
BMJ Open	2021-07-01	8204178	117175	10095	0	4	0	1	0	0	0	1	0	0	2	0	0	0	2	0	64	0	0	2	0	0	1	0	1	0	0	0	0	0	0	0	0	0
BMJ Open	2021-07-01	8202115	99753	8344	0	2	2	1	0	0	8	4	0	0	0	2	0	0	0	0	46	0	0	7	0	0	0	0	0	0	0	0	0	0	0	0	0	0
BMJ Open	2021-07-01	8194323	49483	4712	0	14	1	0	0	0	0	0	0	0	1	1	0	0	0	0	22	0	0	2	0	0	1	0	0	0	0	0	0	0	0	1	0	0
BMJ Open	2021-07-01	8194334	99804	8398	0	6	0	1	0	0	1	1	0	0	4	0	0	0	0	0	36	0	0	3	0	0	6	0	0	0	0	0	0	0	0	0	0	0
BMJ Open	2021-07-01	8194331	81215	6802	0	5	0	1	1	0	3	0	0	0	1	0	0	0	0	0	39	0	0	9	0	0	2	0	0	0	0	0	0	4	0	0	0	0
BMJ Open	2021-07-01	8204153	68388	5751	0	3	0	0	1	0	3	0	0	0	2	2	0	0	0	0	55	0	0	1	0	0	2	0	0	0	0	0	0	0	0	0	0	0
BMJ Open	2021-07-01	8208022	59955	5066	0	1	1	1	0	0	3	3	0	0	1	0	0	0	0	1	31	0	1	3	0	0	0	0	0	0	0	0	0	0	0	0	0	0
BMJ Open	2021-07-01	8208019	96603	9475	0	1	0	6	0	0	5	0	0	2	0	0	0	0	0	0	62	0	0	4	0	0	0	0	0	0	0	0	0	0	0	0	0	0
BMJ Open	2021-07-01	8190986	119942	10545	0	7	2	1	1	0	3	0	0	1	4	2	0	0	0	0	67	0	1	5	0	0	4	0	0	0	0	0	0	0	0	0	0	0
BMJ Open	2021-07-01	8210694	110808	10097	0	2	0	0	0	0	3	6	0	0	7	1	0	0	0	0	44	0	0	1	0	0	18	0	0	0	0	0	0	0	0	0	0	2
BMJ Open	2021-07-01	8207997	106235	8632	0	3	2	5	0	0	1	4	0	0	0	0	0	0	0	0	41	0	0	0	0	0	1	0	0	0	0	0	0	1	0	0	0	0
BMJ Open	2021-07-01	8211050	90987	8805	0	8	0	7	0	0	1	2	0	0	1	1	0	0	1	0	85	0	0	2	0	0	3	0	0	0	0	0	0	0	0	0	0	0
BMJ Open	2021-07-01	8219485	103800	8443	0	4	0	5	0	0	3	0	0	0	1	0	0	0	3	0	41	0	0	5	0	0	0	0	0	0	0	0	0	0	0	0	0	0
BMJ Open	2021-07-01	8220466	54979	4522	0	2	0	2	2	0	2	3	0	0	2	3	0	0	0	0	55	0	0	2	0	0	0	1	0	0	0	0	0	0	0	0	0	0
BMJ Open	2021-07-01	8211063	72205	6685	0	1	0	4	0	0	4	2	0	0	2	4	0	0	0	0	59	0	0	0	0	0	1	0	0	0	0	0	0	0	0	0	0	0
BMJ Open	2021-07-01	8217923	108758	9975	0	3	0	1	0	0	2	0	0	0	10	3	0	0	0	0	43	0	0	3	0	1	2	0	0	0	0	0	0	0	0	0	0	0
BMJ Open	2021-07-01	8220486	126247	9019	0	2	1	14	0	0	0	3	0	0	3	0	0	0	0	0	49	0	0	0	0	0	0	0	0	4	0	0	0	0	0	0	0	0
BMJ Open	2021-07-01	8211036	59686	6093	0	2	1	4	0	0	1	1	0	0	1	0	0	0	0	0	39	0	0	0	0	0	3	0	2	0	0	0	0	0	1	0	0	0
BMJ Open	2021-07-01	8215256	55521	5717	0	1	1	2	0	0	5	2	0	0	6	2	0	0	1	0	87	0	0	0	0	0	0	0	0	1	0	0	0	0	0	1	0	0
BMJ Open	2021-07-01	8217943	112931	9798	0	9	0	3	0	0	0	0	0	0	4	0	0	0	1	0	60	0	0	0	0	0	2	1	0	0	0	0	0	0	0	0	0	0
BMJ Open	2021-07-01	8215237	69770	6468	0	2	0	2	0	0	0	0	0	0	10	4	0	0	2	0	59	0	0	1	0	0	1	0	0	0	0	0	0	0	0	0	0	0
BMJ Open	2021-07-01	8220526	46369	4652	0	4	0	1	0	0	1	1	0	0	7	0	0	0	0	0	34	0	0	0	0	0	0	0	0	0	0	0	0	0	0	0	0	0
BMJ Open	2021-07-01	8210660	101239	10335	0	2	0	1	0	0	8	1	0	2	0	0	0	0	1	1	43	0	0	2	0	0	1	0	0	0	0	0	0	0	0	0	0	0
BMJ Open	2021-07-01	8219486	54747	4946	0	12	1	0	0	0	0	2	0	0	22	0	0	0	0	0	18	0	0	0	0	0	0	0	0	0	0	0	0	0	1	0	0	0
BMJ Open	2021-07-01	8211040	66476	5927	0	3	0	0	0	0	5	1	0	0	0	0	0	0	0	0	58	0	0	0	0	1	0	2	0	0	0	0	0	0	0	0	0	0
BMJ Open	2021-07-01	8211041	88955	7513	0	7	0	1	0	0	4	2	0	0	0	1	0	0	0	2	40	0	0	0	0	0	0	0	0	0	0	0	1	0	0	0	0	0
BMJ Open	2021-07-01	8211042	113347	9648	0	3	1	0	0	0	0	0	0	0	2	0	0	0	0	0	38	0	0	0	0	1	0	0	0	0	0	0	0	0	0	0	0	0
BMJ Open	2021-07-01	8217922	111500	8146	0	24	0	14	0	0	1	2	0	0	1	11	0	0	0	0	42	0	0	1	0	1	1	0	0	0	0	0	1	0	0	0	0	1
BMJ Open	2021-07-01	8215248	114406	10007	0	1	0	2	0	0	2	0	0	0	0	1	0	0	1	0	36	0	0	2	0	0	1	0	0	0	0	0	0	0	0	0	0	0
BMJ Open	2021-07-01	8212416	97342	8425	0	4	0	3	0	0	0	0	0	0	3	3	0	0	0	0	71	0	0	0	0	0	0	0	0	0	0	0	0	0	0	0	0	0
BMJ Open	2021-07-01	8211079	48931	4562	0	7	0	6	0	0	0	0	0	0	3	0	0	0	0	0	69	0	0	0	0	0	0	1	0	0	0	0	0	1	0	0	0	0
BMJ Open	2021-07-01	8210681	177913	12804	0	2	1	0	0	0	1	1	0	0	0	0	0	0	1	0	10	0	1	6	0	0	1	0	0	0	0	0	0	0	1	0	0	0
BMJ Open	2021-07-01	8220456	101968	8605	0	3	0	1	0	0	0	1	0	0	6	4	0	0	0	0	44	0	0	18	0	0	0	0	0	0	0	0	0	0	0	0	0	0
BMJ Open	2021-07-01	8220480	86225	7093	0	1	0	7	0	0	0	0	0	0	2	0	0	0	0	0	42	0	0	1	0	0	0	0	0	0	0	0	0	0	0	0	0	0
BMJ Open	2021-07-01	8220525	59187	6116	0	3	10	0	0	0	7	1	0	0	0	0	0	0	0	0	36	0	0	2	0	1	0	0	0	0	0	0	1	0	0	0	0	0
BMJ Open	2021-07-01	8215258	132529	11407	0	6	0	26	0	0	0	3	0	0	5	0	0	0	1	0	55	0	0	1	0	0	2	0	0	0	0	0	0	0	0	1	0	0
BMJ Open	2021-07-01	8246361	148302	13065	0	7	1	12	0	0	0	4	0	1	11	1	0	0	0	0	127	0	0	0	0	0	0	1	0	0	0	0	0	2	0	0	0	0
BMJ Open	2021-07-01	8245279	104580	9397	0	2	0	6	0	0	3	2	0	0	0	0	0	0	0	0	50	0	0	0	0	0	0	0	4	0	0	0	0	2	0	0	0	0
BMJ Open	2021-07-01	8252879	108723	8786	0	6	0	2	0	0	0	7	0	0	2	0	0	0	1	0	91	0	0	3	0	0	0	0	0	0	0	0	0	0	0	0	0	0
BMJ Open	2021-07-01	8251679	75453	6884	0	3	0	0	0	0	0	0	0	1	11	6	0	0	0	1	18	0	0	0	0	1	1	0	2	0	0	0	0	0	0	0	0	1
BMJ Open	2021-07-01	8246353	66369	5780	0	1	0	2	0	0	2	1	0	0	0	1	0	0	0	0	47	0	0	0	0	0	1	0	1	0	0	0	0	0	0	0	0	0
BMJ Open	2021-07-01	8245472	123334	10429	0	14	1	9	0	0	3	3	0	0	5	3	0	0	0	0	50	0	0	2	0	0	2	0	0	0	0	0	0	0	0	0	0	0
BMJ Open	2021-07-01	8246368	94716	8296	0	1	1	1	0	0	0	0	0	0	1	1	0	0	0	0	39	0	0	3	0	0	7	0	0	0	0	1	1	0	0	0	0	0
BMJ Open	2021-07-01	8246375	104753	10167	0	1	8	1	3	0	17	1	0	0	0	0	0	0	0	0	51	0	0	5	0	0	1	0	1	0	0	0	0	0	0	0	0	0
BMJ Open	2021-07-01	8240579	124279	10941	0	5	1	3	0	0	0	2	0	0	1	2	0	0	0	0	55	0	0	0	0	0	0	0	0	0	0	0	0	0	0	0	0	0
BMJ Open	2021-07-01	8245450	104633	8254	0	19	0	3	0	0	4	0	0	0	1	0	0	0	1	1	66	0	0	0	0	0	0	0	1	0	0	0	0	0	0	0	0	0
BMJ Open	2021-07-01	8246347	103326	8904	0	3	4	2	2	0	5	0	0	0	1	1	0	0	1	0	48	0	0	9	0	1	2	0	0	0	0	0	0	0	0	0	0	0
BMJ Open	2021-07-01	8240562	111964	9701	0	7	0	4	0	0	5	5	0	0	9	3	0	0	0	0	69	0	0	0	0	0	0	0	0	0	0	0	0	1	0	0	0	0
BMJ Open	2021-07-01	8249168	79652	7451	0	5	0	9	0	0	3	0	0	0	0	5	0	0	0	0	40	0	0	0	0	0	0	0	0	0	0	0	0	0	0	0	0	0
BMJ Open	2021-07-01	8249174	74758	6695	0	11	1	1	0	0	4	1	0	0	0	0	0	0	0	0	31	0	0	3	0	0	0	0	0	0	0	0	0	0	0	0	0	1
BMJ Open	2021-07-01	8251681	90602	8745	0	0	0	5	0	0	0	0	0	0	7	0	0	0	0	0	47	0	0	0	0	0	0	0	0	0	0	0	0	0	0	0	0	0
BMJ Open	2021-07-01	8245430	66782	6037	0	3	0	7	0	0	7	0	0	0	9	2	0	0	0	0	71	0	0	0	0	0	0	0	0	0	0	0	0	0	0	0	0	0
BMJ Open	2021-07-01	8245435	113452	9380	0	4	0	4	0	0	1	1	0	0	3	1	0	0	0	0	52	0	0	2	0	0	1	0	0	0	0	0	0	0	0	0	0	0
BMJ Open	2021-07-01	8246355	74963	6446	0	5	0	5	0	0	0	0	0	0	5	0	0	0	0	0	38	0	0	0	0	0	1	0	0	0	0	0	0	0	0	0	0	0
BMJ Open	2021-07-01	8246358	167225	14634	0	8	1	7	0	0	2	1	0	0	3	6	0	0	0	0	56	0	0	1	0	0	3	0	0	0	0	0	0	0	0	0	0	0
BMJ Open	2021-07-01	8245427	69557	6396	0	15	0	8	0	0	2	6	0	0	3	6	0	0	2	0	39	0	0	1	0	0	3	0	1	0	0	0	0	0	0	0	0	0
BMJ Open	2021-07-01	8237746	79882	7578	0	6	0	3	0	0	1	2	0	0	0	1	0	0	1	0	47	0	0	2	0	0	1	0	0	0	0	0	0	1	0	0	0	0
BMJ Open	2021-07-01	8240583	129983	9681	0	4	0	5	0	0	2	0	0	0	0	0	0	0	0	0	69	0	0	1	0	0	3	0	0	0	0	0	0	0	0	0	0	0
BMJ Open	2021-07-01	8237734	108897	9401	0	1	0	0	0	0	2	1	0	0	0	6	0	0	1	0	39	0	0	0	0	0	1	0	0	0	0	0	0	0	0	0	0	0
BMJ Open	2021-07-01	8251678	105944	9326	0	6	1	3	1	0	0	1	0	0	0	0	0	0	0	0	23	0	0	0	0	0	1	0	0	0	0	0	0	0	0	0	0	0
BMJ Open	2021-07-01	8240561	78111	7291	0	1	0	1	0	0	0	0	0	27	11	0	0	0	0	0	47	0	0	0	0	0	0	0	0	0	0	0	0	0	0	0	0	0
