journal	date	pmc_id	Nchars	Nwords	delve	analyse	acknowledge	assess	appraise	dissect	explore	examine	extricate	expose	estimate	investigate	inquire	inspect	interpret	scrutinise	study	unearth	uncover	understand	ponder	research	reason	retrieve	avoid	discount	disregard	dismiss	ignore	neglect	overlook	omit	skip	reject
BMJ Open	2023-10-01	10335434	50747	4273	0	4	0	3	0	0	0	0	0	0	1	6	0	0	0	0	40	0	0	0	0	0	0	1	0	0	0	0	0	0	0	0	0	0
BMJ Open	2023-10-01	10335586	77847	6352	0	4	0	2	0	0	2	0	0	0	15	0	0	0	2	0	50	0	0	0	0	0	1	0	0	0	0	0	0	0	0	0	0	0
BMJ Open	2023-10-01	10335462	114403	9069	0	5	0	0	0	0	5	3	0	0	6	2	0	0	0	0	65	0	0	5	0	0	0	0	0	0	0	0	0	0	0	0	0	0
BMJ Open	2023-10-01	10335438	70387	6415	0	4	1	0	0	0	0	0	0	0	0	0	0	0	0	0	58	0	0	0	0	0	2	0	0	0	0	0	0	0	0	0	0	0
BMJ Open	2023-10-01	10335407	95703	8164	0	6	0	6	0	0	5	6	0	0	3	2	0	0	0	0	41	0	0	9	0	0	0	0	0	0	0	0	0	0	0	0	0	0
BMJ Open	2023-10-01	10335561	76531	5962	0	7	0	0	0	0	0	0	0	1	3	3	0	0	0	0	52	0	0	0	0	0	0	0	0	0	0	0	0	0	0	0	0	0
BMJ Open	2023-10-01	10335495	80780	7646	0	7	0	0	0	0	0	1	0	0	1	1	0	0	1	0	44	0	0	1	0	0	0	0	0	0	0	0	0	0	0	0	0	0
BMJ Open	2023-10-01	10335550	128107	10520	0	8	1	1	0	0	0	0	0	1	1	18	0	0	0	0	60	0	0	1	0	0	1	0	0	0	0	0	0	0	0	0	0	0
BMJ Open	2023-10-01	10335477	36903	3455	0	2	0	1	0	0	1	0	0	0	4	4	0	0	0	0	62	0	0	0	0	0	0	1	0	0	0	0	0	0	0	0	0	0
BMJ Open	2023-10-01	10335470	60244	5211	0	1	0	2	0	0	0	0	0	0	1	1	0	0	0	0	19	0	0	0	0	0	0	1	1	0	0	0	1	0	0	0	0	1
BMJ Open	2023-10-01	10335504	62773	5166	0	3	0	4	1	0	0	1	0	0	0	0	0	0	0	0	25	0	0	0	0	0	1	1	0	0	0	0	0	0	0	0	0	0
BMJ Open	2023-10-01	10335469	43745	4393	0	4	0	1	0	0	0	1	0	0	2	3	0	0	0	0	42	0	0	1	0	0	1	0	0	0	0	0	0	0	0	0	0	0
BMJ Open	2023-10-01	10335565	75036	7786	0	1	0	6	0	0	1	3	0	3	3	3	0	0	5	0	25	0	0	11	0	0	0	0	0	0	0	0	0	0	2	0	0	0
BMJ Open	2023-10-01	10335418	87435	7908	0	6	0	5	0	0	1	4	0	1	4	2	0	0	1	0	74	0	0	0	0	0	6	0	0	0	0	0	0	0	0	0	0	0
BMJ Open	2023-10-01	10335490	103463	9396	0	0	2	0	0	0	2	1	0	0	9	0	0	0	0	0	51	0	0	1	0	0	0	0	0	0	0	0	0	0	0	0	0	0
BMJ Open	2023-10-01	10335486	76607	6609	0	3	0	0	0	0	0	0	0	0	6	0	0	0	0	0	38	0	0	0	0	0	2	0	0	0	0	0	0	0	0	0	0	0
BMJ Open	2023-10-01	10335568	64754	5600	0	7	0	3	0	0	0	0	0	0	1	5	0	0	0	0	50	0	0	1	0	0	0	0	0	0	0	0	0	0	0	0	0	0
BMJ Open	2023-10-01	10335576	72921	6418	0	1	0	5	0	0	2	1	0	1	0	2	0	0	0	0	33	0	0	2	0	0	0	0	0	0	0	0	0	0	0	0	0	0
BMJ Open	2023-10-01	10335489	76808	6303	0	7	0	8	0	0	0	0	0	0	1	0	0	0	0	0	55	0	0	0	0	0	0	0	0	0	0	0	0	0	0	0	0	0
BMJ Open	2023-10-01	10335555	97486	9310	0	3	1	1	0	0	0	6	0	0	3	0	0	0	2	0	60	0	0	0	0	0	0	0	1	0	0	0	0	0	0	0	0	1
BMJ Open	2023-10-01	10335584	71440	6195	0	3	0	1	1	0	3	0	0	0	1	1	0	0	1	0	35	0	0	1	0	0	0	0	0	0	0	0	0	0	0	1	0	0
BMJ Open	2023-10-01	10335539	103817	10366	0	3	11	1	0	0	5	0	0	0	2	0	0	0	0	0	29	0	0	7	0	0	4	0	0	0	0	0	0	0	0	0	0	0
BMJ Open	2023-10-01	10391805	91554	7911	0	7	1	3	0	0	0	1	0	0	3	4	0	0	0	0	36	0	0	0	0	0	2	0	0	0	0	0	1	0	0	0	0	0
BMJ Open	2023-10-01	10335422	99003	8140	0	5	2	3	0	0	1	5	0	1	5	0	0	0	0	0	48	0	0	3	0	0	1	0	0	0	0	0	0	0	0	0	0	0
BMJ Open	2023-10-01	10335573	118827	8976	0	2	0	5	0	0	0	2	0	0	13	1	0	1	0	0	20	0	0	0	0	0	0	0	0	0	0	0	0	3	0	0	0	0
BMJ Open	2023-10-01	10351235	117235	9410	0	5	0	12	0	0	1	0	0	0	18	0	0	0	1	0	107	0	0	0	0	1	1	0	0	0	0	0	0	0	0	0	0	0
BMJ Open	2023-10-01	10335585	103626	8259	0	3	4	2	0	0	0	0	0	0	14	4	0	0	1	0	28	0	0	1	0	0	1	0	0	0	0	0	0	0	0	0	1	0
BMJ Open	2023-10-01	10347494	85847	7562	0	3	1	0	0	0	4	3	0	0	1	1	0	0	0	0	52	0	0	3	0	0	0	0	1	0	0	0	0	0	0	0	0	1
BMJ Open	2023-10-01	10347515	74894	6572	0	2	0	1	0	0	3	4	0	0	0	0	0	0	0	0	39	0	0	0	0	0	0	0	0	0	0	0	0	0	0	0	0	0
BMJ Open	2023-10-01	10351294	62284	6269	0	2	1	1	0	0	0	1	0	0	1	1	0	0	0	0	31	0	0	2	0	0	0	1	0	0	0	0	0	0	1	0	0	0
BMJ Open	2023-10-01	10347503	83488	8628	0	25	0	3	0	0	13	1	0	0	6	0	0	0	0	0	21	0	0	8	0	0	0	0	1	1	0	0	0	0	0	0	0	0
BMJ Open	2023-10-01	10335467	84871	7630	0	15	0	8	0	0	0	6	0	0	2	3	0	0	0	0	63	0	0	0	0	0	2	0	0	0	0	0	0	0	0	0	0	0
BMJ Open	2023-10-01	10351323	126335	10606	0	10	0	3	0	0	0	2	0	1	10	0	0	0	0	0	38	0	0	1	0	0	1	0	1	0	0	0	0	0	0	1	0	0
BMJ Open	2023-10-01	10351288	95827	7824	0	2	1	3	1	0	0	1	0	0	0	0	0	0	0	0	47	0	0	6	0	0	1	0	0	0	0	0	0	0	1	0	0	0
BMJ Open	2023-10-01	10347517	101135	9647	0	3	1	0	0	0	2	1	0	0	3	2	2	0	2	0	77	0	0	0	0	0	2	0	0	0	0	0	0	0	0	0	0	0
BMJ Open	2023-10-01	10351301	63925	5772	0	3	0	1	0	0	6	0	0	0	0	1	0	0	0	0	26	0	0	3	0	0	3	0	0	0	1	0	0	0	0	0	0	0
BMJ Open	2023-10-01	10351261	58112	4451	0	0	0	0	0	0	0	1	0	0	2	0	0	0	0	0	60	0	0	4	0	0	0	2	0	0	0	0	0	0	0	0	0	0
BMJ Open	2023-10-01	10335514	101058	9876	0	10	4	0	0	0	2	1	0	0	3	1	0	0	1	0	41	0	0	3	0	0	1	0	0	0	0	0	0	0	0	0	0	0
BMJ Open	2023-10-01	10351265	95074	9355	0	1	0	5	0	0	0	5	0	1	22	1	0	0	1	0	62	0	0	1	0	0	0	0	0	0	0	0	0	0	0	0	0	0
BMJ Open	2023-10-01	10335581	81394	5816	0	6	0	7	1	0	3	2	0	0	1	10	0	0	0	0	65	0	0	0	0	0	3	0	0	0	0	0	0	0	0	0	0	0
BMJ Open	2023-10-01	10351262	120123	10208	0	5	0	1	0	0	3	3	0	0	5	1	0	0	0	0	48	0	0	0	0	0	0	0	0	0	0	0	0	0	0	0	0	0
BMJ Open	2023-10-01	10347444	117625	12759	0	10	0	5	0	0	2	0	0	0	5	0	0	0	0	0	48	0	0	1	0	0	3	0	0	0	0	0	0	0	0	0	0	0
BMJ Open	2023-10-01	10347519	105650	8811	0	0	0	1	0	0	1	1	0	0	2	0	0	0	1	0	84	0	0	1	0	0	0	0	0	0	0	0	0	0	0	0	0	0
BMJ Open	2023-10-01	10350908	96557	8652	0	3	0	0	0	0	0	3	0	0	1	0	0	0	4	0	38	0	0	3	0	0	0	0	0	0	0	0	0	0	0	0	0	0
BMJ Open	2023-10-01	10351258	89775	8591	0	3	3	11	0	0	0	1	0	1	0	0	0	0	0	0	80	0	0	0	0	0	1	2	0	0	0	0	0	0	0	0	0	0
BMJ Open	2023-10-01	10347467	61809	5404	0	6	0	1	0	0	6	2	0	0	2	5	0	0	0	0	61	0	0	0	0	0	0	0	0	0	0	0	0	0	0	0	0	0
BMJ Open	2023-10-01	10335496	90103	6959	0	2	0	8	0	0	1	2	0	3	0	5	0	0	1	0	105	0	0	3	0	0	0	0	0	0	0	0	0	0	0	0	0	0
BMJ Open	2023-10-01	10347445	99878	8843	0	13	0	4	0	0	3	2	0	0	3	0	0	0	1	0	51	0	0	0	0	0	3	0	0	0	0	0	0	0	0	0	0	0
BMJ Open	2023-10-01	10351263	100960	8114	0	3	0	20	0	0	0	0	0	0	5	4	0	0	0	0	80	0	0	1	0	0	0	0	0	0	0	0	0	0	0	0	0	0
BMJ Open	2023-10-01	10347474	80661	7086	0	8	0	3	0	0	4	1	0	0	1	6	0	0	0	0	82	0	0	2	0	0	1	0	0	0	0	0	0	0	0	0	0	0
BMJ Open	2023-10-01	10357645	109989	9856	0	1	0	3	0	0	2	0	0	0	1	0	0	0	0	0	60	0	0	8	0	0	1	0	1	0	0	0	0	0	0	0	0	0
BMJ Open	2023-10-01	10357779	89720	7270	0	3	2	2	0	0	3	2	0	0	3	1	0	0	0	0	31	0	0	1	0	2	0	0	0	0	0	0	0	0	0	0	0	0
BMJ Open	2023-10-01	10360418	78073	6887	0	2	0	0	0	0	2	0	0	0	3	0	0	0	1	0	36	0	0	1	0	0	0	1	0	0	0	0	1	0	0	0	0	0
BMJ Open	2023-10-01	10357642	41866	4054	0	9	0	1	4	0	0	0	0	0	7	0	0	0	0	1	63	0	0	0	0	0	0	0	0	0	0	0	0	0	0	0	0	0
BMJ Open	2023-10-01	10357790	72643	6958	0	7	0	3	0	0	3	6	0	0	0	0	0	0	0	0	48	0	0	4	0	0	1	0	0	0	0	0	0	0	0	0	0	0
BMJ Open	2023-10-01	10357754	54479	5029	0	1	1	2	3	0	2	4	0	0	0	0	0	0	1	0	49	0	0	7	0	0	2	0	0	0	0	0	0	0	0	0	0	0
BMJ Open	2023-10-01	10364181	78624	6796	0	3	0	0	0	0	5	0	0	0	0	0	0	0	0	0	30	0	0	9	0	0	0	0	0	0	0	0	0	0	0	0	0	0
BMJ Open	2023-10-01	10357646	60347	5047	0	2	0	1	0	0	0	0	0	1	5	0	0	0	0	0	34	0	0	0	0	0	0	0	0	0	0	0	0	0	0	0	0	0
BMJ Open	2023-10-01	10357717	66961	6754	0	3	0	3	0	0	8	2	0	0	1	1	0	0	0	0	43	0	0	1	0	0	14	1	15	0	0	0	0	0	0	0	0	0
BMJ Open	2023-10-01	10364177	93186	8930	0	10	1	0	0	0	1	1	0	0	9	4	0	0	1	0	58	0	0	0	0	0	0	8	0	0	0	0	0	0	0	0	0	0
BMJ Open	2023-10-01	10357807	94581	7547	0	8	0	5	0	0	0	0	0	0	1	0	0	0	1	0	43	0	0	0	0	0	0	0	0	0	0	0	0	0	0	0	0	0
BMJ Open	2023-10-01	10364187	147573	13329	0	10	0	0	0	0	0	1	0	1	1	1	0	0	0	0	43	0	0	2	0	0	1	0	0	0	0	0	0	0	0	0	0	0
BMJ Open	2023-10-01	10357690	136946	11234	0	5	0	7	0	0	0	1	0	0	3	0	0	0	0	0	103	0	0	0	0	0	0	0	2	0	0	0	1	0	0	1	0	0
BMJ Open	2023-10-01	10364167	54732	4553	0	1	0	0	0	0	2	0	0	0	0	0	0	0	0	0	31	0	0	1	0	0	0	0	1	0	0	0	0	0	0	0	0	0
BMJ Open	2023-10-01	10364186	56274	4927	0	11	0	6	0	0	4	1	0	0	8	0	0	0	0	0	66	0	0	1	0	0	0	0	0	0	0	0	0	0	0	0	0	0
BMJ Open	2023-10-01	10364147	57422	5207	0	2	0	1	0	0	1	1	0	0	3	0	0	0	1	0	87	0	0	2	0	1	0	0	2	0	0	0	0	0	0	0	0	0
BMJ Open	2023-10-01	10364160	70456	6331	0	10	0	5	0	0	1	2	0	0	4	0	0	0	0	0	75	0	0	0	0	0	1	2	0	0	0	0	0	0	0	0	0	1
BMJ Open	2023-10-01	10357730	83148	7557	0	1	1	2	0	0	1	1	0	0	3	0	0	0	1	0	59	0	0	1	0	0	0	0	0	0	0	0	0	0	1	0	0	0
BMJ Open	2023-10-01	10357700	90232	8474	0	10	0	1	0	0	1	0	0	0	4	5	0	0	1	0	20	0	0	4	0	0	3	1	0	0	0	0	0	0	0	0	0	0
BMJ Open	2023-10-01	10364168	129341	10198	0	7	0	2	0	0	3	16	0	0	3	0	0	0	1	0	76	0	0	0	0	0	2	0	1	0	0	0	0	0	0	0	0	0
BMJ Open	2023-10-01	10357777	77271	7294	0	7	0	3	0	0	0	0	0	0	1	11	0	0	0	0	25	0	0	1	0	0	0	0	0	0	0	0	0	0	0	0	0	0
BMJ Open	2023-10-01	10357299	48531	4555	0	3	0	0	0	0	1	0	0	0	1	0	0	0	1	0	41	0	0	5	0	0	1	1	0	0	0	0	0	0	0	0	0	0
BMJ Open	2023-10-01	10357635	63961	6236	0	2	0	1	0	0	0	0	0	0	3	0	1	0	1	0	78	0	0	0	0	0	1	1	0	0	0	0	0	0	0	0	0	0
BMJ Open	2023-10-01	10364182	65388	5625	0	12	1	9	0	0	2	3	0	0	14	2	0	0	0	0	45	0	0	1	0	1	1	0	0	0	0	0	0	0	0	0	0	0
BMJ Open	2023-10-01	10360413	127947	11336	0	3	4	3	0	0	12	0	0	0	2	2	0	0	1	0	118	0	0	8	0	1	0	0	0	0	0	0	0	0	0	0	0	0
BMJ Open	2023-10-01	10387661	104030	9369	0	14	0	4	0	0	0	4	0	0	18	1	0	0	0	0	90	0	0	0	0	0	3	2	0	0	1	0	0	0	0	0	0	0
BMJ Open	2023-10-01	10387628	50164	4419	0	7	0	0	0	0	0	0	0	0	1	2	0	0	0	0	7	0	0	0	0	0	0	0	0	0	0	0	0	0	0	0	0	0
BMJ Open	2023-10-01	10394547	80517	7506	0	9	0	1	0	0	3	3	0	0	2	0	0	0	0	0	13	0	0	0	0	0	3	0	0	0	0	0	0	0	0	0	0	0
BMJ Open	2023-10-01	10391829	77645	8224	0	3	0	0	0	0	15	0	0	0	1	0	0	0	0	0	34	0	0	12	0	0	0	0	0	0	0	0	0	0	0	0	0	0
BMJ Open	2023-10-01	10373670	143344	13089	0	8	5	0	0	0	5	11	0	0	1	0	0	0	1	0	35	0	0	7	0	1	7	0	0	0	0	0	0	0	0	0	0	0
BMJ Open	2023-10-01	10391812	97900	9329	0	2	1	1	0	0	0	0	0	0	3	0	0	0	0	0	53	1	0	0	0	0	0	0	0	0	0	0	0	0	0	0	0	0
BMJ Open	2023-10-01	10391824	80733	7675	0	3	0	0	0	0	0	0	0	0	5	1	0	0	0	0	64	0	0	0	0	0	0	3	0	0	0	0	0	0	0	0	0	0
BMJ Open	2023-10-01	10394549	56477	5856	0	0	0	0	0	0	0	0	0	0	3	2	0	0	0	0	80	0	0	0	0	0	0	0	0	0	0	0	0	0	0	0	0	0
BMJ Open	2023-10-01	10387627	121297	10334	0	3	0	9	0	0	1	0	0	4	10	0	0	0	0	0	35	0	0	0	0	0	2	1	0	0	0	0	0	0	0	0	0	0
BMJ Open	2023-10-01	10373726	87860	8414	0	2	5	1	0	1	4	0	0	0	0	1	0	0	2	0	25	0	0	7	0	0	0	0	1	0	0	1	0	0	0	0	0	0
BMJ Open	2023-10-01	10387630	57105	5745	0	1	0	3	0	0	0	0	0	0	2	0	0	0	0	0	75	0	0	0	0	0	1	0	0	0	0	0	0	0	0	0	0	0
BMJ Open	2023-10-01	10387734	54567	5024	0	2	1	2	8	0	2	0	0	0	0	1	0	0	0	1	62	0	0	3	0	0	1	1	1	0	0	0	0	0	0	0	0	0
BMJ Open	2023-10-01	10373719	104455	7840	0	2	0	7	0	0	0	0	0	0	0	3	0	0	0	0	69	0	0	0	0	0	0	0	0	0	0	0	0	0	0	0	0	0
BMJ Open	2023-10-01	10394555	133699	11188	0	5	0	2	0	0	3	10	0	0	7	1	0	0	0	0	107	0	0	2	0	0	0	0	0	0	0	0	0	0	0	0	0	0
BMJ Open	2023-10-01	10391786	55386	4516	0	5	0	5	0	0	1	3	0	0	3	1	0	0	0	0	46	0	0	4	0	0	0	1	0	0	0	0	0	0	0	0	0	0
BMJ Open	2023-10-01	10373722	159436	13331	0	3	0	2	0	0	4	3	0	13	2	8	0	0	0	0	204	0	0	0	0	0	2	2	0	0	0	0	0	1	0	0	0	0
BMJ Open	2023-10-01	10387647	107814	10526	0	5	0	2	1	0	2	0	0	1	1	4	0	0	0	0	39	0	0	10	0	0	0	0	0	0	0	0	0	0	0	0	0	0
BMJ Open	2023-10-01	10387641	59256	5589	0	2	0	2	0	0	0	1	0	0	0	1	0	0	0	0	32	0	0	0	0	0	1	0	0	0	0	0	0	0	0	0	0	0
BMJ Open	2023-10-01	10373693	52419	3929	0	5	0	0	1	0	0	1	0	0	2	0	0	0	0	0	45	0	0	0	0	0	0	0	0	0	0	0	1	0	0	0	0	0
BMJ Open	2023-10-01	10373714	80124	6937	0	3	0	2	0	0	1	0	0	0	0	0	0	0	0	0	46	0	0	0	0	0	0	0	0	0	0	0	0	0	0	0	0	0
BMJ Open	2023-10-01	10387623	75330	6785	0	12	0	4	0	0	1	5	0	0	12	2	0	0	0	0	43	0	0	0	0	0	1	0	0	0	0	0	0	0	0	0	0	0
BMJ Open	2023-10-01	10387735	61741	5261	0	12	0	0	0	0	2	0	0	1	4	1	0	0	0	0	34	0	0	0	0	0	0	0	0	0	0	0	0	0	0	0	0	0
BMJ Open	2023-10-01	10387639	105381	8599	0	7	2	2	0	0	2	1	0	0	2	3	0	0	0	0	63	0	0	1	0	0	0	0	0	0	0	0	0	0	0	0	0	0
BMJ Open	2023-10-01	10391825	101681	9462	0	7	0	1	0	0	0	0	0	1	2	1	0	0	1	0	44	0	0	10	0	1	4	0	0	0	0	0	0	0	0	2	0	0
BMJ Open	2023-10-01	10387625	54617	4290	0	4	0	6	2	0	1	2	0	0	4	1	0	0	0	0	42	0	0	0	0	0	1	2	0	0	0	0	0	0	0	0	0	0
BMJ Open	2023-10-01	10401224	79230	6353	0	4	1	3	0	0	2	3	0	0	0	0	0	0	0	0	79	0	0	2	0	0	1	0	1	0	0	0	0	0	0	0	0	0
BMJ Open	2023-10-01	10407377	92331	8292	0	3	1	8	0	0	5	2	0	0	0	1	0	0	0	0	48	0	0	3	0	0	0	0	0	0	0	0	0	0	0	1	0	0
BMJ Open	2023-10-01	10401210	150570	13979	0	2	1	4	0	0	1	1	0	1	0	3	0	0	0	0	32	0	0	2	0	0	0	0	0	0	0	0	0	0	0	0	0	0
BMJ Open	2023-10-01	10401257	74168	5396	0	1	1	5	1	0	5	0	0	0	9	0	0	0	0	0	17	0	0	2	0	0	0	0	0	0	0	0	0	1	0	0	0	0
BMJ Open	2023-10-01	10407373	118091	10596	0	11	0	0	0	0	0	6	0	0	7	1	0	0	2	0	26	0	0	1	0	0	0	0	0	0	0	0	0	0	0	0	0	0
BMJ Open	2023-10-01	10407369	56999	5586	1	2	0	0	0	0	0	2	0	0	1	2	0	0	0	0	50	0	0	2	0	0	2	0	0	0	0	0	0	0	0	0	0	0
BMJ Open	2023-10-01	10407359	46903	4372	0	2	0	2	0	0	0	0	0	0	0	0	0	0	1	0	27	0	0	0	0	0	0	0	1	0	0	0	0	0	0	0	0	0
BMJ Open	2023-10-01	10401247	100029	8740	0	6	0	0	0	0	4	2	0	0	0	0	1	0	0	0	33	0	0	15	0	0	1	0	0	0	0	0	0	0	0	0	0	0
BMJ Open	2023-10-01	10407355	56809	4394	0	3	0	2	1	0	1	2	0	0	4	0	0	0	0	0	47	0	0	1	0	0	0	1	0	0	0	0	0	0	0	0	0	0
BMJ Open	2023-10-01	10414060	86768	7900	0	5	1	1	0	0	1	1	0	0	4	0	0	0	0	0	71	0	0	0	0	0	1	0	0	0	0	0	0	0	0	0	0	0
BMJ Open	2023-10-01	10407352	69765	6131	0	9	0	0	0	0	0	3	0	0	10	2	0	0	0	0	62	0	0	0	0	0	1	0	0	0	0	0	0	0	0	0	0	0
BMJ Open	2023-10-01	10407357	100403	8662	0	5	0	1	0	0	4	4	0	0	2	0	0	0	1	0	55	0	0	3	0	0	0	0	1	0	0	0	0	0	0	0	0	0
BMJ Open	2023-10-01	10401225	115441	10094	0	5	0	2	0	0	0	1	0	2	16	5	0	0	1	0	46	0	0	1	0	0	0	0	1	0	0	0	0	0	0	0	0	0
BMJ Open	2023-10-01	10401205	113498	9820	0	1	0	0	0	0	3	0	0	2	1	0	0	0	0	0	16	0	0	0	0	2	0	0	1	0	0	0	1	0	0	0	0	0
BMJ Open	2023-10-01	10407388	87483	8212	0	2	0	1	0	0	8	1	0	2	3	1	0	0	0	0	93	0	0	2	0	0	0	0	0	0	0	0	0	0	0	0	0	0
BMJ Open	2023-10-01	10401248	90202	7397	0	7	0	1	0	0	0	0	0	0	0	1	0	0	0	0	22	0	0	0	0	0	0	0	0	0	0	0	1	0	0	0	0	0
BMJ Open	2023-10-01	10401239	80773	7731	0	0	2	0	0	0	5	0	0	0	0	2	0	0	0	0	29	0	0	5	0	0	0	0	0	0	0	0	0	0	0	0	0	0
BMJ Open	2023-10-01	10407368	54706	4791	0	1	0	3	0	0	1	1	0	0	1	0	0	0	0	0	29	0	0	0	0	0	0	0	2	0	0	0	0	0	0	0	0	0
BMJ Open	2023-10-01	10407361	85918	7349	0	4	0	1	0	0	0	0	0	0	2	0	0	0	0	0	57	0	0	0	0	0	0	0	0	0	0	0	0	0	0	0	1	0
BMJ Open	2023-10-01	10414094	122894	8560	0	6	0	7	0	0	2	2	0	0	0	3	0	0	1	0	129	0	1	1	0	0	0	0	0	0	0	0	0	2	0	1	0	0
BMJ Open	2023-10-01	10407390	64276	5028	0	0	0	1	0	0	0	0	0	0	0	1	0	0	0	0	67	0	0	0	0	0	0	0	0	0	0	0	0	0	0	0	0	0
BMJ Open	2023-10-01	10407374	145836	11643	0	3	0	3	0	0	1	0	0	0	0	0	0	0	1	0	54	0	0	2	0	0	3	0	2	0	0	0	0	0	0	0	0	0
BMJ Open	2023-10-01	10407410	93548	7153	0	2	0	9	0	0	1	14	0	20	1	3	0	0	1	0	65	0	0	2	0	0	0	0	0	0	0	0	0	0	0	0	0	0
BMJ Open	2023-10-01	10414114	97006	8903	0	0	0	1	0	0	3	0	0	0	3	0	0	0	0	0	37	0	0	0	0	0	0	0	0	0	0	0	0	0	0	0	0	0
BMJ Open	2023-10-01	10407375	76375	7762	0	7	0	1	0	0	2	0	0	0	2	3	0	0	1	0	35	0	0	2	0	0	0	0	0	0	0	0	0	0	0	0	0	0
BMJ Open	2023-10-01	10432656	146161	11990	0	9	0	4	0	0	0	20	0	0	17	4	0	0	1	0	29	0	0	0	0	0	1	0	0	0	0	0	0	0	0	0	0	0
BMJ Open	2023-10-01	10423786	132761	10909	0	22	0	1	0	0	0	1	0	15	8	1	0	0	0	0	83	0	0	0	0	0	0	0	0	0	0	0	0	0	0	0	0	0
BMJ Open	2023-10-01	10441687	82396	7263	0	5	0	1	0	0	1	3	0	0	0	1	0	0	1	0	41	0	0	0	0	0	0	0	0	0	0	0	0	0	0	0	0	0
BMJ Open	2023-10-01	10414087	85226	7671	0	10	1	13	0	0	0	3	0	0	4	1	0	0	0	0	42	0	0	0	0	0	0	0	0	0	0	0	0	0	0	0	0	0
BMJ Open	2023-10-01	10423776	105998	10682	0	2	1	3	0	0	4	0	0	0	1	0	0	0	0	0	59	0	0	7	0	0	1	0	0	0	0	0	0	0	0	0	0	0
BMJ Open	2023-10-01	10414061	110628	9551	0	2	0	9	0	0	8	2	0	0	2	2	0	0	0	0	46	0	0	1	0	0	0	0	0	0	0	0	0	0	0	0	0	0
BMJ Open	2023-10-01	10423782	62548	5103	0	3	0	6	0	0	2	0	0	0	2	5	0	0	0	0	62	0	0	0	0	0	1	0	0	0	0	0	0	0	0	0	0	0
BMJ Open	2023-10-01	10423783	81893	6985	0	5	0	0	0	0	0	5	0	0	0	1	1	0	1	0	30	0	0	1	0	1	0	0	0	0	0	0	0	0	0	0	0	0
BMJ Open	2023-10-01	10414124	109219	9591	0	3	4	0	0	0	3	2	0	0	6	0	0	0	2	0	21	0	0	1	0	0	0	0	0	0	0	0	0	0	0	0	0	0
BMJ Open	2023-10-01	10432675	3694	276	0	0	0	0	0	0	0	0	0	0	0	0	0	0	0	0	0	0	0	0	0	0	0	0	0	0	0	0	0	0	0	0	0	0
BMJ Open	2023-10-01	10423769	50289	4307	0	3	1	0	0	0	1	0	0	0	0	0	0	0	0	0	34	0	0	0	0	1	1	0	0	0	0	0	0	0	0	0	0	0
BMJ Open	2023-10-01	10414092	50826	4137	0	6	0	5	0	0	0	1	0	0	0	0	1	0	0	0	40	0	0	0	0	0	2	1	0	0	0	0	0	0	0	0	0	0
BMJ Open	2023-10-01	10432673	77053	7310	0	5	1	0	0	0	2	0	0	0	5	0	0	0	0	0	17	0	0	0	0	0	0	0	0	0	0	0	0	0	0	0	0	0
BMJ Open	2023-10-01	10414091	94555	8489	0	1	1	1	1	0	0	3	0	0	6	3	1	0	0	0	66	0	0	1	0	0	0	0	0	0	0	0	0	0	0	0	0	0
BMJ Open	2023-10-01	10414096	70081	6643	0	6	1	3	0	0	0	0	0	0	1	1	0	0	0	0	70	0	0	0	0	0	1	11	0	0	0	0	0	0	0	0	0	0
BMJ Open	2023-10-01	10423773	74757	6603	0	0	0	2	0	0	0	0	0	0	1	8	0	0	0	0	55	0	0	0	0	1	0	0	0	0	0	0	0	0	0	0	0	0
BMJ Open	2023-10-01	10423781	94952	9218	0	4	2	1	0	0	0	0	0	0	0	2	0	0	0	0	47	0	0	3	0	0	1	0	0	0	0	0	0	0	0	0	0	0
BMJ Open	2023-10-01	10414123	88071	6443	0	11	0	7	0	0	1	0	0	0	3	3	0	0	1	0	70	0	0	4	0	0	0	0	0	0	0	0	0	0	0	0	0	0
BMJ Open	2023-10-01	10423770	65654	6377	0	5	1	1	0	0	5	2	0	0	0	0	0	0	0	0	38	0	0	0	0	0	2	0	0	0	0	0	0	0	0	0	0	0
BMJ Open	2023-10-01	10414076	100243	10004	0	2	4	0	0	0	10	2	0	0	0	1	0	0	0	0	26	0	0	6	0	0	2	0	0	0	0	0	0	0	0	0	0	0
BMJ Open	2023-10-01	10423780	81404	7516	0	6	0	2	0	0	0	2	0	0	2	1	0	0	0	0	24	0	0	0	0	0	0	0	0	0	0	0	0	0	0	0	0	0
BMJ Open	2023-10-01	10423772	81462	7630	0	7	0	0	0	0	1	1	0	0	4	4	0	0	0	0	20	0	0	1	0	0	0	0	0	0	0	0	0	0	0	0	0	0
BMJ Open	2023-10-01	10423787	174296	12040	0	24	1	4	0	0	2	5	0	0	4	18	0	0	0	0	175	0	0	0	0	0	3	0	1	0	0	1	0	0	0	0	0	0
BMJ Open	2023-10-01	10423799	48956	4648	0	5	0	7	1	0	2	0	0	0	2	1	0	0	1	0	77	0	0	1	0	0	3	0	0	0	0	0	0	0	0	0	0	0
BMJ Open	2023-10-01	10414071	65698	5666	0	3	0	3	0	0	0	1	0	0	0	0	0	0	1	0	38	0	0	1	0	0	0	0	0	0	0	0	1	0	0	0	0	0
BMJ Open	2023-10-01	10441067	116951	10507	0	3	1	0	0	0	3	9	0	0	4	0	0	0	0	0	39	0	0	2	0	0	0	0	0	0	0	0	0	0	0	0	0	0
BMJ Open	2023-10-01	10441043	68158	7120	0	13	0	1	0	0	1	1	0	0	2	1	0	0	0	0	16	0	0	0	0	0	0	0	0	0	0	0	0	0	0	0	0	0
BMJ Open	2023-10-01	10441052	59326	4628	0	10	0	1	0	0	1	1	0	0	4	0	0	0	0	0	63	0	0	2	0	0	0	0	0	0	0	0	0	0	1	0	0	0
BMJ Open	2023-10-01	10445366	126902	10717	0	14	1	1	0	0	0	3	0	2	1	1	0	0	1	0	48	0	0	0	0	0	3	3	0	0	0	0	1	0	0	0	0	0
BMJ Open	2023-10-01	10445345	89100	7136	0	9	2	3	1	0	0	2	0	0	0	0	0	0	0	0	52	0	0	3	0	0	1	0	0	0	0	0	0	0	0	0	0	0
BMJ Open	2023-10-01	10441062	77519	8246	0	2	2	0	1	0	7	0	0	0	1	0	0	0	0	0	60	0	0	2	0	0	1	0	0	0	0	0	0	0	0	0	0	0
BMJ Open	2023-10-01	10441085	72491	6724	0	10	0	0	0	0	0	10	0	0	11	4	0	0	1	0	31	0	0	1	0	0	0	0	0	0	0	0	0	0	0	1	0	0
BMJ Open	2023-10-01	10432637	90133	8398	0	5	0	10	0	0	1	3	0	0	5	0	0	1	0	0	92	0	0	0	0	0	2	1	0	0	0	0	0	0	0	0	0	0
BMJ Open	2023-10-01	10445352	90111	8524	0	11	0	15	0	0	1	1	0	0	3	7	0	0	0	0	59	0	0	1	0	0	0	0	0	0	0	0	0	0	0	0	0	0
BMJ Open	2023-10-01	10445378	90734	8371	0	2	0	0	0	0	0	0	0	0	7	0	0	0	1	0	28	0	0	2	0	0	0	0	2	0	0	0	0	0	0	0	0	0
BMJ Open	2023-10-01	10445361	107223	9098	0	18	0	1	0	0	0	0	0	0	8	0	0	0	0	0	28	0	0	0	0	0	0	0	0	0	0	0	0	0	0	0	0	0
BMJ Open	2023-10-01	10445353	120246	10751	0	8	0	9	0	0	1	0	0	0	2	6	0	0	0	0	135	0	0	0	0	0	0	0	0	0	0	0	0	0	0	0	0	0
BMJ Open	2023-10-01	10441058	124492	9279	0	13	0	3	0	0	0	1	0	0	0	1	0	0	0	0	66	0	0	1	0	0	1	0	0	0	0	0	0	0	0	0	0	0
BMJ Open	2023-10-01	10445392	54784	4343	0	3	0	4	0	0	1	1	0	0	5	3	0	0	1	0	54	0	0	0	0	0	1	2	0	0	0	0	0	0	0	0	0	0
BMJ Open	2023-10-01	10441082	84800	8799	0	11	0	0	0	0	1	1	0	0	5	2	0	0	0	0	38	0	1	0	0	0	2	1	0	0	0	0	0	0	0	0	0	0
BMJ Open	2023-10-01	10441121	91716	8103	0	5	0	3	0	0	0	6	0	2	1	0	0	0	0	0	75	0	0	0	0	0	0	1	0	0	0	0	0	0	0	0	0	0
BMJ Open	2023-10-01	10432646	83892	7055	0	5	1	4	0	0	4	2	0	0	4	0	0	0	1	0	24	0	0	0	0	0	0	0	0	0	0	0	0	0	0	0	0	0
BMJ Open	2023-10-01	10445391	67720	6306	0	5	0	1	0	0	1	1	0	0	5	0	0	0	0	0	38	0	0	0	0	0	0	0	1	0	0	0	0	0	0	0	0	0
BMJ Open	2023-10-01	10441117	80014	7711	0	3	0	3	0	0	0	1	0	0	11	1	0	0	1	0	20	0	1	3	0	0	0	0	0	0	0	0	0	1	0	0	0	0
BMJ Open	2023-10-01	10445395	95997	8337	0	4	0	2	0	0	0	0	0	0	0	4	0	0	1	0	35	0	0	1	0	0	1	0	0	0	0	0	0	0	0	0	0	0
BMJ Open	2023-10-01	10432642	116251	11243	0	3	5	2	0	0	4	2	0	0	1	3	0	0	0	0	49	0	0	7	0	0	0	0	0	0	0	0	0	0	0	0	0	0
BMJ Open	2023-10-01	10432662	147867	10339	0	12	1	5	0	0	2	5	0	1	8	2	0	1	0	0	47	0	0	3	0	0	0	0	0	7	0	0	0	0	0	0	0	0
BMJ Open	2023-10-01	10441092	83055	6736	0	3	0	2	0	0	4	3	0	0	0	3	0	0	0	0	86	0	0	3	0	0	1	0	0	0	0	0	0	0	0	0	0	0
BMJ Open	2023-10-01	10432649	108885	9229	0	3	0	2	0	0	3	2	0	0	1	3	0	0	0	0	42	0	0	0	0	0	7	0	0	0	0	0	0	0	0	0	0	0
BMJ Open	2023-10-01	10441077	115735	9527	0	4	1	0	0	0	0	6	0	0	1	0	0	1	0	0	10	0	0	0	0	0	0	0	0	0	0	0	0	0	0	0	0	0
BMJ Open	2023-10-01	10462979	116323	10009	0	4	1	12	0	0	0	21	0	0	1	2	0	0	0	0	45	0	0	1	0	0	1	0	0	0	0	0	0	0	0	0	0	0
BMJ Open	2023-10-01	10471879	93171	9022	0	10	1	0	0	0	10	2	0	0	2	3	0	0	0	0	43	0	0	7	0	0	1	0	1	0	0	0	0	0	0	0	0	0
BMJ Open	2023-10-01	10450054	72184	5933	0	2	0	2	0	0	2	0	0	0	0	0	0	0	0	0	34	0	0	2	0	2	1	0	0	0	0	0	0	0	0	0	0	0
BMJ Open	2023-10-01	10465893	99771	8538	0	6	0	0	0	0	0	0	0	0	5	1	0	0	1	0	48	0	0	0	0	0	0	0	0	0	0	0	0	0	0	2	0	0
BMJ Open	2023-10-01	10462928	65649	5661	0	5	0	13	0	2	2	0	0	0	1	3	0	2	0	0	58	0	0	3	0	0	0	0	0	0	0	0	1	0	0	0	0	0
BMJ Open	2023-10-01	10450043	96269	8979	0	9	0	0	0	0	0	2	0	0	1	1	0	0	0	0	39	0	0	1	0	0	0	0	0	0	0	0	1	0	0	0	0	0
BMJ Open	2023-10-01	10462943	69356	5860	0	18	0	0	0	0	2	1	0	1	17	4	0	0	1	0	90	0	0	0	0	0	0	0	0	0	0	0	1	0	0	1	0	0
BMJ Open	2023-10-01	10465918	46955	3936	0	3	0	1	0	0	2	5	0	0	0	0	0	0	0	0	27	0	0	4	0	0	1	1	0	0	0	0	0	0	0	0	0	0
BMJ Open	2023-10-01	10462946	73478	5607	0	6	0	3	0	0	0	13	0	1	0	1	1	0	1	0	28	0	0	1	0	0	0	1	0	0	0	0	0	0	0	0	0	0
BMJ Open	2023-10-01	10462950	110880	8862	0	1	0	0	0	0	3	3	0	0	0	4	0	0	0	0	66	0	0	3	0	0	0	0	0	0	0	0	0	0	1	0	0	0
BMJ Open	2023-10-01	10450128	90909	7909	0	6	0	1	0	0	0	5	0	0	27	0	0	0	0	0	35	0	0	0	0	0	0	0	0	0	0	0	0	0	0	0	0	0
BMJ Open	2023-10-01	10450051	42698	4387	0	0	0	1	0	0	0	0	0	0	2	0	0	0	0	0	38	0	0	0	0	1	0	0	0	0	0	0	0	0	0	0	0	0
BMJ Open	2023-10-01	10462945	120304	10393	0	5	1	2	0	0	3	3	0	1	2	0	0	0	0	0	35	0	0	0	0	0	0	0	0	0	0	0	0	0	0	0	0	0
BMJ Open	2023-10-01	10450071	118743	11824	0	1	1	4	0	0	1	0	0	0	0	1	0	0	1	0	38	0	0	14	0	0	4	0	0	0	0	0	0	0	0	0	0	0
BMJ Open	2023-10-01	10465903	69419	5693	0	4	1	0	0	0	7	0	0	0	1	2	0	0	0	0	54	0	0	0	0	0	0	0	0	0	0	0	0	0	0	0	0	0
BMJ Open	2023-10-01	10476112	82237	7581	0	0	0	1	0	0	0	3	0	0	1	0	0	0	0	0	56	0	0	1	0	0	0	0	0	0	0	0	0	0	0	0	0	0
BMJ Open	2023-10-01	10462949	103497	9509	0	3	2	0	0	0	7	5	0	1	1	0	0	0	2	0	83	0	0	1	0	0	0	1	0	0	0	0	0	0	0	0	0	0
BMJ Open	2023-10-01	10450059	101610	8038	0	9	1	4	0	0	4	8	0	0	2	7	0	0	0	0	92	0	0	3	0	0	1	1	0	0	0	0	0	0	0	0	0	0
BMJ Open	2023-10-01	10465908	97705	8779	0	2	0	0	0	0	1	3	0	0	1	0	0	0	0	0	42	0	0	0	0	0	0	0	0	0	0	0	0	0	0	0	0	0
BMJ Open	2023-10-01	10465913	57773	5051	0	4	0	0	1	0	1	0	0	0	1	0	0	0	1	0	16	0	0	0	0	0	2	0	0	0	0	0	0	0	0	0	0	0
BMJ Open	2023-10-01	10465906	140873	11771	0	25	0	4	0	0	1	0	0	0	126	2	0	1	0	0	40	0	0	2	0	0	0	0	0	0	0	0	0	1	0	0	0	0
BMJ Open	2023-10-01	10476129	55187	4883	0	2	1	2	0	0	0	7	0	0	1	0	0	0	0	0	38	0	0	1	0	0	0	0	0	0	0	0	0	0	0	0	0	0
BMJ Open	2023-10-01	10471872	109713	9271	0	1	1	2	0	0	1	3	0	0	0	1	0	0	0	0	24	0	0	0	0	0	0	0	0	0	0	0	0	0	1	0	0	0
BMJ Open	2023-10-01	10450073	91643	7856	0	16	0	0	0	0	0	1	0	0	0	10	0	0	1	0	49	0	0	0	0	0	0	1	0	0	0	0	0	0	0	0	0	0
BMJ Open	2023-10-01	10476131	115895	8676	0	11	0	4	0	0	7	0	0	0	3	7	0	0	0	0	48	0	0	4	0	0	1	0	1	0	0	0	0	0	0	0	0	0
BMJ Open	2023-10-01	10481848	102925	8192	0	6	1	1	0	0	3	2	0	0	4	2	0	0	1	0	59	0	0	2	0	0	1	0	0	0	0	0	0	0	0	0	4	0
BMJ Open	2023-10-01	10481753	102209	8901	0	7	0	0	0	0	6	2	0	3	3	1	0	0	0	0	60	0	0	3	0	0	0	0	0	0	0	0	1	0	0	0	0	0
BMJ Open	2023-10-01	10496673	102791	9230	0	4	1	1	0	0	2	4	0	1	8	4	0	0	0	0	65	0	0	0	0	0	0	0	0	0	0	0	0	0	0	0	0	0
BMJ Open	2023-10-01	10481717	146020	12609	0	10	1	1	0	0	2	8	0	0	6	0	0	0	1	0	108	0	0	0	0	0	0	0	0	0	0	0	0	0	0	0	0	0
BMJ Open	2023-10-01	10496687	91836	8339	0	4	0	2	0	0	1	2	0	0	0	2	0	0	0	0	47	0	0	1	0	0	10	0	1	0	0	0	0	0	0	0	1	0
BMJ Open	2023-10-01	10481733	93879	8062	0	1	0	7	0	0	1	0	0	0	3	0	0	0	0	0	106	0	0	0	0	0	4	0	0	0	0	0	0	0	0	0	0	0
BMJ Open	2023-10-01	10496661	85638	7459	0	10	0	4	0	0	4	0	0	1	2	6	0	0	0	0	53	0	0	2	0	0	0	0	0	0	0	0	0	0	1	0	0	0
BMJ Open	2023-10-01	10481829	61740	6085	0	1	0	7	0	0	0	0	0	0	0	6	0	0	0	0	48	0	0	0	0	0	0	0	1	0	0	0	0	0	0	0	0	0
BMJ Open	2023-10-01	10496691	198305	14860	0	26	1	18	0	0	1	0	0	5	34	0	0	0	0	0	227	0	0	0	0	0	1	0	0	0	0	0	0	0	0	0	0	0
BMJ Open	2023-10-01	10481735	94346	8563	0	2	1	3	0	0	2	1	0	0	8	0	0	0	0	1	35	0	0	0	0	0	0	0	0	0	0	0	0	0	1	0	0	0
BMJ Open	2023-10-01	10481837	53113	4631	0	6	0	1	0	0	0	2	0	1	0	0	0	0	0	0	40	0	0	0	0	0	1	0	1	0	0	0	0	0	0	0	0	0
BMJ Open	2023-10-01	10481739	70766	6153	0	9	0	0	0	0	0	1	0	0	1	0	0	0	0	0	41	0	0	0	0	0	0	0	0	0	0	0	0	0	0	0	0	0
BMJ Open	2023-10-01	10481747	138392	11339	0	7	0	14	0	0	0	2	0	0	2	4	0	0	0	0	63	0	0	0	0	0	2	0	0	0	0	0	0	0	0	0	0	0
BMJ Open	2023-10-01	10481752	98493	8963	0	1	1	3	0	0	2	5	0	0	2	4	0	0	0	0	88	0	0	5	0	0	1	0	0	0	0	0	0	0	0	0	0	0
BMJ Open	2023-10-01	10481718	129402	10151	0	6	0	4	0	0	1	3	0	0	7	0	0	0	0	0	50	0	0	2	0	0	0	0	0	0	0	0	0	0	0	0	0	0
BMJ Open	2023-10-01	10481845	85744	7720	0	1	1	7	0	0	0	0	0	0	1	0	0	0	1	1	28	0	0	0	0	0	0	1	1	0	0	0	0	0	0	0	0	0
BMJ Open	2023-10-01	10481731	98780	8299	0	5	3	6	0	0	4	0	0	0	0	3	0	0	1	0	73	0	0	1	0	0	1	0	0	0	0	0	0	0	0	1	0	0
BMJ Open	2023-10-01	10496685	103904	8846	0	10	0	3	0	0	3	2	0	0	3	1	0	0	0	0	26	0	0	0	0	2	0	0	0	0	0	0	0	0	0	1	0	0
BMJ Open	2023-10-01	10496674	79437	7001	0	11	0	3	0	0	3	6	0	0	2	0	1	0	0	0	102	0	0	0	0	0	1	0	0	0	0	0	0	0	0	0	0	0
BMJ Open	2023-10-01	10496700	128353	11426	0	4	2	2	0	0	3	0	0	0	3	0	1	0	0	0	26	0	0	2	0	0	5	0	0	0	0	0	1	0	0	0	0	0
BMJ Open	2023-10-01	10481830	94290	8108	0	0	0	0	0	0	0	1	0	0	8	0	0	0	0	0	76	0	0	0	0	0	1	0	0	0	0	0	0	0	0	0	0	0
BMJ Open	2023-10-01	10481750	102065	9142	0	5	0	0	0	0	0	5	0	0	3	3	0	0	0	0	42	0	0	3	0	0	0	0	0	0	0	0	0	0	0	0	0	1
BMJ Open	2023-10-01	10481726	50580	5105	0	2	0	1	0	0	1	0	0	0	2	3	0	0	1	0	75	0	0	0	0	0	0	0	0	0	0	0	0	0	0	0	0	0
BMJ Open	2023-10-01	10481732	68011	6185	0	2	1	3	0	0	0	0	0	0	1	1	0	0	0	0	63	0	0	1	0	0	2	0	0	0	0	0	0	0	0	0	0	0
BMJ Open	2023-10-01	10496696	103845	8769	0	27	0	0	0	0	4	1	0	0	0	2	0	0	0	0	63	0	0	0	0	0	0	0	0	0	0	0	0	0	0	0	0	0
BMJ Open	2023-10-01	11148692	87570	7828	0	2	0	0	0	0	1	0	0	0	2	2	0	0	1	0	45	0	0	0	0	0	1	0	0	0	0	0	0	0	0	0	0	0
BMJ Open	2023-10-01	10514647	110232	9323	0	4	0	0	0	0	4	0	0	0	2	1	0	0	1	0	30	0	0	1	0	0	5	2	0	1	0	0	0	0	1	0	0	0
BMJ Open	2023-10-01	10503373	102239	8871	0	5	1	2	0	0	9	0	0	0	0	0	0	0	0	0	75	0	0	2	0	0	1	0	0	0	0	0	0	0	0	0	0	3
BMJ Open	2023-10-01	10510923	86347	8452	0	4	5	0	0	0	10	2	0	0	0	1	2	0	1	0	48	0	0	7	0	0	0	0	1	0	0	0	0	0	1	0	0	0
BMJ Open	2023-10-01	10503318	90247	7147	0	4	0	0	0	0	0	2	0	0	0	0	0	0	1	0	21	0	0	0	0	0	1	1	0	0	0	0	0	0	0	0	0	0
BMJ Open	2023-10-01	10503362	76829	6506	0	0	0	0	0	0	3	0	0	0	0	1	0	0	2	0	31	0	0	0	0	0	0	0	0	0	0	0	0	0	0	0	0	0
BMJ Open	2023-10-01	10496690	65763	5483	0	2	0	5	0	0	0	0	0	0	0	0	0	0	0	0	43	0	0	0	0	0	0	0	0	0	0	0	0	0	0	0	0	0
BMJ Open	2023-10-01	10496715	74162	6448	0	3	2	0	0	0	6	0	0	0	0	0	0	0	1	0	52	0	2	1	0	1	0	0	0	0	0	0	0	0	0	0	0	0
BMJ Open	2023-10-01	10503340	90666	7968	0	6	5	11	0	0	1	2	0	0	0	1	0	0	0	0	44	0	0	4	0	0	6	0	0	0	0	0	0	0	0	0	0	0
BMJ Open	2023-10-01	10921913	99922	8011	0	6	0	0	0	0	7	4	0	0	4	1	0	0	0	0	38	0	0	0	0	0	0	0	0	0	0	0	0	0	0	0	1	0
BMJ Open	2023-10-01	10503363	65266	5179	0	5	2	3	2	0	0	1	0	0	3	1	0	0	0	0	53	0	0	0	0	0	0	1	1	0	0	0	0	0	1	0	0	0
BMJ Open	2023-10-01	10503356	92543	9235	0	4	1	0	0	0	10	0	0	1	0	0	0	0	1	0	15	0	0	5	0	0	0	0	0	0	0	0	0	0	0	0	0	0
BMJ Open	2023-10-01	10503341	88473	7795	0	4	1	1	0	0	5	0	0	4	3	1	0	0	2	0	31	0	0	0	0	0	1	0	0	0	0	0	0	0	0	0	1	0
BMJ Open	2023-10-01	10503319	41201	4000	0	1	0	1	0	0	3	0	0	0	0	0	0	0	0	0	25	0	0	2	0	0	1	0	0	0	0	0	0	0	0	0	0	0
BMJ Open	2023-10-01	10503376	56747	4916	0	4	0	3	0	0	0	3	0	0	0	1	0	0	0	0	28	0	0	0	0	0	1	0	1	0	0	0	0	1	0	0	0	0
BMJ Open	2023-10-01	10503332	128519	10763	0	17	0	19	0	0	6	5	0	0	1	3	0	0	0	0	47	0	0	1	0	0	1	0	3	0	0	0	0	0	0	0	0	0
BMJ Open	2023-10-01	10503395	72606	7408	0	3	0	0	0	0	3	4	0	0	0	2	0	0	0	0	51	0	0	1	0	0	1	0	3	0	0	0	0	0	1	0	0	0
BMJ Open	2023-10-01	10510864	88041	8170	0	2	2	1	0	0	1	2	0	0	2	0	0	0	0	0	40	0	0	0	0	0	0	0	0	0	0	0	1	0	0	0	0	0
BMJ Open	2023-10-01	10510929	54191	4298	0	5	0	7	0	0	0	0	0	0	6	0	0	0	0	0	26	0	0	1	0	0	1	0	0	0	0	0	0	0	0	0	0	0
BMJ Open	2023-10-01	10496689	103289	8794	0	9	0	2	0	0	8	5	0	2	11	0	0	0	0	0	72	0	0	0	0	0	2	0	0	0	0	0	0	0	0	1	0	0
BMJ Open	2023-10-01	10503384	55449	5242	0	3	0	15	0	0	0	1	0	0	1	0	3	0	0	0	36	0	0	0	0	0	0	0	0	0	0	0	0	0	0	0	1	0
BMJ Open	2023-10-01	10510868	73298	7739	0	3	0	0	0	0	1	0	0	0	0	1	0	0	0	0	29	0	0	4	0	0	0	0	1	0	0	0	3	0	0	0	0	1
BMJ Open	2023-10-01	10503375	105127	8664	0	4	0	1	2	0	0	0	0	0	0	0	0	0	0	0	20	0	0	2	0	0	1	0	0	0	0	0	0	0	0	0	0	0
BMJ Open	2023-10-01	10503371	82806	7436	0	3	0	0	0	0	0	0	0	0	3	2	0	0	0	0	46	0	0	0	0	0	0	0	0	0	0	0	0	0	0	0	0	0
BMJ Open	2023-10-01	10503368	70045	6310	0	3	0	8	0	0	2	1	0	0	2	3	0	0	0	0	17	0	0	0	0	0	4	0	1	0	0	0	0	0	0	0	0	0
BMJ Open	2023-10-01	10510950	77095	6081	0	6	0	5	0	0	1	0	0	0	0	2	0	0	0	0	30	0	0	0	0	0	2	0	0	0	0	0	0	0	0	0	0	0
BMJ Open	2023-10-01	10510906	81241	7389	0	2	0	5	0	0	0	0	0	1	1	0	0	0	0	0	68	0	0	0	0	0	1	0	0	0	0	0	0	0	0	0	0	0
BMJ Open	2023-10-01	10533792	43405	3527	0	6	0	4	0	0	1	1	0	0	0	0	0	0	1	0	33	0	0	0	0	0	0	0	0	0	0	0	0	0	0	0	0	0
BMJ Open	2023-10-01	10533798	81517	7008	0	7	0	0	0	0	0	4	0	0	24	0	0	0	2	0	31	0	0	1	0	0	0	0	0	0	0	0	0	0	0	0	0	0
BMJ Open	2023-10-01	10510931	66210	5067	0	4	0	1	0	0	1	1	0	0	3	1	0	0	0	0	55	0	0	1	0	0	0	1	0	0	0	0	0	0	0	0	0	0
BMJ Open	2023-10-01	10514632	123436	11013	0	9	1	1	0	0	6	0	0	0	14	0	0	0	0	0	48	0	0	2	0	0	2	0	1	0	0	0	0	0	0	0	0	0
BMJ Open	2023-10-01	10514643	105052	9118	0	8	0	2	0	0	2	2	0	0	2	1	0	0	1	0	55	0	0	1	0	0	0	0	0	1	0	0	0	0	0	0	0	0
BMJ Open	2023-10-01	10514660	75808	7688	0	3	0	1	0	0	15	2	0	1	0	0	0	0	0	0	30	0	0	2	0	1	0	0	0	0	0	0	0	0	0	0	0	0
BMJ Open	2023-10-01	10510876	98779	8784	0	12	1	1	0	0	4	0	0	7	6	4	0	0	0	0	46	0	0	1	0	0	0	0	0	0	0	0	0	1	0	0	0	0
BMJ Open	2023-10-01	10514617	156798	13280	0	7	2	0	0	0	14	2	0	0	1	2	0	0	1	0	59	0	0	6	0	0	0	0	0	0	0	0	0	0	0	1	0	0
BMJ Open	2023-10-01	10514628	75869	5801	0	3	0	1	0	0	0	0	0	0	1	0	0	0	0	0	54	0	0	0	0	0	0	0	0	0	0	0	0	0	0	0	0	0
BMJ Open	2023-10-01	10510917	116715	11507	0	2	1	2	0	0	1	0	0	0	2	0	1	0	0	0	43	0	0	6	0	0	1	0	0	0	0	0	1	1	0	0	0	0
BMJ Open	2023-10-01	10533807	59907	5442	0	8	1	7	1	0	7	0	0	1	4	3	0	0	0	0	41	0	0	2	0	0	0	0	1	0	0	0	0	0	0	0	0	0
BMJ Open	2023-10-01	10514670	57351	4673	0	1	2	0	2	0	2	0	0	0	1	0	0	0	1	0	55	0	0	5	0	0	4	1	0	0	0	0	0	0	0	0	0	0
BMJ Open	2023-10-01	10533804	111489	10400	0	2	1	1	0	0	0	1	0	1	5	0	0	0	0	0	87	0	0	0	0	0	1	0	0	0	0	0	0	0	0	0	0	1
BMJ Open	2023-10-01	10533706	89877	6799	0	1	0	3	0	0	3	0	0	0	5	0	0	0	0	0	53	0	0	1	0	0	2	0	1	0	0	0	0	0	0	0	0	0
BMJ Open	2023-10-01	10510921	52797	4679	0	15	0	5	4	0	0	2	0	0	11	0	0	0	0	0	73	0	0	1	0	0	0	0	0	0	0	0	0	0	0	0	0	0
BMJ Open	2023-10-01	10514625	38422	3370	0	8	0	1	0	0	0	0	0	0	1	1	0	0	0	0	39	0	0	0	0	0	0	0	0	0	0	0	0	0	0	0	0	0
BMJ Open	2023-10-01	10533672	137177	11384	0	7	2	4	4	0	12	2	0	0	0	0	0	0	0	0	177	0	1	11	0	0	1	0	0	0	0	0	0	0	1	0	0	0
BMJ Open	2023-10-01	10510916	111517	9939	0	0	0	0	0	0	1	0	0	0	8	1	1	0	0	0	42	0	0	1	0	0	1	0	0	0	0	0	0	0	0	1	0	0
BMJ Open	2023-10-01	10514606	71860	7601	0	2	0	1	0	0	11	1	0	0	1	0	0	0	0	0	34	0	0	3	0	0	2	0	0	0	0	0	1	0	0	1	0	0
BMJ Open	2023-10-01	10514613	56587	4360	0	1	0	2	1	0	2	0	0	0	0	1	0	0	0	0	44	0	0	0	0	0	0	6	0	0	0	0	0	0	0	0	0	0
BMJ Open	2023-10-01	10514614	128362	11831	0	6	0	4	0	0	1	2	0	2	7	1	0	0	1	0	60	0	0	1	0	0	0	0	0	0	0	0	0	0	0	0	0	0
BMJ Open	2023-10-01	10533692	129493	10290	0	8	0	5	0	0	2	0	0	0	17	0	0	0	0	0	117	0	0	0	0	0	1	0	0	0	0	0	1	0	0	0	0	0
BMJ Open	2023-10-01	10514651	73391	7092	0	2	0	5	0	0	4	2	0	0	7	1	0	0	0	0	86	0	0	2	0	0	4	0	0	0	0	0	0	0	0	0	0	0
BMJ Open	2023-10-01	10546118	101615	7907	0	2	0	3	3	0	6	2	0	0	1	0	0	0	0	0	42	0	0	5	0	0	1	0	0	0	0	0	0	0	0	0	0	0
BMJ Open	2023-10-01	10533712	120185	10329	0	7	0	17	0	0	0	2	0	0	4	2	0	0	0	0	108	0	0	4	0	0	6	0	0	0	0	0	0	1	0	0	0	0
BMJ Open	2023-10-01	10537835	85945	8198	0	3	0	14	0	0	0	0	0	0	3	0	0	0	1	0	29	0	0	1	0	0	0	0	0	0	0	0	1	0	0	0	0	0
BMJ Open	2023-10-01	10546152	91337	8713	0	5	0	5	0	0	0	0	0	0	6	4	0	0	0	0	30	0	0	0	0	0	0	0	0	0	0	0	0	0	0	0	0	0
BMJ Open	2023-10-01	10533733	85380	6924	0	2	0	2	0	0	4	10	0	0	3	0	0	0	1	0	67	0	0	6	0	0	0	0	0	0	0	0	0	0	0	0	0	0
BMJ Open	2023-10-01	10546125	89613	8604	0	13	0	10	0	0	2	2	0	0	4	2	0	0	0	0	79	0	0	0	0	0	1	0	0	0	0	0	0	0	0	0	0	0
BMJ Open	2023-10-01	10546169	112446	9479	0	15	0	2	2	0	0	3	0	0	20	0	0	0	0	0	132	0	0	3	0	0	0	0	0	1	0	0	0	0	0	0	0	0
BMJ Open	2023-10-01	10533696	64231	5140	0	2	0	4	0	0	0	0	0	0	2	2	0	0	3	0	30	0	0	0	0	1	0	0	0	0	0	0	0	0	0	0	0	0
BMJ Open	2023-10-01	10546166	106877	8279	0	1	0	1	0	0	0	0	0	0	6	0	0	0	0	0	36	0	0	0	0	0	1	0	1	0	0	0	0	0	0	0	0	0
BMJ Open	2023-10-01	10537834	91378	8100	0	4	0	7	0	0	0	3	0	1	2	1	0	0	1	0	38	0	0	5	0	0	2	0	0	0	0	0	0	0	0	0	0	0
BMJ Open	2023-10-01	10546115	120362	9977	0	1	0	1	0	0	2	2	0	3	1	0	0	0	0	0	64	0	0	1	0	0	2	0	0	0	0	0	0	0	0	0	0	0
BMJ Open	2023-10-01	10546157	81979	6593	0	10	0	3	0	0	0	0	0	1	1	0	0	0	0	0	50	0	0	0	0	0	3	0	0	0	0	0	0	0	0	0	0	0
BMJ Open	2023-10-01	10533742	85220	7406	0	4	0	2	0	0	1	1	0	0	0	4	0	0	0	1	60	0	0	0	0	0	0	0	0	0	0	0	0	0	0	0	0	0
BMJ Open	2023-10-01	10537858	68389	5875	0	3	1	0	0	0	0	6	0	0	1	1	0	0	1	0	26	0	0	0	0	0	1	0	0	0	0	0	0	0	0	0	0	0
BMJ Open	2023-10-01	10546168	143912	11184	0	11	0	3	0	0	2	1	0	1	1	1	0	1	0	0	62	0	0	1	0	0	0	0	0	0	0	0	0	0	0	0	0	0
BMJ Open	2023-10-01	10533669	72234	5847	0	5	1	0	0	0	3	1	0	2	0	0	0	0	0	0	76	0	0	1	0	0	1	0	0	0	0	0	0	0	0	0	0	0
BMJ Open	2023-10-01	10533687	75519	6380	0	6	1	0	0	0	1	0	0	0	0	1	0	0	0	0	35	0	0	13	0	0	0	0	0	0	0	0	0	0	1	0	0	0
BMJ Open	2023-10-01	10546098	78205	6838	0	2	1	6	0	0	1	1	0	0	1	0	0	0	0	0	31	0	0	0	0	0	0	0	0	0	0	0	1	0	0	0	0	0
BMJ Open	2023-10-01	10546144	92832	8692	0	7	0	6	0	0	0	2	0	0	13	2	0	0	0	0	68	0	0	0	0	0	2	0	0	0	0	0	0	0	0	0	0	0
BMJ Open	2023-10-01	10546161	78826	7790	0	8	2	4	0	0	6	0	0	0	3	3	0	0	0	0	60	0	0	0	0	0	2	0	2	0	0	0	0	0	0	0	0	0
BMJ Open	2023-10-01	10533699	45381	3816	0	3	1	0	0	0	1	0	0	0	0	0	0	0	0	0	28	0	0	0	0	0	1	0	0	0	0	0	0	0	0	0	0	0
BMJ Open	2023-10-01	10546114	127534	10143	0	6	1	14	3	0	0	0	0	0	4	1	0	0	1	0	89	0	0	0	0	0	0	0	0	0	0	0	0	0	0	0	0	0
BMJ Open	2023-10-01	10546104	66552	5591	0	10	1	1	0	0	1	1	0	0	0	2	0	0	0	0	40	0	0	0	0	0	0	0	0	0	0	0	0	0	0	0	0	0
BMJ Open	2023-10-01	10533720	98331	8732	1	5	0	5	0	0	3	1	0	0	0	3	0	0	0	0	42	0	0	5	0	0	0	0	1	0	0	0	0	0	0	0	0	0
BMJ Open	2023-10-01	10546143	51297	4501	0	5	0	1	2	0	2	2	0	0	0	1	0	0	0	0	52	0	0	3	0	1	1	0	0	0	0	0	0	0	0	0	0	0
