journal	date	pmc_id	Nchars	Nwords	delve	analyse	acknowledge	assess	appraise	dissect	explore	examine	extricate	expose	estimate	investigate	inquire	inspect	interpret	scrutinise	study	unearth	uncover	understand	ponder	research	reason	retrieve	avoid	discount	disregard	dismiss	ignore	neglect	overlook	omit	skip	reject
BMJ Open	2022-07-01	8995949	46740	4223	0	0	0	7	0	0	0	0	0	0	2	0	0	0	1	0	34	0	0	0	0	0	0	0	0	0	0	0	0	0	0	0	0	0
BMJ Open	2022-07-01	8987786	46136	4122	0	3	0	1	0	0	1	0	0	0	1	0	0	0	0	0	16	0	0	1	0	0	0	0	0	0	0	0	0	0	0	0	0	0
BMJ Open	2022-07-01	8987797	77445	7452	0	6	2	4	0	0	0	1	0	0	5	1	0	0	0	0	21	0	0	0	0	0	0	0	0	0	0	0	0	0	0	0	0	0
BMJ Open	2022-07-01	8995953	64928	5828	0	3	0	4	0	0	1	1	0	0	4	0	0	0	0	0	35	0	0	0	0	0	0	0	0	0	0	0	0	0	0	0	0	0
BMJ Open	2022-07-01	8996017	77703	7293	0	22	5	1	0	0	14	1	0	7	13	5	0	0	0	0	35	0	0	2	0	0	1	0	0	0	0	0	0	0	0	0	0	0
BMJ Open	2022-07-01	8991042	116023	8948	0	19	0	3	0	0	0	6	0	2	43	0	0	1	0	0	96	0	0	1	0	0	0	0	1	0	0	0	0	0	0	0	0	0
BMJ Open	2022-07-01	8995574	112691	9533	0	2	1	1	0	0	0	0	0	1	11	0	0	0	0	0	31	0	0	0	0	0	0	2	0	0	0	0	0	0	0	0	0	0
BMJ Open	2022-07-01	8996012	107893	10585	0	4	2	0	0	0	0	0	0	1	15	3	0	0	0	0	32	0	0	1	0	0	1	0	0	0	0	0	0	0	0	0	0	0
BMJ Open	2022-07-01	8987745	81194	7888	0	1	0	1	0	0	5	2	0	0	0	0	0	0	0	0	64	0	0	7	0	0	1	0	0	0	0	0	0	0	0	0	0	0
BMJ Open	2022-07-01	8990262	178500	15806	0	4	8	0	0	0	3	0	0	0	3	1	0	0	5	0	36	0	0	0	0	0	0	0	0	0	0	0	0	0	0	0	0	0
BMJ Open	2022-07-01	8991068	53718	4371	0	5	0	1	0	0	8	2	0	0	1	1	0	0	0	0	72	0	0	2	0	0	0	0	0	0	0	0	0	0	0	0	0	0
BMJ Open	2022-07-01	8996003	93403	7874	0	2	2	2	0	0	5	2	0	0	1	3	0	0	0	0	37	0	3	5	0	0	0	0	0	0	0	0	0	2	0	0	0	0
BMJ Open	2022-07-01	8995568	36662	3549	0	0	0	4	0	0	2	0	0	0	0	2	0	0	0	0	24	0	0	0	0	0	1	0	0	0	0	0	0	0	0	0	0	0
BMJ Open	2022-07-01	8995577	72961	7377	0	2	0	2	0	0	2	0	0	11	6	2	0	0	0	0	16	0	0	0	0	0	0	0	4	0	0	0	0	0	0	1	0	0
BMJ Open	2022-07-01	8991067	59377	5279	0	13	0	0	0	0	1	1	0	0	3	2	0	0	0	0	54	0	0	0	0	0	0	1	0	0	0	0	0	0	0	1	0	0
BMJ Open	2022-07-01	8996014	112134	9624	0	5	0	7	0	0	0	0	0	1	1	1	1	0	1	0	40	0	0	1	0	0	1	0	0	0	0	0	0	0	1	2	0	0
BMJ Open	2022-07-01	8991050	60387	4515	0	8	0	2	0	0	1	3	0	0	0	0	0	0	0	0	46	0	0	1	0	0	1	3	0	0	0	0	0	0	0	0	0	0
BMJ Open	2022-07-01	8996005	79627	7502	0	7	3	0	0	0	1	0	0	0	4	0	0	0	0	1	43	0	0	3	0	0	2	0	0	0	0	0	0	0	0	0	0	0
BMJ Open	2022-07-01	8987781	85950	6584	0	9	1	6	0	0	2	3	0	0	1	0	0	0	0	0	67	0	0	3	0	0	1	0	0	0	0	0	0	0	0	1	0	0
BMJ Open	2022-07-01	8995963	94384	7628	0	1	0	2	0	0	1	0	0	0	2	3	0	0	0	0	53	0	0	0	0	0	0	0	1	0	0	0	0	0	0	0	0	0
BMJ Open	2022-07-01	8995569	50819	4163	0	0	1	2	0	0	0	0	0	0	0	0	0	0	0	0	42	0	0	1	0	0	0	1	0	0	0	0	0	0	0	0	0	1
BMJ Open	2022-07-01	8990258	75537	6675	0	1	0	2	0	0	1	0	0	0	0	1	0	0	0	0	56	0	0	1	0	0	0	0	0	0	0	0	0	0	0	0	0	0
BMJ Open	2022-07-01	8991045	47728	4479	0	4	0	0	0	0	2	0	0	2	0	1	0	0	0	0	23	0	0	2	0	1	2	1	0	0	0	0	0	0	0	0	0	0
BMJ Open	2022-07-01	8995956	118420	10121	0	8	0	0	0	0	2	0	0	0	24	0	0	0	2	0	53	0	0	0	0	0	1	0	1	0	0	0	0	0	0	0	0	0
BMJ Open	2022-07-01	8987751	85973	7486	0	1	0	6	0	0	0	2	0	0	3	3	0	0	0	0	22	0	0	0	0	0	0	1	0	0	0	0	0	0	0	0	0	0
BMJ Open	2022-07-01	9002253	69048	6557	0	4	0	2	0	0	0	0	0	0	1	0	0	0	0	1	50	0	0	0	0	0	1	4	0	0	0	0	0	0	0	0	0	0
BMJ Open	2022-07-01	9013793	67542	6737	0	2	0	1	2	0	0	0	0	0	32	1	0	0	0	0	20	0	0	0	0	0	0	0	0	0	0	0	0	0	0	0	0	0
BMJ Open	2022-07-01	9006832	170574	14316	0	0	0	3	0	0	0	0	0	0	2	0	0	0	0	0	132	0	0	1	0	0	4	0	0	0	0	0	0	0	0	0	0	0
BMJ Open	2022-07-01	9014028	92603	8332	0	5	0	3	0	0	6	1	0	0	2	1	0	0	0	0	74	0	0	2	0	0	2	0	0	0	0	0	0	0	0	0	0	0
BMJ Open	2022-07-01	9006191	68404	6664	0	5	0	0	0	0	4	0	0	0	23	7	0	0	1	0	18	0	0	1	0	0	0	0	0	0	0	0	0	0	0	0	0	0
BMJ Open	2022-07-01	9006828	96222	8426	0	6	0	1	0	0	8	0	0	0	0	0	0	0	0	0	33	0	0	10	0	0	1	0	0	0	0	0	0	0	0	0	0	0
BMJ Open	2022-07-01	9006835	89886	8626	0	16	0	4	0	0	0	0	0	0	9	13	0	0	0	0	24	0	0	0	0	0	1	0	0	0	0	0	0	0	0	0	0	0
BMJ Open	2022-07-01	9006840	81762	8320	0	5	1	0	0	0	8	2	0	0	0	2	0	0	2	0	72	0	0	3	0	0	0	0	0	0	0	0	0	0	0	0	0	0
BMJ Open	2022-07-01	9013789	133038	11377	0	6	1	5	0	0	0	0	0	0	14	1	0	0	1	0	43	0	0	2	0	0	0	0	0	0	0	0	0	0	0	0	0	0
BMJ Open	2022-07-01	9014079	83176	8059	0	2	2	7	0	0	7	0	0	0	1	1	0	0	0	0	47	0	0	6	0	0	3	0	1	0	0	0	0	0	0	0	0	0
BMJ Open	2022-07-01	9014051	129140	9966	0	1	0	5	0	0	2	1	0	0	6	4	0	0	0	0	82	0	0	1	0	0	2	0	0	0	0	0	0	0	0	0	0	0
BMJ Open	2022-07-01	9014050	47497	3808	0	2	0	3	0	0	4	0	0	0	0	1	0	0	0	0	31	0	0	1	0	0	1	1	0	0	0	0	0	0	0	0	0	0
BMJ Open	2022-07-01	9006847	119232	8841	0	13	0	3	0	0	1	2	0	0	4	0	0	0	0	0	48	0	0	0	0	0	0	0	0	0	0	0	0	0	0	0	0	0
BMJ Open	2022-07-01	9014072	90707	7753	0	3	0	12	0	0	0	1	0	0	4	3	0	0	0	0	89	0	0	1	0	0	0	0	0	0	0	0	0	0	0	0	0	1
BMJ Open	2022-07-01	9013791	79992	7870	0	6	0	2	0	0	4	6	0	0	0	1	0	0	0	0	45	0	0	2	0	0	2	0	0	0	0	0	0	0	0	0	0	0
BMJ Open	2022-07-01	9014030	74059	6461	0	5	0	4	0	0	3	0	0	0	0	2	0	0	0	0	35	0	0	0	0	0	0	0	0	0	0	0	0	1	0	0	0	0
BMJ Open	2022-07-01	9014037	142591	11278	0	6	1	7	2	0	4	12	0	2	5	7	0	0	1	0	73	0	0	10	0	0	0	0	0	0	0	0	0	0	0	0	0	0
BMJ Open	2022-07-01	9013998	97917	9581	0	3	2	4	0	0	0	0	0	0	4	0	0	0	0	0	25	0	0	2	0	0	2	0	2	0	0	0	0	0	0	0	0	0
BMJ Open	2022-07-01	9006796	61880	5332	0	2	0	6	1	0	5	0	0	0	0	0	0	0	0	1	39	0	0	0	0	3	1	3	0	0	0	0	0	0	0	0	0	0
BMJ Open	2022-07-01	9013794	104109	9250	0	3	0	0	0	0	7	5	0	0	7	2	0	0	0	0	16	0	0	2	0	0	3	0	0	0	0	0	0	0	0	0	0	0
BMJ Open	2022-07-01	9014057	81934	7380	0	4	0	1	0	0	1	8	0	40	9	1	0	0	0	0	24	0	0	0	0	0	0	1	1	0	0	0	0	0	0	0	0	0
BMJ Open	2022-07-01	9006803	38201	3243	0	4	0	5	0	0	0	0	0	0	1	9	0	0	0	0	33	0	0	0	0	0	0	1	0	0	0	0	0	0	0	0	0	0
BMJ Open	2022-07-01	9006820	94692	7549	0	5	0	11	0	0	0	0	0	0	0	0	0	0	1	0	53	0	0	0	0	0	0	0	0	0	0	0	0	0	0	0	0	0
BMJ Open	2022-07-01	9014105	125608	11034	0	14	0	2	0	0	9	1	0	0	3	0	0	0	0	0	47	0	0	1	0	0	0	0	0	0	0	0	0	0	0	0	0	0
BMJ Open	2022-07-01	9013993	89286	7679	0	5	0	2	0	0	0	0	0	0	5	3	0	0	1	0	44	0	0	0	0	0	0	0	0	0	0	0	0	0	0	1	0	0
BMJ Open	2022-07-01	9036461	50287	5003	0	2	2	12	4	0	5	0	0	0	1	0	0	0	0	0	49	0	0	2	0	1	1	0	0	0	0	0	0	0	0	0	0	0
BMJ Open	2022-07-01	9021454	69843	7549	0	6	0	0	0	0	3	0	0	0	0	0	0	0	1	0	22	0	0	2	0	0	0	0	0	0	0	0	0	0	0	0	0	0
BMJ Open	2022-07-01	9021776	41780	3394	0	3	0	5	0	0	0	0	0	0	0	0	0	0	0	0	29	0	0	0	0	0	1	0	0	0	0	0	0	0	1	0	0	0
BMJ Open	2022-07-01	9058787	144058	11851	0	3	1	7	2	0	0	1	0	0	5	9	0	0	1	0	161	0	0	0	0	0	3	0	0	0	0	0	0	0	0	0	0	0
BMJ Open	2022-07-01	9021457	93834	9849	0	3	0	1	0	0	2	5	0	0	3	0	0	0	0	0	20	0	0	3	0	0	9	0	1	0	0	0	0	0	0	0	0	0
BMJ Open	2022-07-01	9021804	99342	10408	0	6	0	0	0	0	4	0	0	0	2	2	0	0	2	0	54	0	1	4	0	1	1	0	0	0	0	0	1	1	0	0	0	0
BMJ Open	2022-07-01	9020291	117665	10240	0	3	0	0	0	0	0	0	0	0	7	2	0	0	0	0	45	0	0	0	0	0	0	0	0	1	0	0	0	0	0	0	0	0
BMJ Open	2022-07-01	9036424	5168	418	0	0	0	0	0	0	0	0	0	0	0	0	0	0	0	0	3	0	0	0	0	0	0	0	0	0	0	0	0	0	0	0	0	0
BMJ Open	2022-07-01	9023851	54561	4757	0	1	0	1	0	0	0	0	0	0	0	0	0	0	0	0	35	0	0	0	0	0	0	0	0	0	0	0	0	0	1	0	0	0
BMJ Open	2022-07-01	9036430	65646	6377	0	2	0	6	0	0	0	0	0	0	2	1	0	0	0	0	51	0	0	2	0	0	0	0	0	0	0	0	0	0	0	0	0	0
BMJ Open	2022-07-01	9024255	163527	14782	0	4	1	3	0	0	3	1	0	2	2	0	0	0	0	0	30	0	0	2	0	0	1	0	0	0	0	0	0	0	0	0	0	0
BMJ Open	2022-07-01	9021461	71066	7238	0	3	0	0	0	0	1	3	0	0	0	8	0	0	1	0	28	0	0	1	0	0	0	0	2	0	0	0	0	0	0	0	0	0
BMJ Open	2022-07-01	9020299	125148	11167	0	19	0	2	0	0	5	2	0	0	18	4	0	0	1	0	88	0	0	0	0	0	0	0	0	0	0	0	0	0	1	0	0	0
BMJ Open	2022-07-01	9024230	71305	6467	0	21	0	0	0	0	2	5	0	0	10	1	0	0	0	0	36	0	0	0	0	0	0	0	0	0	0	0	0	0	0	0	0	0
BMJ Open	2022-07-01	9036431	56771	5954	0	7	0	0	0	0	1	0	0	0	16	2	0	0	1	0	72	0	0	1	0	0	0	0	0	0	0	0	0	0	0	0	0	0
BMJ Open	2022-07-01	9021764	95565	9036	0	2	1	0	0	0	12	0	0	0	0	0	0	0	0	0	24	0	0	9	0	0	0	0	1	0	0	0	1	0	0	0	0	0
BMJ Open	2022-07-01	9020310	117263	9078	0	11	0	7	0	0	6	3	0	0	3	1	0	0	1	0	64	0	0	3	0	0	1	0	0	0	0	0	0	0	0	0	0	0
BMJ Open	2022-07-01	9024233	77014	6721	0	7	0	4	0	0	0	4	0	0	1	1	0	0	0	0	51	0	0	0	0	0	0	0	0	0	0	0	0	0	0	1	0	0
BMJ Open	2022-07-01	9023849	104889	9359	0	15	0	2	0	0	0	1	0	0	0	0	0	0	1	0	67	0	0	0	0	0	0	0	0	0	0	0	0	0	0	0	0	1
BMJ Open	2022-07-01	9036426	45937	4410	0	2	0	1	0	0	1	0	0	1	0	3	0	0	0	0	24	0	0	0	0	0	1	0	0	0	0	0	0	0	0	0	0	0
BMJ Open	2022-07-01	9024228	84864	7727	0	16	1	0	0	0	2	8	0	0	2	2	0	0	0	0	50	0	0	1	0	0	0	0	0	0	0	0	0	0	0	0	0	0
BMJ Open	2022-07-01	9036428	63827	5777	0	3	0	0	0	0	0	0	0	0	2	0	0	0	0	0	79	0	0	1	0	0	2	0	0	0	0	0	0	0	0	0	0	0
BMJ Open	2022-07-01	9036467	116793	10052	0	6	1	5	0	0	0	0	0	0	13	0	0	1	0	0	35	0	0	0	0	0	0	0	0	0	0	0	0	0	0	0	0	0
BMJ Open	2022-07-01	9024234	58336	5348	0	3	2	0	0	0	6	0	0	0	0	0	0	0	0	0	31	0	2	1	0	0	0	0	0	0	0	0	0	0	0	0	0	0
BMJ Open	2022-07-01	9020288	100271	9530	0	3	0	14	0	0	0	4	0	0	2	2	0	0	0	0	51	0	0	1	0	0	0	0	0	0	0	0	0	0	0	1	0	0
BMJ Open	2022-07-01	9045106	98702	8486	0	16	0	11	0	0	2	2	0	0	14	1	0	0	0	0	110	0	0	0	0	0	1	1	0	0	1	0	0	0	0	0	0	0
BMJ Open	2022-07-01	9047976	88093	7492	0	1	0	4	0	0	3	0	0	0	0	0	0	0	0	0	18	0	0	0	0	0	0	2	0	0	0	0	1	0	0	0	0	0
BMJ Open	2022-07-01	9058791	132999	11551	0	6	0	0	0	0	0	0	0	0	1	1	0	0	2	0	31	0	0	1	0	0	0	0	0	0	0	0	0	1	0	0	0	0
BMJ Open	2022-07-01	9047744	82819	7645	0	4	0	1	0	0	1	0	0	0	0	2	0	0	0	0	39	0	0	1	0	0	1	0	0	0	0	0	0	0	0	0	0	0
BMJ Open	2022-07-01	9045117	96670	8324	0	4	0	0	0	0	0	0	0	0	19	2	0	0	0	0	33	0	0	0	0	0	0	0	3	0	0	0	0	0	0	0	0	0
BMJ Open	2022-07-01	9058785	68414	6661	0	2	0	1	0	0	1	2	0	0	4	10	0	0	0	0	25	0	0	2	0	0	0	0	0	0	0	0	0	0	0	0	0	0
BMJ Open	2022-07-01	9058692	56347	5112	0	11	2	2	0	0	4	2	0	0	2	2	0	0	0	0	46	0	0	0	0	0	2	0	0	0	0	0	0	0	0	0	0	0
BMJ Open	2022-07-01	9058765	71644	7029	0	3	1	11	0	0	2	1	0	0	1	2	0	0	2	0	35	0	0	0	0	0	0	0	0	0	0	0	0	0	0	0	0	0
BMJ Open	2022-07-01	9045061	93805	9052	0	17	1	10	6	0	5	4	0	0	9	0	0	0	5	0	142	0	0	0	0	0	1	3	0	0	0	0	1	0	0	0	0	0
BMJ Open	2022-07-01	9058799	135793	10211	0	0	0	0	0	0	1	0	0	0	3	2	0	0	0	0	43	0	0	0	0	0	0	0	2	0	0	0	2	0	0	0	0	0
BMJ Open	2022-07-01	9058771	95277	8988	0	9	0	4	0	0	4	1	0	0	1	0	0	0	0	0	15	0	0	0	0	0	1	0	0	0	0	0	0	0	0	0	0	0
BMJ Open	2022-07-01	9047705	137470	11733	0	9	0	9	0	0	1	6	0	0	8	3	0	0	1	0	54	0	0	0	0	0	1	0	0	0	0	0	0	0	0	0	0	0
BMJ Open	2022-07-01	9058783	120718	10726	0	4	0	4	0	0	0	2	0	0	7	0	0	1	1	0	66	0	0	1	0	0	4	0	0	0	0	0	0	0	0	0	0	0
BMJ Open	2022-07-01	9045052	112215	9484	0	1	0	5	0	0	0	0	0	1	8	0	0	0	0	0	43	0	0	0	0	0	0	3	0	0	0	0	0	0	0	0	0	0
BMJ Open	2022-07-01	9058291	66128	7215	0	1	0	0	0	0	4	0	0	0	0	0	0	0	0	0	25	0	0	6	0	0	0	0	0	0	0	0	0	0	0	0	0	0
BMJ Open	2022-07-01	9058772	137030	11291	0	5	0	8	0	0	3	14	0	0	1	0	0	0	3	0	85	0	0	5	0	0	9	0	2	0	0	0	0	0	0	0	0	0
BMJ Open	2022-07-01	10098263	80856	6847	0	15	4	2	0	0	2	0	0	0	19	0	0	0	1	0	26	0	0	1	0	0	2	0	0	0	0	0	0	0	0	1	0	0
BMJ Open	2022-07-01	9058758	72810	7475	0	3	2	4	0	0	0	6	0	0	1	0	0	0	0	0	39	0	0	5	0	0	2	0	1	0	0	0	0	0	0	0	0	0
BMJ Open	2022-07-01	9058807	114842	10384	0	4	0	3	0	0	3	5	0	0	2	0	0	0	1	0	47	0	0	0	0	0	1	0	0	0	0	0	0	0	0	0	0	0
BMJ Open	2022-07-01	9047816	54244	4376	0	0	0	0	2	0	0	0	0	0	0	0	0	0	0	0	5	0	0	0	0	0	2	0	0	0	0	0	0	0	0	0	0	0
BMJ Open	2022-07-01	9058763	240823	20316	0	4	1	3	0	0	3	3	0	1	2	2	0	0	3	0	54	0	0	1	0	0	2	0	0	0	0	0	0	0	0	0	0	0
BMJ Open	2022-07-01	9047977	58051	4583	0	2	0	0	0	0	0	1	0	1	0	1	0	0	0	0	21	0	0	0	0	0	0	0	0	0	0	0	0	0	0	0	0	0
BMJ Open	2022-07-01	9058764	175920	14372	0	2	0	2	1	0	3	2	0	0	6	4	0	0	0	0	120	0	0	0	0	0	5	1	0	0	0	0	0	0	0	0	0	0
BMJ Open	2022-07-01	9058800	200856	15726	0	7	0	9	0	0	0	0	0	0	7	3	0	0	2	0	140	0	0	0	0	4	1	0	0	0	0	0	0	0	0	0	0	0
BMJ Open	2022-07-01	9052058	62490	4931	0	11	0	4	0	0	1	4	0	0	2	1	0	0	1	0	42	0	0	0	0	0	1	0	0	0	0	0	0	0	1	0	0	0
BMJ Open	2022-07-01	9083432	115786	9356	0	8	0	10	3	0	10	8	0	0	4	1	0	0	0	0	68	0	0	4	0	0	0	0	0	0	0	0	0	0	0	0	0	0
BMJ Open	2022-07-01	9083403	86087	7683	0	8	0	0	0	0	0	0	0	0	2	1	0	0	0	0	33	0	0	0	0	0	0	0	0	0	0	0	0	0	0	0	0	0
BMJ Open	2022-07-01	9073395	51910	4037	0	6	0	1	0	0	0	0	0	0	1	0	0	0	0	0	27	0	0	0	0	0	1	0	0	0	0	0	0	0	0	0	0	0
BMJ Open	2022-07-01	9066482	46987	4329	0	1	0	2	0	0	1	1	0	0	0	0	0	0	1	0	28	0	0	5	0	0	0	1	0	0	0	0	0	0	0	0	0	0
BMJ Open	2022-07-01	9062789	51880	5112	0	6	1	1	2	0	0	0	0	0	1	5	0	0	0	0	87	0	0	1	0	0	0	0	1	0	0	0	0	0	0	0	0	0
BMJ Open	2022-07-01	9083421	73352	7368	0	4	2	2	0	0	1	0	0	0	0	0	0	0	0	0	21	0	0	2	0	0	0	0	0	0	0	0	0	0	1	0	0	0
BMJ Open	2022-07-01	9083420	42989	4196	0	3	0	3	0	0	0	0	0	0	3	4	0	0	0	0	31	0	0	0	0	0	1	1	0	0	0	0	0	0	0	0	0	0
BMJ Open	2022-07-01	9073393	54804	4592	0	6	0	2	0	0	1	0	0	0	5	0	0	0	0	0	52	0	0	1	0	0	1	0	0	0	0	0	0	0	0	0	0	0
BMJ Open	2022-07-01	9083386	100148	8890	0	14	1	7	0	0	0	1	0	1	2	5	0	0	4	0	54	0	0	0	0	0	3	0	0	0	0	0	0	0	0	0	0	0
BMJ Open	2022-07-01	9062455	99912	10369	0	3	4	1	0	0	7	1	0	0	2	0	0	0	0	0	40	0	0	8	0	0	17	0	0	0	0	1	0	0	0	0	0	0
BMJ Open	2022-07-01	9073414	37963	3270	0	9	0	6	1	0	0	0	0	0	1	0	0	0	0	0	20	0	0	0	0	0	1	1	0	0	0	0	0	0	0	0	0	0
BMJ Open	2022-07-01	9062821	109157	9908	0	2	0	0	0	0	5	1	0	1	1	0	0	0	2	0	47	0	0	6	0	0	0	0	0	0	0	0	0	0	0	0	0	0
BMJ Open	2022-07-01	9062808	93624	8669	0	5	0	0	0	0	1	13	0	0	6	0	0	0	1	0	31	0	0	0	0	0	0	0	0	0	0	0	0	0	0	1	0	0
BMJ Open	2022-07-01	9062461	93852	8808	0	6	0	4	0	0	4	0	0	0	7	0	1	0	0	0	33	0	0	2	0	0	0	0	0	0	0	0	0	0	0	0	0	0
BMJ Open	2022-07-01	9062791	80721	8105	0	14	0	2	0	0	0	0	0	0	2	0	0	0	0	0	39	0	0	1	0	0	1	0	0	0	0	0	0	0	0	1	0	0
BMJ Open	2022-07-01	9066562	113071	11123	0	4	2	5	0	0	1	1	0	0	3	0	0	0	0	0	70	0	0	1	0	0	0	0	1	0	0	0	0	0	0	0	0	0
BMJ Open	2022-07-01	9062872	89617	8091	0	5	0	0	0	0	3	0	0	0	0	4	0	0	0	0	39	0	0	3	0	0	1	0	0	0	0	0	0	0	0	0	0	0
BMJ Open	2022-07-01	9073409	138043	10267	0	2	0	3	4	0	2	5	0	0	2	1	0	0	0	0	76	0	0	6	0	0	1	1	0	0	0	0	0	0	0	0	0	0
BMJ Open	2022-07-01	9062796	73658	6948	0	1	0	0	0	0	0	0	0	2	0	0	0	0	1	0	58	0	0	0	0	0	0	0	0	0	0	0	0	0	0	0	0	0
BMJ Open	2022-07-01	9073412	53512	5554	0	1	1	2	0	0	2	1	0	0	0	4	0	0	0	0	65	0	0	0	0	0	1	0	0	0	0	0	0	0	0	0	0	0
BMJ Open	2022-07-01	9062795	88841	8342	0	13	0	1	0	0	1	5	0	0	1	2	0	0	0	0	35	0	0	2	0	0	0	0	0	0	0	0	0	0	1	2	0	0
BMJ Open	2022-07-01	9062809	66289	5196	0	2	0	3	1	0	3	9	0	0	12	0	0	0	0	0	46	0	0	5	0	0	0	0	0	0	0	0	0	0	0	0	0	0
BMJ Open	2022-07-01	9066484	162614	12227	0	21	1	16	0	0	7	3	0	2	33	5	0	0	1	0	158	0	0	0	0	0	2	0	0	0	0	0	0	1	0	1	0	0
BMJ Open	2022-07-01	9062800	61002	4564	0	2	0	2	0	0	2	0	0	0	0	0	0	0	0	0	41	0	0	1	0	0	0	0	0	0	0	0	0	0	0	0	0	0
BMJ Open	2022-07-01	9083423	143118	11938	0	3	1	2	0	0	1	2	0	0	6	2	0	0	0	0	60	0	0	0	0	0	0	0	1	0	0	0	0	0	1	0	0	0
BMJ Open	2022-07-01	9096538	90616	7520	0	3	0	5	0	0	1	6	0	0	0	1	0	0	0	0	128	0	0	1	0	0	5	0	0	0	0	0	0	0	0	0	0	0
BMJ Open	2022-07-01	9096568	83259	7353	0	10	1	10	0	0	4	5	0	0	5	1	0	0	0	0	73	0	1	2	0	0	0	0	0	0	0	0	0	0	0	0	0	0
BMJ Open	2022-07-01	9096531	111256	10254	0	4	0	3	0	0	0	6	0	4	2	3	0	0	0	0	52	0	0	0	0	0	0	0	0	0	0	0	0	0	0	0	0	0
BMJ Open	2022-07-01	9096055	112878	10372	0	3	1	14	0	0	0	2	0	0	8	0	0	0	1	0	29	0	0	0	0	0	1	0	0	0	0	0	0	0	1	0	0	0
BMJ Open	2022-07-01	9109028	56612	4826	0	1	0	4	0	0	2	0	0	0	0	0	0	0	0	0	39	0	0	0	0	0	0	0	0	0	0	0	0	0	0	0	0	0
BMJ Open	2022-07-01	9096053	53442	4858	0	3	0	0	0	0	0	1	0	0	1	0	0	0	0	0	31	0	0	0	0	0	0	0	0	0	0	0	0	0	0	0	0	0
BMJ Open	2022-07-01	9109087	94513	9322	0	4	1	2	0	0	1	5	0	2	8	1	0	0	1	0	49	0	0	1	0	0	0	0	0	0	0	0	0	0	0	0	0	0
BMJ Open	2022-07-01	9125760	88046	7633	0	3	2	4	0	1	0	4	0	0	13	0	0	0	2	0	50	0	0	0	0	0	0	0	0	0	0	0	0	0	0	0	0	0
BMJ Open	2022-07-01	9092128	138036	12874	0	6	0	0	0	0	1	10	0	0	0	7	0	0	0	0	25	0	0	2	0	1	1	0	0	0	0	0	0	0	0	0	0	0
BMJ Open	2022-07-01	9086607	48674	3979	0	1	0	4	0	0	0	0	0	0	0	0	0	0	0	0	38	0	0	0	0	0	0	0	0	0	0	0	0	0	0	0	0	0
BMJ Open	2022-07-01	9086605	104034	10647	0	3	1	5	0	0	1	0	0	0	31	0	0	0	0	0	54	0	0	0	0	0	2	0	0	0	0	0	0	0	0	0	0	3
BMJ Open	2022-07-01	9096530	111711	10280	0	9	2	4	0	0	1	0	0	0	4	2	0	0	0	0	23	0	0	0	0	0	0	0	0	0	0	0	0	0	0	0	0	0
BMJ Open	2022-07-01	9096541	50490	5033	0	0	0	1	0	0	1	0	0	1	3	0	0	0	0	0	51	0	0	0	0	0	1	0	0	0	0	0	0	1	0	0	0	0
BMJ Open	2022-07-01	9086620	87317	8394	0	0	0	2	0	0	1	2	0	0	1	0	0	0	0	0	9	0	0	5	0	0	0	0	0	0	0	0	0	0	0	0	0	0
BMJ Open	2022-07-01	9086610	55349	5727	0	1	0	2	0	0	0	0	0	0	0	3	0	0	0	0	54	0	0	0	0	0	0	0	1	0	0	0	0	1	0	0	0	0
BMJ Open	2022-07-01	9092180	78003	6754	0	2	0	4	0	0	0	0	0	0	23	2	0	0	1	0	26	0	0	2	0	0	0	0	0	0	0	0	0	0	0	0	0	0
BMJ Open	2022-07-01	9109098	64383	5973	0	7	0	5	0	0	0	0	0	1	0	1	0	0	0	0	20	0	0	0	0	0	1	0	0	0	0	0	0	0	1	0	0	0
BMJ Open	2022-07-01	9086645	94170	8287	0	12	0	3	0	0	5	4	0	0	6	4	0	0	1	0	97	0	0	2	0	1	1	0	0	0	0	0	0	0	0	0	0	0
BMJ Open	2022-07-01	9096054	99348	9040	0	7	0	4	0	0	0	1	0	0	0	0	0	0	1	0	36	0	0	0	0	0	0	0	0	0	0	0	0	0	0	0	0	0
BMJ Open	2022-07-01	9096526	100025	9363	0	11	0	3	0	0	6	1	0	0	4	12	0	0	3	0	58	0	0	1	0	0	0	0	0	0	0	0	0	1	0	0	0	0
BMJ Open	2022-07-01	9096569	127771	11747	0	14	0	2	0	0	0	5	0	0	13	10	0	0	0	0	44	0	0	1	0	0	3	0	0	0	0	0	0	0	0	0	0	0
BMJ Open	2022-07-01	9096546	110073	9724	0	12	0	2	0	0	1	2	0	0	0	5	0	0	2	0	34	0	0	0	0	0	1	0	1	0	0	0	0	0	0	0	0	0
BMJ Open	2022-07-01	9096052	45635	4009	0	5	0	1	0	0	0	0	0	0	9	9	0	0	2	0	31	0	0	0	0	0	0	0	0	0	0	0	0	0	0	0	0	0
BMJ Open	2022-07-01	9096477	5092	412	0	0	0	0	0	0	0	0	0	0	0	0	0	0	0	0	2	0	0	0	0	0	0	0	0	0	0	0	0	0	0	0	0	0
BMJ Open	2022-07-01	9109034	104918	9163	0	5	0	6	0	0	1	0	0	0	4	0	1	0	0	0	67	0	0	17	0	0	0	0	0	0	0	0	0	0	0	1	0	0
BMJ Open	2022-07-01	9121495	103895	10578	0	5	0	1	0	0	5	1	0	0	8	0	1	0	0	0	80	0	0	0	0	0	0	0	0	0	0	0	0	0	0	0	0	0
BMJ Open	2022-07-01	9121487	93362	8427	0	7	0	1	0	0	5	1	0	0	0	0	0	0	1	0	14	0	0	2	0	0	0	0	0	0	0	0	0	0	0	0	0	0
BMJ Open	2022-07-01	9121107	91637	8211	0	5	0	6	0	0	3	1	0	3	2	0	0	0	0	0	30	0	0	1	0	0	0	0	0	0	0	0	1	1	0	0	0	0
BMJ Open	2022-07-01	9119188	149090	12353	0	5	2	6	0	0	1	2	0	13	4	0	0	0	0	0	164	0	0	1	0	0	0	0	0	0	0	0	0	0	0	0	0	0
BMJ Open	2022-07-01	9114957	75238	6288	0	9	0	1	0	0	4	0	0	0	0	2	0	0	0	0	54	0	0	0	0	0	1	0	0	0	0	0	0	0	0	0	0	0
BMJ Open	2022-07-01	9121108	114870	10536	0	7	0	1	0	0	4	3	0	0	0	0	0	0	1	0	36	0	0	1	0	0	1	0	0	0	0	0	0	0	0	0	0	0
BMJ Open	2022-07-01	9115030	85470	6634	0	14	0	3	0	0	7	1	0	1	6	0	0	0	1	0	52	0	0	0	0	0	1	1	0	0	0	0	0	0	0	0	0	0
BMJ Open	2022-07-01	9121110	95000	7163	0	4	0	3	0	0	0	0	0	2	6	0	2	0	0	0	74	0	0	1	0	0	2	2	0	0	0	0	0	0	0	0	0	0
BMJ Open	2022-07-01	9121481	88039	8204	0	21	0	5	0	0	0	0	0	0	7	0	0	0	1	0	51	0	0	0	0	0	2	0	0	0	0	0	0	0	0	0	0	0
BMJ Open	2022-07-01	9121111	92673	8363	0	2	0	0	0	0	1	0	0	0	0	0	0	0	0	0	28	0	0	0	0	0	0	0	0	0	0	0	0	0	0	0	0	0
BMJ Open	2022-07-01	9121113	79059	7992	0	8	0	0	0	0	2	0	0	1	0	4	0	0	4	1	33	0	0	3	0	2	3	0	1	0	0	0	0	0	0	1	0	0
BMJ Open	2022-07-01	9114948	90957	7550	0	6	0	9	0	0	2	0	0	0	0	4	0	0	3	0	98	0	0	1	0	0	0	0	0	0	0	0	0	0	0	0	0	0
BMJ Open	2022-07-01	9121490	171330	16133	0	7	0	9	0	0	1	15	0	9	22	0	0	0	0	0	49	0	0	4	0	0	1	0	0	0	0	0	0	0	0	0	0	0
BMJ Open	2022-07-01	9119190	138360	12947	0	8	1	1	0	0	1	0	0	0	13	1	0	0	1	0	14	0	0	2	0	0	1	0	0	0	0	0	0	0	0	0	0	0
BMJ Open	2022-07-01	9121109	100700	8922	0	5	0	3	0	0	0	3	0	0	1	2	0	0	2	0	41	0	0	0	0	0	1	0	2	0	0	0	1	0	0	0	0	0
BMJ Open	2022-07-01	9121489	66276	5492	0	8	0	5	0	0	3	13	0	0	7	3	0	0	2	0	88	0	0	0	0	0	2	0	1	0	0	0	0	0	0	0	0	0
BMJ Open	2022-07-01	9121411	173962	15285	0	2	6	1	0	0	2	2	0	0	1	0	0	1	0	0	35	0	0	2	0	0	0	0	0	0	0	0	0	0	0	0	0	0
BMJ Open	2022-07-01	9119183	102168	8934	0	4	0	4	0	0	1	1	0	0	11	0	0	0	0	0	47	0	0	3	0	0	1	0	2	0	0	0	0	0	0	0	0	0
BMJ Open	2022-07-01	9121477	99335	9138	0	5	0	1	0	0	2	2	0	0	2	0	0	0	0	0	34	0	0	0	0	0	0	0	0	0	0	0	0	0	0	0	0	0
BMJ Open	2022-07-01	9119181	61516	5529	0	4	0	7	0	0	1	2	0	0	1	0	0	0	1	0	37	0	0	1	0	0	2	0	0	0	0	0	0	0	0	0	0	0
BMJ Open	2022-07-01	9114855	107882	8556	0	3	0	0	0	0	3	0	0	0	1	1	0	0	0	0	30	0	0	0	0	0	2	0	0	0	0	0	0	0	0	0	0	0
BMJ Open	2022-07-01	9115026	57956	4890	0	3	0	0	0	0	1	5	0	0	5	2	0	0	0	0	49	0	0	0	0	0	0	0	1	0	0	0	0	0	0	0	0	0
BMJ Open	2022-07-01	9114847	65415	6169	0	3	2	1	0	0	4	0	0	0	0	1	0	0	1	0	19	0	0	0	0	0	0	0	0	0	0	0	0	0	0	0	0	0
BMJ Open	2022-07-01	9115041	61857	5468	0	0	0	3	0	0	0	1	0	0	2	2	0	0	0	0	31	0	0	0	0	0	1	0	0	0	0	0	0	0	0	0	0	0
BMJ Open	2022-07-01	9114849	83310	6920	0	5	0	2	0	0	2	1	0	0	2	1	0	0	0	0	20	0	0	0	0	1	0	0	0	0	0	0	0	0	0	0	0	0
BMJ Open	2022-07-01	9161073	136588	12298	0	0	0	0	0	0	1	5	0	0	14	0	0	0	0	0	44	0	0	0	0	0	1	0	0	0	0	0	0	0	0	0	0	0
BMJ Open	2022-07-01	9174834	4434	330	0	0	0	0	0	0	0	0	0	0	0	0	0	0	0	0	0	0	0	0	0	0	0	0	0	0	0	0	0	0	0	0	0	0
BMJ Open	2022-07-01	9152624	132559	10087	0	1	0	1	0	0	6	1	0	0	1	13	0	0	1	0	47	0	0	2	0	0	1	0	0	0	0	0	0	0	0	2	0	0
BMJ Open	2022-07-01	9150171	112300	9924	0	14	0	8	0	0	0	6	0	0	6	24	0	0	1	0	96	0	0	0	0	0	0	1	0	0	0	0	0	0	0	0	0	0
BMJ Open	2022-07-01	9157349	152734	13794	0	10	2	5	0	0	3	0	0	0	0	1	0	0	0	0	169	0	1	4	0	0	14	0	0	0	0	0	0	0	0	2	0	0
BMJ Open	2022-07-01	9157332	60875	5770	0	5	1	4	0	0	0	0	0	0	6	2	0	0	0	1	58	0	0	0	0	0	0	0	0	0	0	0	0	0	0	0	0	0
BMJ Open	2022-07-01	9152933	112771	9770	0	4	0	0	0	0	1	12	0	0	1	3	0	0	0	0	33	0	0	5	0	0	6	0	0	0	0	0	0	0	0	0	0	0
BMJ Open	2022-07-01	9157351	145469	11750	0	17	0	4	0	0	2	1	0	0	1	2	0	0	1	0	46	0	0	0	0	2	1	1	0	0	0	0	0	0	0	0	0	0
BMJ Open	2022-07-01	9152945	104167	9254	0	6	0	2	0	0	1	5	0	0	0	0	0	0	1	0	44	0	0	10	0	0	1	0	0	0	0	0	0	0	0	0	0	0
BMJ Open	2022-07-01	9125700	119812	10454	0	9	0	15	0	0	1	2	0	0	4	5	0	0	1	0	40	0	0	2	0	0	1	0	0	1	0	0	0	0	0	0	0	0
BMJ Open	2022-07-01	9160588	84402	8114	0	3	1	7	0	0	0	1	0	0	3	0	0	0	0	0	70	0	0	1	0	3	1	0	0	0	0	0	0	0	0	2	0	0
BMJ Open	2022-07-01	9160595	112653	9913	0	3	3	0	0	0	3	0	0	0	1	1	0	0	0	0	74	0	0	1	0	0	1	0	0	0	0	0	0	0	0	0	0	0
BMJ Open	2022-07-01	9153056	167775	15063	0	4	0	1	0	0	0	0	0	0	14	0	0	0	1	0	68	0	0	3	0	0	0	0	0	0	0	0	1	0	0	0	0	0
BMJ Open	2022-07-01	9152934	102482	8657	0	1	1	0	0	0	8	1	0	2	1	0	0	0	0	0	67	0	0	2	0	1	2	0	0	0	0	0	0	0	0	0	0	0
BMJ Open	2022-07-01	9161103	72763	6302	0	1	1	2	0	0	1	0	0	0	8	0	0	0	0	0	33	0	0	2	0	0	0	0	0	0	0	0	0	0	0	0	0	0
BMJ Open	2022-07-01	9152622	63080	6022	0	2	0	4	0	0	0	0	0	0	0	0	0	0	1	0	74	0	0	1	0	0	4	0	0	0	0	0	0	0	0	0	0	0
BMJ Open	2022-07-01	9161055	47285	4596	0	3	0	1	0	0	1	1	0	0	2	0	0	0	0	0	39	0	0	0	0	0	0	0	0	0	0	0	1	0	0	0	0	0
BMJ Open	2022-07-01	9171255	126247	11546	0	4	0	2	0	0	1	4	0	0	0	0	0	0	0	0	49	0	0	1	0	0	1	0	0	0	0	0	0	0	0	1	0	0
BMJ Open	2022-07-01	9161053	92645	9239	0	3	1	4	0	0	0	0	0	0	11	1	0	0	0	0	52	0	0	0	0	0	3	0	0	0	0	0	0	0	0	0	0	0
BMJ Open	2022-07-01	9160592	71673	7071	0	2	0	0	0	0	5	0	0	1	2	0	0	0	0	0	52	0	0	3	0	0	0	0	0	0	0	0	0	0	0	0	0	0
BMJ Open	2022-07-01	9152932	87644	6368	0	18	0	4	0	0	4	1	0	0	5	0	0	0	0	0	37	0	0	0	0	0	0	0	0	1	0	0	0	0	0	0	0	0
BMJ Open	2022-07-01	9327797	103471	11402	0	2	0	1	0	0	8	1	0	1	0	0	0	0	0	0	40	0	0	3	0	0	1	0	0	0	0	0	0	0	0	0	0	0
BMJ Open	2022-07-01	9137347	211421	17520	0	5	0	0	0	0	5	3	0	0	2	1	0	0	0	0	74	0	0	1	0	0	1	0	0	0	0	0	0	0	0	0	0	0
BMJ Open	2022-07-01	9171221	132476	12495	0	9	1	1	0	0	2	3	0	0	4	1	0	0	0	0	37	0	0	1	0	0	0	0	0	0	0	0	0	0	0	0	0	0
BMJ Open	2022-07-01	9150152	88860	7462	0	8	1	3	0	0	8	1	0	0	4	3	0	0	1	0	93	0	0	5	0	0	1	0	0	0	0	0	0	0	0	0	0	0
BMJ Open	2022-07-01	9171232	106758	9974	0	17	3	0	0	0	0	2	0	0	0	0	0	0	0	0	31	0	0	4	0	0	2	0	0	0	0	0	0	0	0	0	0	0
BMJ Open	2022-07-01	9171285	97485	8314	0	8	0	0	0	0	0	1	0	0	1	1	0	0	0	0	46	0	0	1	0	0	0	0	1	0	1	0	0	1	0	0	0	0
BMJ Open	2022-07-01	9170796	90518	8235	0	9	0	2	0	0	0	0	0	0	3	4	0	0	2	0	29	0	0	0	0	0	0	0	4	0	0	0	0	0	0	0	0	0
BMJ Open	2022-07-01	9171226	80971	7606	0	3	0	1	0	0	2	0	0	0	0	2	0	0	2	0	49	0	0	4	0	0	1	0	1	0	0	0	0	0	0	0	0	0
BMJ Open	2022-07-01	9171272	81898	6763	0	0	0	8	0	0	0	2	0	1	2	5	0	0	0	0	58	0	0	1	0	0	0	0	0	0	0	0	0	0	0	0	0	0
BMJ Open	2022-07-01	9174534	102145	8599	0	5	0	0	0	0	6	1	0	1	0	1	0	0	0	0	64	0	0	0	0	0	0	0	0	0	0	0	1	0	0	0	0	0
BMJ Open	2022-07-01	9185475	112781	9496	0	2	0	2	0	0	1	0	0	0	0	1	0	0	2	1	78	0	0	2	0	0	0	0	0	0	0	0	0	0	0	0	0	0
BMJ Open	2022-07-01	9171277	98235	7786	0	5	0	1	0	0	2	4	0	0	0	3	0	0	1	0	58	0	0	0	0	0	0	0	0	0	0	0	0	0	0	0	0	0
BMJ Open	2022-07-01	9171172	51347	4826	0	1	0	0	0	0	3	0	0	0	0	0	0	0	0	0	52	0	0	0	0	0	2	0	0	0	0	0	1	0	0	0	0	0
BMJ Open	2022-07-01	9171274	138125	11950	2	2	0	7	0	0	8	1	0	0	0	0	0	0	0	0	44	0	0	5	0	0	2	0	0	0	0	0	0	0	0	0	6	0
BMJ Open	2022-07-01	9184994	124633	12387	0	4	3	0	0	0	4	0	0	1	1	1	1	0	1	0	43	0	0	0	0	0	1	0	0	0	0	0	0	0	1	0	0	0
BMJ Open	2022-07-01	9185592	142758	12549	0	12	2	3	0	0	0	0	0	8	3	1	0	0	0	0	96	0	0	2	0	0	0	0	0	0	0	0	0	0	0	0	0	0
BMJ Open	2022-07-01	9171231	103774	9902	0	2	1	1	0	0	11	3	0	0	0	6	0	0	0	0	39	0	0	4	0	0	5	0	1	0	0	0	0	0	1	0	0	1
BMJ Open	2022-07-01	9171265	66065	5621	0	2	0	7	0	0	0	2	0	0	0	4	0	0	0	0	39	0	0	0	0	0	1	0	0	0	0	0	0	0	0	0	0	0
BMJ Open	2022-07-01	9171254	144139	12270	0	1	0	1	0	0	4	0	0	0	4	1	0	0	0	0	57	0	0	0	0	0	0	0	0	0	0	0	0	0	0	0	0	0
BMJ Open	2022-07-01	9174781	95311	9623	0	2	2	4	0	0	4	1	0	0	1	0	0	0	2	0	45	0	0	1	0	0	1	0	2	0	0	0	0	0	0	0	0	0
BMJ Open	2022-07-01	9171209	92576	7206	0	10	0	2	0	0	0	0	0	0	2	1	0	0	6	0	56	0	0	1	0	0	2	0	0	0	0	0	0	0	0	0	0	0
BMJ Open	2022-07-01	9174797	91570	8087	0	4	0	1	0	0	6	0	0	0	0	0	0	0	0	0	6	0	0	1	0	1	0	0	0	0	0	0	0	2	0	0	0	0
BMJ Open	2022-07-01	9170798	86910	8151	0	2	1	2	0	0	0	3	0	1	2	0	0	0	0	0	36	0	0	2	0	0	1	0	0	0	0	0	0	0	0	0	0	0
BMJ Open	2022-07-01	9171216	88583	7930	0	1	0	1	0	0	0	2	0	8	19	3	0	0	0	0	56	0	0	0	0	0	0	0	0	0	0	0	0	0	0	0	0	0
BMJ Open	2022-07-01	9171271	130041	11658	0	2	1	7	0	0	0	0	0	0	1	1	0	0	0	0	35	0	0	0	0	0	0	0	0	0	0	0	0	0	0	0	0	0
BMJ Open	2022-07-01	9174772	67572	5857	0	0	1	2	0	0	1	1	0	1	0	0	0	0	0	0	21	0	0	0	0	0	0	0	0	0	0	0	0	0	0	0	0	1
BMJ Open	2022-07-01	9163534	52079	5139	0	1	2	0	0	0	0	0	0	0	0	0	0	0	0	0	12	0	0	1	0	0	0	0	0	0	0	0	0	0	0	0	0	0
BMJ Open	2022-07-01	9185487	57809	5620	0	10	0	3	0	0	1	3	0	1	0	0	0	0	0	0	51	0	0	2	0	0	0	0	0	0	0	0	0	0	0	0	0	0
BMJ Open	2022-07-01	9171268	73634	7645	0	3	2	6	0	0	7	0	0	0	0	0	0	0	0	0	29	0	0	4	0	0	2	0	0	0	0	0	0	0	0	0	0	0
BMJ Open	2022-07-01	9189820	106238	9238	0	7	0	16	0	0	4	0	0	0	1	3	0	0	0	0	81	0	0	0	0	0	0	0	0	0	0	0	0	0	0	0	0	0
BMJ Open	2022-07-01	9196175	104751	9330	0	7	0	0	1	0	1	4	0	0	9	1	0	0	0	0	62	0	0	1	0	0	0	0	0	0	0	0	0	0	0	0	0	0
BMJ Open	2022-07-01	9189838	126541	9905	0	4	0	4	0	0	1	4	0	2	4	1	0	0	0	0	39	0	0	1	0	0	2	0	0	0	0	0	0	0	0	0	0	0
BMJ Open	2022-07-01	9195156	99650	8778	0	5	2	6	0	0	2	1	0	1	0	1	1	0	1	0	52	0	0	2	0	0	2	0	0	0	0	0	0	0	0	0	0	0
BMJ Open	2022-07-01	9204416	161316	14542	0	12	1	2	2	0	8	3	0	0	2	1	0	0	0	0	59	0	0	2	0	1	3	0	0	7	0	0	0	0	0	0	0	0
BMJ Open	2022-07-01	9198789	129621	11390	0	16	0	0	0	0	3	2	0	0	4	5	0	0	0	0	64	0	0	0	0	0	0	0	0	0	0	0	0	0	1	0	0	0
BMJ Open	2022-07-01	9198387	87358	7706	0	3	0	3	0	0	3	8	0	0	0	4	0	0	2	0	70	0	0	1	0	0	0	0	0	0	0	0	0	0	0	0	0	0
BMJ Open	2022-07-01	9198694	116847	9931	0	6	1	2	0	0	3	7	0	2	0	0	0	0	2	0	34	0	0	1	0	0	0	0	0	0	0	0	0	0	0	0	0	0
BMJ Open	2022-07-01	9196176	55751	4717	0	2	0	1	0	0	4	0	0	0	0	0	0	0	0	0	51	0	0	2	0	0	0	2	0	0	0	0	0	0	0	0	0	0
BMJ Open	2022-07-01	9198704	106153	10136	0	3	1	7	0	0	6	0	0	0	2	1	0	0	2	0	36	0	0	0	0	1	0	0	0	0	0	0	0	0	0	0	0	0
BMJ Open	2022-07-01	9204431	76247	7333	0	12	0	12	0	0	0	0	0	0	3	0	0	0	0	0	75	0	0	0	0	0	1	0	0	0	0	0	0	0	0	0	0	0
BMJ Open	2022-07-01	9196170	74733	6246	0	5	0	5	0	0	4	2	0	0	4	3	0	0	0	0	54	0	0	2	0	0	0	0	0	0	0	0	0	0	0	0	0	0
BMJ Open	2022-07-01	9196189	112037	9644	0	8	1	1	0	0	0	0	0	0	2	6	0	0	1	0	51	0	0	0	0	0	1	0	0	0	1	0	0	0	0	0	0	0
BMJ Open	2022-07-01	9204016	78308	8479	0	1	0	2	0	0	0	0	0	0	1	2	0	0	2	0	7	0	1	3	0	2	3	0	0	0	0	0	0	0	0	0	0	0
BMJ Open	2022-07-01	9189851	101536	8728	0	8	2	15	0	0	3	2	0	0	3	0	0	1	0	0	96	0	0	0	0	0	0	0	0	0	0	0	0	0	0	0	0	0
BMJ Open	2022-07-01	9198691	47251	4875	0	0	1	1	0	0	3	1	0	0	0	0	0	0	0	0	8	0	0	0	0	0	0	0	1	0	0	0	0	0	0	0	0	0
BMJ Open	2022-07-01	9189849	75184	6099	0	2	1	2	0	0	0	0	0	0	0	0	0	0	0	0	38	0	0	0	0	0	1	0	0	0	0	0	0	0	0	0	0	0
BMJ Open	2022-07-01	9204447	108986	9002	0	7	0	6	0	0	0	0	0	0	3	2	0	0	0	0	103	0	0	0	0	0	0	1	0	0	0	0	0	0	0	0	0	0
BMJ Open	2022-07-01	9196171	66916	6099	0	4	0	4	0	0	2	0	0	0	0	0	0	0	0	0	76	0	0	2	0	0	1	0	0	0	0	0	0	0	0	0	0	0
BMJ Open	2022-07-01	9196199	84937	7882	0	4	2	2	0	0	1	0	0	0	0	0	0	0	0	0	37	0	0	3	0	0	1	0	0	0	0	0	0	0	0	0	0	0
BMJ Open	2022-07-01	9204454	54723	4661	0	2	0	1	0	0	6	0	0	1	0	0	0	0	0	0	37	0	0	8	0	0	0	0	0	0	0	0	0	0	0	0	0	0
BMJ Open	2022-07-01	9189546	149046	14565	0	3	0	3	0	0	4	0	0	4	2	0	0	0	0	0	34	0	0	4	0	0	2	0	0	0	0	0	1	0	0	0	0	0
BMJ Open	2022-07-01	9204411	123735	10586	0	10	0	12	0	0	0	0	0	0	1	1	0	0	1	0	35	0	0	1	0	0	0	0	0	0	0	0	0	0	0	0	0	0
BMJ Open	2022-07-01	9185398	56755	5622	0	6	0	1	0	0	2	0	0	0	1	0	0	0	0	0	45	0	0	6	0	0	0	0	0	0	0	0	0	0	0	0	0	0
BMJ Open	2022-07-01	9198791	156400	14228	0	4	0	2	1	0	9	0	0	0	0	2	0	0	0	0	30	0	0	4	0	0	0	0	1	0	0	0	0	0	1	0	0	0
BMJ Open	2022-07-01	9214370	152485	13228	0	5	1	0	0	0	7	1	0	0	0	2	0	0	4	0	64	0	0	4	0	0	2	0	0	0	0	0	0	0	0	0	0	0
BMJ Open	2022-07-01	9214401	138403	11339	0	2	0	1	0	0	0	0	0	0	3	0	0	0	0	0	69	0	0	0	0	0	1	0	0	0	0	0	0	0	0	0	0	0
BMJ Open	2022-07-01	9214359	87776	7916	0	5	1	6	0	0	0	0	0	0	3	1	0	0	1	0	49	0	0	0	0	0	1	0	0	0	0	0	0	0	0	0	0	0
BMJ Open	2022-07-01	9226879	82146	6857	0	2	0	0	0	0	0	1	0	0	0	1	0	0	0	0	36	0	0	0	0	0	0	0	0	0	0	0	0	1	0	0	0	0
BMJ Open	2022-07-01	9226930	50919	4031	0	12	0	5	0	0	3	0	0	0	4	1	0	0	0	0	47	0	0	0	0	0	1	1	0	0	0	0	0	0	0	0	0	0
BMJ Open	2022-07-01	9214407	68838	7532	0	12	0	2	0	0	12	0	0	0	0	1	0	0	1	0	28	0	0	8	0	1	0	0	0	0	0	0	0	0	0	0	0	0
BMJ Open	2022-07-01	9207575	63092	5895	0	7	1	1	0	0	1	0	0	0	0	2	1	0	0	0	56	0	0	1	0	0	1	0	1	0	0	0	0	0	0	0	0	1
BMJ Open	2022-07-01	9226937	97315	7796	0	3	0	2	0	0	0	7	0	0	18	0	0	0	0	0	48	0	0	0	0	0	0	0	0	0	0	0	0	0	0	0	0	0
BMJ Open	2022-07-01	9214374	87172	7971	0	6	0	3	0	0	6	0	0	0	3	0	0	0	1	0	76	0	0	3	0	0	0	0	0	0	0	0	0	0	0	0	0	0
BMJ Open	2022-07-01	9207925	76076	7289	0	1	0	1	0	0	3	1	0	0	3	1	2	0	0	0	37	0	0	1	0	0	2	0	0	0	0	0	0	0	0	0	0	0
BMJ Open	2022-07-01	9214381	90500	8006	0	1	0	0	0	0	2	0	0	0	2	4	0	0	0	0	39	0	0	0	0	0	1	0	0	0	0	0	0	1	0	0	0	0
BMJ Open	2022-07-01	9204413	155218	13290	0	19	0	12	0	0	1	2	0	0	0	3	0	0	1	0	31	0	0	3	0	0	1	0	0	0	0	0	0	0	0	0	0	0
BMJ Open	2022-07-01	9207954	126122	10993	0	0	0	0	0	0	1	0	0	0	15	1	0	0	0	0	9	0	1	0	0	0	0	1	0	0	0	0	0	0	0	2	0	0
BMJ Open	2022-07-01	9226862	90234	8629	0	3	1	5	0	0	0	0	0	0	12	2	0	0	0	0	65	0	0	0	0	0	0	0	0	0	0	0	0	0	0	0	0	0
BMJ Open	2022-07-01	9207897	88363	8084	0	6	0	1	0	0	8	0	0	0	4	2	0	0	0	0	58	0	0	4	0	0	2	0	0	0	0	0	0	0	0	0	0	0
BMJ Open	2022-07-01	9207756	107904	9977	0	19	0	0	0	0	3	0	0	0	3	0	0	0	2	0	13	0	0	8	0	1	0	0	1	0	0	0	1	0	0	0	0	0
BMJ Open	2022-07-01	9207576	138576	12274	0	6	0	5	0	0	3	2	0	2	6	6	0	0	0	0	39	0	0	1	0	0	1	0	1	0	0	0	0	0	0	0	0	0
BMJ Open	2022-07-01	9214410	106041	7898	0	6	0	4	0	0	1	1	0	0	1	1	0	0	0	0	42	0	0	0	0	0	0	0	0	0	0	0	0	0	0	0	0	0
BMJ Open	2022-07-01	9226934	92765	7956	0	18	0	0	0	0	5	0	0	0	12	0	0	3	0	0	150	0	0	1	0	0	0	0	0	0	0	0	0	0	0	0	0	0
BMJ Open	2022-07-01	9214404	94680	8226	0	10	1	7	0	0	0	0	0	0	8	4	0	0	1	0	45	0	0	0	0	0	0	0	0	0	0	0	0	0	0	0	0	0
BMJ Open	2022-07-01	9214357	65606	5040	0	7	0	0	1	0	0	1	0	0	11	0	0	0	0	0	34	0	0	0	0	0	1	0	0	0	0	0	0	0	0	0	0	0
BMJ Open	2022-07-01	9214353	120976	11004	0	1	0	0	0	0	2	0	0	1	3	2	0	0	0	0	49	0	0	0	0	0	0	0	0	0	0	0	0	0	0	0	0	0
BMJ Open	2022-07-01	9214413	200960	17743	0	6	1	7	0	0	0	5	0	4	1	1	0	0	1	0	66	0	0	7	0	1	1	0	0	0	0	0	0	1	0	0	2	0
BMJ Open	2022-07-01	9207757	82327	9231	0	1	4	2	0	0	13	0	0	0	0	0	0	0	0	0	50	0	0	3	0	1	1	0	0	0	0	0	0	2	0	1	0	1
BMJ Open	2022-07-01	9214369	94017	8728	0	11	0	2	0	0	1	2	0	0	6	1	0	0	0	0	67	0	0	3	0	0	1	0	0	0	0	0	0	0	0	0	0	0
BMJ Open	2022-07-01	9244669	86791	6789	0	1	0	1	1	0	1	10	0	0	3	1	0	0	0	0	60	0	0	22	0	2	5	0	2	1	1	0	0	0	0	0	0	0
BMJ Open	2022-07-01	9247696	77463	6738	0	5	0	4	0	0	0	0	0	0	3	3	0	0	0	0	28	0	0	1	0	0	1	0	0	0	0	0	0	0	0	0	1	0
BMJ Open	2022-07-01	9244722	118251	9945	0	9	1	3	0	0	0	1	0	0	1	3	0	0	0	0	42	0	0	0	0	0	0	0	0	0	0	0	2	0	0	0	0	0
BMJ Open	2022-07-01	9240875	183092	14419	0	10	0	2	0	0	1	7	0	0	15	1	0	0	0	0	133	0	0	1	0	1	1	0	0	0	0	0	0	0	0	0	0	0
BMJ Open	2022-07-01	9252204	50177	4260	0	2	2	2	0	0	1	0	0	0	1	5	0	0	0	0	54	0	0	1	0	0	1	0	0	0	0	0	0	0	0	0	0	0
BMJ Open	2022-07-01	9247686	74491	7762	0	3	3	0	0	0	16	2	0	0	0	1	0	0	0	0	43	0	0	1	0	0	11	0	0	0	0	1	0	0	0	0	0	0
BMJ Open	2022-07-01	9244682	111555	9805	0	7	1	0	0	0	0	1	0	64	6	2	0	0	0	0	46	0	0	0	0	0	0	0	0	0	0	0	0	0	0	0	0	0
BMJ Open	2022-07-01	9252200	75836	7566	0	0	0	0	0	0	2	0	0	0	18	0	0	0	1	0	51	0	0	0	0	0	0	1	0	1	0	0	0	0	0	0	0	0
BMJ Open	2022-07-01	9252208	151505	14500	0	3	1	10	2	0	3	0	0	0	5	5	0	0	1	0	40	0	0	1	0	0	1	0	3	0	0	0	0	0	0	0	0	0
BMJ Open	2022-07-01	9252202	138742	11104	0	5	0	4	0	0	0	1	0	0	3	2	0	0	1	0	96	0	0	0	0	0	4	0	0	0	0	0	0	0	0	0	0	0
BMJ Open	2022-07-01	9240935	51292	4628	0	10	0	3	0	0	1	0	0	0	7	1	0	0	0	0	57	0	0	0	0	0	1	0	0	0	0	0	0	0	0	0	0	0
BMJ Open	2022-07-01	9247651	57980	5599	0	5	0	6	0	0	0	2	0	1	12	0	0	0	0	0	108	0	0	0	0	0	2	0	0	0	0	0	0	0	0	0	0	0
BMJ Open	2022-07-01	9244663	58166	4581	0	10	0	0	2	0	2	1	0	0	0	0	0	0	1	0	58	0	0	2	0	0	2	3	0	0	0	0	0	0	0	0	0	0
BMJ Open	2022-07-01	9247692	122348	11783	0	16	1	1	0	0	1	4	0	1	11	0	0	0	1	0	36	0	0	1	0	0	0	0	0	0	0	0	0	2	0	0	0	0
BMJ Open	2022-07-01	9240884	115075	10277	0	5	0	3	0	0	0	0	0	0	0	1	0	0	1	0	60	0	0	0	0	0	0	0	3	0	0	0	0	0	0	0	0	0
BMJ Open	2022-07-01	9240448	97085	9067	0	2	0	0	0	0	0	2	0	2	0	2	0	0	0	0	49	0	0	3	0	0	1	0	0	0	0	0	0	0	1	0	0	0
BMJ Open	2022-07-01	9247323	119208	11457	0	7	0	1	0	0	0	0	0	0	4	0	0	1	0	0	35	0	0	0	0	0	0	0	0	0	0	0	0	0	0	0	0	0
BMJ Open	2022-07-01	9252210	107634	10007	0	4	8	1	0	0	0	0	0	0	1	0	0	0	2	0	35	0	0	5	0	0	0	0	0	0	0	0	0	0	0	0	0	0
BMJ Open	2022-07-01	9237880	212258	20148	0	3	0	13	0	0	0	2	0	0	28	0	0	0	0	0	22	0	0	1	0	0	0	0	0	0	0	0	0	0	0	0	0	0
BMJ Open	2022-07-01	9244716	92627	8598	0	2	0	2	0	0	1	0	0	0	2	2	0	0	0	0	57	0	0	2	0	0	0	0	0	0	0	0	0	0	0	0	0	0
BMJ Open	2022-07-01	9247663	76736	6679	0	9	0	0	0	0	0	2	0	0	0	1	0	0	0	0	91	0	0	0	0	0	0	1	0	0	0	0	0	0	0	0	0	0
BMJ Open	2022-07-01	9237881	72041	6839	0	8	0	0	0	0	0	3	0	0	0	5	0	0	0	0	53	0	0	0	0	1	1	0	0	0	0	0	0	0	1	0	0	0
BMJ Open	2022-07-01	9244685	63204	4937	0	5	0	3	0	0	1	9	0	1	0	4	0	0	1	0	63	0	0	1	0	0	0	0	0	0	0	0	0	0	0	0	0	0
BMJ Open	2022-07-01	9237652	116635	10069	0	5	3	1	0	0	1	14	0	0	1	0	0	0	0	0	76	0	0	0	0	0	1	0	0	0	0	0	0	0	0	0	0	0
BMJ Open	2022-07-01	9244672	61533	6120	0	2	1	1	0	0	3	1	0	0	0	1	0	0	2	0	30	0	0	6	0	0	1	0	0	0	0	0	0	0	0	0	0	0
