journal	date	pmc_id	Nchars	Nwords	delve	analyse	acknowledge	assess	appraise	dissect	explore	examine	extricate	expose	estimate	investigate	inquire	inspect	interpret	scrutinise	study	unearth	uncover	understand	ponder	research	reason	retrieve	avoid	discount	disregard	dismiss	ignore	neglect	overlook	omit	skip	reject
BMJ Open	2024-04-01	10806711	130841	11798	0	15	0	7	0	0	0	6	0	1	2	6	0	0	0	0	63	0	0	4	0	0	2	0	0	0	0	0	1	0	0	0	0	0
BMJ Open	2024-04-01	10773361	91971	7665	0	1	1	2	0	0	3	3	0	0	0	0	0	0	0	0	20	0	2	15	0	0	2	1	1	0	0	0	0	0	0	0	0	0
BMJ Open	2024-04-01	10773341	69453	6209	0	1	1	2	0	0	0	0	0	0	3	4	1	0	1	0	48	0	0	1	0	0	0	0	0	0	0	0	0	0	0	0	0	0
BMJ Open	2024-04-01	10773358	89008	8335	0	6	0	5	0	0	5	0	0	0	0	0	0	0	1	0	34	0	0	0	0	0	0	0	0	0	0	0	0	0	0	0	0	0
BMJ Open	2024-04-01	10773402	84824	8097	0	5	0	5	0	0	0	2	0	0	8	0	0	0	0	0	33	0	0	0	0	0	0	0	0	0	0	0	0	0	0	1	0	0
BMJ Open	2024-04-01	10806721	91342	8759	1	2	0	2	0	0	4	0	0	3	3	0	0	0	0	0	65	0	0	6	0	1	4	0	2	0	1	0	0	2	0	0	0	0
BMJ Open	2024-04-01	10773413	119943	11055	1	4	3	11	0	0	0	1	0	0	27	0	0	1	2	0	83	0	0	1	0	0	0	0	0	0	0	0	3	0	0	1	0	0
BMJ Open	2024-04-01	10773311	90406	8211	0	3	0	0	0	0	0	4	0	0	0	2	0	0	1	0	54	0	0	1	0	0	5	0	0	0	0	0	0	0	0	0	0	0
BMJ Open	2024-04-01	10773315	59582	5055	0	3	0	7	0	0	1	0	0	0	1	5	0	0	0	0	53	0	0	0	0	0	0	0	0	0	0	0	0	0	0	0	0	0
BMJ Open	2024-04-01	10773318	121059	12034	0	5	1	1	1	0	3	4	0	0	2	2	0	0	1	0	52	0	0	2	0	0	2	0	0	0	0	0	1	0	0	0	0	0
BMJ Open	2024-04-01	10773396	92866	8403	0	2	0	0	0	0	1	0	0	0	18	0	0	0	0	0	54	0	0	1	0	3	2	0	0	0	0	0	2	1	0	0	0	0
BMJ Open	2024-04-01	10773374	94811	8886	0	7	0	6	0	0	2	11	0	0	15	7	0	0	0	0	36	0	0	5	0	0	0	0	0	0	0	0	0	0	0	0	0	0
BMJ Open	2024-04-01	10806806	61747	6195	0	1	1	0	0	0	8	0	0	0	0	0	0	0	1	0	41	0	1	2	0	0	2	0	0	0	0	0	0	0	0	1	0	0
BMJ Open	2024-04-01	10773395	98031	8123	0	1	0	2	0	0	0	1	0	2	7	2	0	0	0	0	75	0	1	0	0	0	0	0	0	0	0	0	0	4	2	0	0	0
BMJ Open	2024-04-01	10773347	94495	7734	0	5	0	4	0	0	0	1	0	0	2	2	0	0	0	0	31	0	0	0	0	0	3	0	0	0	0	0	0	0	0	0	0	0
BMJ Open	2024-04-01	10773345	87272	7950	0	4	0	5	0	0	1	0	0	0	5	4	0	0	0	0	48	0	1	0	0	0	0	0	0	0	0	0	0	0	0	0	0	0
BMJ Open	2024-04-01	10773371	130913	11942	0	10	0	5	0	0	2	0	0	0	8	0	0	0	21	0	64	0	0	1	0	0	4	0	0	0	0	0	0	0	0	0	0	0
BMJ Open	2024-04-01	10773401	69906	6528	0	4	1	2	0	0	1	0	0	2	0	0	0	0	0	0	19	0	0	1	0	0	1	0	1	0	0	0	0	0	0	0	0	0
BMJ Open	2024-04-01	10773380	115648	10420	0	22	1	13	0	0	1	2	0	0	18	2	0	0	0	0	53	0	0	1	0	0	0	0	0	0	1	0	0	0	0	0	0	0
BMJ Open	2024-04-01	10773412	143498	12708	0	2	0	2	0	0	3	2	0	0	2	4	0	0	1	0	70	0	0	1	0	1	2	0	0	0	0	0	0	0	0	0	0	0
BMJ Open	2024-04-01	10806694	91901	8494	0	4	1	1	0	0	3	0	0	0	45	1	0	0	2	0	33	0	0	0	0	0	0	0	1	0	0	0	1	0	0	0	0	0
BMJ Open	2024-04-01	10806685	63651	5402	0	1	1	6	0	0	0	0	0	0	2	3	0	0	0	0	47	0	0	2	0	0	1	0	0	0	0	0	0	0	0	0	0	0
BMJ Open	2024-04-01	10806698	129626	12263	0	4	0	15	0	0	4	3	0	0	0	0	0	0	0	0	140	0	0	5	0	0	1	0	0	0	0	0	0	0	0	0	0	0
BMJ Open	2024-04-01	10773349	86071	8355	0	1	0	1	0	0	0	0	0	0	0	5	0	0	0	0	56	0	0	0	0	0	0	0	0	0	0	0	0	0	0	4	0	0
BMJ Open	2024-04-01	10773317	78885	7877	0	1	1	0	0	0	4	0	0	2	1	0	0	0	1	0	23	0	0	4	0	0	1	0	0	0	0	0	0	0	0	0	0	0
BMJ Open	2024-04-01	10806662	70812	6002	0	3	0	3	0	0	0	2	0	0	1	1	0	0	0	1	57	0	0	0	0	0	0	0	0	0	0	0	0	0	0	0	0	0
BMJ Open	2024-04-01	10806793	74073	6033	0	4	0	1	0	1	2	0	0	0	0	2	0	0	0	0	58	0	0	0	0	0	1	3	0	0	0	0	0	0	0	0	0	0
BMJ Open	2024-04-01	10806596	60019	4497	0	6	0	4	1	0	6	0	0	0	3	1	0	0	0	0	33	0	0	1	0	1	0	0	0	0	0	0	1	0	0	0	0	0
BMJ Open	2024-04-01	10810042	103168	9948	0	13	0	0	0	0	6	0	0	0	10	0	0	0	0	0	27	0	0	0	0	0	0	0	0	0	0	0	0	1	0	0	0	0
BMJ Open	2024-04-01	10806725	162998	12111	0	6	0	14	1	0	1	9	0	0	3	6	0	0	0	0	39	0	0	0	0	0	1	0	0	0	0	0	0	0	0	0	0	0
BMJ Open	2024-04-01	10882200	109727	10841	0	4	3	0	0	0	5	0	0	1	1	1	0	0	0	0	67	0	0	7	0	0	2	0	0	0	0	1	1	0	2	0	0	0
BMJ Open	2024-04-01	10806638	118677	9864	0	8	0	5	0	0	0	0	0	0	4	0	0	0	1	0	47	0	0	0	0	0	1	0	0	0	0	0	0	0	0	0	0	0
BMJ Open	2024-04-01	10806577	134840	11625	0	24	1	6	0	0	1	1	0	0	10	0	0	0	0	0	71	0	0	1	0	0	1	0	0	0	0	0	0	1	0	0	0	0
BMJ Open	2024-04-01	10806732	79811	8450	0	6	4	4	0	0	1	1	0	1	14	2	0	0	0	0	85	0	0	3	0	0	0	0	0	0	0	0	0	0	0	1	0	0
BMJ Open	2024-04-01	10806795	60462	4989	0	1	0	3	0	0	3	2	0	0	1	0	0	0	0	0	58	0	0	1	0	0	0	0	0	0	0	0	0	0	0	0	0	0
BMJ Open	2024-04-01	10806592	91904	7204	0	9	0	2	0	0	0	0	0	0	2	0	0	0	0	0	34	0	0	0	0	0	1	0	0	0	0	0	0	0	0	0	0	0
BMJ Open	2024-04-01	10806464	79689	7182	1	3	0	2	0	0	2	1	0	0	0	0	0	0	0	1	45	0	0	1	0	0	0	0	0	0	0	0	0	0	0	0	0	0
BMJ Open	2024-04-01	10806611	170799	16005	0	1	2	12	0	0	1	2	0	0	18	1	0	0	1	0	84	0	0	0	0	0	0	0	0	0	0	0	0	0	0	0	0	0
BMJ Open	2024-04-01	10806752	97391	7786	0	8	2	2	0	0	0	0	0	1	5	1	0	0	0	0	110	0	0	0	0	0	0	1	0	0	0	0	0	0	0	0	0	0
BMJ Open	2024-04-01	10806946	47195	3906	0	6	2	5	0	0	0	1	0	0	5	1	0	0	1	0	44	0	0	0	0	0	0	0	0	0	0	0	0	0	0	0	0	0
BMJ Open	2024-04-01	10806632	135590	11465	0	11	1	3	0	0	3	1	0	0	6	4	0	0	1	0	25	0	0	0	0	0	3	0	0	0	0	0	0	0	0	0	0	0
BMJ Open	2024-04-01	10806786	107815	9520	0	23	0	11	0	0	2	1	0	0	0	5	0	0	0	0	52	0	0	1	0	0	5	0	0	0	0	0	0	0	0	0	0	0
BMJ Open	2024-04-01	10882198	4833	395	0	0	0	0	0	0	0	0	0	0	0	0	0	0	0	0	1	0	0	0	0	0	0	0	0	0	0	0	0	0	0	0	0	0
BMJ Open	2024-04-01	10806753	130328	10947	0	4	0	1	0	0	1	10	0	2	13	0	0	0	0	0	36	0	0	1	0	0	0	0	1	0	0	0	0	0	0	0	0	0
BMJ Open	2024-04-01	10806878	94254	8470	0	7	2	6	0	0	5	0	0	0	1	2	0	0	0	0	75	0	0	0	0	0	0	0	0	0	0	0	0	0	0	0	0	0
BMJ Open	2024-04-01	10806615	75642	7020	0	7	0	1	0	0	0	3	0	1	0	0	0	0	0	0	23	0	0	3	0	0	1	0	0	0	0	0	0	0	0	0	0	0
BMJ Open	2024-04-01	10806619	88680	7124	0	9	1	1	0	0	1	1	0	0	2	0	0	0	0	0	37	0	0	2	0	0	0	0	0	0	0	0	0	0	0	0	0	0
BMJ Open	2024-04-01	10806647	65779	5392	0	1	0	1	0	0	1	1	0	0	0	1	0	0	1	0	30	0	0	0	0	0	0	0	0	0	0	0	0	0	0	0	0	0
BMJ Open	2024-04-01	10806692	72079	6498	0	2	0	0	0	0	0	0	0	0	1	2	0	0	0	0	32	0	0	0	0	0	0	0	0	0	0	0	0	0	0	0	0	0
BMJ Open	2024-04-01	10810041	141865	11671	0	14	1	7	0	0	0	6	0	0	2	1	0	0	1	0	33	0	0	0	0	0	0	2	0	0	0	0	0	0	0	0	0	0
BMJ Open	2024-04-01	10806683	39218	3642	0	3	0	0	0	0	0	1	0	0	2	0	0	0	0	0	27	0	0	1	0	0	1	6	0	0	0	0	0	0	0	0	0	0
BMJ Open	2024-04-01	10806645	105426	8487	0	5	0	1	0	0	0	1	0	0	0	3	0	0	0	0	69	0	0	8	0	0	16	0	0	0	0	0	1	0	0	0	0	1
BMJ Open	2024-04-01	10806664	67507	6202	0	7	0	1	0	0	1	1	0	0	1	0	0	0	0	0	25	0	0	0	0	0	1	0	0	0	0	0	0	0	1	0	0	0
BMJ Open	2024-04-01	10806716	73683	6311	0	4	0	5	0	0	0	0	0	0	1	6	0	0	0	0	44	0	0	0	0	0	0	0	0	0	0	0	0	0	0	0	0	0
BMJ Open	2024-04-01	10806690	91254	7478	0	4	4	5	1	0	9	2	0	1	1	5	0	0	0	1	27	0	0	12	0	1	1	3	0	0	2	0	0	0	0	1	0	0
BMJ Open	2024-04-01	10806719	84172	7513	0	3	0	19	0	0	1	2	0	0	2	0	0	0	1	0	109	0	0	1	0	0	3	0	0	0	0	0	0	0	0	0	0	0
BMJ Open	2024-04-01	10806823	84455	7456	0	12	0	5	2	0	0	0	0	0	4	0	0	0	0	0	126	0	0	0	0	0	1	1	0	0	0	0	0	0	0	0	0	0
BMJ Open	2024-04-01	10806612	137036	10754	0	4	0	3	2	0	3	3	0	0	2	0	0	0	0	0	39	0	0	10	0	0	2	3	0	0	0	0	0	1	0	0	0	0
BMJ Open	2024-04-01	10806784	101107	9564	0	3	0	7	0	0	2	2	0	0	0	1	0	0	0	0	24	0	0	0	0	0	0	0	0	0	0	0	0	0	0	0	0	0
BMJ Open	2024-04-01	10806758	48977	4285	0	6	0	1	0	0	0	1	0	0	4	2	0	0	0	0	31	0	0	0	0	0	0	0	0	0	0	0	0	0	0	0	0	0
BMJ Open	2024-04-01	10806608	92105	7923	0	12	0	5	0	0	0	2	0	0	9	4	0	0	1	0	41	0	0	1	0	0	0	0	0	0	0	0	0	0	0	0	0	0
BMJ Open	2024-04-01	10806828	91253	8556	0	2	1	4	0	0	0	0	0	0	1	5	0	0	0	0	48	0	0	0	0	0	1	0	0	0	0	0	0	0	0	0	0	0
BMJ Open	2024-04-01	10806532	163878	12376	0	5	0	10	0	0	1	4	0	0	2	2	0	0	0	0	42	0	0	2	0	0	1	0	1	0	0	0	0	0	0	0	0	0
BMJ Open	2024-04-01	10806604	57001	4580	0	8	0	7	1	0	2	0	0	0	2	4	0	0	0	0	50	0	0	0	0	0	0	0	0	0	0	0	0	0	0	0	0	0
BMJ Open	2024-04-01	10806688	85069	6976	0	3	0	7	0	0	2	1	0	1	3	0	0	0	0	0	79	0	0	4	0	0	2	1	0	0	0	0	0	0	0	0	0	0
BMJ Open	2024-04-01	10806760	95990	7689	0	3	0	4	0	0	2	1	0	0	0	0	0	0	0	0	23	0	1	1	0	0	0	0	0	0	0	0	0	0	0	0	0	0
BMJ Open	2024-04-01	10807002	124811	7712	0	2	0	2	0	0	2	1	0	0	1	1	0	0	0	0	77	0	0	2	0	0	3	3	1	0	0	0	0	0	0	1	0	0
BMJ Open	2024-04-01	10806640	90110	7411	0	4	0	3	0	0	1	0	0	0	1	1	0	0	0	0	51	0	0	0	0	1	1	0	0	0	0	0	0	1	0	0	0	0
BMJ Open	2024-04-01	10806735	74484	6838	0	0	0	3	0	0	0	0	0	0	13	3	0	0	1	0	15	0	0	1	0	0	2	5	0	0	1	0	0	0	0	0	2	0
BMJ Open	2024-04-01	10806677	80602	7666	0	4	0	0	0	0	2	0	0	0	1	1	0	0	0	0	37	0	0	2	0	0	0	0	0	0	0	0	0	0	0	0	0	0
BMJ Open	2024-04-01	10806579	125526	10599	0	6	0	1	0	0	1	0	0	0	4	3	0	0	0	0	32	0	0	0	0	0	0	0	0	0	0	0	0	0	0	0	0	0
BMJ Open	2024-04-01	11148679	52500	4992	0	4	0	0	0	0	0	0	0	0	6	0	0	0	0	0	21	0	0	1	0	0	0	0	0	0	0	0	0	0	0	0	0	0
BMJ Open	2024-04-01	10806697	79080	6947	0	1	0	1	0	0	0	0	0	0	7	0	0	0	0	0	77	0	0	0	0	0	0	0	0	0	0	0	0	0	0	0	0	0
BMJ Open	2024-04-01	10806676	107056	8823	0	6	2	42	0	0	5	0	0	0	8	5	0	0	0	0	170	0	0	0	0	0	0	1	0	0	0	0	0	0	0	0	0	0
BMJ Open	2024-04-01	10806629	40881	3700	0	10	0	0	0	0	0	1	0	0	0	3	0	0	0	0	48	0	0	3	0	0	1	0	0	0	0	0	0	0	0	0	0	0
BMJ Open	2024-04-01	10826563	94390	7847	0	3	0	3	0	0	0	0	0	1	8	6	0	0	1	0	56	0	0	0	0	0	0	0	0	0	0	0	0	0	0	1	0	0
BMJ Open	2024-04-01	10826556	79915	7125	0	4	0	8	0	0	0	7	0	0	2	7	0	0	0	0	60	0	0	1	0	0	0	0	0	0	0	0	0	0	0	0	0	0
BMJ Open	2024-04-01	10824018	113981	9221	0	11	0	0	0	0	1	2	0	0	3	3	0	0	0	0	53	0	0	1	0	0	0	0	0	0	0	0	0	0	0	0	0	0
BMJ Open	2024-04-01	10828855	66744	6471	0	9	0	1	0	0	3	2	0	2	0	5	0	0	1	0	36	0	0	5	0	1	0	1	1	0	0	0	1	0	0	0	0	0
BMJ Open	2024-04-01	10826535	84074	7599	0	1	0	0	0	0	2	3	0	0	0	0	0	0	0	0	76	0	0	10	0	0	2	0	0	0	0	0	1	0	0	0	0	0
BMJ Open	2024-04-01	10828873	93954	8624	0	11	0	4	0	0	3	1	0	0	3	1	0	0	3	0	22	0	0	4	0	0	1	0	0	0	0	0	0	0	0	0	0	0
BMJ Open	2024-04-01	10828841	110997	10146	0	9	0	7	0	0	7	3	0	0	3	0	0	0	0	0	71	0	0	1	0	1	3	0	0	0	0	0	0	0	0	0	0	0
BMJ Open	2024-04-01	10826541	90318	7432	0	6	0	2	0	0	0	5	0	0	2	1	0	0	0	0	52	0	0	1	0	0	1	0	0	0	0	0	0	0	0	0	0	0
BMJ Open	2024-04-01	10831467	73050	6263	0	2	0	3	0	0	0	1	0	0	0	1	0	0	0	0	34	0	0	0	0	0	0	0	1	0	0	0	0	0	0	0	0	0
BMJ Open	2024-04-01	10836345	86746	8157	0	7	0	2	0	0	2	3	0	0	9	2	0	0	0	0	53	0	0	2	0	0	1	0	0	0	0	0	0	0	0	1	0	0
BMJ Open	2024-04-01	10826565	48052	4313	0	4	0	4	0	0	0	2	0	0	0	4	0	0	0	0	29	0	0	1	0	0	1	2	0	0	0	0	0	0	0	0	0	0
BMJ Open	2024-04-01	10831432	120133	12135	0	4	5	6	0	0	2	4	0	0	0	0	0	0	1	0	45	0	0	7	0	0	0	0	0	0	0	0	0	0	0	0	0	0
BMJ Open	2024-04-01	10826587	142149	11280	0	8	0	2	0	0	9	8	0	0	2	10	0	0	0	0	66	0	0	3	0	3	1	0	0	0	0	0	0	0	1	0	0	0
BMJ Open	2024-04-01	10826573	117876	9369	0	17	0	5	0	0	0	2	0	0	6	3	0	0	0	0	76	0	0	5	0	0	0	0	0	0	0	0	0	0	0	0	0	0
BMJ Open	2024-04-01	10836340	98088	9070	0	18	0	2	0	0	2	0	0	0	6	0	0	0	0	0	48	0	0	0	0	0	1	2	0	0	0	0	0	0	0	0	0	0
BMJ Open	2024-04-01	10823996	48475	3801	1	1	0	2	0	0	2	1	0	0	0	0	0	0	0	0	42	0	0	0	0	0	0	0	0	0	0	0	0	0	0	0	0	0
BMJ Open	2024-04-01	10826523	76615	6683	0	5	0	2	0	0	0	0	0	0	3	1	0	0	0	0	51	0	0	0	0	0	2	0	2	0	0	0	0	0	0	0	0	0
BMJ Open	2024-04-01	10831427	62975	6499	0	2	0	7	0	0	0	0	0	0	6	3	0	0	0	0	50	0	0	0	0	0	1	0	0	0	0	0	0	0	0	0	0	0
BMJ Open	2024-04-01	10826554	82114	6816	0	2	0	2	1	0	3	5	0	0	0	1	0	0	0	0	73	0	0	2	0	1	0	1	0	0	0	0	0	0	0	0	0	0
BMJ Open	2024-04-01	10826557	91425	8452	0	0	0	3	0	0	0	1	0	0	0	0	0	0	2	0	50	0	0	7	0	0	3	0	0	0	0	0	0	0	0	0	0	0
BMJ Open	2024-04-01	10828865	62551	6042	0	2	0	4	0	0	0	0	0	0	5	7	0	0	0	0	51	0	0	0	0	0	1	0	0	0	0	0	0	0	0	0	0	0
BMJ Open	2024-04-01	10836385	106952	9334	0	10	0	1	0	0	4	2	0	0	4	0	0	0	1	0	37	0	0	0	0	0	1	0	0	0	0	0	0	0	0	0	0	0
BMJ Open	2024-04-01	10831430	135079	12052	0	5	0	0	0	0	1	1	0	3	5	1	0	0	1	0	38	0	0	0	0	0	0	1	0	0	0	0	0	1	0	0	0	0
BMJ Open	2024-04-01	10826566	96660	8507	0	6	0	0	0	0	3	0	0	3	19	1	0	0	0	0	61	0	0	1	0	0	0	1	2	0	0	0	0	0	0	0	0	0
BMJ Open	2024-04-01	10828856	61626	5689	0	2	0	4	0	0	0	2	0	0	1	1	0	0	0	0	39	0	0	2	0	0	0	0	0	0	0	0	0	0	0	0	0	0
BMJ Open	2024-04-01	10860052	142218	12203	0	4	0	10	0	0	0	0	0	0	3	1	0	0	3	0	91	0	0	0	0	0	0	0	3	0	0	0	0	0	0	0	0	0
BMJ Open	2024-04-01	10860061	77189	7185	0	5	0	0	0	0	5	4	0	0	2	3	0	0	1	0	117	0	0	0	0	0	3	0	0	0	0	0	0	0	0	0	0	0
BMJ Open	2024-04-01	10860037	134978	11623	0	8	0	11	0	0	1	21	0	0	0	3	0	0	0	0	81	0	0	1	0	0	2	0	0	0	0	0	0	0	0	0	0	0
BMJ Open	2024-04-01	10840031	82017	7529	0	2	1	4	0	0	2	1	0	0	2	0	0	0	0	0	31	0	0	5	0	0	1	0	1	0	0	0	0	0	0	0	0	0
BMJ Open	2024-04-01	10860059	96924	9252	0	4	0	2	0	0	5	4	0	0	8	1	0	0	0	0	29	0	0	1	0	0	0	0	0	0	0	0	1	0	0	0	0	0
BMJ Open	2024-04-01	10840024	67946	6343	0	4	0	5	0	0	0	1	0	0	13	0	0	0	1	0	35	0	0	0	0	0	0	2	0	0	0	0	0	0	0	0	0	0
BMJ Open	2024-04-01	10840065	68083	5514	0	0	0	4	0	0	0	0	0	0	4	1	0	0	0	0	95	0	0	0	0	0	1	0	0	0	0	0	0	0	0	0	0	0
BMJ Open	2024-04-01	10859977	96310	8473	0	2	0	2	0	0	0	8	0	0	3	0	1	0	3	0	77	0	0	1	0	0	1	0	0	0	0	0	0	0	0	0	0	0
BMJ Open	2024-04-01	10840029	83745	6449	0	2	0	0	0	0	0	1	0	0	19	1	0	0	0	0	29	0	0	0	0	0	2	0	0	0	0	0	0	0	0	0	0	0
BMJ Open	2024-04-01	10882195	5180	421	0	0	0	1	0	0	0	0	0	0	0	0	0	0	0	0	4	0	0	0	0	0	0	0	0	0	0	0	0	0	0	0	0	0
BMJ Open	2024-04-01	10860013	84109	9354	0	5	2	1	0	0	8	1	0	1	0	0	0	0	2	0	43	0	0	3	0	0	0	0	2	0	0	0	0	0	0	0	0	0
BMJ Open	2024-04-01	10840047	67020	5269	0	32	0	9	0	0	2	4	0	2	5	8	0	0	0	0	43	0	0	1	0	0	1	4	0	0	0	0	0	0	0	0	0	0
BMJ Open	2024-04-01	10860090	121245	9749	0	7	0	4	0	0	4	1	0	0	4	0	1	0	0	0	41	0	0	0	0	0	0	0	0	0	0	0	0	0	0	0	0	0
BMJ Open	2024-04-01	10840068	75986	6405	0	5	0	3	0	0	2	0	0	0	1	9	0	0	0	0	43	0	0	1	0	0	0	0	0	0	0	0	0	0	0	0	0	0
BMJ Open	2024-04-01	11145983	105479	9042	0	4	2	2	1	1	7	6	0	0	1	1	1	0	0	1	83	0	0	9	0	0	1	0	0	0	0	0	0	0	0	0	0	0
BMJ Open	2024-04-01	10859983	61826	6141	0	3	1	0	0	0	5	1	0	0	0	3	0	0	0	0	35	0	0	3	0	0	0	0	1	0	0	0	0	0	0	0	0	0
BMJ Open	2024-04-01	10860073	146067	12264	0	3	1	8	0	0	13	3	0	2	12	2	0	0	1	0	56	0	0	3	0	0	0	0	0	0	0	0	0	0	0	0	0	0
BMJ Open	2024-04-01	10860036	107944	8430	0	1	0	0	0	0	0	0	0	0	1	0	0	0	0	0	43	0	0	2	0	0	0	0	0	0	0	0	0	0	0	0	0	0
BMJ Open	2024-04-01	10860085	65280	5323	0	7	0	2	0	0	1	1	0	1	0	1	0	0	0	0	67	0	0	0	0	0	2	1	0	0	0	0	0	0	0	0	0	0
BMJ Open	2024-04-01	10859994	91876	7620	0	4	0	2	0	0	0	1	0	0	0	0	0	0	0	0	52	0	0	0	0	0	0	0	0	0	0	0	0	0	0	0	0	0
BMJ Open	2024-04-01	10840030	79608	6920	0	6	3	2	0	0	0	5	0	0	3	0	0	0	1	0	45	0	0	1	0	0	1	0	0	0	0	0	0	0	0	0	0	0
BMJ Open	2024-04-01	10859986	68846	5821	0	2	0	4	0	0	1	0	0	1	1	0	0	0	0	0	44	0	0	1	0	0	0	0	0	0	0	0	0	0	0	0	0	0
BMJ Open	2024-04-01	10860022	135400	11824	0	8	0	2	0	0	2	2	0	0	34	1	0	0	1	0	35	0	0	0	0	0	1	0	0	0	0	0	0	0	0	0	0	0
BMJ Open	2024-04-01	10860026	116391	10943	0	2	2	0	0	0	1	1	0	3	4	0	0	0	3	0	48	0	0	1	0	0	0	0	1	0	0	0	0	2	0	0	0	0
BMJ Open	2024-04-01	10860015	58767	6322	0	2	0	0	0	0	4	1	0	0	0	0	0	0	0	0	20	0	0	9	0	0	2	0	0	0	0	0	0	0	0	0	0	0
BMJ Open	2024-04-01	10973692	66408	5554	0	0	1	1	0	0	1	0	0	0	0	1	0	0	0	0	52	0	0	1	0	0	0	0	1	0	0	0	0	0	0	0	0	0
BMJ Open	2024-04-01	10870012	75886	7813	0	24	0	5	1	0	0	9	0	0	0	3	1	1	0	0	26	0	0	0	0	0	1	0	0	0	0	0	0	0	0	2	0	0
BMJ Open	2024-04-01	10875506	88382	6554	0	9	0	5	0	0	1	4	0	0	20	0	0	0	1	0	73	0	0	0	0	0	1	1	0	0	0	0	0	0	0	0	0	0
BMJ Open	2024-04-01	10875548	60694	5836	0	3	2	1	0	0	1	0	0	0	0	1	0	0	0	0	40	0	0	0	0	0	0	0	0	0	0	0	0	0	1	0	0	0
BMJ Open	2024-04-01	10862313	65295	5651	0	2	0	1	0	0	6	0	0	1	0	1	0	0	0	0	33	0	0	0	0	0	1	1	0	0	0	0	0	0	0	0	0	0
BMJ Open	2024-04-01	10862296	103511	9018	0	2	0	0	0	0	1	0	0	1	4	1	0	0	0	0	48	0	0	2	0	0	0	0	0	0	0	0	0	0	0	0	0	0
BMJ Open	2024-04-01	10862283	108122	10197	0	4	0	4	0	0	2	1	0	1	1	1	0	0	1	0	5	0	0	2	0	0	1	0	0	0	0	0	0	0	0	0	0	0
BMJ Open	2024-04-01	10862301	45032	4625	0	1	0	0	0	0	1	0	0	0	0	2	0	0	0	0	29	0	0	0	0	0	0	0	1	0	0	0	0	0	0	0	0	0
BMJ Open	2024-04-01	10868264	91953	8653	0	4	1	11	0	0	4	4	0	0	2	1	0	0	1	0	58	0	0	8	0	0	3	0	0	0	0	0	0	0	0	0	0	0
BMJ Open	2024-04-01	10868247	84520	7223	0	5	0	5	0	0	2	1	0	1	1	4	1	0	1	0	32	0	1	1	0	1	0	0	0	0	0	0	0	0	0	0	0	0
BMJ Open	2024-04-01	10868273	56505	5350	0	11	1	1	0	0	0	2	0	0	1	2	0	0	0	0	24	0	0	2	0	1	2	0	0	0	0	0	0	0	0	0	0	0
BMJ Open	2024-04-01	10870011	6550	467	0	2	0	0	0	0	0	0	0	0	0	0	0	0	0	0	0	0	0	0	0	0	0	0	0	0	0	0	0	0	0	0	0	0
BMJ Open	2024-04-01	10862290	153482	12975	0	4	3	2	0	0	1	2	0	0	4	8	0	0	0	0	81	0	0	3	0	0	0	0	0	0	0	0	1	0	0	0	0	0
BMJ Open	2024-04-01	10875511	92551	8013	0	8	0	0	0	0	5	1	0	0	3	2	0	0	2	0	59	0	0	0	0	0	0	4	0	0	0	0	0	0	0	0	0	0
BMJ Open	2024-04-01	10868296	91253	7519	0	9	0	2	0	0	3	2	0	0	5	1	0	0	0	0	71	0	0	7	0	0	1	0	0	0	0	0	0	0	1	0	0	0
BMJ Open	2024-04-01	10875488	93031	8166	0	5	1	3	0	0	2	0	0	0	1	2	0	0	1	0	67	0	0	1	0	0	0	0	0	0	0	0	0	0	0	0	0	0
BMJ Open	2024-04-01	10868250	102774	7697	0	4	0	0	0	0	0	0	0	0	1	3	0	0	0	0	48	0	0	0	0	0	0	0	0	0	0	0	0	0	0	0	0	0
BMJ Open	2024-04-01	10862304	72462	6477	0	8	0	2	0	0	1	0	0	0	3	0	0	0	0	0	53	0	0	0	0	0	1	0	0	0	0	0	0	0	0	0	0	0
BMJ Open	2024-04-01	10860117	102556	9348	0	26	0	0	0	0	1	4	0	13	1	4	0	0	0	0	34	0	0	1	0	0	0	0	3	0	0	0	0	0	0	0	0	0
BMJ Open	2024-04-01	10862343	258897	16909	0	4	0	1	0	0	5	2	0	0	1	16	0	0	0	0	97	0	0	6	0	0	0	0	2	0	0	0	0	0	0	0	0	1
BMJ Open	2024-04-01	10875539	78150	7722	0	2	0	1	0	0	1	2	0	1	2	1	0	0	0	0	35	0	0	0	0	0	1	0	1	0	0	0	0	0	0	0	0	1
BMJ Open	2024-04-01	10882376	89440	7619	0	7	0	1	0	0	0	6	0	0	18	2	0	0	0	0	48	0	0	1	0	0	0	0	0	0	0	0	0	0	0	1	0	0
BMJ Open	2024-04-01	10868308	85664	6275	0	6	0	5	0	0	1	4	0	0	1	0	0	0	0	0	65	0	0	0	0	0	1	0	0	4	0	0	0	0	0	0	0	0
BMJ Open	2024-04-01	10868314	102019	8465	0	7	1	0	0	0	9	4	0	0	1	6	0	0	0	0	62	0	0	9	0	0	0	0	0	0	0	0	0	0	0	0	0	0
BMJ Open	2024-04-01	10868268	68969	6722	0	3	1	2	0	0	4	0	0	0	2	1	0	0	0	0	37	0	0	7	0	0	1	0	1	0	0	0	0	0	0	0	0	0
BMJ Open	2024-04-01	10882346	105130	8023	0	5	0	11	0	0	0	1	0	0	2	0	0	0	2	0	123	0	0	0	0	0	1	0	0	0	0	0	0	0	0	0	0	0
BMJ Open	2024-04-01	10882405	115937	9733	0	6	0	8	0	0	1	0	0	0	1	8	0	0	0	0	72	0	0	1	0	0	0	0	0	0	0	0	0	0	0	0	0	0
BMJ Open	2024-04-01	10882408	99501	8643	0	3	0	1	0	0	1	3	0	0	0	1	0	0	0	0	33	0	0	4	0	0	0	0	1	0	0	0	0	0	1	0	0	0
BMJ Open	2024-04-01	10882337	82614	7028	0	9	0	3	0	0	0	3	0	0	2	0	0	0	0	0	46	0	0	0	0	2	0	0	0	0	0	0	0	0	0	0	0	0
BMJ Open	2024-04-01	10875501	47557	4243	0	4	0	0	0	0	3	1	0	0	0	2	0	0	1	2	52	0	0	3	0	0	0	0	0	0	0	0	0	0	0	0	0	0
BMJ Open	2024-04-01	10882330	106161	10748	0	5	0	6	0	0	0	0	0	0	4	0	0	0	1	0	44	0	0	1	0	0	6	0	10	0	0	0	0	0	0	1	0	0
BMJ Open	2024-04-01	10884252	124446	11272	0	5	0	3	0	0	1	0	0	1	0	0	0	0	0	0	45	0	0	1	0	0	1	0	0	0	0	0	0	0	0	0	0	0
BMJ Open	2024-04-01	10882300	75492	7123	2	1	1	0	0	0	5	2	0	0	0	2	0	0	1	0	49	0	1	4	0	1	0	0	0	0	0	0	0	0	1	0	0	0
BMJ Open	2024-04-01	10882371	93593	8739	0	6	0	4	0	0	2	1	0	1	3	0	0	0	0	0	55	0	0	0	0	0	0	0	0	0	0	0	0	0	0	0	0	0
BMJ Open	2024-04-01	10882299	42753	3639	0	4	0	0	0	0	0	0	0	0	2	1	0	0	0	0	41	0	0	0	0	0	0	0	0	0	0	0	0	0	0	0	0	0
BMJ Open	2024-04-01	10875483	72365	6754	0	1	0	2	0	0	0	0	0	0	1	4	0	0	6	0	53	0	0	1	0	0	0	0	0	0	0	0	0	0	0	0	0	0
BMJ Open	2024-04-01	10884256	115071	8975	0	4	0	6	0	0	2	2	0	0	0	0	0	0	0	0	19	0	0	3	0	0	1	0	0	0	0	0	0	0	0	2	0	0
BMJ Open	2024-04-01	10882310	65373	5362	0	4	0	2	0	0	0	0	0	0	1	3	0	0	0	0	24	0	0	1	0	0	0	0	1	0	0	0	0	0	0	0	0	0
BMJ Open	2024-04-01	10882368	77145	7601	0	4	1	0	0	0	1	1	0	0	0	1	0	0	0	0	40	0	2	2	0	0	1	0	0	0	0	0	0	0	0	0	0	0
BMJ Open	2024-04-01	10897840	89350	7658	0	3	0	0	0	0	1	0	0	0	0	0	2	0	0	0	38	0	0	1	0	0	0	0	0	0	0	0	0	0	0	0	0	0
BMJ Open	2024-04-01	10884257	66621	5677	0	5	0	2	0	0	1	8	0	0	0	3	0	0	0	1	54	0	0	2	0	0	1	1	0	0	0	0	0	0	0	0	0	0
BMJ Open	2024-04-01	10882372	170461	13364	0	43	0	18	0	0	2	3	0	13	39	3	0	0	3	0	118	0	0	1	0	0	0	0	0	0	0	0	0	0	0	1	0	0
BMJ Open	2024-04-01	10882309	71340	5953	0	4	0	3	0	0	1	0	0	0	0	0	0	0	0	1	63	0	0	1	0	0	0	0	0	0	0	0	0	0	0	0	0	0
BMJ Open	2024-04-01	10882290	89664	7780	0	6	0	0	0	0	0	1	0	0	2	18	0	0	0	0	30	0	0	1	0	0	0	0	0	0	0	0	0	0	0	0	0	0
BMJ Open	2024-04-01	10882342	109518	9182	0	1	0	5	0	0	2	0	0	0	4	8	0	1	0	0	56	0	0	0	0	0	0	0	1	0	0	0	0	0	0	0	0	0
BMJ Open	2024-04-01	10882369	82066	7630	0	1	1	0	0	0	1	1	0	0	0	0	0	0	0	0	28	0	0	8	0	0	0	0	0	0	0	0	0	0	0	0	0	0
BMJ Open	2024-04-01	10882400	53599	4907	0	4	0	1	0	0	0	3	0	0	2	1	0	0	0	0	21	0	0	1	0	0	1	0	0	0	0	0	0	0	0	0	0	0
BMJ Open	2024-04-01	10884211	68762	6177	0	4	0	0	0	0	0	2	0	0	8	0	0	0	0	0	52	0	0	0	0	0	1	0	0	0	0	0	0	0	0	0	0	0
BMJ Open	2024-04-01	10882339	121199	10402	0	2	0	1	0	0	0	2	0	0	2	0	0	0	2	0	92	0	0	1	0	0	0	0	0	0	0	0	0	0	0	1	0	0
BMJ Open	2024-04-01	10882296	92465	8410	0	3	0	5	0	0	2	0	0	47	4	3	0	0	1	0	30	0	0	0	0	0	0	0	0	0	0	0	0	0	0	0	0	0
BMJ Open	2024-04-01	10895226	103074	8613	0	11	1	4	0	0	4	4	0	0	4	3	0	0	0	0	89	0	0	3	0	0	1	0	1	0	0	0	0	0	0	0	0	0
BMJ Open	2024-04-01	10900569	83122	6920	0	8	0	9	0	0	0	1	0	1	1	0	0	0	0	0	40	0	0	1	0	0	0	0	0	0	0	0	0	0	0	0	0	0
BMJ Open	2024-04-01	10900352	97817	8378	0	2	0	0	0	0	1	1	0	0	2	2	0	0	0	0	32	0	0	0	0	0	0	0	0	0	0	0	0	0	0	0	0	0
BMJ Open	2024-04-01	10910635	98944	10036	0	6	0	6	0	0	4	5	0	0	2	0	0	0	2	0	72	0	1	1	0	0	2	0	0	0	0	0	0	0	0	0	0	0
BMJ Open	2024-04-01	10900389	80513	7089	0	5	2	7	0	0	0	4	0	0	3	3	0	1	0	0	47	0	0	3	0	0	0	0	0	0	0	0	0	0	0	0	0	0
BMJ Open	2024-04-01	10910539	61173	5407	0	5	0	0	0	0	0	0	0	0	2	0	0	0	0	0	31	0	0	0	0	0	0	0	0	0	0	0	0	0	0	0	0	0
BMJ Open	2024-04-01	10910487	57800	4892	0	3	0	2	0	0	3	1	0	0	2	0	0	0	0	0	53	0	0	0	0	0	0	0	0	0	0	0	0	0	0	0	0	0
BMJ Open	2024-04-01	10910424	77069	6503	0	2	0	4	0	0	3	3	0	0	0	1	0	0	0	0	36	0	0	0	0	0	4	0	0	0	0	0	0	0	0	0	0	0
BMJ Open	2024-04-01	10900386	86655	6497	0	10	0	2	0	0	0	0	0	0	1	4	0	0	0	0	47	0	0	0	0	0	0	0	0	0	0	0	0	0	0	0	0	0
BMJ Open	2024-04-01	10910660	109925	11409	0	1	2	0	0	0	5	0	0	1	0	0	0	0	0	0	38	0	0	4	0	0	0	0	0	0	0	0	2	0	1	0	0	0
BMJ Open	2024-04-01	10910683	93629	7926	0	5	0	8	0	0	0	3	0	0	4	1	0	0	0	0	94	0	0	0	0	0	0	0	1	0	0	0	0	0	0	0	0	0
BMJ Open	2024-04-01	11145984	104132	8823	0	2	0	6	0	0	0	3	0	0	5	0	0	0	0	0	66	0	0	0	0	0	1	0	0	0	0	0	0	0	0	1	0	0
BMJ Open	2024-04-01	10900329	104473	8364	0	5	0	8	0	0	0	0	0	1	5	1	0	0	0	0	52	0	0	0	0	0	0	0	0	0	0	0	0	0	0	0	0	0
BMJ Open	2024-04-01	10900394	95452	9743	0	5	0	2	0	0	0	2	0	0	3	1	0	0	0	0	44	0	0	1	0	0	0	0	0	0	0	0	0	0	0	0	0	0
BMJ Open	2024-04-01	10900353	90451	8183	0	11	0	9	0	0	3	0	0	0	2	2	0	0	1	0	36	0	0	2	0	0	1	0	0	0	0	0	0	0	0	0	0	0
BMJ Open	2024-04-01	10895217	103157	10050	0	5	0	0	0	0	1	1	0	0	2	3	0	0	1	0	105	0	0	0	0	0	0	6	0	0	0	0	0	0	0	0	0	0
BMJ Open	2024-04-01	10900326	141187	12001	0	4	1	7	0	0	1	3	0	0	14	4	0	0	0	0	83	0	0	1	0	0	0	0	0	0	0	0	0	0	0	0	0	0
BMJ Open	2024-04-01	10910406	84996	7478	0	4	0	0	0	0	3	0	0	1	4	2	0	0	0	0	39	0	0	0	0	0	0	0	0	0	0	0	0	0	0	0	0	0
BMJ Open	2024-04-01	10900361	99705	9698	1	4	2	1	0	0	4	1	0	1	3	4	0	0	1	0	45	0	1	3	0	0	2	0	0	0	0	0	0	0	1	0	0	0
BMJ Open	2024-04-01	10910410	135074	12365	0	4	0	1	0	0	8	2	0	0	2	1	0	0	1	0	40	0	0	5	0	0	0	0	0	0	0	0	0	0	0	0	0	0
BMJ Open	2024-04-01	10910429	126128	10730	0	12	0	2	0	0	3	0	0	0	12	1	0	0	0	0	61	0	0	12	0	1	1	0	0	0	0	0	0	0	0	0	0	0
BMJ Open	2024-04-01	10900340	78368	7720	0	2	4	0	0	0	0	1	0	0	1	0	0	0	0	0	22	0	0	7	0	0	2	0	1	0	0	0	1	0	1	0	0	0
BMJ Open	2024-04-01	10900377	67067	6261	0	7	0	3	0	0	0	0	0	1	3	0	0	0	1	0	18	0	0	0	0	0	0	0	0	0	0	0	0	0	0	0	0	0
BMJ Open	2024-04-01	10910507	41609	3920	0	7	0	4	0	0	0	1	0	0	0	1	0	0	0	0	52	0	0	0	0	0	0	1	0	0	0	0	0	0	0	0	0	0
BMJ Open	2024-04-01	10910657	51948	4550	0	2	1	6	0	0	0	1	0	0	0	2	0	0	1	0	19	0	0	0	0	0	1	0	0	0	0	0	0	0	0	0	0	0
BMJ Open	2024-04-01	10928733	68760	5902	0	3	0	3	0	0	3	2	0	0	0	2	0	0	0	0	53	0	0	0	0	0	0	0	0	0	0	0	0	0	0	0	0	0
BMJ Open	2024-04-01	10916119	113755	9267	0	5	1	2	0	0	1	0	0	0	2	0	0	0	0	0	54	0	0	4	0	0	1	0	0	0	0	0	0	0	0	0	0	0
BMJ Open	2024-04-01	10916158	55129	4898	0	7	0	0	0	0	7	1	0	0	0	0	0	0	0	0	30	0	0	3	0	1	0	0	0	0	0	0	0	0	0	0	0	0
BMJ Open	2024-04-01	10916132	91565	8273	0	12	0	1	0	0	5	0	0	0	9	5	0	0	1	0	31	0	0	1	0	1	0	0	0	0	0	0	0	0	1	0	0	0
BMJ Open	2024-04-01	10916159	46004	4594	0	17	0	4	0	0	4	0	0	0	2	1	1	0	0	0	32	0	0	0	0	0	0	0	0	0	0	0	0	0	0	0	0	0
BMJ Open	2024-04-01	11146403	81608	6858	0	1	0	5	0	0	0	0	0	0	1	1	0	0	0	1	37	0	0	0	0	0	1	0	0	0	0	0	0	0	0	0	0	0
BMJ Open	2024-04-01	11145639	101251	8858	0	3	1	1	0	0	4	0	0	0	2	3	1	0	0	0	28	0	0	1	0	0	2	0	0	0	0	0	0	0	0	0	0	3
BMJ Open	2024-04-01	10928752	97585	8626	0	12	0	1	0	0	0	0	0	0	2	0	0	0	0	0	38	0	0	1	0	0	0	0	0	0	0	0	0	0	0	0	0	0
BMJ Open	2024-04-01	10916141	58707	4636	0	2	0	1	0	0	1	2	0	0	0	4	0	0	0	0	62	0	0	3	0	0	0	2	0	0	0	0	0	0	0	0	0	0
BMJ Open	2024-04-01	10916171	88242	7222	0	4	0	1	0	0	2	1	0	0	4	3	1	0	0	0	63	0	0	0	0	2	0	0	0	0	0	0	0	0	0	0	0	0
BMJ Open	2024-04-01	10921485	72816	6307	0	2	0	0	0	0	1	2	0	0	2	2	0	0	3	0	13	0	0	0	0	0	0	0	0	0	0	0	0	0	0	0	0	0
BMJ Open	2024-04-01	11146360	55443	4481	0	6	1	8	0	0	3	2	0	0	0	5	0	0	1	0	67	0	0	0	0	0	0	0	0	0	0	0	0	0	1	0	0	0
BMJ Open	2024-04-01	10921486	90530	7925	0	2	0	1	0	0	0	0	0	0	1	1	0	0	0	0	52	0	0	1	0	0	0	0	1	0	0	0	1	0	0	0	0	0
BMJ Open	2024-04-01	10921542	146247	12488	0	10	0	2	0	0	5	7	0	0	0	0	0	0	0	0	73	0	0	1	0	0	0	0	0	0	0	0	0	0	0	0	0	0
BMJ Open	2024-04-01	10928796	70202	6157	0	5	0	3	0	0	6	1	0	0	0	4	0	0	0	0	45	0	0	0	0	0	0	0	0	0	0	0	0	0	0	0	0	0
BMJ Open	2024-04-01	11146359	100315	9120	0	24	0	1	0	0	1	0	0	1	12	3	0	0	0	0	77	0	0	1	0	1	1	0	0	0	0	0	0	0	0	0	0	0
BMJ Open	2024-04-01	10921481	83849	7452	0	3	0	13	0	0	0	0	0	0	2	0	0	0	0	0	77	0	0	0	0	0	3	1	0	0	0	0	0	0	0	0	0	0
BMJ Open	2024-04-01	10928780	91574	8416	0	6	1	2	0	0	0	1	0	0	12	2	0	1	2	0	25	0	0	4	0	0	0	0	0	0	0	0	0	0	0	1	0	0
BMJ Open	2024-04-01	10928735	181256	13001	0	5	1	12	1	0	0	6	0	1	5	1	0	0	0	0	195	0	0	6	0	0	0	0	0	0	0	0	0	0	0	0	0	0
BMJ Open	2024-04-01	10928726	76096	6456	0	10	0	3	0	0	0	0	0	1	2	0	0	0	0	0	52	0	0	0	0	0	0	0	0	0	0	0	0	0	0	0	0	0
BMJ Open	2024-04-01	10916114	88864	8162	0	1	4	1	0	0	1	0	0	0	0	0	0	0	1	0	12	0	0	5	0	0	0	0	0	0	0	0	0	0	0	0	0	2
BMJ Open	2024-04-01	10928778	87728	8255	0	6	0	2	0	0	0	2	0	0	5	0	0	0	0	0	23	0	0	3	0	0	0	0	0	0	0	0	0	0	0	0	0	0
BMJ Open	2024-04-01	10928795	69487	6239	0	7	0	5	0	0	0	0	0	0	1	0	0	0	1	0	50	0	0	0	0	0	2	0	0	0	0	0	0	0	0	0	0	0
BMJ Open	2024-04-01	10921544	112495	8397	0	2	1	1	1	0	4	3	0	0	0	1	0	0	0	0	75	0	0	3	0	0	2	0	0	0	0	0	0	0	0	0	0	0
BMJ Open	2024-04-01	10921521	95988	8263	0	23	0	4	1	0	2	1	0	0	14	6	0	0	0	0	127	0	0	0	0	0	0	3	0	0	0	0	1	0	0	3	0	0
BMJ Open	2024-04-01	10936494	114780	10260	0	11	0	2	0	0	1	1	0	0	17	1	0	0	1	0	21	0	0	1	0	0	0	0	0	0	0	0	0	10	0	0	0	0
BMJ Open	2024-04-01	10946384	123918	10039	0	3	0	3	0	0	1	0	0	0	1	3	0	0	0	0	54	0	0	0	0	0	2	0	0	0	0	0	0	0	0	0	0	0
BMJ Open	2024-04-01	10941130	105854	9165	0	3	0	2	0	0	0	0	0	0	5	1	0	0	0	0	34	0	0	0	0	0	2	0	0	0	0	0	0	0	0	0	0	0
BMJ Open	2024-04-01	10936488	38741	3460	0	6	1	4	0	0	2	0	0	0	3	0	0	0	0	0	30	0	0	2	0	0	0	0	0	0	0	0	0	0	0	0	0	0
BMJ Open	2024-04-01	10941110	40480	4026	0	4	0	6	0	0	0	0	0	0	3	0	0	0	2	0	14	0	0	0	0	0	0	0	0	0	0	0	0	0	0	0	0	0
BMJ Open	2024-04-01	10936505	69618	6094	0	2	1	6	0	0	2	2	0	0	25	1	0	0	1	0	51	0	0	1	0	0	1	0	0	0	0	0	0	0	0	0	0	0
BMJ Open	2024-04-01	10936527	88682	7154	0	3	0	0	0	0	0	2	0	0	0	4	0	0	0	0	53	0	0	0	0	0	0	0	0	0	0	0	2	1	0	0	0	0
BMJ Open	2024-04-01	10936473	80166	7622	0	2	1	11	1	0	1	0	0	0	2	5	0	6	0	0	37	0	0	0	0	0	0	0	0	0	0	0	0	0	0	0	0	0
BMJ Open	2024-04-01	10946383	110621	10711	0	4	0	11	0	0	7	1	0	0	1	6	0	0	2	0	54	0	0	5	0	0	1	0	0	0	0	0	0	0	0	0	0	0
BMJ Open	2024-04-01	10946353	101332	8012	0	9	0	4	0	0	3	4	0	0	5	5	0	0	0	0	67	0	0	1	0	0	0	0	0	0	0	0	0	0	0	0	0	0
BMJ Open	2024-04-01	10936483	141874	12128	0	12	0	3	0	0	0	5	0	0	2	6	0	0	0	0	62	0	0	1	0	0	0	0	0	0	0	0	0	0	0	0	0	0
BMJ Open	2024-04-01	10936518	76040	6687	0	3	0	2	0	0	0	0	0	0	2	0	0	0	0	0	65	0	0	0	0	0	0	0	0	0	0	0	0	0	0	0	0	0
BMJ Open	2024-04-01	10946359	73478	6010	0	0	1	2	0	0	2	1	0	0	1	1	0	0	0	0	72	0	0	0	0	0	0	0	0	0	0	0	0	0	0	0	0	0
BMJ Open	2024-04-01	10936472	80559	7062	0	18	0	0	0	0	0	1	0	0	16	0	0	0	0	0	41	0	0	1	0	0	6	0	0	0	0	0	0	0	0	0	0	0
BMJ Open	2024-04-01	10936503	71279	6995	0	8	0	1	0	0	0	1	0	0	5	0	0	0	0	0	34	0	0	0	0	0	1	0	0	0	0	0	0	0	0	0	0	0
BMJ Open	2024-04-01	10941152	77756	7322	0	8	0	7	0	0	0	1	0	0	2	0	0	0	0	0	20	0	0	1	0	0	0	0	0	8	0	0	0	0	0	2	0	0
BMJ Open	2024-04-01	10946340	68325	6351	1	5	2	5	1	0	2	2	0	0	0	1	0	0	1	0	9	0	0	3	0	0	20	0	0	0	0	0	4	1	0	1	0	0
BMJ Open	2024-04-01	10941147	122990	9156	0	8	0	5	0	0	3	4	0	0	2	5	1	0	0	0	63	0	0	5	0	0	2	0	0	0	0	0	0	0	0	0	0	0
BMJ Open	2024-04-01	10936499	90158	8769	0	4	0	4	0	0	3	4	0	1	3	0	0	0	0	0	48	0	0	1	0	0	1	0	0	0	0	0	0	0	0	0	0	0
BMJ Open	2024-04-01	10941111	122686	13537	0	2	0	1	0	0	5	0	0	0	1	1	0	0	0	0	29	0	0	4	0	0	0	0	0	0	0	0	0	0	0	0	0	0
BMJ Open	2024-04-01	10936487	53979	4957	0	4	0	2	0	0	1	0	0	0	0	1	1	0	0	0	41	0	0	1	0	0	3	0	0	0	0	0	0	0	0	0	0	0
BMJ Open	2024-04-01	10936526	81823	7672	0	8	0	1	0	0	5	1	0	0	0	0	0	0	0	0	53	0	0	2	0	0	3	0	0	0	0	0	0	0	0	0	0	0
BMJ Open	2024-04-01	10941134	98647	9436	0	4	1	0	0	0	0	0	0	0	63	0	0	0	0	0	6	0	0	0	0	0	1	0	0	0	0	0	0	0	0	0	0	0
BMJ Open	2024-04-01	10936470	67108	6062	0	1	1	3	0	0	1	2	0	0	2	0	0	0	0	0	40	0	0	1	0	0	0	0	0	0	0	0	0	0	0	0	0	0
BMJ Open	2024-04-01	10946370	70999	6593	0	3	0	0	0	0	2	0	0	1	0	0	0	0	0	0	17	0	0	5	0	0	0	0	0	0	0	0	0	0	0	0	0	0
BMJ Open	2024-04-01	10961513	104023	11131	0	0	1	2	0	0	4	0	0	0	0	0	0	0	0	0	31	0	0	15	0	0	3	0	2	0	0	0	0	0	0	0	0	0
BMJ Open	2024-04-01	10952968	110755	9080	0	4	0	12	0	0	1	1	0	0	0	2	0	0	0	0	72	0	0	1	0	0	1	2	0	0	0	0	0	0	0	1	0	0
BMJ Open	2024-04-01	10952858	75237	7649	0	6	0	3	0	0	2	1	0	0	2	2	0	0	0	0	49	0	0	2	0	0	1	2	0	0	0	0	0	0	0	0	0	0
BMJ Open	2024-04-01	10952937	101555	8400	0	5	0	1	0	0	0	0	0	0	8	0	0	0	1	0	36	0	0	1	0	0	0	0	0	0	0	0	0	0	0	0	0	0
BMJ Open	2024-04-01	10953037	93734	7983	0	8	0	5	0	0	1	1	0	0	2	4	0	0	0	0	72	0	0	2	0	1	1	0	0	0	0	0	0	0	0	0	0	0
BMJ Open	2024-04-01	10952981	62332	5770	0	1	0	1	0	0	0	1	0	0	2	0	0	0	0	0	56	0	0	0	0	0	0	0	0	0	0	0	0	0	0	0	0	0
BMJ Open	2024-04-01	10953030	50823	4886	0	1	0	2	0	0	0	4	0	0	6	0	0	0	1	0	49	0	0	0	0	0	0	0	0	0	0	0	1	0	0	0	0	0
BMJ Open	2024-04-01	10952868	101311	10177	0	2	0	0	0	0	11	0	0	0	0	1	0	0	0	0	61	0	0	3	0	0	1	0	0	0	0	0	1	0	0	0	0	0
BMJ Open	2024-04-01	10952919	61908	4607	0	12	0	3	0	0	1	0	0	0	1	2	0	0	0	0	49	0	0	1	0	0	0	1	0	0	0	0	0	0	0	0	0	0
BMJ Open	2024-04-01	10961584	154333	12530	0	8	1	0	0	0	2	0	0	0	0	7	0	0	1	0	50	0	0	0	0	0	0	0	1	0	0	0	0	0	0	0	0	0
BMJ Open	2024-04-01	10952922	49503	4549	0	7	1	0	0	0	1	1	0	0	5	0	0	0	0	0	71	0	0	0	0	0	1	0	0	0	0	0	0	0	0	0	0	0
BMJ Open	2024-04-01	10953088	56689	4452	0	4	0	3	0	0	1	0	0	0	1	1	0	0	0	0	41	0	0	0	0	0	0	0	0	0	0	0	0	0	0	0	0	0
BMJ Open	2024-04-01	10953046	104457	8566	0	4	0	3	0	0	5	4	0	0	1	4	0	0	1	0	55	0	0	0	0	0	0	0	0	0	0	0	0	0	0	0	0	0
BMJ Open	2024-04-01	10961501	100156	8764	0	5	0	2	0	1	0	0	0	0	0	0	0	0	0	0	41	0	0	0	0	0	0	0	0	0	0	0	0	0	0	1	0	0
BMJ Open	2024-04-01	10952972	135923	13232	0	8	1	4	0	0	1	6	0	0	5	3	0	0	1	0	38	0	0	0	0	0	2	0	2	0	0	0	0	0	0	0	0	0
BMJ Open	2024-04-01	10953309	106558	8653	0	6	0	0	0	0	0	1	0	0	4	0	0	0	0	0	58	0	0	2	0	0	0	0	0	0	0	0	0	0	0	0	0	0
BMJ Open	2024-04-01	10952880	82827	7129	0	4	2	2	0	0	9	4	0	0	9	1	0	0	0	0	41	0	0	8	0	0	1	0	0	0	0	0	0	0	0	0	0	0
BMJ Open	2024-04-01	10952884	75284	6556	0	2	0	0	0	0	3	0	0	0	2	0	0	0	0	0	77	0	0	2	0	0	1	0	0	0	0	0	0	0	0	0	0	0
BMJ Open	2024-04-01	10952943	90369	8948	0	1	1	0	0	0	2	0	0	1	0	0	0	0	0	0	36	0	0	7	0	0	3	0	0	0	0	0	0	0	0	1	0	0
BMJ Open	2024-04-01	10961566	92232	7485	0	7	0	5	0	0	6	0	0	0	10	1	0	0	0	0	33	0	0	0	0	0	1	0	0	0	0	0	0	0	0	0	0	0
BMJ Open	2024-04-01	10961505	90307	7882	0	3	1	2	0	0	3	3	0	1	4	4	0	0	1	0	22	0	0	2	0	0	0	0	0	0	0	0	0	0	0	0	0	0
BMJ Open	2024-04-01	10961540	82222	7419	0	6	0	0	0	0	0	1	0	0	2	0	0	0	0	0	50	0	0	2	0	0	0	0	0	0	0	0	0	0	0	0	0	0
BMJ Open	2024-04-01	10953007	160166	12417	0	14	0	7	0	0	10	1	0	0	8	0	0	0	2	0	42	0	0	0	0	0	2	0	0	0	0	0	0	0	0	0	0	0
BMJ Open	2024-04-01	10961545	120191	9407	0	1	0	6	0	0	5	0	0	0	1	3	0	0	0	0	75	0	0	4	0	0	2	0	0	0	0	0	0	0	0	0	0	0
BMJ Open	2024-04-01	10961570	112041	9547	0	11	1	17	1	0	6	2	0	0	2	7	0	0	1	0	137	0	0	1	0	0	0	0	0	0	0	0	0	0	0	0	0	0
BMJ Open	2024-04-01	10966785	65939	5650	0	4	0	0	0	0	2	1	0	0	0	1	0	0	0	1	51	0	0	0	0	0	1	2	0	0	0	0	1	1	0	0	0	0
BMJ Open	2024-04-01	10982805	57603	5479	0	4	0	0	0	0	0	1	0	0	2	0	0	0	0	0	42	0	0	1	0	0	0	0	0	0	0	0	0	0	0	0	0	0
BMJ Open	2024-04-01	10982755	93812	7599	0	10	0	6	0	0	2	2	0	0	3	1	0	0	1	0	105	0	0	1	0	0	2	1	0	0	0	0	0	0	0	0	0	0
BMJ Open	2024-04-01	10982788	121670	8983	0	2	1	5	0	0	1	0	0	0	2	1	0	0	0	0	46	0	0	3	0	0	1	0	0	0	0	0	0	0	0	0	0	0
BMJ Open	2024-04-01	10982752	132084	11743	0	2	1	2	0	0	1	1	0	0	15	3	0	0	1	0	45	0	0	0	0	0	0	0	1	0	0	0	0	0	0	0	0	0
BMJ Open	2024-04-01	10982715	121374	10442	0	2	0	0	0	0	2	3	0	0	4	2	0	0	1	0	44	0	0	2	0	1	0	0	2	2	0	0	0	0	0	0	0	0
BMJ Open	2024-04-01	10982736	145131	12201	0	13	0	0	0	0	0	0	0	0	12	0	0	0	0	0	34	0	0	0	0	0	1	0	0	0	0	0	0	0	0	0	0	0
BMJ Open	2024-04-01	10961499	90097	7889	0	3	1	2	0	0	4	0	0	0	18	0	0	0	4	0	79	0	0	4	0	0	1	0	0	0	0	0	0	0	0	0	0	0
BMJ Open	2024-04-01	10982793	107103	8859	0	5	0	1	0	0	0	1	0	0	11	0	0	0	0	0	37	0	0	0	0	0	5	0	0	0	0	0	0	0	0	0	0	0
BMJ Open	2024-04-01	10982782	98699	9412	0	3	2	3	0	0	6	0	0	0	0	0	0	0	0	0	27	0	0	5	0	1	1	0	1	0	0	0	0	0	0	0	0	1
BMJ Open	2024-04-01	10982786	81758	6974	0	4	1	2	0	0	0	0	0	0	2	1	0	0	1	0	36	0	0	0	0	0	1	0	2	0	0	0	0	0	0	0	0	1
BMJ Open	2024-04-01	10966809	106833	8198	0	7	2	4	0	0	6	4	0	0	0	1	0	0	2	0	37	0	0	6	0	0	0	0	0	0	0	0	0	0	0	0	0	0
BMJ Open	2024-04-01	10982794	146001	10665	0	8	0	1	0	0	4	1	0	2	26	5	0	0	1	0	73	0	0	3	0	0	0	0	0	0	0	0	0	0	0	0	0	0
BMJ Open	2024-04-01	10982800	67247	6132	0	6	0	1	0	0	4	0	0	0	4	0	0	0	0	0	41	0	0	0	0	0	3	0	0	0	0	0	0	0	0	0	0	0
BMJ Open	2024-04-01	10982739	43764	3975	0	5	0	0	0	0	1	1	0	0	3	2	0	0	0	0	52	0	0	2	0	2	2	4	0	0	0	0	0	0	0	0	0	0
BMJ Open	2024-04-01	10966817	119181	10903	0	7	0	4	0	0	2	1	0	0	5	10	0	0	2	0	54	0	0	2	0	0	1	0	0	0	0	0	0	0	0	0	0	0
BMJ Open	2024-04-01	10982781	83966	6123	0	15	0	3	1	0	0	5	0	0	2	3	0	0	0	1	40	0	0	0	0	0	0	1	0	0	0	0	0	0	0	0	0	0
BMJ Open	2024-04-01	10982719	94703	8257	1	4	0	0	0	0	5	4	0	0	2	5	0	0	1	0	53	0	0	2	0	1	0	0	0	0	0	0	0	0	0	0	0	0
BMJ Open	2024-04-01	10966820	91074	8811	0	0	1	7	0	0	0	0	0	1	4	0	0	0	0	0	43	0	0	0	0	0	1	0	0	0	0	0	0	0	0	0	0	0
BMJ Open	2024-04-01	10982764	67002	6039	0	7	0	1	0	0	0	0	0	0	8	3	0	0	2	0	37	0	0	0	0	1	0	0	1	0	0	0	0	0	0	3	0	0
BMJ Open	2024-04-01	10982753	121726	9527	0	2	1	0	1	0	3	0	0	0	1	1	0	0	0	0	28	0	0	4	0	1	1	0	0	0	0	0	1	0	0	0	0	0
BMJ Open	2024-04-01	10982751	101181	9580	0	5	0	6	0	0	0	1	0	0	5	0	0	0	1	0	89	0	0	1	0	0	0	0	0	0	0	0	0	7	0	0	0	0
BMJ Open	2024-04-01	10966822	70764	5955	0	6	0	3	0	0	1	0	0	0	11	0	0	0	0	0	76	0	0	0	0	0	1	1	0	0	0	0	0	0	0	0	0	0
BMJ Open	2024-04-01	10961576	111476	9225	0	6	0	5	0	0	6	1	0	0	0	2	0	0	0	0	41	0	0	0	0	0	0	1	0	0	0	0	0	0	0	0	0	0
BMJ Open	2024-04-01	10966792	75120	6507	0	3	0	1	0	0	0	1	0	0	4	2	0	0	0	0	53	0	0	0	0	0	1	0	0	0	0	0	0	0	0	0	0	0
