journal	date	pmc_id	Nchars	Nwords	delve	analyse	acknowledge	assess	appraise	dissect	explore	examine	extricate	expose	estimate	investigate	inquire	inspect	interpret	scrutinise	study	unearth	uncover	understand	ponder	research	reason	retrieve	avoid	discount	disregard	dismiss	ignore	neglect	overlook	omit	skip	reject
BMJ Open	2023-04-01	9827256	118064	8784	0	13	0	6	0	0	0	0	0	0	1	0	0	0	2	0	74	0	0	0	0	1	0	0	0	0	0	0	1	0	0	0	0	0
BMJ Open	2023-04-01	9827248	141853	11863	0	8	0	1	0	0	0	1	0	0	10	1	0	0	2	0	28	0	18	0	0	0	0	0	0	0	0	0	0	0	0	0	0	0
BMJ Open	2023-04-01	9815017	125648	10581	0	10	0	0	0	0	0	1	0	0	0	2	0	0	2	0	48	0	0	1	0	0	1	0	0	0	0	0	0	0	0	0	0	0
BMJ Open	2023-04-01	9827183	119411	10332	0	11	0	7	0	0	0	1	0	0	2	1	0	0	1	0	29	0	0	0	0	0	0	0	0	0	0	0	0	0	0	0	0	0
BMJ Open	2023-04-01	9827266	75630	7040	0	2	0	0	0	0	0	0	0	0	0	6	0	0	0	0	58	0	0	1	0	0	2	0	0	0	0	0	2	0	0	0	0	0
BMJ Open	2023-04-01	9809246	87261	7559	0	7	0	1	0	0	1	0	0	0	3	1	0	0	0	0	51	0	0	0	0	1	0	0	0	0	0	0	0	0	1	0	0	0
BMJ Open	2023-04-01	9827268	150086	12622	0	10	0	2	0	0	1	2	0	0	2	4	0	0	0	0	65	0	0	0	0	0	0	0	0	0	0	0	0	0	0	0	0	0
BMJ Open	2023-04-01	9809259	84686	7621	0	6	0	4	1	0	5	0	0	0	1	7	0	0	1	0	96	0	0	0	0	0	3	0	2	0	0	0	0	0	0	0	0	0
BMJ Open	2023-04-01	9815027	83818	8330	0	1	2	12	0	0	2	1	0	1	0	0	0	0	0	0	18	0	0	7	0	0	0	0	0	0	0	0	0	2	2	0	0	0
BMJ Open	2023-04-01	9827251	123836	11636	0	5	1	1	0	0	0	0	0	0	4	3	0	0	0	0	46	0	0	1	0	0	0	2	1	0	0	0	0	0	0	0	0	0
BMJ Open	2023-04-01	9809249	81468	7384	0	6	0	2	0	0	2	0	0	29	8	0	0	0	0	0	51	0	0	0	0	0	0	0	1	0	0	0	0	0	0	0	0	0
BMJ Open	2023-04-01	9827237	126767	12128	0	4	2	2	0	0	0	1	0	0	0	1	0	0	0	0	39	0	0	0	0	0	1	0	0	0	0	0	0	0	0	0	0	0
BMJ Open	2023-04-01	9815013	92360	7287	0	6	0	7	0	0	0	0	0	10	31	1	0	0	1	0	148	0	0	3	0	0	1	1	1	0	0	0	1	0	1	0	0	0
BMJ Open	2023-04-01	9827252	140036	9282	0	10	0	9	0	0	0	1	0	0	5	0	0	2	1	1	55	0	0	0	0	0	1	1	1	0	0	0	0	0	0	0	0	0
BMJ Open	2023-04-01	9827243	81201	7940	0	2	1	5	0	0	0	1	0	0	9	1	0	0	0	0	43	0	0	0	0	0	1	0	0	0	0	0	0	0	0	1	0	0
BMJ Open	2023-04-01	9827254	104599	8997	0	0	0	2	0	0	6	0	0	0	3	0	0	0	0	0	70	0	0	1	0	0	0	0	0	0	0	0	1	3	0	1	0	0
BMJ Open	2023-04-01	9827257	111377	9683	0	1	0	2	0	0	0	0	0	0	7	0	0	0	0	0	81	0	0	0	0	0	1	0	0	0	0	0	1	0	0	0	0	0
BMJ Open	2023-04-01	9827258	270861	17612	0	6	0	12	0	0	1	0	0	0	2	7	0	0	5	0	237	0	0	1	0	0	0	0	0	0	0	0	0	0	0	0	0	0
BMJ Open	2023-04-01	9827270	77586	5976	0	9	0	4	1	0	0	2	0	0	11	0	0	0	2	0	41	0	0	0	0	0	1	1	0	0	0	0	0	0	2	0	0	0
BMJ Open	2023-04-01	9809220	89961	7923	0	3	3	7	0	0	0	1	0	0	1	1	0	0	2	0	38	0	0	0	0	0	0	0	0	0	0	0	0	1	0	0	0	0
BMJ Open	2023-04-01	9815011	92290	8479	0	2	0	1	0	0	12	0	0	0	0	1	0	0	1	0	32	0	0	3	0	0	1	0	0	0	0	0	0	0	0	0	0	0
BMJ Open	2023-04-01	9826925	139544	12605	0	4	0	1	0	0	2	2	0	0	17	5	0	0	0	0	35	0	0	4	0	0	0	0	0	0	0	0	0	0	0	1	0	0
BMJ Open	2023-04-01	9815003	120621	10108	0	5	0	3	0	0	2	5	0	3	3	1	0	0	0	0	55	0	0	4	0	0	1	0	0	0	0	0	0	0	0	0	0	0
BMJ Open	2023-04-01	9827244	101587	9348	0	7	0	2	0	0	6	1	0	0	10	1	1	0	0	0	68	0	0	6	0	0	1	0	0	0	0	0	0	0	0	0	0	0
BMJ Open	2023-04-01	9815008	105770	8932	0	10	0	35	0	0	0	2	0	0	2	5	0	0	0	0	51	0	0	3	0	0	0	0	0	0	0	0	0	0	0	0	0	0
BMJ Open	2023-04-01	9843185	60726	5046	0	2	0	5	0	0	0	0	0	0	2	0	0	0	0	0	37	0	0	0	0	0	0	0	0	0	0	0	0	0	0	0	0	0
BMJ Open	2023-04-01	9835872	96996	9999	0	2	0	0	0	0	0	1	0	24	4	0	0	0	0	0	42	0	0	0	0	0	2	2	0	0	0	0	0	0	0	0	0	0
BMJ Open	2023-04-01	9842598	73300	6868	0	4	0	0	0	0	1	0	0	0	10	0	0	0	0	0	42	0	0	2	0	0	1	0	0	0	0	0	0	0	0	0	0	0
BMJ Open	2023-04-01	9835934	123153	11471	0	4	0	8	0	0	0	1	0	0	7	0	0	0	0	0	36	0	0	1	0	0	1	0	0	0	0	0	0	2	0	0	0	0
BMJ Open	2023-04-01	9843199	88015	9207	0	5	1	1	0	0	2	1	0	0	1	5	0	0	0	0	58	0	0	2	0	0	0	0	0	0	0	0	0	0	0	4	0	2
BMJ Open	2023-04-01	9843198	95586	8542	0	1	0	1	0	0	0	0	0	0	5	0	0	0	0	0	70	0	0	0	0	0	0	0	0	0	0	0	0	0	0	0	0	0
BMJ Open	2023-04-01	9843192	76544	6492	0	2	0	0	0	0	1	0	0	0	0	0	0	0	0	0	64	0	0	1	0	0	0	0	0	0	0	0	0	0	0	0	0	0
BMJ Open	2023-04-01	9843223	44210	3931	0	4	0	1	0	0	1	0	0	2	0	0	0	0	1	0	27	0	0	0	0	0	1	1	0	0	0	0	0	0	0	0	0	0
BMJ Open	2023-04-01	9835874	71723	6187	0	8	0	5	0	0	2	1	0	0	3	0	0	0	0	0	48	0	0	0	0	0	0	1	0	0	0	0	0	0	0	0	0	0
BMJ Open	2023-04-01	9835860	77888	8300	0	7	0	9	0	0	0	9	0	0	6	1	0	0	0	0	87	0	0	0	0	0	2	0	0	0	0	0	0	0	0	0	0	0
BMJ Open	2023-04-01	9835955	61627	5905	0	6	0	2	0	0	5	0	0	0	4	1	0	0	0	0	44	0	0	0	0	0	2	0	0	0	0	0	0	0	0	0	0	0
BMJ Open	2023-04-01	9835960	74746	7128	0	2	1	27	0	0	1	3	0	0	7	3	0	0	2	0	170	0	0	0	0	0	0	0	0	0	0	0	0	0	0	0	0	0
BMJ Open	2023-04-01	9843224	61149	4624	0	1	0	1	0	0	0	0	0	0	0	0	0	0	0	0	48	0	0	0	0	0	1	0	0	0	0	0	0	0	0	0	0	0
BMJ Open	2023-04-01	9835449	125345	11579	0	8	0	3	0	0	3	2	0	0	2	4	0	0	3	0	65	0	0	0	0	0	0	0	0	0	0	0	0	1	0	0	0	0
BMJ Open	2023-04-01	9835941	71983	7550	0	1	0	0	0	0	4	0	0	5	2	1	0	0	0	0	19	0	0	7	0	0	0	0	0	0	0	0	0	0	0	0	0	0
BMJ Open	2023-04-01	9843179	81253	6468	0	18	2	8	0	0	1	12	0	2	3	0	0	0	1	0	80	0	0	0	0	0	0	0	0	0	0	0	0	0	0	0	0	0
BMJ Open	2023-04-01	9843219	105454	9105	0	16	0	2	0	0	0	1	0	0	2	0	0	0	0	0	50	0	0	2	0	0	2	0	0	0	0	0	0	0	0	0	0	0
BMJ Open	2023-04-01	9835879	88011	7678	0	6	0	3	0	0	1	2	0	1	1	5	0	0	0	0	39	0	0	2	0	0	0	0	0	0	0	0	0	0	0	0	0	0
BMJ Open	2023-04-01	9835939	117062	11636	0	7	4	6	0	0	3	2	0	0	1	1	0	0	4	0	44	0	0	2	0	0	2	0	2	0	0	0	3	0	0	0	0	0
BMJ Open	2023-04-01	9843183	79211	6942	0	2	1	0	0	0	4	0	0	0	0	3	0	0	0	1	37	0	0	3	0	0	0	0	0	0	0	0	0	0	0	1	0	0
BMJ Open	2023-04-01	9842601	96513	8535	0	6	0	1	0	0	1	9	0	0	4	0	0	0	0	0	18	0	0	2	0	0	3	0	0	0	0	0	0	0	0	0	0	0
BMJ Open	2023-04-01	9835859	64194	7014	0	2	3	0	0	0	1	6	0	0	0	0	1	0	0	0	33	0	0	4	0	1	0	0	0	0	0	0	0	0	0	0	0	0
BMJ Open	2023-04-01	9835949	62289	5094	0	8	0	1	0	0	0	0	0	0	2	0	0	0	0	0	55	0	0	0	0	0	0	0	0	0	0	0	0	0	0	0	0	0
BMJ Open	2023-04-01	9843181	144700	14140	0	12	3	4	0	0	0	2	0	0	35	2	0	0	2	1	37	0	0	0	0	0	1	0	0	0	0	0	0	0	0	0	0	0
BMJ Open	2023-04-01	9843180	94719	8330	0	3	0	1	0	0	1	0	0	0	3	0	0	0	0	0	28	0	0	0	0	0	1	0	0	0	0	0	0	0	0	0	0	1
BMJ Open	2023-04-01	9853214	92460	7966	0	11	0	5	0	0	0	0	0	0	0	1	0	0	0	0	42	0	0	0	0	0	1	0	0	0	0	0	0	0	0	1	0	0
BMJ Open	2023-04-01	9853246	46365	3458	0	9	0	4	0	0	1	2	0	0	2	2	0	0	0	0	50	0	0	0	0	0	1	1	0	0	0	0	0	0	0	0	0	0
BMJ Open	2023-04-01	9872484	101636	9457	0	2	0	2	0	0	0	0	0	0	6	0	0	0	0	0	25	0	0	0	0	2	0	0	0	0	0	0	0	0	0	0	0	0
BMJ Open	2023-04-01	9852740	86220	7595	0	1	1	0	0	0	0	0	0	0	10	0	0	0	2	0	43	0	0	0	0	0	0	0	0	0	0	0	0	0	0	0	0	0
BMJ Open	2023-04-01	9872466	113991	10573	0	6	4	6	0	0	25	3	0	0	0	0	0	0	0	0	19	0	0	14	0	0	5	0	0	0	0	0	0	0	0	0	0	0
BMJ Open	2023-04-01	9853122	130421	12019	0	2	0	1	0	0	4	2	0	1	1	1	0	0	1	0	41	0	0	2	0	0	1	0	2	0	0	0	0	0	0	0	0	0
BMJ Open	2023-04-01	9853266	80573	7297	0	7	1	5	0	0	5	0	0	0	5	0	1	0	0	1	22	0	0	1	0	0	0	0	0	0	0	0	0	0	0	0	0	0
BMJ Open	2023-04-01	9853248	99973	8191	0	2	2	2	0	0	7	0	0	0	2	4	0	0	0	0	48	0	0	0	0	0	0	0	0	0	0	0	0	0	0	0	0	0
BMJ Open	2023-04-01	9852736	106738	9918	0	3	0	2	0	0	3	7	0	1	14	1	0	0	1	0	27	0	0	1	0	0	2	0	0	0	0	0	0	0	0	0	0	0
BMJ Open	2023-04-01	9853231	110621	8678	0	3	0	15	0	0	1	1	0	0	2	2	0	0	1	0	53	0	0	0	0	0	0	1	0	0	0	0	0	0	0	0	0	0
BMJ Open	2023-04-01	9853264	76223	6448	0	0	0	0	0	0	0	0	0	1	1	0	0	0	0	0	24	0	0	0	0	0	0	0	0	0	0	0	0	0	0	0	0	0
BMJ Open	2023-04-01	9853215	31823	2884	0	4	0	0	0	0	0	0	0	0	3	0	0	0	0	0	30	0	0	0	0	0	1	1	0	0	0	0	0	0	0	0	0	0
BMJ Open	2023-04-01	9853212	43793	3605	0	2	0	5	0	0	1	0	0	1	0	2	0	0	0	0	47	0	0	0	0	0	1	1	0	0	0	0	0	0	0	0	0	0
BMJ Open	2023-04-01	9853216	93807	8386	0	2	0	1	0	0	0	0	0	0	3	3	0	0	0	0	52	0	0	1	0	0	0	0	0	0	0	0	0	0	0	0	0	0
BMJ Open	2023-04-01	9853218	80037	6726	0	1	0	0	0	0	0	4	0	0	6	1	0	0	0	0	51	0	1	2	0	0	0	0	0	0	0	0	0	0	0	0	0	0
BMJ Open	2023-04-01	9872483	94527	8313	0	8	0	3	0	0	2	1	0	1	1	0	0	0	0	0	104	0	0	2	0	0	0	0	0	0	0	0	0	0	0	0	0	0
BMJ Open	2023-04-01	9853258	106767	9332	0	10	1	2	0	0	1	0	0	0	38	2	0	0	0	0	59	0	0	0	0	0	2	0	0	0	0	0	0	0	0	0	0	0
BMJ Open	2023-04-01	9871865	99727	9814	0	4	0	1	0	0	1	0	0	0	1	2	0	0	1	0	47	0	0	3	0	0	0	0	0	0	0	0	0	0	0	0	0	0
BMJ Open	2023-04-01	9872490	89032	8009	0	4	1	1	0	0	3	1	0	0	2	0	0	0	2	0	57	0	0	0	0	0	0	0	2	0	0	0	0	0	0	0	0	0
BMJ Open	2023-04-01	9853245	79101	7010	0	5	0	5	0	1	5	1	0	2	3	2	0	0	0	0	46	0	0	0	0	1	0	0	0	0	0	0	0	0	0	0	0	0
BMJ Open	2023-04-01	9872510	125136	9886	0	3	1	2	0	0	0	0	0	0	7	0	0	0	1	0	44	0	0	0	0	0	2	0	0	0	0	0	0	1	1	0	0	0
BMJ Open	2023-04-01	9853257	62625	5785	0	1	0	1	0	0	0	8	0	0	5	6	0	0	0	0	38	0	0	1	0	0	0	0	0	0	0	0	0	0	0	1	0	0
BMJ Open	2023-04-01	9852738	95125	8736	0	1	1	0	0	0	2	1	0	0	1	0	0	0	0	0	23	0	0	3	0	0	0	0	0	0	0	0	0	0	0	0	0	0
BMJ Open	2023-04-01	9872458	62916	5482	0	8	0	0	0	0	0	0	0	0	1	0	0	0	0	0	25	0	0	0	0	0	0	0	0	0	0	0	0	0	0	0	0	0
BMJ Open	2023-04-01	9853223	98321	7338	0	8	1	24	0	0	0	0	0	0	2	2	0	0	0	0	47	0	0	1	0	0	0	0	1	0	0	0	0	0	0	0	0	0
BMJ Open	2023-04-01	9884927	212873	18261	0	39	1	3	0	0	6	3	0	0	17	7	0	0	0	0	59	0	0	3	0	0	2	0	0	0	0	0	1	0	0	0	0	0
BMJ Open	2023-04-01	9896233	96191	9091	0	8	0	1	0	0	0	0	0	7	4	9	0	0	0	0	111	0	0	0	0	0	1	0	0	0	0	0	0	0	0	0	0	0
BMJ Open	2023-04-01	9884872	85665	7051	0	5	0	7	0	0	0	2	0	0	3	1	0	0	0	0	100	0	0	1	0	2	0	0	0	0	0	0	0	1	0	0	0	0
BMJ Open	2023-04-01	9890834	90962	8935	0	3	1	5	1	0	7	3	0	0	0	0	0	0	0	0	92	0	0	5	0	0	0	1	0	0	0	0	1	0	0	0	0	0
BMJ Open	2023-04-01	9890277	110804	10609	0	3	0	1	0	0	5	0	0	0	14	0	0	0	0	0	30	0	0	0	0	0	0	0	0	0	0	0	0	0	0	0	0	0
BMJ Open	2023-04-01	9884895	93706	7380	0	8	2	5	0	0	1	0	0	0	0	2	0	0	0	0	79	0	0	1	0	0	2	1	0	0	0	0	0	0	0	0	0	1
BMJ Open	2023-04-01	9884571	86388	7017	0	13	1	1	1	0	7	1	0	0	4	1	0	0	1	0	83	0	0	8	0	0	0	1	0	0	0	0	0	0	1	0	0	0
BMJ Open	2023-04-01	9884930	172810	14985	0	3	0	1	0	0	1	1	0	0	4	0	0	0	0	0	71	0	0	2	0	0	0	0	0	0	0	0	0	0	0	0	0	0
BMJ Open	2023-04-01	9896183	105302	9308	0	8	3	1	0	0	0	12	0	0	0	1	0	0	0	0	33	0	0	1	0	0	0	0	0	0	0	0	0	0	0	0	0	0
BMJ Open	2023-04-01	9872486	101787	9160	0	5	0	5	0	0	1	1	0	0	1	0	0	0	0	0	86	0	0	0	0	0	0	0	0	0	0	0	0	0	0	0	0	0
BMJ Open	2023-04-01	9890757	123930	10749	0	16	0	5	0	0	4	9	0	0	3	0	0	0	3	0	39	0	0	3	0	0	0	0	0	0	0	0	0	0	0	2	0	0
BMJ Open	2023-04-01	9887691	69625	6472	0	7	0	2	0	0	1	1	0	0	0	2	0	0	0	0	85	0	0	1	0	0	0	1	0	0	0	0	0	0	0	0	0	0
BMJ Open	2023-04-01	9884880	102669	9194	0	3	3	5	4	0	7	1	0	0	0	4	0	0	0	0	158	0	0	10	0	0	4	0	0	0	0	0	0	0	0	0	0	0
BMJ Open	2023-04-01	9884940	81151	6697	0	2	0	1	0	0	0	0	0	0	0	0	0	0	0	0	31	0	0	0	0	0	0	1	0	0	0	0	1	0	1	0	0	0
BMJ Open	2023-04-01	9887473	117961	9804	0	3	1	4	0	0	1	2	0	0	5	1	0	0	0	0	118	0	0	0	0	0	0	1	0	0	0	0	0	0	0	0	0	0
BMJ Open	2023-04-01	9887710	53108	4546	0	1	0	2	0	0	9	0	0	0	1	0	0	0	0	0	61	0	0	1	0	0	1	0	1	0	0	0	0	0	0	1	0	0
BMJ Open	2023-04-01	9884574	102897	8625	0	7	0	3	0	0	1	2	0	0	6	2	1	0	0	0	77	0	0	0	0	0	1	0	0	0	0	0	0	1	0	0	0	0
BMJ Open	2023-04-01	9884938	84363	7893	0	0	0	4	0	0	0	0	0	0	0	1	0	0	0	0	63	0	0	1	0	0	0	0	0	0	0	0	0	0	0	0	0	0
BMJ Open	2023-04-01	9884985	103556	7472	0	3	1	6	0	0	0	3	0	0	1	0	0	0	0	0	80	0	0	0	0	0	6	0	1	0	0	0	0	0	0	0	0	0
BMJ Open	2023-04-01	9884932	60802	5230	0	3	0	6	0	0	0	0	0	0	3	1	0	0	0	0	37	0	0	0	0	0	0	0	0	0	0	0	0	0	0	0	0	0
BMJ Open	2023-04-01	9887696	70168	6879	0	3	0	0	0	0	1	0	0	0	2	1	0	0	0	0	20	0	0	0	0	0	1	0	0	0	0	0	0	0	0	0	0	0
BMJ Open	2023-04-01	9884885	93578	8130	0	3	0	2	0	0	0	4	0	0	7	1	0	0	2	0	32	0	0	0	0	0	2	0	0	0	0	0	0	0	0	0	0	0
BMJ Open	2023-04-01	9890762	91516	9747	0	6	2	3	0	0	3	0	0	0	0	0	0	0	1	0	26	0	0	2	0	1	1	0	0	0	0	0	0	0	0	0	0	0
BMJ Open	2023-04-01	9887698	75301	7000	0	0	1	0	0	0	0	7	0	0	101	0	0	0	0	0	20	0	0	0	0	0	0	0	0	0	0	0	0	0	0	0	0	0
BMJ Open	2023-04-01	9884898	58718	4884	0	4	1	0	0	0	3	0	0	0	4	1	0	0	0	0	30	0	0	2	0	1	0	0	0	0	0	0	0	0	0	0	0	0
BMJ Open	2023-04-01	9906173	106741	9351	0	6	0	0	0	0	4	0	0	0	0	2	0	0	1	0	47	0	0	2	0	0	0	1	0	0	0	0	0	0	0	0	0	0
BMJ Open	2023-04-01	9906257	91098	7980	0	2	0	6	0	0	0	1	0	0	5	1	0	0	0	0	95	0	0	0	0	0	1	1	0	2	0	0	0	0	0	0	0	0
BMJ Open	2023-04-01	9906261	99357	9264	0	9	0	4	0	0	14	2	0	0	12	1	0	0	0	0	41	0	0	1	0	0	1	0	0	0	0	0	0	0	0	0	0	0
BMJ Open	2023-04-01	9906405	100649	8554	0	13	0	4	0	0	1	6	0	0	8	2	0	0	0	0	67	0	0	4	0	0	0	0	1	0	0	0	0	0	0	0	0	0
BMJ Open	2023-04-01	9900055	36551	3028	0	4	0	3	0	0	0	0	0	0	2	0	0	0	0	0	15	0	0	0	0	0	0	1	0	0	0	0	0	0	0	0	0	0
BMJ Open	2023-04-01	9896246	60746	4928	0	0	0	5	0	0	3	5	0	0	2	3	0	0	0	0	70	0	0	0	0	0	0	0	0	0	0	0	0	0	0	0	0	0
BMJ Open	2023-04-01	9905785	112201	9796	0	4	0	9	0	0	2	3	0	0	2	3	0	1	0	0	131	0	0	1	0	0	1	0	0	0	0	0	0	0	0	0	0	0
BMJ Open	2023-04-01	9899980	55854	4642	0	6	0	1	0	0	0	0	0	0	0	4	0	0	0	0	43	0	0	2	0	0	1	0	0	0	0	0	0	0	0	0	0	0
BMJ Open	2023-04-01	9906254	68365	6335	0	4	0	1	0	0	0	2	0	0	0	0	0	0	0	0	58	0	0	0	0	0	1	1	0	0	0	0	0	0	0	0	0	0
BMJ Open	2023-04-01	9923249	98989	10858	0	1	5	0	0	0	2	5	0	0	0	1	0	0	0	0	78	0	0	3	0	0	1	0	0	0	0	0	0	0	0	0	0	0
BMJ Open	2023-04-01	9906163	104717	9004	0	3	1	1	0	0	6	1	0	0	5	2	0	0	0	0	50	0	0	0	0	0	0	0	0	0	0	0	0	0	0	0	0	0
BMJ Open	2023-04-01	9906302	208892	19402	0	13	1	1	0	0	4	2	0	0	0	1	0	0	1	0	27	0	0	3	0	1	3	0	3	0	0	0	0	0	0	0	0	0
BMJ Open	2023-04-01	9896347	174672	15453	0	3	1	8	0	0	2	2	0	0	4	1	0	0	0	0	62	0	0	1	0	0	1	0	1	0	0	0	2	0	0	0	0	0
BMJ Open	2023-04-01	9900053	43046	3461	0	6	0	2	0	0	3	2	0	0	2	0	0	0	1	0	39	0	0	1	0	0	0	0	0	0	0	0	0	0	0	0	0	0
BMJ Open	2023-04-01	9896235	71905	6064	0	5	0	1	0	0	0	0	0	0	0	3	0	0	1	0	33	0	0	0	0	0	0	0	0	0	0	0	0	0	0	0	0	0
BMJ Open	2023-04-01	9906174	68324	6335	0	5	0	2	0	0	0	6	0	0	0	0	0	0	0	0	92	0	0	2	0	0	0	0	0	0	0	0	0	0	0	0	0	0
BMJ Open	2023-04-01	9896218	92794	10030	0	2	4	5	0	0	1	0	0	0	0	0	0	0	0	0	17	0	0	7	0	0	0	0	0	0	0	0	0	0	0	0	0	0
BMJ Open	2023-04-01	9900048	139662	12872	0	0	0	3	0	0	2	9	0	0	2	0	0	0	0	0	69	0	0	2	0	0	0	0	0	0	0	0	0	0	0	0	0	0
BMJ Open	2023-04-01	9923313	63651	5544	0	5	0	2	0	0	0	1	0	0	3	3	0	0	0	0	45	0	0	0	0	0	1	0	0	0	0	0	0	0	0	0	0	0
BMJ Open	2023-04-01	9900059	95032	8331	0	5	3	1	0	0	0	1	0	1	2	1	0	0	0	0	35	0	0	0	0	0	1	0	0	0	0	0	0	0	0	0	0	1
BMJ Open	2023-04-01	9900058	66660	5606	0	1	0	4	0	0	3	1	0	0	4	0	0	0	0	0	26	0	0	0	0	0	0	0	0	0	0	0	0	0	0	0	0	0
BMJ Open	2023-04-01	9906266	109794	9291	0	3	0	9	0	0	0	0	0	0	0	1	0	0	0	0	32	0	0	0	0	0	1	2	0	0	0	0	0	0	0	0	0	0
BMJ Open	2023-04-01	9895917	114431	9958	0	1	2	0	0	0	0	1	0	0	0	1	0	0	0	0	45	0	0	8	0	0	0	0	0	0	0	0	0	0	0	0	0	0
BMJ Open	2023-04-01	9900054	78574	7409	0	7	0	5	0	0	2	2	0	1	5	0	0	0	0	0	60	0	0	2	0	0	0	0	0	0	0	0	0	0	0	0	0	0
BMJ Open	2023-04-01	9906251	63790	5214	0	12	0	5	0	0	3	0	0	0	3	1	0	0	0	0	47	0	0	1	0	0	0	4	0	0	0	0	0	0	0	0	0	0
BMJ Open	2023-04-01	9923305	111908	10283	0	9	4	5	0	0	19	1	0	0	0	8	0	0	0	0	60	0	0	14	0	0	0	0	1	0	0	0	0	0	0	0	0	0
BMJ Open	2023-04-01	9933129	61390	6191	0	10	0	4	0	0	4	2	0	0	3	0	0	0	0	0	52	0	0	2	0	0	2	0	0	0	0	0	0	0	0	0	0	0
BMJ Open	2023-04-01	9923264	139355	9903	0	5	2	4	0	0	17	0	0	0	1	2	0	0	0	0	50	0	0	3	0	1	1	0	0	0	0	0	0	0	0	0	0	0
BMJ Open	2023-04-01	9933751	96228	9245	0	1	0	0	0	0	10	2	0	0	0	1	0	0	0	0	60	0	0	3	0	0	1	0	0	0	0	0	0	0	0	0	0	0
BMJ Open	2023-04-01	9923332	89133	7634	0	3	2	0	1	0	5	1	0	0	0	1	0	0	0	0	31	0	0	3	0	0	3	0	0	0	0	0	0	0	0	0	0	0
BMJ Open	2023-04-01	9930542	53777	4918	0	10	1	3	0	0	0	0	0	0	2	0	0	0	0	0	37	0	0	0	0	0	1	0	1	0	0	0	0	0	0	0	0	0
BMJ Open	2023-04-01	9923333	62689	5835	0	18	0	2	0	0	1	2	0	0	8	6	0	1	0	0	37	0	0	0	0	0	2	0	0	0	0	0	0	0	0	0	0	0
BMJ Open	2023-04-01	9923317	60748	5904	0	22	0	0	0	0	0	1	0	0	2	6	0	0	0	0	55	0	0	1	0	0	0	1	0	0	0	0	0	0	0	0	0	0
BMJ Open	2023-04-01	9933745	93177	9288	0	2	0	2	0	0	0	0	0	0	0	2	0	0	0	0	41	0	0	0	0	1	2	0	0	0	0	0	0	0	0	0	0	0
BMJ Open	2023-04-01	9923278	66411	5376	0	4	1	0	0	0	0	5	0	0	1	4	0	0	0	0	35	0	0	2	0	0	1	0	0	0	0	0	0	0	0	0	0	0
BMJ Open	2023-04-01	9923306	65785	6246	0	5	0	2	0	0	0	2	0	0	2	1	0	0	0	0	107	0	0	0	0	0	0	0	1	0	0	0	0	0	0	0	0	0
BMJ Open	2023-04-01	9923314	130715	11702	0	8	1	3	0	0	0	0	0	2	3	0	0	0	0	0	73	0	0	1	0	0	2	1	1	0	0	0	0	0	0	0	0	0
BMJ Open	2023-04-01	9923291	127200	10758	0	4	2	3	4	0	12	3	0	0	0	3	0	0	0	1	112	0	0	6	0	0	1	1	0	0	0	0	1	1	0	1	0	0
BMJ Open	2023-04-01	9930558	122044	10483	0	10	0	2	0	0	0	5	0	0	3	2	0	0	0	0	44	0	0	0	0	0	0	0	0	0	0	0	0	1	0	0	0	0
BMJ Open	2023-04-01	9933768	127702	9806	0	0	0	2	0	0	0	0	0	1	1	0	0	0	1	0	55	0	0	0	0	0	0	0	0	0	0	0	0	0	0	0	0	0
BMJ Open	2023-04-01	9933763	93210	8341	0	7	0	1	0	0	2	0	0	0	2	1	0	0	0	0	84	0	0	0	0	0	3	2	0	0	0	0	0	0	0	0	0	0
BMJ Open	2023-04-01	9922880	120171	9749	0	4	0	0	0	0	1	0	0	0	0	2	0	0	0	0	61	0	0	1	0	0	4	0	0	0	0	0	0	0	0	0	0	1
BMJ Open	2023-04-01	9930561	151475	14255	0	7	1	14	0	0	5	0	0	0	3	0	0	0	0	0	65	0	0	2	0	0	0	0	0	0	0	0	0	0	0	0	0	0
BMJ Open	2023-04-01	9923297	84728	7600	0	3	2	0	0	0	0	2	0	1	5	9	0	0	1	0	52	0	0	1	0	0	0	0	0	0	0	0	0	0	0	0	0	0
BMJ Open	2023-04-01	9933767	125052	9420	0	5	0	13	0	0	2	2	0	0	2	3	0	0	0	0	61	0	0	2	0	0	0	0	0	0	0	0	0	0	0	0	0	0
BMJ Open	2023-04-01	9930566	141962	12175	0	11	1	8	1	0	0	0	0	0	2	2	0	0	1	0	176	0	0	1	0	0	3	1	0	0	0	0	1	0	0	0	0	0
BMJ Open	2023-04-01	9933750	128636	11663	0	6	1	4	0	0	2	7	0	0	8	0	0	0	0	0	56	0	0	1	0	0	0	0	0	0	0	0	0	0	0	0	0	0
BMJ Open	2023-04-01	9933754	104169	8701	0	8	0	7	0	0	0	2	0	0	2	4	0	0	0	0	67	0	0	3	0	0	0	0	0	0	0	0	0	0	0	0	0	0
BMJ Open	2023-04-01	9930567	214125	18176	0	6	1	10	1	0	8	1	0	2	4	1	1	0	1	0	29	0	0	3	0	3	2	1	2	0	0	0	0	0	0	0	0	0
BMJ Open	2023-04-01	9923323	90726	8400	0	11	0	2	0	0	0	7	0	1	0	0	0	0	1	0	27	0	0	2	0	1	0	1	0	0	0	0	0	0	0	0	0	0
BMJ Open	2023-04-01	9943904	110940	9668	0	1	0	11	0	0	4	1	0	0	0	0	0	0	2	0	38	0	0	2	0	1	1	0	0	0	0	0	0	0	0	0	0	0
BMJ Open	2023-04-01	9950912	56086	5144	0	1	0	1	0	0	2	2	0	0	0	3	0	0	0	0	35	0	0	1	0	0	0	0	0	0	0	0	0	0	0	0	0	0
BMJ Open	2023-04-01	9944278	154923	13914	0	1	1	6	0	0	0	0	0	0	7	10	0	0	0	0	73	0	0	0	0	0	2	0	0	0	0	0	0	0	0	0	0	0
BMJ Open	2023-04-01	9950908	103614	9652	0	2	1	5	0	0	0	3	0	0	0	0	0	0	1	0	51	0	0	4	0	0	0	0	0	0	0	0	1	0	1	0	1	0
BMJ Open	2023-04-01	9936272	83542	7176	0	2	0	5	0	0	0	0	0	1	0	1	0	0	0	0	64	0	0	0	0	0	0	0	0	0	0	0	0	0	0	0	0	0
BMJ Open	2023-04-01	9944275	135973	11530	0	7	1	8	0	0	1	4	0	0	44	0	1	0	0	0	13	0	0	3	0	0	0	0	0	0	0	0	0	0	0	0	0	0
BMJ Open	2023-04-01	9944639	111678	9969	0	3	1	1	0	0	0	0	0	0	5	0	0	0	0	0	11	0	0	0	0	0	1	0	0	0	0	0	0	0	0	0	0	0
BMJ Open	2023-04-01	9944638	61153	6051	0	2	1	4	0	0	0	0	0	0	0	0	0	0	0	0	53	0	0	0	0	0	0	0	0	0	0	0	0	0	0	0	0	0
BMJ Open	2023-04-01	9943906	97488	9396	0	5	6	3	0	0	1	0	0	0	1	0	0	0	1	0	18	0	0	6	0	0	2	1	0	0	0	0	0	0	0	0	0	0
BMJ Open	2023-04-01	9950909	76124	6704	0	9	0	5	0	0	2	0	0	0	10	4	0	0	0	0	39	0	0	0	0	0	0	3	0	1	0	0	0	0	0	0	0	0
BMJ Open	2023-04-01	9944651	114496	9255	0	2	0	2	3	0	1	2	0	0	0	1	0	0	1	0	19	0	0	6	0	0	1	0	0	0	0	0	0	0	1	0	0	0
BMJ Open	2023-04-01	9936285	74315	6722	0	6	1	5	0	0	5	0	0	0	9	1	0	0	0	0	49	0	0	1	0	0	0	0	1	0	0	0	0	0	0	0	0	0
BMJ Open	2023-04-01	9944662	84647	7177	0	3	0	2	0	0	4	0	0	0	0	2	0	0	1	0	58	0	0	1	0	0	1	0	0	0	0	0	1	0	0	0	0	0
BMJ Open	2023-04-01	9944796	60463	5456	0	4	0	0	0	3	0	0	0	1	5	5	0	0	0	0	51	0	0	1	0	0	0	2	0	0	0	0	0	0	0	0	0	0
BMJ Open	2023-04-01	9944677	107340	9379	0	6	0	3	0	0	0	0	0	0	0	0	0	0	0	0	32	0	0	0	0	0	0	0	0	0	0	0	0	0	0	0	0	0
BMJ Open	2023-04-01	9936280	48052	4137	0	2	0	1	0	0	3	1	0	0	0	0	0	0	0	0	42	0	0	0	0	0	1	1	0	0	0	0	0	0	0	0	0	0
BMJ Open	2023-04-01	9950903	101164	7838	0	17	0	3	0	0	0	1	0	0	4	0	0	0	1	0	45	0	0	0	0	0	0	0	0	0	0	0	0	0	0	0	0	0
BMJ Open	2023-04-01	9944645	99033	9125	0	2	0	0	0	0	1	0	0	0	3	0	0	0	0	0	34	0	0	0	0	0	0	0	0	0	0	0	0	0	0	0	0	0
BMJ Open	2023-04-01	9945016	136036	11919	0	6	3	2	1	0	7	3	0	0	2	1	0	0	2	0	75	0	0	10	0	0	1	3	2	0	0	0	0	0	0	0	0	0
BMJ Open	2023-04-01	9945308	85845	7266	0	6	0	2	1	0	0	0	0	1	0	0	0	0	1	0	25	0	0	0	0	0	1	0	0	0	0	0	0	2	0	0	0	0
BMJ Open	2023-04-01	9950920	68483	7417	0	7	1	7	0	0	0	0	0	1	1	2	0	0	1	0	85	0	0	0	0	0	0	0	0	0	0	0	0	0	0	0	0	0
BMJ Open	2023-04-01	9944672	119283	9736	0	10	0	3	2	0	2	0	0	0	3	1	0	0	1	0	89	0	0	0	0	0	0	0	0	0	0	0	0	0	0	0	0	0
BMJ Open	2023-04-01	9950911	128056	12251	0	1	1	1	0	0	0	3	0	0	1	1	0	0	0	0	47	0	0	0	0	0	4	0	2	0	0	0	0	0	0	0	0	0
BMJ Open	2023-04-01	9944274	115305	10478	0	3	3	0	0	0	3	4	0	4	2	0	0	0	0	3	8	0	0	5	0	1	0	0	0	0	0	0	0	0	1	0	0	0
BMJ Open	2023-04-01	9950892	124586	11495	0	7	1	3	0	0	2	1	0	9	1	0	0	0	0	0	53	0	0	2	0	0	0	0	0	0	0	0	0	0	0	2	0	0
BMJ Open	2023-04-01	9980360	138172	12369	0	7	1	0	0	0	0	0	0	0	2	2	0	0	0	0	52	0	0	0	0	0	1	0	0	0	0	0	0	0	0	0	0	0
BMJ Open	2023-04-01	9972423	80423	7638	0	5	0	6	0	0	8	0	0	0	2	0	0	0	0	0	33	0	0	1	0	0	0	0	0	0	0	0	0	0	0	0	0	0
BMJ Open	2023-04-01	9980361	49499	4005	0	2	1	2	0	0	6	3	0	0	0	1	1	0	0	0	40	0	0	2	0	0	0	0	0	0	0	0	0	0	0	0	0	0
BMJ Open	2023-04-01	9972456	76915	7239	0	1	0	7	0	0	3	1	0	0	14	1	0	0	0	0	44	0	0	1	0	0	0	0	0	0	0	0	0	0	0	0	0	0
BMJ Open	2023-04-01	9980322	73309	6265	0	2	1	0	0	0	2	0	0	0	10	0	0	0	0	0	58	0	0	0	0	0	0	0	0	0	0	0	0	0	0	1	0	0
BMJ Open	2023-04-01	9972413	82834	7212	0	1	0	3	3	0	0	1	0	0	3	0	0	0	1	0	36	0	0	9	0	0	4	0	0	0	0	0	0	0	0	0	0	0
BMJ Open	2023-04-01	9972454	98855	8239	0	13	0	0	0	0	1	7	0	1	6	0	0	0	1	0	67	0	0	0	0	0	0	0	0	0	0	0	0	0	0	0	0	0
BMJ Open	2023-04-01	9972426	57168	4202	0	5	0	3	1	0	0	1	0	0	0	1	0	0	0	0	63	0	0	1	0	1	1	1	0	0	0	0	0	0	0	0	0	0
BMJ Open	2023-04-01	9972415	68627	5897	0	2	0	6	0	0	2	3	0	0	7	0	0	0	0	0	48	0	0	0	0	0	0	0	1	0	0	0	0	0	0	0	0	0
BMJ Open	2023-04-01	9950884	58950	5490	0	4	0	0	0	0	0	0	0	0	1	0	0	0	0	0	46	0	0	0	0	0	0	0	0	0	0	0	0	0	0	0	0	0
BMJ Open	2023-04-01	9980351	84146	7554	0	4	0	2	0	0	0	0	0	0	3	0	0	0	0	0	26	0	0	1	0	0	0	0	0	0	0	0	0	0	0	0	0	0
BMJ Open	2023-04-01	9980375	73109	8112	0	2	0	0	0	0	6	0	0	0	0	0	0	0	0	0	24	0	0	3	0	2	2	0	0	0	0	0	0	0	0	0	0	0
BMJ Open	2023-04-01	9971831	101752	8564	0	4	0	0	0	0	0	0	0	0	1	1	0	0	1	0	23	0	0	0	0	0	1	0	0	0	0	0	0	0	0	0	0	0
BMJ Open	2023-04-01	9980329	68727	6473	0	0	1	0	0	0	6	2	0	0	0	0	0	0	0	0	31	0	0	0	0	0	5	0	0	0	0	0	0	0	0	0	0	0
BMJ Open	2023-04-01	9980323	116608	9868	0	9	0	3	0	0	2	3	0	11	14	9	0	0	0	0	120	0	0	1	0	0	4	1	0	0	0	0	0	0	0	0	0	0
BMJ Open	2023-04-01	9980353	57783	5796	0	1	0	0	0	0	0	0	0	0	0	3	0	0	0	0	32	0	0	0	0	0	2	0	0	0	0	0	0	0	0	0	0	0
BMJ Open	2023-04-01	9972430	90869	8435	0	0	1	2	0	0	2	0	0	0	2	1	0	1	0	0	75	0	0	1	0	0	0	0	0	0	0	0	0	0	0	0	0	0
BMJ Open	2023-04-01	9972460	67988	6605	0	2	0	2	0	0	1	0	0	0	0	0	0	0	0	0	37	0	0	1	0	0	0	0	0	0	0	0	0	0	0	0	0	0
BMJ Open	2023-04-01	9972457	42072	3889	0	2	0	0	0	0	0	1	0	0	0	1	0	0	0	0	58	0	0	0	0	0	1	0	0	0	0	0	0	0	0	0	0	0
BMJ Open	2023-04-01	9980366	103522	9049	0	10	0	16	0	0	0	2	0	0	3	0	0	0	1	0	38	0	0	2	0	0	0	0	0	0	0	0	0	0	0	0	0	0
BMJ Open	2023-04-01	9990671	74030	7572	0	4	2	0	0	0	7	0	0	0	0	0	0	0	0	0	22	0	0	3	0	1	0	0	2	0	0	0	0	0	0	0	0	0
BMJ Open	2023-04-01	9979590	95792	8642	0	1	3	0	0	0	2	3	0	2	2	0	0	0	0	0	41	0	0	3	0	0	1	0	0	0	0	0	0	0	0	0	0	0
BMJ Open	2023-04-01	9950896	70938	6191	0	1	0	0	0	0	5	0	0	0	7	5	0	0	1	0	37	0	0	0	0	0	0	1	2	0	0	0	0	0	0	0	0	0
BMJ Open	2023-04-01	9950925	73748	5583	0	1	0	0	0	0	1	1	0	0	0	2	0	0	0	0	56	0	0	7	0	0	0	0	0	0	0	0	0	0	0	0	0	0
BMJ Open	2023-04-01	9972427	128351	11349	0	7	0	8	1	0	1	1	0	1	4	5	0	0	1	0	81	0	0	1	0	0	2	0	0	0	0	0	0	0	0	0	0	0
BMJ Open	2023-04-01	9990614	81538	7616	0	8	0	3	0	0	3	0	0	0	2	1	0	0	0	0	81	0	0	12	0	0	2	0	0	0	0	0	0	0	0	0	0	0
BMJ Open	2023-04-01	10008201	105241	10331	0	6	1	5	0	0	3	0	0	0	2	2	0	0	1	0	29	0	0	0	0	0	1	0	0	0	0	0	0	0	0	1	0	0
BMJ Open	2023-04-01	10175963	4190	311	0	0	0	0	0	0	0	0	0	0	0	0	0	0	0	0	2	0	0	0	0	0	0	0	0	0	0	0	0	0	0	0	0	0
BMJ Open	2023-04-01	9990644	100572	8784	0	29	1	4	0	0	3	4	0	0	0	1	0	0	0	0	71	0	1	1	0	0	2	0	0	0	0	0	0	0	0	0	0	0
BMJ Open	2023-04-01	10008156	54038	4557	0	2	0	1	0	0	0	3	0	0	0	0	0	0	0	0	34	0	0	0	0	0	2	2	0	0	0	0	0	0	0	0	0	0
BMJ Open	2023-04-01	9990667	110999	10105	0	2	1	0	0	0	3	2	0	0	1	4	0	0	0	0	34	0	1	1	0	3	0	0	0	0	0	0	0	0	0	1	0	0
BMJ Open	2023-04-01	9990651	109507	9358	0	8	0	0	0	0	3	0	0	1	0	4	0	0	0	0	63	0	0	1	0	0	0	0	0	0	0	0	0	0	0	0	0	0
BMJ Open	2023-04-01	10008203	73172	6481	0	6	0	0	0	0	2	2	0	0	8	3	0	0	0	0	19	0	1	1	0	0	0	0	0	0	0	0	1	0	0	0	0	0
BMJ Open	2023-04-01	9990625	168097	9784	0	4	0	3	0	0	1	2	0	0	0	2	0	0	0	0	49	0	0	4	0	0	0	0	0	0	0	0	0	0	0	0	0	0
BMJ Open	2023-04-01	9990689	48039	4353	0	4	0	0	0	0	0	0	0	0	0	3	0	0	0	0	35	0	0	0	0	0	2	0	0	0	0	0	0	0	0	0	0	0
BMJ Open	2023-04-01	10016303	122948	11551	0	2	0	11	0	0	2	4	0	0	18	0	0	0	1	0	45	0	0	3	0	1	0	0	0	0	0	0	0	0	0	0	0	0
BMJ Open	2023-04-01	9990160	45338	3864	0	2	0	0	0	0	1	1	0	2	0	0	0	0	0	0	35	0	0	1	0	0	1	0	1	0	0	0	0	0	0	0	0	0
BMJ Open	2023-04-01	9990659	100105	7686	0	1	1	9	3	0	3	3	0	0	0	0	0	0	0	0	107	0	0	0	0	0	0	0	0	0	0	0	0	0	0	0	0	0
BMJ Open	2023-04-01	9990602	116424	9798	0	12	0	1	0	0	0	3	0	0	2	0	0	0	1	0	40	0	0	0	0	0	3	0	0	0	0	0	0	0	0	0	0	0
BMJ Open	2023-04-01	9990657	78310	7921	0	7	0	1	1	0	5	0	0	2	1	0	0	0	0	0	98	0	0	0	0	0	2	0	0	0	0	0	0	0	0	0	0	0
BMJ Open	2023-04-01	9990690	83398	7251	0	4	0	0	0	0	0	3	0	0	1	4	1	0	0	0	52	0	0	0	0	0	0	0	0	0	0	0	0	0	0	0	0	0
BMJ Open	2023-04-01	9990641	44606	3795	0	8	0	3	1	0	1	0	0	0	4	1	0	0	0	0	30	0	0	0	0	0	0	0	0	0	0	0	0	0	0	0	0	0
BMJ Open	2023-04-01	9990619	71609	6592	0	2	0	0	0	0	0	0	0	0	1	2	0	0	0	0	45	0	0	0	0	0	0	0	1	0	0	0	0	0	0	0	0	0
BMJ Open	2023-04-01	10008202	62565	5596	0	1	0	1	0	0	1	5	0	0	0	2	0	0	2	0	20	0	0	4	0	0	1	1	0	0	0	0	0	0	0	0	0	0
BMJ Open	2023-04-01	9990617	120796	10642	0	3	1	5	3	0	17	0	0	0	2	2	0	0	1	0	90	0	0	2	0	1	0	0	0	0	0	0	0	0	1	1	0	0
BMJ Open	2023-04-01	10008460	85392	7341	0	7	0	4	0	0	0	0	0	0	4	1	0	0	0	0	95	0	0	2	0	0	0	0	0	0	0	0	0	0	0	0	0	0
BMJ Open	2023-04-01	9990618	100183	9118	0	21	0	1	0	0	1	4	0	0	8	1	0	0	0	0	49	0	0	2	0	0	0	0	0	0	0	0	0	0	0	0	0	0
BMJ Open	2023-04-01	9990598	103204	8654	0	10	0	4	0	0	1	6	0	0	2	0	0	0	2	0	53	0	0	1	0	0	0	0	0	0	0	0	0	0	0	0	0	0
BMJ Open	2023-04-01	9990678	105355	9543	0	4	0	4	1	0	2	1	0	0	0	1	0	0	0	0	34	0	0	3	0	0	0	0	1	1	0	0	1	1	1	0	0	0
BMJ Open	2023-04-01	10008237	148613	12781	0	5	0	1	0	0	1	0	0	0	10	0	0	0	1	0	44	0	0	0	0	0	0	0	0	0	0	0	0	0	0	0	0	0
BMJ Open	2023-04-01	10016270	52938	5274	0	5	1	0	0	0	0	0	0	2	0	4	0	0	0	0	36	0	0	0	0	1	0	2	0	0	0	0	0	0	0	1	0	0
BMJ Open	2023-04-01	10016295	75180	6626	0	2	0	4	0	0	0	1	0	0	1	3	0	0	0	0	42	0	0	0	0	0	2	1	0	0	0	0	0	0	0	0	0	0
BMJ Open	2023-04-01	10008157	95018	8691	0	16	1	2	1	0	2	1	0	0	1	1	0	0	0	0	18	0	1	2	0	0	6	0	0	0	0	0	0	0	0	0	0	0
BMJ Open	2023-04-01	10030788	41457	3315	0	5	0	1	0	0	0	0	0	0	0	0	0	0	0	0	31	0	0	0	0	2	0	0	0	0	0	0	0	0	0	0	0	0
BMJ Open	2023-04-01	10030787	93884	7838	0	3	0	12	0	0	0	9	0	0	3	1	0	0	3	0	88	0	0	3	0	0	0	0	0	0	0	0	0	0	1	0	0	0
BMJ Open	2023-04-01	10008441	65439	5356	0	5	0	3	0	0	1	1	0	0	1	0	0	0	0	0	38	0	0	2	0	0	1	0	0	0	0	0	0	0	0	0	0	0
BMJ Open	2023-04-01	10030563	80288	7314	0	4	1	3	0	0	0	3	0	0	10	2	0	0	0	0	30	0	0	0	0	0	0	0	0	0	0	0	0	0	0	0	0	0
BMJ Open	2023-04-01	10030282	86447	7391	0	4	1	3	0	0	0	15	0	10	0	0	0	0	0	0	132	0	0	3	0	0	0	0	0	0	0	0	0	0	0	0	0	0
BMJ Open	2023-04-01	10030668	124267	10724	0	7	1	1	0	0	3	2	0	0	3	5	0	0	1	0	68	0	0	0	0	0	0	0	0	0	0	0	0	0	0	0	0	0
BMJ Open	2023-04-01	10030277	80611	8279	0	3	1	3	1	0	6	1	0	1	0	0	0	0	3	0	26	0	0	3	0	0	0	0	0	0	0	0	0	0	0	0	0	0
BMJ Open	2023-04-01	10030623	121153	10171	0	9	0	0	0	0	0	1	0	1	3	8	0	0	0	0	102	0	0	1	0	0	0	0	0	0	0	0	0	0	1	0	0	0
BMJ Open	2023-04-01	10016275	105989	10126	0	10	1	0	0	0	2	1	0	1	4	3	0	0	0	0	11	0	0	1	0	0	0	0	0	0	0	0	0	0	0	0	0	0
BMJ Open	2023-04-01	10008328	69084	6102	0	8	0	6	0	0	1	0	0	0	1	2	0	0	0	0	68	0	0	2	0	0	0	0	0	0	0	0	0	1	0	0	0	0
BMJ Open	2023-04-01	10016258	78720	7499	0	1	2	0	0	0	3	0	0	14	0	3	0	0	0	0	34	0	0	1	0	0	1	0	0	0	0	0	0	0	0	0	0	0
BMJ Open	2023-04-01	10016307	108471	10006	0	3	0	0	0	0	1	1	0	0	48	0	0	0	0	0	45	0	0	0	0	0	3	0	0	4	0	0	0	0	0	0	0	0
BMJ Open	2023-04-01	10030471	83903	7318	0	1	1	0	0	0	0	2	0	0	15	9	0	0	1	0	29	0	0	0	0	0	1	0	0	0	0	0	6	0	2	0	0	0
BMJ Open	2023-04-01	10016281	45978	4030	0	2	0	0	0	0	0	1	0	0	0	0	0	0	0	0	13	0	0	2	0	0	0	1	0	0	0	0	0	0	1	0	0	0
BMJ Open	2023-04-01	10030927	75644	7846	0	0	0	4	0	0	0	0	0	9	0	1	0	0	0	0	49	0	0	1	0	0	4	0	0	0	0	0	0	0	0	0	0	0
BMJ Open	2023-04-01	10016238	76993	7605	0	8	0	3	0	0	9	1	0	0	0	0	0	0	0	0	85	0	0	14	0	0	0	0	0	0	0	0	0	1	1	0	0	0
BMJ Open	2023-04-01	10016277	107838	9616	0	3	0	4	0	0	2	5	0	0	1	2	0	0	0	0	61	0	0	2	0	0	0	1	1	0	0	0	0	0	0	0	0	0
BMJ Open	2023-04-01	10008176	83274	8708	0	4	1	1	0	0	5	0	0	0	0	0	0	0	3	0	35	0	0	1	0	0	1	0	0	0	0	0	0	0	0	0	0	0
BMJ Open	2023-04-01	10008229	105641	8191	0	8	1	13	0	0	0	0	0	0	8	0	0	0	0	0	32	0	0	0	0	0	0	0	2	0	0	0	0	0	0	0	0	0
BMJ Open	2023-04-01	10030772	47511	3962	0	2	1	5	1	0	1	1	0	0	0	1	0	0	0	0	27	0	0	1	0	0	0	0	0	0	0	0	0	0	0	0	0	0
BMJ Open	2023-04-01	10016240	39356	3464	0	2	0	3	0	0	0	0	0	0	7	1	0	0	0	0	45	0	0	0	0	0	0	2	0	0	0	0	0	0	0	0	0	0
BMJ Open	2023-04-01	10030929	69556	5993	0	2	1	1	0	0	0	7	0	0	2	2	0	0	0	0	24	0	0	3	0	0	0	0	0	0	0	0	0	0	0	0	0	0
BMJ Open	2023-04-01	10030923	133601	11565	0	15	0	9	0	0	2	0	0	0	6	2	0	0	1	0	61	0	0	1	0	0	0	0	0	0	0	0	0	0	0	0	0	2
BMJ Open	2023-04-01	10039975	144336	13098	0	6	0	13	0	0	5	2	0	4	2	6	0	0	1	0	50	0	0	0	0	0	2	0	0	0	0	0	0	0	0	0	0	0
BMJ Open	2023-04-01	10040046	110895	8085	0	11	0	7	0	0	0	1	0	0	4	4	0	0	0	0	53	0	1	1	0	0	1	0	0	0	0	0	0	2	0	0	0	0
BMJ Open	2023-04-01	10032412	61185	4864	0	2	0	3	0	0	0	17	0	0	2	0	0	0	0	0	62	0	0	1	0	0	1	0	0	0	0	0	0	0	0	0	0	0
BMJ Open	2023-04-01	10030485	132280	11024	0	17	0	12	0	0	2	3	0	19	3	2	0	0	0	0	53	0	0	1	0	0	1	0	0	0	0	0	0	1	0	0	0	0
BMJ Open	2023-04-01	10040016	99916	8494	0	8	1	3	0	0	2	2	0	0	1	0	0	0	0	0	19	0	0	5	0	0	1	1	0	0	0	0	0	0	0	0	0	0
BMJ Open	2023-04-01	10030659	72509	6630	0	1	1	0	0	0	7	0	0	0	0	1	0	0	0	0	38	0	0	1	0	1	1	0	0	0	0	0	0	0	1	0	0	0
BMJ Open	2023-04-01	10032136	103919	8823	0	5	0	0	0	0	2	0	0	0	0	6	0	0	0	0	49	0	0	0	0	0	0	0	0	0	0	0	0	0	0	0	0	0
BMJ Open	2023-04-01	10030286	130848	10188	0	2	0	0	0	0	0	0	0	0	1	0	0	0	1	0	85	0	0	1	0	0	0	0	0	0	0	0	0	0	0	0	0	0
BMJ Open	2023-04-01	10111574	4322	309	0	0	0	0	0	0	0	0	0	0	0	0	0	0	0	0	2	0	0	0	0	0	0	0	0	0	0	0	0	0	0	0	0	0
BMJ Open	2023-04-01	10040020	63987	5449	0	7	0	3	0	0	0	0	0	0	0	1	0	0	0	0	38	0	0	1	0	0	0	0	0	0	0	0	0	0	0	0	0	0
BMJ Open	2023-04-01	10030656	92330	7925	0	9	1	2	0	0	0	0	0	0	2	2	0	0	0	0	33	0	0	3	0	0	0	0	0	0	0	0	0	0	0	0	0	0
BMJ Open	2023-04-01	10030495	85623	7086	0	17	0	4	0	0	10	0	0	1	6	1	0	0	0	0	34	0	0	1	0	0	0	1	0	0	0	0	0	0	0	0	0	0
BMJ Open	2023-04-01	10030490	92439	7669	0	18	1	15	1	0	3	0	0	1	0	6	0	0	1	0	76	0	0	0	0	0	1	2	0	0	0	0	0	0	0	0	0	0
BMJ Open	2023-04-01	10030903	83142	7124	0	0	0	4	0	0	0	1	0	1	15	1	0	0	0	0	85	0	0	2	0	0	0	0	0	0	0	0	0	0	0	0	0	0
BMJ Open	2023-04-01	10030789	89987	8710	0	1	0	12	0	0	1	0	0	1	2	0	0	0	0	0	60	0	0	0	0	0	1	0	0	0	0	0	0	0	0	0	0	0
BMJ Open	2023-04-01	10032415	117037	10306	0	14	0	13	0	0	2	0	0	14	3	6	0	0	0	0	61	0	0	2	0	0	2	0	0	0	0	0	0	0	0	0	0	0
BMJ Open	2023-04-01	10030568	43024	4107	0	6	0	3	0	0	1	0	0	0	0	0	0	0	0	0	31	0	0	0	0	0	0	0	0	0	0	0	0	0	0	0	0	0
BMJ Open	2023-04-01	10030779	100069	9397	0	5	1	2	0	0	2	1	0	2	8	1	0	0	0	0	53	0	0	3	0	0	1	0	0	0	0	0	0	0	0	0	0	0
BMJ Open	2023-04-01	10040049	77301	6858	0	3	0	1	0	0	3	0	0	1	0	0	0	0	1	0	38	0	0	2	0	1	2	0	0	0	0	0	0	0	0	0	0	0
BMJ Open	2023-04-01	10030559	53393	4738	0	2	0	3	2	0	0	2	0	0	1	0	0	0	0	0	24	0	0	3	0	3	1	0	0	0	0	0	0	0	0	0	0	0
BMJ Open	2023-04-01	10039998	102290	9332	0	9	0	7	0	0	2	3	0	0	0	2	0	0	0	0	74	0	0	5	0	0	0	0	0	0	0	0	0	0	0	0	0	0
BMJ Open	2023-04-01	10032417	92736	8389	0	15	0	1	0	0	0	2	0	0	1	4	0	0	0	0	52	0	0	0	0	1	0	0	0	0	0	0	0	0	0	0	0	0
BMJ Open	2023-04-01	10030669	42969	3925	0	3	0	0	0	0	1	0	0	0	0	0	0	0	0	0	30	0	0	0	0	0	1	3	0	0	0	0	0	0	0	0	0	0
BMJ Open	2023-04-01	10030280	118466	10739	0	2	0	1	0	0	5	0	0	0	3	0	0	0	1	0	15	0	0	1	0	0	12	0	1	0	0	0	0	0	0	0	0	0
BMJ Open	2023-04-01	10069595	54692	4842	0	4	0	5	0	0	0	0	0	3	4	0	1	0	0	0	45	0	0	0	0	0	1	0	0	0	0	0	0	0	1	0	0	0
BMJ Open	2023-04-01	10069489	91549	8757	0	13	0	0	0	0	3	15	0	0	5	0	0	0	0	0	29	0	0	1	0	0	0	0	0	0	0	0	0	0	1	0	0	0
BMJ Open	2023-04-01	10069279	107080	8998	0	11	0	8	0	0	1	0	0	0	5	2	0	1	0	0	122	0	0	0	0	0	3	0	0	0	0	0	0	0	0	0	0	0
BMJ Open	2023-04-01	10069568	72086	6538	0	4	3	5	0	0	1	0	0	0	0	0	0	0	0	0	52	0	0	0	0	0	1	2	0	0	0	0	0	0	0	0	0	0
BMJ Open	2023-04-01	10069512	65510	4633	0	6	0	3	0	0	0	1	0	0	3	4	0	0	0	0	31	0	0	0	0	0	0	0	0	0	0	0	0	0	0	0	0	0
BMJ Open	2023-04-01	10040077	145264	12120	0	7	0	0	0	0	2	0	0	0	2	0	0	0	0	0	47	0	0	0	0	0	0	0	0	0	0	0	0	0	0	0	0	0
BMJ Open	2023-04-01	10040078	204509	15759	0	11	0	15	0	0	3	0	0	0	41	2	0	0	0	0	190	0	0	0	0	0	0	0	0	0	0	0	0	0	0	0	0	0
BMJ Open	2023-04-01	10439347	134071	10002	0	5	0	4	0	0	5	1	0	0	21	1	0	2	1	0	123	0	0	3	0	0	27	0	0	0	0	0	0	0	0	0	0	0
BMJ Open	2023-04-01	10069492	64036	6282	0	5	0	0	0	0	6	1	0	1	1	4	0	0	0	0	95	0	0	5	0	0	0	0	0	0	0	0	0	0	0	0	0	0
BMJ Open	2023-04-01	10040076	108828	9346	0	3	0	0	0	0	0	0	0	0	0	4	0	0	2	0	38	0	0	0	0	0	1	0	1	0	0	0	0	1	0	0	0	0
BMJ Open	2023-04-01	10069573	81956	7012	0	1	0	2	0	0	0	1	0	4	3	7	0	0	0	0	31	0	0	1	0	0	1	0	0	0	0	0	0	0	0	0	0	0
BMJ Open	2023-04-01	10069273	85352	6993	0	8	1	0	0	0	2	0	0	0	6	5	0	0	0	0	46	0	0	3	0	0	2	0	0	0	0	0	0	0	0	0	0	0
BMJ Open	2023-04-01	10039989	77350	8030	0	4	2	1	0	0	3	2	0	1	0	1	0	0	1	0	30	0	0	11	0	0	0	0	0	0	0	0	0	0	0	1	0	0
BMJ Open	2023-04-01	10069576	92288	7686	0	4	0	7	0	0	0	3	0	0	10	1	0	2	0	0	96	0	0	0	0	0	0	0	0	0	0	0	0	0	0	0	0	0
BMJ Open	2023-04-01	10069606	77510	6884	0	1	0	7	0	0	2	4	0	0	1	1	0	0	0	0	23	0	0	0	0	0	4	0	0	0	0	0	0	0	0	0	0	0
BMJ Open	2023-04-01	10069515	91455	8757	0	4	0	0	0	0	2	1	0	7	0	1	1	0	0	0	80	0	0	1	0	0	0	0	0	0	0	0	1	1	0	0	0	0
BMJ Open	2023-04-01	10069579	66496	6185	0	5	1	1	0	0	1	0	0	0	1	0	0	0	0	0	16	0	0	0	0	0	0	0	0	0	0	0	0	0	0	0	0	0
BMJ Open	2023-04-01	10069522	102181	9014	0	7	0	4	0	0	1	3	0	0	9	2	0	0	0	0	28	0	0	0	0	1	0	0	0	0	0	0	0	0	0	0	0	0
BMJ Open	2023-04-01	10069529	80927	7617	0	3	1	5	0	0	4	0	0	0	1	1	0	0	0	0	39	0	0	1	0	0	0	0	0	0	0	0	0	0	0	0	0	0
BMJ Open	2023-04-01	10069556	67718	6850	0	3	0	3	0	0	3	1	0	0	27	0	0	0	0	0	65	0	0	0	0	0	0	0	0	0	0	0	0	0	0	0	0	0
BMJ Open	2023-04-01	10069580	95494	8318	0	10	0	0	0	0	1	5	0	0	7	14	0	0	0	0	90	0	0	1	0	0	1	0	0	0	0	0	0	0	0	0	0	0
BMJ Open	2023-04-01	10069501	134362	10807	0	12	0	3	0	0	5	7	0	2	1	1	0	0	1	1	25	0	0	0	0	0	0	0	0	0	0	0	1	0	0	0	0	0
BMJ Open	2023-04-01	10069602	63032	5586	0	0	0	4	0	0	0	2	0	0	6	0	0	0	0	0	51	0	0	0	0	0	0	0	0	0	0	0	0	0	0	0	0	0
BMJ Open	2023-04-01	10069569	47311	4580	0	4	0	1	0	0	0	0	0	0	14	2	0	0	0	0	46	0	0	0	0	0	1	0	0	0	0	0	0	0	0	0	0	0
BMJ Open	2023-04-01	10069600	138022	13045	0	8	0	2	0	0	1	0	0	0	2	2	0	0	0	0	43	0	0	1	0	0	1	0	0	0	0	0	0	0	0	0	0	0
