journal	date	pmc_id	Nchars	Nwords	delve	analyse	acknowledge	assess	appraise	dissect	explore	examine	extricate	expose	estimate	investigate	inquire	inspect	interpret	scrutinise	study	unearth	uncover	understand	ponder	research	reason	retrieve	avoid	discount	disregard	dismiss	ignore	neglect	overlook	omit	skip	reject
Cells	2024-04-01	10814991	133110	11275	0	2	1	0	0	0	1	0	0	2	0	2	0	0	0	0	8	0	0	7	0	0	0	0	0	0	0	0	0	0	1	0	0	0
Cells	2024-04-01	10814762	155967	13953	0	2	0	0	0	0	0	0	0	0	1	1	0	0	0	0	22	0	0	1	0	0	0	0	0	0	0	0	0	0	0	0	0	0
Cells	2024-04-01	10778397	218030	16017	0	1	2	0	0	0	6	1	0	0	1	8	0	0	0	2	15	0	0	5	0	0	0	0	0	0	0	0	0	0	1	0	0	0
Cells	2024-04-01	10814840	181484	15980	0	19	0	7	0	1	2	2	0	0	1	0	0	0	0	0	14	0	0	2	0	0	0	0	1	0	0	0	0	0	0	0	0	0
Cells	2024-04-01	10814781	291780	22657	0	3	0	3	0	0	4	3	0	3	1	4	0	0	0	1	75	0	0	1	0	0	0	0	0	0	0	0	0	0	0	0	0	0
Cells	2024-04-01	10778182	445467	33575	0	11	0	1	0	0	1	1	0	7	0	0	0	0	0	0	28	0	1	1	0	0	0	0	0	0	0	0	0	0	0	0	0	0
Cells	2024-04-01	10778078	81020	7716	0	8	0	2	0	0	0	0	0	7	0	3	0	0	0	0	7	0	0	1	0	0	0	0	0	0	0	0	0	0	0	0	0	0
Cells	2024-04-01	10778337	98914	7391	0	0	0	1	0	0	1	1	0	1	0	1	0	0	0	0	22	0	0	0	0	0	0	0	0	0	0	0	0	0	0	0	0	0
Cells	2024-04-01	10778271	151156	12579	1	3	0	0	0	0	2	0	0	0	0	15	0	0	0	0	45	0	0	2	0	1	1	0	0	0	0	0	0	0	0	0	0	0
Cells	2024-04-01	10777940	163303	12966	0	7	0	1	0	0	2	1	0	0	0	2	0	0	0	0	30	0	0	1	0	0	1	0	0	0	0	0	0	0	0	0	0	0
Cells	2024-04-01	10814047	150671	12942	0	2	1	0	0	0	0	0	0	2	4	0	0	0	0	0	27	0	0	1	0	0	1	0	0	0	0	0	0	0	0	0	0	0
Cells	2024-04-01	10814698	162637	13024	0	4	0	1	0	0	2	2	0	0	1	1	0	0	0	0	11	0	0	3	0	0	0	0	0	0	0	0	0	0	0	0	0	0
Cells	2024-04-01	10778383	139170	12772	0	10	0	0	0	0	0	0	0	1	0	1	0	0	0	0	7	0	0	0	0	0	0	0	0	0	0	0	0	0	0	0	0	0
Cells	2024-04-01	10778079	162518	14256	0	9	0	4	0	2	0	3	0	1	0	2	1	0	0	0	17	0	0	0	0	0	0	0	0	0	0	0	0	0	0	0	0	0
Cells	2024-04-01	10814441	108069	10393	0	0	0	0	0	0	0	4	0	0	0	0	0	0	0	0	24	0	0	0	0	0	1	0	0	0	0	0	0	0	0	0	0	0
Cells	2024-04-01	10813996	136366	11855	0	6	0	0	0	1	2	0	0	6	1	1	0	0	0	0	19	0	0	2	0	0	0	0	0	0	0	0	0	0	0	0	0	0
Cells	2024-04-01	10778503	112856	11179	0	5	0	0	0	0	0	5	0	1	1	0	0	0	0	0	0	0	0	0	0	0	0	0	0	0	0	0	0	0	0	1	0	0
Cells	2024-04-01	10778510	148310	14133	0	19	1	13	0	0	0	0	0	0	6	1	0	0	1	0	27	0	0	0	0	0	0	0	0	0	0	0	0	0	0	0	0	0
Cells	2024-04-01	10814244	111818	10033	0	3	0	5	0	1	1	3	0	0	2	3	0	0	0	0	33	0	1	1	0	0	0	0	0	0	0	0	0	0	0	0	0	0
Cells	2024-04-01	10813906	112863	9374	0	1	0	1	0	0	1	4	0	1	2	2	0	1	0	0	23	0	0	0	0	0	0	0	0	0	0	0	0	0	0	0	0	0
Cells	2024-04-01	10777970	696088	54889	0	3	0	0	0	0	10	5	0	9	0	9	0	0	0	0	16	0	2	9	0	0	2	0	0	0	0	0	0	0	0	0	0	0
Cells	2024-04-01	10778363	408803	29857	0	2	0	0	0	0	0	0	0	0	0	2	0	0	0	1	22	0	0	1	0	0	0	1	0	0	0	0	0	0	0	0	0	0
Cells	2024-04-01	10814899	234186	18133	0	1	0	1	0	2	0	1	0	2	0	4	0	0	0	0	17	0	0	0	0	0	0	0	0	0	0	0	0	0	0	0	0	0
Cells	2024-04-01	10814385	296336	21325	0	1	1	0	0	1	3	2	0	4	0	1	0	0	0	0	30	0	2	4	0	0	0	0	0	0	0	0	0	0	1	0	0	0
Cells	2024-04-01	10814844	11467	917	0	0	0	0	0	0	0	0	0	0	0	0	0	0	0	0	0	0	0	0	0	0	0	0	0	0	0	0	0	0	0	0	0	0
Cells	2024-04-01	10813976	215968	17166	0	12	0	0	0	0	1	0	0	0	3	4	0	0	1	0	82	0	0	0	0	0	0	0	0	0	0	0	0	0	0	0	0	0
Cells	2024-04-01	10814231	197590	14340	0	0	0	0	0	0	2	0	0	2	0	0	0	0	0	0	42	0	1	0	0	0	0	0	0	0	0	0	0	0	0	0	0	0
Cells	2024-04-01	10814170	160702	15543	0	9	2	14	0	0	0	0	0	0	0	6	0	0	0	0	26	0	0	1	0	0	0	0	0	0	0	0	0	0	1	0	0	0
Cells	2024-04-01	10814685	150543	12979	0	3	1	2	0	2	0	2	0	0	3	3	0	0	0	0	17	0	0	1	0	0	0	0	0	0	0	0	0	0	0	0	0	0
Cells	2024-04-01	10814003	99228	9833	0	4	0	2	0	0	0	4	0	0	0	1	0	0	0	0	11	0	0	0	0	0	0	0	0	0	0	0	1	0	0	0	0	0
Cells	2024-04-01	10813898	217465	15840	0	0	0	0	0	0	0	0	0	0	1	0	0	0	0	0	13	0	0	0	0	0	0	0	0	0	0	0	0	0	0	0	0	0
Cells	2024-04-01	10814160	177887	17821	0	4	0	1	0	0	0	0	0	2	0	0	0	0	1	0	16	0	0	3	0	0	1	0	0	0	0	0	0	0	0	0	0	0
Cells	2024-04-01	10814720	127879	11090	0	6	0	3	0	0	0	1	0	0	0	3	0	0	0	0	30	0	0	1	0	0	0	0	0	0	0	0	0	0	0	0	0	0
Cells	2024-04-01	10814095	152447	15359	0	5	0	1	0	0	0	0	0	2	6	1	0	0	0	0	33	0	0	1	0	0	0	0	0	0	0	0	1	0	0	0	0	0
Cells	2024-04-01	10814083	195725	15157	0	2	0	6	0	0	1	0	0	1	0	3	0	0	0	0	23	0	1	1	0	0	0	0	1	0	0	0	0	0	0	0	0	0
Cells	2024-04-01	10814077	163654	13350	0	16	1	1	0	0	0	2	0	5	0	11	0	0	0	0	37	0	0	1	0	0	1	0	0	0	0	0	0	0	0	0	0	0
Cells	2024-04-01	10814625	239226	18973	0	6	0	0	0	0	1	0	0	1	2	2	0	0	0	0	37	0	0	2	0	0	0	0	0	0	0	0	0	0	0	0	0	0
Cells	2024-04-01	10814970	12860	1163	0	0	0	0	0	0	0	0	0	0	0	2	0	0	0	0	0	0	0	0	0	0	0	0	0	0	0	0	0	0	0	0	0	0
Cells	2024-04-01	10814382	82209	7387	0	2	0	4	0	0	2	3	0	5	1	5	0	0	0	0	26	0	0	0	0	0	0	0	0	0	0	0	0	0	0	1	0	0
Cells	2024-04-01	10814647	299656	23047	0	2	0	12	0	0	0	0	0	1	0	3	0	0	0	0	58	0	0	0	0	0	0	0	2	0	0	0	0	0	0	0	0	2
Cells	2024-04-01	10814745	90331	8425	0	2	0	1	0	0	1	4	0	18	0	5	0	0	0	0	16	0	0	0	0	0	0	0	0	0	0	0	0	0	0	0	0	0
Cells	2024-04-01	10814388	104132	9313	0	6	0	0	0	0	2	2	0	0	1	9	0	0	0	0	17	0	0	1	0	0	0	0	0	0	0	0	0	0	0	0	1	0
Cells	2024-04-01	10814287	130122	11318	0	6	0	1	0	0	2	7	0	0	1	2	0	0	0	0	21	0	0	3	0	0	1	0	0	0	0	0	0	0	1	0	0	0
Cells	2024-04-01	10814681	181115	13641	0	3	0	1	0	0	0	1	0	1	0	1	0	0	0	0	32	0	0	1	0	0	0	0	0	0	0	0	0	0	0	0	0	0
Cells	2024-04-01	10814649	125865	12524	0	0	0	0	0	1	0	18	0	1	0	3	0	0	0	0	32	0	0	0	0	0	0	0	0	0	0	0	0	0	0	1	0	0
Cells	2024-04-01	10814310	150022	13721	1	7	0	0	0	0	1	2	0	0	0	2	0	0	0	0	11	0	0	4	0	0	0	5	0	0	0	0	0	0	0	0	0	0
Cells	2024-04-01	10814317	310493	24211	0	3	0	1	0	0	1	1	0	4	1	4	0	0	0	0	37	0	0	3	0	0	1	0	0	0	0	0	0	0	0	0	4	0
Cells	2024-04-01	10814008	392333	27541	0	0	1	0	0	0	0	0	0	1	0	1	0	0	0	0	27	0	0	1	0	0	1	0	0	0	0	0	0	0	0	0	0	0
Cells	2024-04-01	10813867	92345	8453	0	15	1	3	0	0	1	0	0	2	0	3	0	0	0	0	36	0	0	0	0	0	0	0	0	0	0	0	0	0	0	0	0	0
Cells	2024-04-01	10813977	104297	8905	0	9	0	1	0	0	0	0	0	0	0	3	0	0	0	0	4	0	0	0	0	0	0	0	0	0	0	0	0	0	0	0	0	0
Cells	2024-04-01	10814238	394875	31210	0	4	0	1	0	0	3	0	0	0	1	1	0	0	0	0	45	0	0	0	0	0	0	0	4	0	0	0	0	0	0	0	0	1
Cells	2024-04-01	10814758	141313	13316	0	18	0	1	0	0	4	2	0	0	0	0	0	0	0	0	12	0	0	0	0	0	0	0	2	0	0	0	0	0	0	1	0	0
Cells	2024-04-01	10814836	94212	8396	0	1	0	0	0	0	0	1	0	3	0	7	0	0	0	0	8	0	0	0	0	0	0	0	0	0	0	0	0	0	0	0	0	0
Cells	2024-04-01	10814774	258928	19865	0	2	0	0	0	0	1	0	0	0	0	1	0	0	0	0	29	0	0	1	0	0	0	0	0	0	0	0	0	0	0	0	0	0
Cells	2024-04-01	10814814	159600	13144	0	6	0	1	0	1	0	0	0	0	0	0	0	0	0	0	9	0	0	0	0	0	0	0	0	0	0	0	0	0	0	0	0	0
Cells	2024-04-01	10814623	271021	19441	2	0	0	0	0	0	1	0	0	1	0	2	0	0	0	0	19	0	1	4	0	0	0	0	0	0	0	0	0	0	1	0	0	0
Cells	2024-04-01	10814280	189129	15055	0	1	0	0	0	0	2	1	0	1	0	0	0	0	0	0	21	0	0	2	0	0	0	0	0	0	0	0	0	0	0	0	0	0
Cells	2024-04-01	10814315	133862	10223	0	0	0	1	0	0	0	0	0	0	1	0	0	0	0	0	22	0	0	0	0	0	0	0	0	0	0	0	0	0	0	0	0	0
Cells	2024-04-01	10814036	185697	16609	0	3	1	2	0	0	1	0	0	19	1	10	0	0	0	0	23	0	2	2	0	0	0	0	0	0	0	0	0	0	0	0	0	0
Cells	2024-04-01	10813877	197047	14335	0	0	0	0	0	0	1	0	0	0	0	7	0	0	0	0	18	0	1	3	0	0	0	0	0	0	0	0	0	0	0	0	0	0
Cells	2024-04-01	10814551	105614	9384	0	4	0	2	0	0	0	1	0	0	0	5	0	0	0	0	18	0	1	4	0	0	0	0	0	0	0	0	0	0	0	0	0	0
Cells	2024-04-01	10814754	118275	10455	0	0	0	0	0	0	0	0	0	0	0	1	0	0	0	0	11	0	0	0	0	0	0	0	0	0	0	0	0	0	0	0	0	0
Cells	2024-04-01	10813861	140082	12574	0	10	0	0	0	0	0	2	0	1	0	7	0	0	0	0	27	0	0	0	0	0	0	0	0	0	0	0	0	0	0	0	0	0
Cells	2024-04-01	10814767	196291	14835	0	1	0	0	0	0	7	0	0	0	3	3	0	0	0	0	15	0	0	7	0	0	0	0	0	0	0	0	0	0	0	0	0	0
Cells	2024-04-01	10814088	98665	9222	0	1	0	2	0	0	17	5	0	6	0	1	0	0	0	0	29	0	0	0	0	0	0	0	0	0	0	0	0	0	0	0	0	0
Cells	2024-04-01	10814424	95215	8001	0	0	0	0	0	0	3	0	0	0	1	1	0	0	0	0	2	0	0	1	0	0	0	0	0	0	0	0	0	0	0	0	0	0
Cells	2024-04-01	10814799	96424	8862	0	1	1	0	0	0	0	1	0	1	0	9	0	0	0	0	29	0	0	1	0	0	0	0	0	0	0	0	0	0	0	0	0	0
Cells	2024-04-01	10814472	107104	8970	0	6	0	0	0	0	1	0	0	1	1	3	0	0	0	0	15	0	0	0	0	0	0	0	0	0	0	0	0	1	0	0	0	0
Cells	2024-04-01	10814115	204441	18095	0	8	0	4	0	0	1	1	0	0	0	3	0	0	0	0	15	0	0	3	0	0	0	0	0	0	0	0	0	0	0	0	0	0
Cells	2024-04-01	10813845	131171	12654	0	11	1	2	0	0	0	0	0	7	1	0	0	0	0	0	19	0	0	0	0	0	0	0	0	0	0	0	0	0	0	0	0	0
Cells	2024-04-01	10814125	268020	21040	0	4	0	0	0	0	5	0	0	1	0	2	0	0	0	0	42	0	1	4	0	0	0	0	0	0	0	0	0	0	0	0	0	0
Cells	2024-04-01	10814727	229990	19133	1	5	0	4	0	1	4	1	0	7	0	9	0	0	0	0	51	0	0	2	0	0	0	0	0	0	0	0	0	0	0	0	0	0
Cells	2024-04-01	10854684	204452	15285	0	5	0	0	0	0	3	1	0	1	2	2	0	0	0	0	39	0	1	4	0	0	0	0	0	0	0	0	1	0	0	0	0	0
Cells	2024-04-01	10854705	439939	31871	0	2	0	2	0	2	0	0	0	0	0	3	0	0	0	0	22	0	0	2	0	0	0	0	0	0	0	0	0	0	0	0	0	0
Cells	2024-04-01	10855062	146880	13763	0	23	0	2	0	0	5	16	0	1	6	8	0	0	0	0	37	0	0	0	0	0	0	0	0	0	0	0	0	0	0	0	0	0
Cells	2024-04-01	10854598	145048	13694	0	4	0	5	0	2	0	2	0	2	2	3	0	0	0	0	10	0	0	1	0	0	0	0	0	0	0	0	0	0	0	1	0	0
Cells	2024-04-01	10854603	94601	8943	0	7	1	0	0	0	3	5	0	3	1	2	0	0	0	0	14	0	1	1	0	0	0	0	0	0	0	0	0	0	0	0	0	0
Cells	2024-04-01	10854584	176718	13636	0	4	0	0	0	4	0	2	0	2	0	0	0	0	0	0	11	0	0	0	0	0	0	0	0	0	0	0	0	0	0	0	0	0
Cells	2024-04-01	10854502	146448	12676	0	29	0	0	0	0	1	4	0	0	1	6	0	0	0	0	4	0	0	0	0	0	0	0	0	0	0	0	0	0	0	0	0	0
Cells	2024-04-01	10854916	99881	8722	0	7	1	0	0	2	2	0	0	1	0	0	0	0	0	0	17	0	0	1	0	0	0	0	0	0	0	0	0	0	0	0	0	0
Cells	2024-04-01	10854593	119960	9407	0	1	0	1	0	1	0	1	0	0	0	3	0	0	0	0	30	0	0	6	0	0	0	0	0	0	0	0	0	0	0	0	0	0
Cells	2024-04-01	10854663	114837	9921	0	13	0	0	0	0	0	0	0	0	0	2	0	0	0	0	11	0	0	0	0	0	0	0	0	0	0	0	0	0	0	0	0	0
Cells	2024-04-01	10854688	98434	8616	0	1	0	1	0	0	3	0	0	0	0	2	0	0	0	0	48	0	0	5	0	0	0	0	0	0	0	0	0	0	1	0	0	0
Cells	2024-04-01	10854567	135392	11008	0	6	0	2	0	0	1	0	0	0	0	0	0	0	0	0	28	0	0	1	0	0	0	0	0	0	0	0	0	0	0	0	0	0
Cells	2024-04-01	10854934	115501	10339	0	3	0	1	0	0	0	1	0	1	2	2	0	0	0	0	10	0	0	0	0	0	0	0	0	0	0	0	0	0	0	1	0	0
Cells	2024-04-01	10854919	114106	10065	0	6	0	14	0	0	0	0	0	0	0	9	0	0	0	0	24	0	0	0	0	0	0	0	0	0	0	0	0	0	0	0	0	0
Cells	2024-04-01	10854837	534001	37654	0	27	0	0	0	0	3	1	0	0	0	6	0	0	0	0	51	0	1	9	0	0	0	0	0	0	0	0	0	0	0	0	0	0
Cells	2024-04-01	10854924	150541	13800	0	18	0	8	0	0	0	1	0	21	0	10	0	0	0	0	33	0	0	0	0	0	1	0	0	0	0	0	0	0	0	0	0	0
Cells	2024-04-01	10854970	170200	15026	0	2	1	4	0	0	3	2	0	8	0	3	0	0	0	0	35	0	1	1	0	0	0	0	0	0	0	0	0	0	0	0	0	0
Cells	2024-04-01	10854852	121566	10577	0	4	0	8	0	0	0	0	0	1	1	5	0	0	1	0	3	0	0	0	0	0	2	0	0	0	0	0	0	0	0	0	0	0
Cells	2024-04-01	10854606	257858	22498	0	7	0	7	0	0	0	0	0	0	4	25	0	0	1	0	128	0	0	1	0	0	4	5	0	0	0	0	0	1	0	0	0	0
Cells	2024-04-01	10854826	120520	10800	0	7	1	0	0	0	0	0	0	0	1	3	0	0	0	0	32	0	0	0	0	0	0	0	0	0	0	0	0	0	0	0	0	0
Cells	2024-04-01	10854682	167899	13896	0	17	0	0	0	0	2	1	0	0	0	9	0	0	1	0	30	0	0	5	0	0	0	0	0	0	0	0	0	0	0	0	0	0
Cells	2024-04-01	10854574	180864	16550	0	4	1	1	0	0	0	4	0	0	0	7	0	0	0	0	64	0	0	0	0	0	0	0	0	0	0	0	0	0	0	0	0	0
Cells	2024-04-01	10854901	76669	7213	0	1	0	3	0	1	2	2	0	1	0	3	0	0	0	0	13	0	0	0	0	0	0	1	0	0	0	0	0	0	0	0	0	0
Cells	2024-04-01	10854627	91466	8440	1	2	0	0	0	0	1	0	0	0	1	2	0	0	0	0	25	0	0	1	0	0	0	0	0	0	0	0	0	0	0	0	0	0
Cells	2024-04-01	10854665	227435	16754	0	5	0	0	0	0	5	4	0	0	0	0	0	0	0	0	40	0	1	10	0	0	1	0	0	0	0	0	0	0	0	0	11	0
Cells	2024-04-01	10854770	177109	13902	0	0	0	2	0	0	0	0	0	1	0	2	0	0	0	0	32	0	0	0	0	0	0	0	0	0	0	0	0	0	0	0	0	0
Cells	2024-04-01	10886485	206615	15265	0	3	0	0	0	0	1	0	0	1	1	1	0	0	0	0	42	0	0	7	0	0	1	0	0	0	0	0	0	0	0	0	0	1
Cells	2024-04-01	10855155	166844	12997	0	1	2	0	0	0	1	0	0	0	0	1	0	0	0	0	27	0	0	3	0	0	0	0	0	0	0	0	1	0	1	0	0	0
Cells	2024-04-01	10886774	99464	8808	0	10	0	7	0	0	0	1	0	2	0	5	0	0	0	0	15	0	0	2	0	0	0	0	0	0	0	0	0	0	0	0	0	0
Cells	2024-04-01	10854820	81808	7453	0	13	0	5	0	0	0	0	0	4	0	1	0	0	0	0	13	0	0	0	0	0	0	0	1	0	0	0	0	0	0	0	0	0
Cells	2024-04-01	10886765	136258	12006	0	6	0	2	0	0	0	2	0	0	6	2	0	0	0	0	14	0	0	0	0	0	0	0	0	0	0	0	0	0	0	0	0	0
Cells	2024-04-01	10855070	134129	10746	0	3	1	1	0	0	1	5	0	0	0	2	0	0	0	0	17	0	0	1	0	0	0	1	0	0	0	0	0	1	0	0	0	0
Cells	2024-04-01	10886748	183041	15447	0	10	0	3	0	0	2	0	0	6	1	5	0	0	0	0	22	0	0	1	0	0	0	0	0	0	0	0	0	0	0	0	0	0
Cells	2024-04-01	10886663	91957	8123	0	7	0	7	0	0	1	1	0	0	3	2	0	0	0	0	28	0	0	1	0	0	0	0	0	0	0	0	0	0	0	0	0	0
Cells	2024-04-01	10886588	131833	11766	0	4	0	6	0	1	4	9	0	0	1	14	0	0	0	0	30	0	0	0	0	0	0	0	0	0	0	0	0	0	2	0	0	0
Cells	2024-04-01	10886878	119537	10289	0	7	0	2	0	0	1	7	0	9	0	4	0	0	0	0	9	0	0	0	0	0	0	0	0	0	0	0	0	0	0	0	0	0
Cells	2024-04-01	10855153	121739	9689	0	18	0	2	0	0	0	1	0	0	0	4	0	0	1	0	18	0	0	0	0	0	0	0	0	0	0	0	0	0	0	0	0	0
Cells	2024-04-01	10887161	132117	11882	0	7	1	3	0	0	2	2	0	3	7	11	0	0	0	1	31	0	0	3	0	0	0	0	0	0	0	0	0	0	0	0	0	0
Cells	2024-04-01	10854871	276557	23315	0	7	0	0	0	2	0	0	0	1	0	0	0	0	0	0	48	0	1	2	0	0	0	0	0	0	0	0	0	0	0	0	0	0
Cells	2024-04-01	10887164	202591	15479	0	0	1	0	0	0	0	0	0	3	0	0	0	0	0	0	19	0	0	3	0	0	0	0	2	0	0	0	0	0	0	0	0	0
Cells	2024-04-01	10887109	138294	11302	0	20	0	3	0	0	0	0	0	0	1	0	0	0	0	0	51	0	0	2	0	0	0	0	0	0	0	0	0	0	0	0	0	0
Cells	2024-04-01	10854721	158618	11670	0	2	0	3	0	0	0	1	0	0	0	3	0	0	0	0	12	0	0	4	0	0	1	0	0	0	0	0	0	0	0	0	0	0
Cells	2024-04-01	10855118	147441	12021	0	8	0	4	0	1	2	1	0	1	0	1	0	0	0	0	17	0	1	1	0	0	0	0	0	0	0	0	0	0	0	0	0	0
Cells	2024-04-01	10854662	185753	16721	0	3	0	0	0	0	1	0	0	0	1	3	0	0	0	0	48	0	1	2	0	0	0	0	0	0	0	0	0	0	0	0	0	0
Cells	2024-04-01	10886474	92164	8436	0	10	0	0	0	0	0	3	0	1	5	1	0	0	0	0	14	0	0	1	0	0	0	0	0	0	0	0	0	0	0	1	0	0
Cells	2024-04-01	10887072	80353	7203	0	2	0	0	0	0	0	2	0	1	0	1	0	0	1	0	4	0	0	1	0	0	0	0	1	0	0	0	0	0	0	0	0	0
Cells	2024-04-01	10886487	101728	8907	1	7	0	1	0	0	2	2	0	0	2	1	0	0	0	0	35	0	0	4	0	0	0	1	0	0	0	0	0	0	0	0	0	0
Cells	2024-04-01	10886969	159800	13481	0	13	1	0	0	0	1	17	0	18	0	1	0	0	0	0	24	0	0	1	0	0	0	0	0	0	0	0	0	0	0	0	0	0
Cells	2024-04-01	10886771	303481	22473	0	10	0	0	0	0	2	2	0	0	1	8	0	0	0	0	44	0	0	4	0	0	1	0	0	0	0	0	0	0	0	0	0	0
Cells	2024-04-01	10854672	172390	15350	0	18	0	0	0	1	1	1	0	16	2	3	0	0	0	0	19	0	0	2	0	0	0	0	0	0	0	0	0	0	0	0	0	0
Cells	2024-04-01	10887032	286292	23063	0	2	0	4	0	1	2	1	0	1	4	8	0	0	0	0	42	0	0	3	0	1	2	0	0	0	0	0	0	0	0	0	0	0
Cells	2024-04-01	10887027	212383	16929	0	13	0	1	0	0	0	0	0	1	1	18	0	0	0	0	86	0	0	0	0	0	1	1	0	0	0	0	0	0	0	0	0	0
Cells	2024-04-01	10886570	282642	21465	0	2	1	0	0	0	7	1	0	2	1	2	0	0	0	0	39	0	0	3	0	0	1	0	2	0	0	0	0	0	0	0	0	0
Cells	2024-04-01	10887115	235329	18761	1	1	0	0	0	0	6	1	0	0	1	1	0	0	0	0	13	0	0	1	0	0	0	1	2	0	0	0	0	0	0	0	0	0
Cells	2024-04-01	10886962	81264	7441	0	4	0	1	0	0	1	1	0	0	0	2	0	0	0	0	27	0	0	3	0	0	0	0	0	0	0	0	0	0	0	0	0	0
Cells	2024-04-01	10886822	435410	32463	0	3	0	3	0	0	1	0	0	0	4	2	0	0	1	0	36	0	0	3	0	0	0	0	0	0	0	0	0	0	0	0	0	0
Cells	2024-04-01	10887114	86061	7628	0	4	0	4	0	0	0	0	0	1	2	1	0	0	0	0	19	0	0	0	0	0	0	0	0	0	0	0	0	0	0	0	0	0
Cells	2024-04-01	10886726	171209	13381	0	1	0	0	0	0	1	0	0	0	0	4	0	0	0	0	13	0	1	5	0	0	0	0	0	0	1	0	0	2	0	0	0	0
Cells	2024-04-01	10887120	116305	10978	0	12	0	0	0	2	5	1	0	1	1	0	0	0	1	0	14	0	0	3	0	0	0	0	0	0	0	0	0	0	0	0	0	0
Cells	2024-04-01	10886967	95376	8844	0	12	0	1	0	0	0	0	0	0	0	1	0	0	0	0	11	0	0	0	0	0	0	0	0	0	0	0	0	0	0	0	0	0
Cells	2024-04-01	10886852	277570	20350	1	0	0	0	0	0	3	2	0	0	2	3	0	0	0	0	12	0	0	3	0	0	0	0	0	0	0	0	0	0	0	0	0	0
Cells	2024-04-01	10886605	142669	12810	0	12	0	2	0	0	2	0	0	1	1	3	0	0	0	0	21	0	0	0	0	0	0	0	0	0	0	0	0	0	0	0	0	0
Cells	2024-04-01	10886887	501653	34530	0	0	1	0	0	0	1	2	0	2	0	0	0	0	0	1	7	0	0	4	0	0	1	0	1	0	0	0	0	0	0	0	0	0
Cells	2024-04-01	10887371	103422	8610	0	11	0	0	0	1	0	1	0	0	1	3	0	0	0	0	14	0	0	0	0	0	0	0	0	0	0	0	0	0	0	0	0	0
Cells	2024-04-01	10886481	102072	10585	0	9	0	2	0	0	0	1	0	0	0	0	0	0	0	0	9	0	1	1	0	0	0	0	0	0	0	0	0	0	0	0	2	0
Cells	2024-04-01	10886805	367470	28327	4	0	0	2	0	2	4	3	0	1	0	3	0	0	0	0	51	0	0	11	0	0	0	0	0	0	0	0	0	0	0	0	0	0
Cells	2024-04-01	10886918	184935	14412	1	3	0	1	0	0	4	2	0	0	2	2	0	0	0	0	20	0	0	7	0	0	1	0	0	0	0	0	0	0	0	0	0	0
Cells	2024-04-01	10886595	133302	11339	1	17	0	2	0	0	4	0	0	1	0	3	0	0	0	0	10	0	1	1	0	0	0	0	0	0	0	0	0	0	0	0	0	0
Cells	2024-04-01	10887002	237448	17826	1	2	0	2	0	0	2	1	0	2	2	3	0	0	0	0	49	0	1	5	0	0	0	0	0	0	0	0	0	1	0	0	0	0
Cells	2024-04-01	10886912	202899	15723	0	0	0	0	0	0	0	0	0	1	0	1	0	0	0	0	11	0	0	0	0	0	0	1	0	0	0	0	0	0	0	0	0	0
Cells	2024-04-01	10887205	117268	11016	0	27	0	2	0	0	0	0	0	0	0	9	0	0	2	0	23	0	0	1	0	0	0	0	0	0	0	0	0	0	0	0	0	0
Cells	2024-04-01	10887143	218318	15781	0	2	1	0	0	0	1	0	0	2	2	1	0	0	0	0	16	0	0	1	0	0	1	0	1	0	0	0	0	0	0	0	0	0
Cells	2024-04-01	10887201	70187	6810	0	6	0	4	0	0	0	0	0	4	0	0	0	0	0	0	20	0	0	0	0	0	0	0	0	0	0	0	0	0	0	0	0	0
Cells	2024-04-01	10886578	357365	27135	1	2	0	0	0	0	1	1	0	0	0	1	0	0	0	0	31	0	0	8	0	0	0	0	0	0	0	0	0	0	0	0	0	0
Cells	2024-04-01	10886814	184366	15540	0	7	0	0	0	1	0	0	0	1	1	0	0	0	0	0	27	0	0	1	0	0	0	1	0	0	0	0	0	0	0	0	0	0
Cells	2024-04-01	10931140	174237	14388	0	0	1	4	0	0	1	0	0	6	0	0	0	0	0	0	23	0	0	1	0	0	2	0	0	0	0	0	0	0	0	0	0	0
Cells	2024-04-01	10930537	192212	15578	0	35	0	1	0	0	2	0	0	0	1	1	0	0	0	0	11	0	2	0	0	0	0	0	0	0	0	0	0	0	0	0	0	0
Cells	2024-04-01	10886739	135087	12447	0	4	0	0	0	0	1	0	0	1	0	3	0	0	0	0	7	0	0	0	0	1	0	0	1	0	0	0	0	0	0	0	0	0
Cells	2024-04-01	10886920	176871	14455	0	3	0	0	0	0	2	7	0	0	1	9	0	0	0	0	33	0	0	5	0	1	1	0	0	0	0	0	0	0	0	0	0	0
Cells	2024-04-01	10930528	108540	9207	0	20	1	2	0	0	2	0	0	1	0	4	0	0	0	0	13	0	0	2	0	0	0	0	0	0	0	0	0	0	0	0	0	0
Cells	2024-04-01	10930666	117891	10817	0	14	0	6	0	0	0	1	0	10	0	4	0	0	0	0	9	0	0	0	0	0	0	1	0	0	0	0	0	0	0	0	0	0
Cells	2024-04-01	10886933	263167	18824	0	2	0	0	0	0	0	0	0	0	0	0	0	0	0	0	17	0	1	0	0	0	0	0	0	0	0	0	0	0	0	0	0	0
Cells	2024-04-01	10887040	150401	12571	0	3	0	6	0	0	1	0	0	0	0	3	0	0	0	0	13	0	0	2	0	0	1	0	0	0	0	0	0	0	0	0	0	0
Cells	2024-04-01	10930971	136577	11058	0	1	0	2	0	0	1	5	0	1	0	4	0	0	1	0	23	0	0	0	0	0	0	0	0	0	0	0	0	0	0	0	0	0
Cells	2024-04-01	10887672	96052	8273	0	6	0	2	0	0	1	0	0	0	0	0	0	0	1	0	28	0	0	1	0	0	0	0	0	0	0	0	0	0	0	0	0	0
Cells	2024-04-01	10930830	114586	11161	0	22	0	1	0	0	0	1	0	0	1	1	0	0	1	0	27	0	0	2	0	0	0	0	0	0	0	0	0	0	0	0	0	0
Cells	2024-04-01	10930995	120537	11003	0	9	0	0	0	0	0	0	0	4	2	2	0	0	0	0	22	0	0	0	0	0	0	0	0	0	0	0	0	0	0	0	0	0
Cells	2024-04-01	10930931	135850	12522	0	9	0	1	0	0	10	0	0	4	0	5	0	0	0	0	21	0	0	1	0	0	0	0	0	0	0	0	0	1	0	0	0	0
Cells	2024-04-01	10931172	137006	11448	0	13	0	4	0	0	0	0	0	3	0	6	0	0	0	0	15	0	0	0	0	0	0	0	0	0	0	0	0	0	0	0	0	0
Cells	2024-04-01	10886741	182319	13600	0	0	0	1	0	0	1	0	0	0	0	1	0	0	0	0	15	0	2	4	0	0	0	0	0	0	0	0	0	0	0	0	0	0
Cells	2024-04-01	10930709	107977	10778	0	10	1	0	0	0	0	0	0	1	0	8	0	0	0	0	13	0	0	0	0	0	1	0	0	0	0	0	0	0	0	0	0	0
Cells	2024-04-01	10887035	123253	11250	0	3	0	2	0	0	0	0	0	1	0	2	0	0	1	0	31	0	0	3	0	0	0	0	1	0	0	0	0	0	0	0	0	0
Cells	2024-04-01	10931179	358227	27675	0	1	0	0	0	0	0	2	0	6	0	16	0	0	0	0	42	0	0	1	0	0	3	0	1	0	0	0	0	0	0	0	0	0
Cells	2024-04-01	10931100	154108	12617	0	12	0	2	0	2	0	0	0	0	1	3	0	0	0	0	19	0	0	1	0	0	0	0	0	0	0	0	0	0	0	0	0	0
Cells	2024-04-01	10931451	111598	9447	0	5	0	1	0	0	6	1	0	0	0	3	0	0	0	0	12	0	0	0	0	0	0	0	0	0	0	0	0	0	0	0	0	0
Cells	2024-04-01	10887166	141335	12382	2	2	0	2	0	0	2	0	0	2	0	3	0	0	0	0	21	0	0	3	0	0	0	0	0	0	0	0	0	0	0	0	0	0
Cells	2024-04-01	10886544	141097	12750	0	13	0	4	0	1	1	4	0	0	0	1	0	0	1	0	30	0	0	0	0	0	0	0	0	0	0	0	0	0	0	2	0	0
Cells	2024-04-01	10886719	260707	20768	0	0	0	4	0	0	3	1	0	0	0	1	0	0	0	0	33	0	0	5	0	0	1	0	1	0	0	0	0	0	0	0	0	1
Cells	2024-04-01	10887070	103532	9449	0	2	0	5	0	0	1	2	0	8	4	2	0	0	0	0	38	0	0	0	0	0	0	0	0	0	0	0	0	0	0	0	0	0
Cells	2024-04-01	10930717	103042	9049	1	9	0	1	0	1	0	1	0	1	0	5	0	0	0	0	25	0	0	1	0	0	0	0	1	0	0	0	0	0	0	0	0	0
Cells	2024-04-01	10930881	207501	16873	1	0	0	3	0	0	9	0	0	2	1	2	0	0	0	0	44	0	0	3	0	1	1	0	0	0	0	0	0	0	0	0	0	0
Cells	2024-04-01	10930870	119701	10572	0	9	1	4	0	0	0	0	0	3	0	3	0	0	0	0	11	0	3	2	0	0	0	0	0	0	0	0	0	0	0	0	0	0
Cells	2024-04-01	10931349	164032	13913	0	3	0	1	0	0	3	0	0	0	2	6	0	0	0	0	84	0	0	4	0	0	0	0	0	0	0	0	0	0	0	0	0	0
Cells	2024-04-01	10930802	157569	12505	0	21	0	0	0	0	2	0	0	0	0	1	0	0	0	0	34	0	0	1	0	0	0	0	0	0	0	0	0	0	0	0	0	0
Cells	2024-04-01	10931263	103154	9422	0	6	0	3	0	0	0	4	0	0	0	11	0	0	0	0	26	0	0	0	0	0	0	0	0	0	0	0	0	0	0	0	0	0
Cells	2024-04-01	10931493	111040	10238	0	8	0	2	0	0	4	6	0	1	0	5	0	0	0	0	14	0	0	1	0	0	0	0	0	0	0	0	0	0	0	0	0	0
Cells	2024-04-01	10930936	286480	20889	0	1	0	6	0	0	0	1	0	1	1	2	0	0	0	0	29	0	0	3	0	0	0	0	0	0	0	0	0	0	0	0	0	0
Cells	2024-04-01	10931189	156723	14144	0	6	1	8	0	0	0	1	0	0	2	5	0	0	0	0	8	0	0	0	0	0	1	0	0	0	0	0	0	0	0	0	0	0
Cells	2024-04-01	10931150	163041	14594	0	5	1	1	0	0	0	1	0	0	0	0	0	0	0	0	21	0	0	1	0	0	0	0	0	0	0	0	0	0	0	0	0	0
Cells	2024-04-01	10930724	270038	20231	1	0	0	2	0	0	4	0	0	2	1	4	0	0	0	0	40	0	0	0	0	0	0	0	0	0	0	0	0	0	0	0	0	0
Cells	2024-04-01	10930651	78961	6872	0	2	0	4	0	0	1	0	0	0	0	2	0	0	0	0	27	0	0	0	0	0	0	0	0	0	0	0	0	0	0	0	0	0
Cells	2024-04-01	10931229	122669	11181	0	5	0	2	0	0	2	2	0	0	0	0	0	0	0	0	18	0	2	0	0	0	0	0	0	0	0	0	0	0	0	0	0	0
Cells	2024-04-01	10931053	103505	9725	0	8	3	3	0	0	0	1	0	4	1	12	0	0	0	0	30	0	0	0	0	0	0	0	0	0	0	0	0	0	0	0	0	0
Cells	2024-04-01	10930662	189347	13877	0	1	0	1	0	1	1	0	0	1	1	0	0	0	0	0	37	0	0	1	0	0	0	0	0	0	0	0	0	0	0	0	0	0
Cells	2024-04-01	10930589	217921	18436	0	1	0	0	0	0	1	0	0	1	0	0	0	0	1	0	9	0	0	2	0	0	0	0	2	0	0	0	0	0	0	0	0	0
Cells	2024-04-01	10930964	187824	14295	0	2	0	0	0	0	0	0	0	0	0	5	0	0	0	0	25	0	0	2	0	0	0	0	0	0	0	0	0	0	0	0	0	0
Cells	2024-04-01	10931088	347481	25061	1	5	1	5	0	0	3	2	0	0	1	3	0	0	0	0	29	0	0	4	0	0	0	0	0	0	0	0	0	0	0	0	0	0
Cells	2024-04-01	10930773	187731	16046	0	32	0	2	0	0	0	1	0	0	0	2	0	0	2	0	52	0	0	3	0	0	2	0	1	0	0	0	0	0	0	0	0	0
Cells	2024-04-01	10930978	369586	27802	0	1	1	1	0	0	1	1	0	0	0	9	0	0	0	0	62	0	0	12	0	0	0	0	0	0	0	0	0	1	1	1	0	0
Cells	2024-04-01	10931372	201055	17401	0	2	0	0	0	0	0	0	0	1	0	7	0	0	0	0	26	0	0	0	0	0	0	1	0	0	0	0	0	0	0	0	0	0
Cells	2024-04-01	10930876	16732	1527	0	2	0	0	0	0	0	0	0	0	0	0	0	0	0	0	1	0	0	0	0	0	0	0	0	0	0	0	0	0	0	0	0	0
Cells	2024-04-01	10930392	227871	16917	0	0	0	0	0	0	0	1	0	0	0	4	0	0	0	0	9	0	0	1	0	0	0	0	1	0	0	0	0	0	0	0	0	0
Cells	2024-04-01	10930946	117537	9987	0	10	0	3	0	0	1	1	0	2	1	1	0	0	0	0	34	0	0	1	0	0	1	0	0	0	0	0	0	0	0	0	0	0
Cells	2024-04-01	10930781	422470	31115	1	1	5	1	1	0	3	3	0	4	2	4	0	0	0	0	57	0	3	6	0	1	2	0	0	0	0	0	0	0	1	0	0	0
Cells	2024-04-01	10930381	142139	12914	0	18	1	2	0	0	2	2	0	0	0	11	0	2	0	0	20	0	0	4	0	0	0	0	0	0	0	0	0	0	0	0	0	0
Cells	2024-04-01	10968988	474750	33904	0	0	0	1	0	0	2	1	0	4	0	0	0	0	0	0	17	0	0	7	0	0	0	0	0	0	0	0	1	1	0	0	0	0
Cells	2024-04-01	10930932	107160	8528	0	1	0	2	0	0	2	0	0	5	2	0	0	0	0	0	33	0	0	1	0	0	0	0	0	0	0	0	0	0	0	0	0	0
Cells	2024-04-01	10969688	88212	8412	0	1	0	2	0	0	0	2	0	2	0	0	0	0	0	0	25	0	0	2	0	0	0	0	0	0	0	0	0	0	0	0	0	0
Cells	2024-04-01	10969587	253074	20116	0	11	0	5	0	0	0	0	0	3	1	2	0	0	2	0	17	0	0	0	0	0	0	1	0	0	0	0	0	0	0	0	0	0
Cells	2024-04-01	10931324	106670	8778	0	7	2	6	0	0	0	1	0	2	0	1	0	0	0	0	32	0	0	0	0	0	0	1	0	0	0	0	0	0	0	0	0	0
Cells	2024-04-01	10969771	94172	8494	0	7	0	2	0	0	1	6	0	2	0	4	0	0	0	0	31	0	1	1	0	0	0	0	0	0	0	0	0	0	0	0	0	0
Cells	2024-04-01	10969603	168746	14845	0	3	1	0	0	0	0	1	0	1	0	7	0	0	0	0	27	0	1	9	0	0	1	0	0	0	0	0	0	0	0	0	0	0
Cells	2024-04-01	10969290	124797	11159	0	20	1	1	0	0	1	1	0	0	1	2	0	0	0	0	36	0	0	0	0	0	1	0	0	0	0	0	0	0	0	0	0	0
Cells	2024-04-01	10931090	322458	24117	2	5	0	0	0	0	5	0	0	0	1	4	0	0	0	0	38	0	0	5	0	1	0	0	0	0	0	0	0	0	0	0	0	0
Cells	2024-04-01	10931371	108004	9564	0	6	2	0	0	0	0	0	0	1	0	3	0	0	0	0	12	0	0	0	0	0	0	0	0	0	0	0	0	0	0	1	0	0
Cells	2024-04-01	10969166	95511	8231	0	4	0	0	0	0	4	1	0	11	0	2	0	0	0	0	19	0	0	1	0	0	1	0	0	0	0	0	0	0	0	0	0	0
Cells	2024-04-01	10930942	277102	19738	0	0	0	2	0	0	4	0	0	0	0	0	0	0	0	0	15	0	0	0	0	0	0	0	2	0	0	0	0	0	0	0	0	0
Cells	2024-04-01	10931424	456142	32161	0	4	1	3	0	0	0	1	0	1	1	4	0	0	0	0	41	0	0	21	0	0	1	0	0	0	0	0	0	0	0	0	0	0
Cells	2024-04-01	10968928	128303	11808	0	5	0	2	0	0	1	5	0	0	2	2	0	0	1	0	16	0	0	1	0	0	0	2	0	0	1	0	0	0	0	0	0	0
Cells	2024-04-01	10930731	171258	13766	1	0	0	2	0	0	6	0	0	0	1	0	0	0	0	0	44	0	0	1	0	0	1	1	0	0	0	0	0	0	0	0	0	0
Cells	2024-04-01	10931169	144958	11717	0	0	0	0	0	0	0	0	0	1	1	2	0	0	0	0	13	0	0	2	0	1	0	0	0	0	0	0	0	0	0	0	0	0
Cells	2024-04-01	10931308	320119	22714	0	0	0	1	0	0	1	0	0	1	1	1	0	0	0	0	6	0	1	4	0	0	1	0	0	0	0	0	0	0	0	0	0	0
Cells	2024-04-01	10969696	143974	12099	0	16	0	2	0	0	2	1	0	1	0	5	0	0	2	0	39	0	0	2	0	0	0	1	0	0	0	0	0	0	1	0	0	0
Cells	2024-04-01	10930463	430592	31625	0	0	0	0	0	0	0	0	0	0	2	1	0	0	0	0	22	0	0	0	0	0	0	0	0	0	0	0	0	0	0	0	0	0
Cells	2024-04-01	10969434	297643	21248	1	0	1	0	0	1	0	0	0	0	1	2	0	0	0	0	10	0	0	2	0	0	0	0	0	0	0	0	0	0	0	0	0	0
Cells	2024-04-01	10930715	151376	13743	0	14	0	1	0	0	0	6	0	27	1	5	0	0	1	0	20	0	0	0	0	0	0	0	0	0	0	0	0	0	0	0	0	0
Cells	2024-04-01	10931022	194737	18290	0	14	1	0	0	0	1	1	0	0	0	7	0	0	0	0	42	0	0	2	0	0	0	0	1	0	0	0	0	0	0	0	0	0
Cells	2024-04-01	10931270	202626	17047	0	5	1	6	0	0	1	11	0	20	5	3	0	0	0	0	38	0	0	2	0	0	0	0	0	0	0	0	0	0	0	0	0	0
Cells	2024-04-01	10969165	137167	11322	0	2	0	1	0	0	0	1	0	2	1	4	0	0	0	0	37	0	0	2	0	0	0	1	1	0	0	0	0	0	0	0	0	0
Cells	2024-04-01	10931382	157627	13391	0	6	0	8	0	1	0	0	0	29	1	1	0	0	0	0	6	0	0	0	0	0	0	0	1	0	0	0	0	0	0	0	0	0
Cells	2024-04-01	10968809	378021	28196	0	1	0	0	0	0	1	0	0	0	0	0	0	0	0	0	41	0	0	1	0	0	0	0	0	0	0	0	0	0	0	0	0	0
Cells	2024-04-01	10969130	95326	8614	0	4	0	0	0	33	1	2	0	0	0	1	0	0	0	0	15	0	0	2	0	0	0	0	0	0	0	0	0	0	0	0	0	0
Cells	2024-04-01	10969298	157337	11675	0	1	0	0	0	0	0	0	0	0	0	0	0	0	0	0	6	0	0	0	0	0	0	0	0	0	0	0	0	0	0	0	0	0
Cells	2024-04-01	10969761	213786	17095	0	0	0	1	0	0	0	1	0	0	0	0	0	0	0	0	16	0	0	2	0	0	0	0	0	0	0	0	0	0	1	0	0	0
Cells	2024-04-01	10968819	122721	10737	0	14	4	0	0	0	2	12	0	0	0	4	0	0	0	0	11	0	0	3	0	0	0	0	0	0	0	0	0	0	0	0	0	0
Cells	2024-04-01	10969546	142593	11229	0	7	0	0	0	0	0	2	0	2	1	5	0	0	0	0	20	0	0	2	0	0	0	0	0	0	0	0	0	0	0	0	0	0
Cells	2024-04-01	10969486	178177	14052	0	7	0	6	0	0	1	1	0	2	5	0	0	0	0	0	64	0	1	0	0	0	0	0	1	0	0	0	0	0	0	0	0	0
Cells	2024-04-01	10969521	352408	25770	0	2	0	1	0	0	1	2	0	2	1	2	0	0	0	0	36	0	0	5	0	0	0	0	0	0	0	0	0	1	0	0	0	0
Cells	2024-04-01	10969716	110524	9416	0	3	0	1	0	0	1	0	0	5	1	7	0	0	0	0	16	0	0	0	0	0	0	0	0	0	0	0	0	0	0	0	0	0
Cells	2024-04-01	10969049	105543	8971	1	10	0	3	0	0	4	0	0	0	0	5	0	0	1	0	15	0	0	0	0	0	0	0	0	0	0	0	0	0	0	0	0	0
Cells	2024-04-01	10969777	133490	11340	0	16	0	4	0	0	0	0	0	0	1	5	0	0	2	0	29	0	0	0	0	0	0	0	0	0	0	0	0	0	0	0	0	0
Cells	2024-04-01	10968997	86342	8111	0	16	1	0	0	0	1	3	0	0	0	3	0	0	0	0	17	0	0	0	0	0	0	0	0	0	0	0	0	0	0	0	0	0
Cells	2024-04-01	10969066	129811	11518	0	5	0	4	0	0	3	4	0	2	2	6	0	0	0	0	45	0	0	0	0	0	0	0	0	0	0	0	0	0	0	0	0	0
Cells	2024-04-01	10969765	207387	18050	1	10	0	0	0	0	3	2	0	0	2	0	0	0	5	0	32	0	2	16	0	0	1	0	1	0	0	0	0	0	1	0	0	0
Cells	2024-04-01	10968792	160733	13557	0	4	0	21	0	0	0	3	0	1	0	4	0	0	1	0	17	0	0	1	0	0	0	0	0	0	0	0	0	0	0	0	0	0
Cells	2024-04-01	10968931	116758	9314	0	0	0	0	0	0	2	1	0	2	0	1	0	0	0	0	18	0	0	0	0	1	0	0	0	0	0	0	0	0	0	0	0	0
Cells	2024-04-01	10969519	158056	11882	0	0	0	0	0	0	1	1	0	0	0	3	0	0	0	0	34	0	0	0	0	0	0	0	0	0	0	0	0	0	0	0	0	0
Cells	2024-04-01	10969675	142045	12230	0	12	0	1	0	0	1	0	0	0	0	5	0	0	0	0	12	0	0	1	0	0	0	0	0	0	0	0	0	0	0	0	0	0
Cells	2024-04-01	10969198	76488	6681	0	6	0	0	0	0	0	0	0	4	0	4	0	0	0	0	19	0	1	0	0	0	0	0	0	0	0	0	0	0	0	0	0	0
Cells	2024-04-01	10969307	217727	18207	0	2	1	11	0	0	2	2	0	0	0	3	0	0	0	0	17	0	0	1	0	0	0	0	1	0	0	0	0	0	0	1	0	0
Cells	2024-04-01	10968834	323279	25123	2	0	0	0	0	0	1	0	0	0	0	6	0	0	0	0	39	0	1	5	0	1	0	0	0	0	0	0	0	0	0	0	0	0
Cells	2024-04-01	10969437	158939	12935	0	20	0	0	0	0	0	29	0	0	4	3	0	0	0	0	29	0	0	3	0	0	0	0	0	0	0	0	0	0	1	0	0	0
Cells	2024-04-01	10969440	213867	15222	0	2	0	0	0	0	0	3	0	3	0	1	0	0	0	0	33	0	0	0	0	0	0	0	0	0	0	0	0	0	0	0	0	0
Cells	2024-04-01	10969659	119264	9239	0	4	0	0	0	1	0	1	0	9	1	4	0	0	0	0	14	0	0	3	0	0	0	0	0	0	0	0	0	0	0	0	0	0
Cells	2024-04-01	10969360	170521	13537	0	19	0	5	0	0	1	0	0	0	0	0	0	0	2	0	16	0	0	2	0	0	0	0	0	0	0	0	0	0	0	0	0	0
Cells	2024-04-01	10969176	86885	7886	0	8	0	0	0	0	0	0	0	1	0	1	0	0	0	0	20	0	1	0	0	0	0	0	0	0	0	0	0	0	0	0	0	0
Cells	2024-04-01	10968875	154976	14094	0	12	0	2	0	0	1	1	0	0	2	3	0	0	0	0	14	0	0	0	0	0	0	0	0	0	0	0	0	0	0	1	0	0
Cells	2024-04-01	11011035	123780	10174	0	2	0	0	0	0	0	0	0	0	0	1	0	0	0	0	8	0	1	0	0	0	1	0	0	0	0	0	0	0	0	0	0	0
Cells	2024-04-01	10969416	398359	30317	1	4	0	0	0	0	0	2	0	31	0	3	0	0	0	0	39	0	1	4	0	0	1	0	1	0	0	0	0	0	0	0	0	0
Cells	2024-04-01	10969443	156315	13999	0	25	0	1	0	1	0	0	0	0	0	2	0	0	0	0	29	0	0	1	0	0	0	0	0	0	0	0	0	0	0	0	0	0
Cells	2024-04-01	10969092	159527	13961	0	3	1	7	0	0	2	6	0	1	0	1	0	0	0	0	23	0	0	0	0	0	0	0	0	0	0	0	0	0	0	0	0	0
Cells	2024-04-01	10969380	153310	13951	0	17	0	1	0	0	2	1	0	1	0	3	0	0	0	0	28	0	0	4	0	0	0	0	0	0	0	0	0	0	0	0	0	0
Cells	2024-04-01	10969559	135940	12358	0	28	0	0	0	0	1	0	0	2	0	2	0	0	0	0	11	0	0	1	0	0	0	0	0	0	0	0	0	0	0	0	0	0
Cells	2024-04-01	10969451	298702	23105	0	4	0	0	0	0	3	1	0	0	1	6	0	0	0	0	52	0	0	5	0	0	1	0	0	0	0	0	0	0	0	0	0	0
Cells	2024-04-01	10969541	111000	9381	0	4	0	1	0	0	1	4	0	0	1	8	0	0	0	0	25	0	0	1	0	0	0	0	0	0	0	0	0	0	0	0	0	0
Cells	2024-04-01	10968745	135931	12314	0	1	0	2	0	0	0	1	0	0	0	3	0	0	0	0	18	0	0	2	0	0	0	0	0	0	0	0	0	0	0	0	0	0
Cells	2024-04-01	11011377	180896	12914	0	1	1	0	0	0	0	2	0	0	3	0	0	0	1	0	21	0	0	4	0	0	0	0	0	0	0	0	0	1	0	0	0	0
Cells	2024-04-01	10969184	261560	20550	0	7	0	0	0	0	0	1	0	0	0	8	0	0	0	0	42	0	0	5	0	0	0	0	0	0	0	0	0	0	0	0	0	0
Cells	2024-04-01	10969278	93786	8436	0	4	0	4	0	0	1	0	0	0	1	0	0	0	0	0	31	0	0	2	0	0	0	0	0	0	0	0	0	0	0	0	0	0
Cells	2024-04-01	10969286	74029	6379	0	9	0	1	0	0	2	1	0	0	0	2	0	0	0	0	15	0	0	0	0	0	0	0	0	0	0	0	0	0	0	0	0	0
Cells	2024-04-01	10968915	191550	15116	0	1	1	0	0	0	5	1	0	1	1	4	0	0	0	0	21	0	0	5	0	0	0	0	0	0	0	0	0	0	0	0	0	0
Cells	2024-04-01	10968836	604968	40944	0	2	0	0	0	0	0	1	0	0	0	1	0	0	0	0	22	0	1	4	0	0	0	0	0	0	0	0	0	0	0	0	0	0
Cells	2024-04-01	11011343	129523	10680	0	1	0	0	0	0	1	0	0	0	0	1	0	0	0	0	17	0	0	0	0	0	0	0	0	0	0	0	0	1	0	0	0	0
Cells	2024-04-01	11011153	175435	15859	0	14	0	1	0	3	5	5	0	0	0	7	0	0	0	0	30	0	3	3	0	0	0	0	0	0	0	0	0	0	0	0	0	0
Cells	2024-04-01	10968960	144861	10953	0	0	1	1	0	0	0	0	0	0	0	1	0	0	0	0	19	0	0	1	0	0	0	0	0	0	0	0	0	0	0	0	2	0
Cells	2024-04-01	10969686	112579	9986	0	6	0	2	0	0	0	3	0	0	3	6	0	0	0	0	24	0	0	0	0	0	0	0	0	0	0	0	0	0	0	0	0	0
Cells	2024-04-01	10969489	79841	7998	0	46	0	1	0	1	1	4	0	0	0	2	0	0	0	0	7	0	0	0	0	0	0	0	0	0	0	0	0	0	0	0	0	0
Cells	2024-04-01	11011116	160827	13687	0	3	0	1	0	0	0	0	0	0	6	0	0	0	1	0	9	0	0	0	0	0	0	0	0	0	0	0	0	0	0	0	0	0
Cells	2024-04-01	10969213	239164	18685	0	1	0	0	0	0	2	0	0	0	0	1	0	0	0	0	13	0	1	2	0	0	0	0	0	0	0	0	0	0	0	0	0	0
Cells	2024-04-01	10969578	80303	7559	0	4	0	1	0	0	0	0	0	4	0	0	0	0	0	0	28	0	0	0	0	0	0	0	0	0	0	0	0	0	0	0	0	0
Cells	2024-04-01	11011536	145701	11501	0	1	0	1	0	0	0	0	0	17	1	0	0	0	0	0	14	0	0	2	0	0	1	0	0	0	0	0	0	0	0	0	0	0
Cells	2024-04-01	11012118	86429	9664	0	8	0	0	0	0	0	2	0	2	1	0	0	0	0	0	11	0	0	0	0	0	0	0	0	0	0	0	0	0	0	0	0	0
Cells	2024-04-01	11012152	235767	18549	0	2	0	0	0	0	0	0	0	0	0	0	0	0	0	0	17	0	4	2	0	0	0	0	0	0	0	0	0	0	0	0	0	0
Cells	2024-04-01	11011630	205967	14826	0	10	0	0	0	0	1	0	0	1	0	2	0	0	1	0	16	0	0	1	0	0	0	0	0	0	0	0	0	0	0	0	0	0
Cells	2024-04-01	11011523	187491	14850	0	9	0	5	0	0	0	0	0	2	0	0	0	1	1	0	33	0	0	0	0	0	0	0	0	0	0	0	0	0	0	0	0	0
Cells	2024-04-01	11011451	94936	8251	0	10	0	0	0	5	0	3	0	1	0	0	0	0	0	0	5	0	0	1	0	0	0	0	0	0	0	0	0	0	0	0	0	0
Cells	2024-04-01	11011699	76626	6831	0	6	1	2	0	0	2	0	0	0	0	1	0	0	0	0	28	0	0	5	0	0	0	0	0	0	0	0	0	0	0	0	0	0
Cells	2024-04-01	11011670	382246	30992	0	2	0	4	0	0	12	0	0	2	1	8	0	0	0	0	22	0	0	3	0	0	2	0	3	0	0	0	0	0	0	0	1	0
Cells	2024-04-01	11011186	155122	14859	0	5	0	0	0	0	2	0	0	1	6	0	0	0	0	0	8	0	0	3	0	0	1	0	0	0	0	0	0	0	0	0	0	0
Cells	2024-04-01	11011321	163495	13209	0	9	0	1	0	0	0	0	0	0	0	9	0	0	1	0	8	0	0	0	0	0	0	0	0	0	1	0	0	0	0	0	0	0
Cells	2024-04-01	11012008	429831	32207	0	6	0	1	0	0	2	1	0	0	0	11	0	0	0	0	92	0	0	3	0	0	0	0	0	0	0	0	0	0	0	0	0	0
Cells	2024-04-01	11011354	140576	13955	0	20	1	6	0	0	2	1	0	0	0	1	0	0	0	0	18	0	0	0	0	0	0	0	0	0	0	0	0	0	0	0	2	0
Cells	2024-04-01	11012148	266440	20290	0	0	0	0	0	0	0	0	0	0	0	1	0	0	0	0	11	0	0	5	0	0	0	0	0	0	0	0	0	0	0	0	0	0
Cells	2024-04-01	11011471	156821	12463	0	0	0	0	0	0	0	0	0	0	0	1	0	0	0	0	14	0	0	1	0	0	1	0	0	0	0	0	0	0	0	0	0	0
Cells	2024-04-01	11011872	118515	11087	0	3	0	1	0	0	1	0	0	20	0	7	0	0	0	0	18	0	0	0	0	0	0	0	0	0	0	0	0	0	0	0	0	0
Cells	2024-04-01	11012098	205657	15508	0	2	0	2	0	0	3	0	0	1	0	2	0	0	0	0	27	0	0	2	0	0	0	0	0	0	0	0	0	0	0	0	0	0
Cells	2024-04-01	11011202	198184	15278	0	9	1	1	0	0	0	2	0	0	0	6	0	0	0	0	8	0	4	0	0	0	0	0	1	0	0	0	0	0	0	0	0	0
Cells	2024-04-01	11011746	88305	8309	0	4	0	2	0	2	0	9	0	1	0	1	0	0	0	0	24	0	0	2	0	0	0	0	0	0	0	0	0	0	0	0	0	0
Cells	2024-04-01	11011067	73611	6390	0	5	0	2	0	0	0	3	0	0	0	0	0	0	0	0	8	0	0	0	0	0	0	0	0	0	0	0	0	0	0	0	0	0
Cells	2024-04-01	11011399	258023	18087	0	0	0	0	0	0	0	0	0	1	0	2	0	0	0	0	41	0	0	4	0	0	0	0	0	0	0	0	0	0	0	0	0	0
Cells	2024-04-01	11011538	160212	13642	0	9	0	0	0	0	2	6	0	0	0	3	0	0	0	0	19	0	1	4	0	0	0	0	0	0	0	0	0	0	0	0	0	0
Cells	2024-04-01	11011744	97212	8807	0	2	2	0	0	0	2	0	0	0	0	0	0	0	0	0	8	0	0	2	0	0	0	1	0	0	0	0	0	0	0	0	0	0
Cells	2024-04-01	11011345	78464	7744	0	1	0	0	0	0	0	0	0	1	0	6	0	0	0	0	7	0	0	0	0	0	0	0	1	0	0	0	0	0	0	0	0	0
Cells	2024-04-01	11011741	260316	19793	0	5	0	0	0	0	0	0	0	12	0	3	0	0	0	0	29	0	0	1	0	0	1	0	0	0	0	0	0	0	0	0	0	0
Cells	2024-04-01	11011435	114085	9669	2	2	0	0	0	0	5	0	0	0	0	1	0	0	0	0	14	0	1	4	0	0	0	0	1	0	0	0	0	0	0	0	0	0
