journal	date	pmc_id	Nchars	Nwords	delve	analyse	acknowledge	assess	appraise	dissect	explore	examine	extricate	expose	estimate	investigate	inquire	inspect	interpret	scrutinise	study	unearth	uncover	understand	ponder	research	reason	retrieve	avoid	discount	disregard	dismiss	ignore	neglect	overlook	omit	skip	reject
Cells	2024-01-01	10571919	296435	21584	1	2	0	0	0	1	2	0	0	0	3	10	0	0	0	0	58	0	0	5	0	0	0	0	0	0	0	0	0	0	0	0	0	0
Cells	2024-01-01	10572585	53123	5059	0	1	1	0	0	0	0	2	0	0	13	2	0	0	0	0	4	0	0	1	0	0	0	0	0	0	0	0	0	0	0	0	0	0
Cells	2024-01-01	10572126	155829	14827	0	31	1	2	0	0	0	4	0	13	0	10	0	0	1	1	32	0	0	0	0	0	0	0	0	0	0	0	0	0	0	0	0	0
Cells	2024-01-01	10572502	164124	15235	0	15	0	0	0	0	0	5	0	1	1	9	0	0	0	0	27	0	0	0	0	0	0	0	0	0	0	0	0	0	0	0	0	0
Cells	2024-01-01	10571991	108839	9086	1	14	0	0	0	0	0	1	0	0	0	7	0	0	1	0	24	0	0	3	0	0	0	0	0	0	0	0	0	0	0	0	0	0
Cells	2024-01-01	10572010	126213	11274	0	16	0	2	0	1	1	3	0	6	4	5	0	0	0	0	18	0	0	1	0	0	0	0	1	0	0	0	0	0	0	0	0	0
Cells	2024-01-01	10571965	115091	9446	0	1	0	1	0	1	3	0	0	0	0	3	0	0	0	0	47	0	0	3	0	0	0	0	0	0	0	0	0	0	0	0	0	0
Cells	2024-01-01	10571979	126843	12321	0	14	0	0	0	1	3	0	0	1	0	0	0	0	0	0	23	0	0	0	0	0	0	0	0	0	0	0	0	0	0	0	0	0
Cells	2024-01-01	10572332	124357	11106	0	16	0	2	0	1	1	2	0	0	0	5	0	0	0	0	14	0	0	2	0	0	0	0	0	0	0	0	0	0	0	0	0	0
Cells	2024-01-01	10572167	443599	34920	0	17	0	9	0	1	2	0	0	2	1	1	0	0	2	0	23	0	0	1	0	0	0	0	0	0	0	0	0	0	0	0	0	0
Cells	2024-01-01	10572292	96456	9617	0	19	0	2	0	0	1	0	0	2	0	1	0	0	0	0	11	0	0	0	0	0	2	0	0	0	0	0	0	0	0	0	0	0
Cells	2024-01-01	10572302	113065	10541	0	7	0	1	0	1	2	1	0	4	1	1	0	0	0	0	24	0	0	1	0	0	1	0	0	0	0	0	0	0	0	0	0	0
Cells	2024-01-01	10572403	150366	10766	0	5	1	2	1	0	1	0	0	0	0	4	0	0	0	0	26	0	0	3	0	0	0	0	0	0	0	0	0	1	0	0	0	0
Cells	2024-01-01	10572015	149148	12740	0	3	1	0	0	4	0	1	0	1	0	0	0	0	0	0	16	0	0	0	0	0	0	0	0	0	0	0	0	0	0	0	0	0
Cells	2024-01-01	10572550	162328	14050	0	6	0	2	0	0	1	3	0	0	0	0	0	1	0	0	13	0	0	0	0	0	1	0	0	0	0	0	0	0	0	0	0	1
Cells	2024-01-01	10572532	135853	11741	0	4	0	0	0	1	2	4	0	2	1	2	0	1	0	0	38	0	1	3	0	0	0	0	1	0	0	0	0	0	0	0	0	0
Cells	2024-01-01	10572613	499352	37657	0	3	0	5	0	0	4	2	0	0	2	3	0	0	0	0	98	0	0	1	0	0	1	0	0	0	0	0	0	0	0	0	0	0
Cells	2024-01-01	10572411	237387	18769	0	1	0	1	0	0	4	0	0	0	0	1	0	0	0	0	35	0	0	2	0	0	0	0	1	0	0	0	0	0	0	0	36	0
Cells	2024-01-01	10572422	178961	15806	0	12	0	1	0	9	1	7	0	0	0	0	0	0	0	0	15	0	1	0	0	0	0	0	0	0	0	0	0	1	0	0	0	0
Cells	2024-01-01	10571911	189419	14093	0	0	0	0	0	0	2	0	0	0	0	4	0	0	0	0	16	0	0	3	0	0	0	0	0	0	0	0	0	0	0	0	0	0
Cells	2024-01-01	10571982	125791	12234	0	11	0	9	0	0	0	0	0	0	0	0	0	0	0	0	19	0	0	0	0	0	0	1	0	0	0	0	0	0	0	0	0	0
Cells	2024-01-01	10571973	339183	26211	0	3	1	0	0	0	2	1	0	1	1	4	0	0	0	0	76	0	0	7	0	0	0	0	0	0	0	0	0	0	0	0	0	0
Cells	2024-01-01	10572187	87937	7470	0	0	0	3	0	0	1	1	0	0	0	3	0	0	0	0	8	0	0	0	0	0	0	0	0	0	0	0	0	0	0	0	0	0
Cells	2024-01-01	10572188	119343	10754	0	9	0	1	0	0	0	0	0	6	1	2	0	0	0	0	7	0	0	1	0	0	0	0	0	0	0	0	0	0	0	0	0	0
Cells	2024-01-01	10571876	104595	9667	0	3	0	1	0	0	3	3	0	0	1	9	0	0	0	0	27	0	0	2	0	0	0	0	0	0	0	0	0	0	4	0	0	0
Cells	2024-01-01	10605401	131675	11625	0	6	0	1	0	1	2	1	0	2	3	2	0	0	0	0	7	0	0	1	0	0	0	0	0	0	0	0	0	0	0	0	3	0
Cells	2024-01-01	10605726	243879	21403	0	9	0	2	0	0	1	0	0	0	0	1	0	0	0	0	61	0	1	3	0	0	0	0	1	0	0	0	0	0	0	0	0	0
Cells	2024-01-01	10605428	293931	25450	0	15	0	6	0	0	0	10	0	1	3	0	0	0	1	1	28	0	0	3	0	0	1	0	1	0	0	0	0	0	0	0	0	0
Cells	2024-01-01	10605409	82804	7226	0	3	0	1	0	0	2	4	0	5	0	0	0	0	0	0	44	0	1	1	0	0	0	0	0	0	0	0	0	0	0	0	0	0
Cells	2024-01-01	10604991	56656	4890	0	0	2	0	0	0	0	0	0	0	6	2	0	0	0	0	7	0	0	1	0	0	0	0	0	0	0	0	0	0	0	0	0	0
Cells	2024-01-01	10605585	95434	8179	0	4	0	1	0	0	8	2	0	2	2	2	0	0	0	0	16	0	0	0	0	0	0	0	0	0	0	0	0	0	0	0	0	0
Cells	2024-01-01	10605079	126113	10776	0	4	0	2	0	0	6	7	0	3	0	1	0	0	0	0	16	0	0	0	0	0	0	0	0	0	0	0	0	0	0	0	0	0
Cells	2024-01-01	10605471	90778	8504	0	9	0	7	0	0	2	1	0	5	0	1	0	0	0	0	16	0	1	0	0	0	1	0	0	0	0	0	0	0	0	0	0	0
Cells	2024-01-01	10604997	124803	10603	0	0	0	2	0	0	4	3	0	2	0	7	0	0	0	0	32	0	0	1	0	0	0	0	0	0	0	0	0	0	0	0	0	0
Cells	2024-01-01	10605600	97266	8914	0	10	2	0	0	0	0	0	0	6	5	5	0	0	0	0	18	0	0	1	0	0	0	0	0	0	0	0	0	0	0	0	0	0
Cells	2024-01-01	10605704	99358	8651	0	1	0	2	0	0	4	0	0	1	2	1	0	0	0	0	22	0	0	2	0	0	0	0	0	0	0	0	0	0	0	0	0	2
Cells	2024-01-01	10605292	542525	40099	0	1	0	6	0	0	8	2	0	2	0	6	0	0	0	0	56	0	0	5	0	0	0	0	1	0	0	0	0	0	0	0	0	0
Cells	2024-01-01	10605148	318861	27754	1	5	1	0	0	0	2	4	0	1	1	4	0	0	0	0	35	0	0	20	0	0	1	0	2	0	0	0	0	0	0	0	0	0
Cells	2024-01-01	10605158	178627	14777	0	0	0	0	0	0	1	1	0	0	1	0	0	0	0	0	21	0	0	1	0	0	0	0	0	0	0	0	0	0	0	0	0	0
Cells	2024-01-01	10605022	376985	26437	0	5	1	1	0	0	5	1	0	1	2	3	0	0	0	0	36	0	0	8	0	0	1	0	0	0	0	0	0	0	0	0	0	0
Cells	2024-01-01	10605235	68052	6959	0	10	0	0	0	0	0	2	0	1	1	4	0	0	0	0	14	0	0	1	0	0	0	0	0	0	0	0	0	0	0	0	0	0
Cells	2024-01-01	10605631	97664	9293	0	16	0	20	0	0	0	4	0	0	0	0	0	0	0	0	7	0	0	1	0	0	0	0	0	0	0	0	0	0	0	0	0	0
Cells	2024-01-01	10605172	119075	9839	0	8	0	2	0	0	0	0	0	2	0	4	0	0	0	0	16	0	0	0	0	0	0	0	0	0	0	0	0	0	0	0	0	0
Cells	2024-01-01	10605070	124803	11285	0	8	0	0	0	1	0	1	0	1	0	4	0	0	0	0	15	0	0	0	0	0	0	1	0	0	0	0	0	0	0	0	0	0
Cells	2024-01-01	10604940	154934	11933	0	1	0	0	0	0	1	1	0	0	0	8	0	0	0	0	21	0	0	1	0	0	0	0	0	0	0	1	0	0	0	0	0	0
Cells	2024-01-01	10605845	195860	18911	0	11	2	5	0	2	5	11	0	8	1	7	0	0	0	0	37	0	1	1	0	0	0	0	0	0	0	0	0	1	0	0	0	0
Cells	2024-01-01	10605893	142387	11798	0	1	1	1	0	0	0	1	0	0	3	0	0	0	0	0	17	0	0	0	0	0	1	0	2	0	0	0	0	0	0	0	0	0
Cells	2024-01-01	10605346	107475	9113	0	13	0	0	0	0	0	0	0	0	0	6	0	0	0	0	22	0	0	1	0	0	0	0	0	0	0	0	0	0	0	0	0	0
Cells	2024-01-01	10572610	187632	15269	0	1	0	0	0	0	0	6	0	0	1	2	0	0	1	0	51	0	0	1	0	0	0	0	0	0	0	0	0	0	0	0	0	0
Cells	2024-01-01	10605378	76551	6605	0	11	0	0	0	0	0	11	0	0	0	0	0	0	0	0	15	0	2	0	0	0	0	0	0	0	0	0	0	0	0	0	0	0
Cells	2024-01-01	10605904	183062	15845	0	2	0	0	0	0	1	2	0	3	0	1	0	0	0	0	25	0	0	1	0	0	0	0	0	0	0	0	0	0	0	0	0	0
Cells	2024-01-01	10605509	114734	8587	0	3	0	0	0	0	0	1	0	0	0	0	0	0	0	0	19	0	0	7	0	0	0	0	0	0	0	0	0	0	0	0	0	0
Cells	2024-01-01	10605176	226936	18432	0	1	1	1	0	0	0	2	0	0	0	10	0	0	0	0	32	0	0	0	0	0	2	0	3	0	0	0	0	0	0	0	0	0
Cells	2024-01-01	10605205	125129	11933	1	10	1	0	0	1	2	4	0	0	0	1	0	0	0	0	35	0	0	2	0	0	0	0	0	0	0	0	0	0	0	0	0	0
Cells	2024-01-01	10605243	97552	8811	0	26	0	1	0	0	0	0	0	0	0	9	0	0	0	0	11	0	0	1	0	0	0	0	0	0	0	0	0	0	0	0	0	0
Cells	2024-01-01	10604943	154329	13078	0	14	1	3	0	0	0	2	0	0	0	4	0	0	0	0	25	0	0	5	0	0	0	0	0	0	0	0	0	0	0	0	0	0
Cells	2024-01-01	10604908	149276	12505	0	9	1	0	0	0	2	1	0	0	0	9	0	0	2	0	36	0	0	12	0	0	0	0	0	0	0	0	0	0	0	0	0	0
Cells	2024-01-01	10605530	275482	20186	0	0	0	0	0	0	4	1	0	1	0	3	0	0	0	0	37	0	0	5	0	0	0	0	1	0	0	0	0	0	0	0	0	0
Cells	2024-01-01	10605719	273565	20043	0	0	0	0	0	2	0	0	0	0	0	0	0	0	0	0	7	0	0	1	0	0	0	0	0	0	0	0	0	0	0	0	0	0
Cells	2024-01-01	10605924	126120	11558	0	9	0	0	0	0	0	0	0	0	0	1	0	0	0	0	16	0	0	0	0	0	0	0	1	0	0	0	0	0	0	0	0	0
Cells	2024-01-01	10605308	95971	8811	0	15	0	0	0	0	0	1	0	0	0	0	0	0	0	0	18	0	0	2	0	0	0	2	0	0	0	0	0	0	0	0	0	0
Cells	2024-01-01	10605347	141108	10857	0	2	2	1	0	0	0	0	0	0	1	0	0	0	0	0	32	0	0	1	0	0	0	0	0	0	0	0	0	0	0	0	0	0
Cells	2024-01-01	10605494	97615	8820	0	8	0	1	0	0	1	0	0	0	0	6	0	0	0	0	18	0	0	0	0	0	1	0	0	0	0	0	0	0	0	0	0	0
Cells	2024-01-01	10605248	170653	15625	0	3	0	1	0	1	1	5	0	1	2	1	0	0	0	0	16	0	2	3	0	0	0	3	0	0	0	0	0	0	0	0	0	0
Cells	2024-01-01	10605902	214845	16225	0	2	0	0	0	0	0	0	0	1	0	2	0	0	0	0	16	0	0	7	0	0	0	0	0	0	0	0	0	0	0	0	0	0
Cells	2024-01-01	10605319	192163	15603	0	2	0	0	0	0	3	1	0	0	1	2	0	0	1	0	22	1	0	2	0	0	0	0	0	0	0	0	0	0	0	0	0	0
Cells	2024-01-01	10605903	266305	21373	0	4	0	1	0	0	1	0	0	0	0	3	0	0	0	0	36	0	0	4	0	3	0	0	0	0	0	0	0	0	0	0	0	0
Cells	2024-01-01	10605581	216861	16090	0	0	0	0	0	0	2	0	0	0	0	1	0	0	0	0	34	0	0	0	0	0	0	0	1	0	0	0	0	0	0	0	0	0
Cells	2024-01-01	10605821	72538	7260	0	1	0	0	0	0	2	2	0	0	0	5	0	0	0	0	20	0	0	0	0	0	0	0	0	0	0	0	0	0	0	0	0	0
Cells	2024-01-01	10605794	303108	23758	0	2	1	3	0	0	0	1	0	0	3	1	0	0	0	0	42	0	0	3	0	0	1	0	0	1	0	1	1	0	0	0	0	0
Cells	2024-01-01	10605240	152090	12064	1	0	0	4	0	0	5	0	0	0	0	2	0	0	1	0	19	0	0	3	0	0	0	0	0	0	0	0	0	1	0	0	0	0
Cells	2024-01-01	10605326	127226	9963	0	0	0	0	0	0	2	0	0	3	0	2	0	0	0	0	13	0	0	2	0	0	0	0	0	0	0	0	0	0	0	0	0	0
Cells	2024-01-01	10605748	142020	12091	0	3	0	31	0	3	1	1	0	4	0	1	0	0	0	1	22	0	0	0	0	0	0	0	0	0	0	0	0	0	0	0	0	0
Cells	2024-01-01	10605021	129594	11398	0	10	0	0	0	0	1	1	0	0	1	1	0	0	0	0	37	0	0	3	0	0	0	0	0	0	0	0	0	0	0	0	0	0
Cells	2024-01-01	10605753	219346	16667	0	7	1	3	0	0	1	1	0	0	3	1	0	1	1	0	14	0	0	9	0	0	1	0	0	0	0	0	1	0	0	0	0	0
Cells	2024-01-01	10648717	182810	15594	0	7	0	1	0	1	2	8	0	6	2	7	0	0	0	0	28	0	0	1	0	0	0	0	0	0	0	0	0	0	0	0	0	0
Cells	2024-01-01	10648844	73680	7095	0	5	0	2	0	0	1	1	0	0	2	1	0	0	0	0	18	0	0	0	0	0	0	0	0	0	0	0	0	0	0	0	0	0
Cells	2024-01-01	10648996	107419	8682	0	2	0	1	0	0	1	5	0	0	0	2	0	0	0	0	20	0	0	1	0	0	0	0	0	0	0	0	0	0	0	0	0	0
Cells	2024-01-01	10650911	413937	30731	2	0	0	0	0	0	6	1	0	0	0	1	0	0	0	0	42	0	0	16	0	0	0	0	0	0	0	0	0	0	0	0	0	0
Cells	2024-01-01	10649134	69164	6458	0	13	1	0	0	1	2	2	0	0	0	3	0	0	0	0	8	0	0	1	0	0	1	0	0	0	0	0	0	0	0	0	0	0
Cells	2024-01-01	10648438	102602	8568	0	14	0	2	0	0	2	1	0	0	1	2	0	0	0	0	7	0	2	0	0	0	0	0	0	0	0	0	0	0	0	0	0	0
Cells	2024-01-01	10648033	108071	10018	0	11	0	1	0	0	3	3	0	0	0	2	0	0	0	0	8	0	0	0	0	0	0	0	0	0	0	0	0	0	0	0	0	0
Cells	2024-01-01	10649384	435468	29783	0	18	0	1	0	2	2	2	0	0	4	3	0	0	0	0	40	0	1	10	0	0	0	1	0	0	0	0	0	0	0	0	0	0
Cells	2024-01-01	10649679	201461	19148	0	9	1	1	0	0	0	0	0	0	5	5	0	0	0	0	6	0	0	2	0	0	0	0	0	0	0	0	0	0	0	0	0	0
Cells	2024-01-01	10648926	118201	10224	0	11	0	5	0	0	0	0	0	0	0	3	0	0	0	0	14	0	0	1	0	0	1	0	0	0	0	0	0	0	0	0	0	0
Cells	2024-01-01	10647618	176934	15024	0	0	0	5	0	0	0	0	0	0	3	5	0	0	0	0	27	0	0	0	0	1	1	0	0	0	0	0	0	0	0	0	0	0
Cells	2024-01-01	10647603	93382	8802	0	11	0	1	0	0	0	0	0	1	0	3	0	0	0	0	10	0	0	0	0	0	0	0	0	0	0	0	0	0	0	0	0	0
Cells	2024-01-01	10605791	128837	11640	0	21	0	0	0	0	4	1	0	1	1	8	0	0	1	0	42	0	0	2	0	0	0	0	0	0	0	0	0	0	0	0	0	0
Cells	2024-01-01	10650578	128358	11603	0	19	1	1	0	0	0	4	0	1	0	0	0	0	0	0	9	0	1	0	0	0	0	0	1	0	0	0	0	0	0	0	0	0
Cells	2024-01-01	10650167	110529	9749	0	2	0	0	0	0	2	0	0	0	0	5	0	0	0	0	36	0	0	0	0	0	0	0	0	0	0	0	0	0	0	0	0	0
Cells	2024-01-01	10649349	84999	8874	0	9	0	3	0	0	3	0	0	0	5	3	0	0	0	0	7	0	0	1	0	0	0	0	0	0	0	0	0	0	0	0	0	0
Cells	2024-01-01	10605582	146480	13165	0	9	0	1	0	0	2	0	0	0	0	1	0	0	0	0	20	0	0	1	0	0	0	0	0	0	0	0	0	0	0	0	0	0
Cells	2024-01-01	10649630	214638	16747	0	1	0	3	0	0	3	0	0	1	0	1	0	0	1	0	32	0	0	1	0	0	1	0	1	0	0	0	0	0	0	0	0	0
Cells	2024-01-01	10648221	171128	16801	0	45	0	1	0	0	3	0	0	0	1	7	0	1	0	0	21	0	0	3	0	0	0	0	0	0	0	0	0	0	0	0	0	0
Cells	2024-01-01	10647834	135706	12253	0	26	0	6	0	0	1	0	0	0	2	22	0	0	0	1	82	0	0	1	0	0	1	0	0	0	0	0	0	0	0	1	0	0
Cells	2024-01-01	10647682	171882	12906	0	1	0	0	0	0	0	0	0	0	0	0	0	0	0	0	4	0	0	3	0	0	0	0	0	0	0	0	0	0	0	0	0	0
Cells	2024-01-01	10650279	186251	14725	0	0	0	2	0	0	1	0	0	3	0	0	0	0	0	0	31	0	0	0	0	0	0	0	0	0	0	0	0	0	0	0	0	0
Cells	2024-01-01	10648299	223143	18348	0	3	0	0	0	0	2	0	0	5	0	0	0	0	0	0	21	0	1	4	0	1	0	0	0	0	0	0	0	0	0	0	0	0
Cells	2024-01-01	10605017	143031	11265	0	1	0	0	0	0	0	0	0	0	0	2	0	0	0	0	28	0	3	6	0	0	0	0	0	0	0	0	0	0	0	0	0	0
Cells	2024-01-01	10648764	108951	10221	0	1	0	0	0	0	4	1	0	2	0	0	0	0	0	0	14	0	0	0	0	0	0	0	0	0	0	0	0	0	0	0	0	0
Cells	2024-01-01	10648897	175772	15234	0	5	0	9	0	0	0	3	0	2	0	1	0	0	0	0	35	0	0	1	0	0	0	0	0	0	0	0	0	0	0	0	0	0
Cells	2024-01-01	10650507	168750	14705	0	7	0	1	0	0	0	1	0	11	0	2	0	0	0	0	30	0	0	0	0	0	3	1	0	0	0	0	0	0	0	0	0	0
Cells	2024-01-01	10648520	187360	18258	0	0	2	0	0	0	1	1	0	1	0	0	0	0	0	0	10	0	0	2	0	0	0	0	0	0	0	0	0	0	0	0	0	0
Cells	2024-01-01	10650732	170684	15038	0	3	0	2	0	0	1	0	0	4	0	1	0	0	0	0	20	0	0	1	0	0	0	0	0	0	0	0	0	0	0	0	0	0
Cells	2024-01-01	10670127	141937	11349	0	6	1	0	0	0	0	1	0	1	1	0	0	0	0	0	16	0	0	0	0	0	0	0	2	0	0	0	0	0	0	0	0	0
Cells	2024-01-01	10650433	157512	13961	0	7	1	6	0	0	1	1	0	3	0	3	0	0	0	0	37	0	1	0	0	0	0	0	0	0	0	0	0	0	0	0	0	0
Cells	2024-01-01	10649364	140125	13022	0	20	5	0	0	1	0	3	0	0	0	3	0	4	1	0	17	0	0	3	0	0	0	0	0	0	0	0	0	1	0	0	0	0
Cells	2024-01-01	10670326	122020	12531	0	7	0	0	0	0	0	3	0	0	1	1	0	0	0	0	13	0	0	3	0	0	0	0	0	0	0	0	0	0	0	0	0	0
Cells	2024-01-01	10647680	137270	12093	0	8	0	1	0	1	0	3	0	0	0	8	0	0	1	0	16	0	0	3	0	0	1	0	0	0	0	0	0	0	0	0	0	0
Cells	2024-01-01	10649200	166561	13507	0	9	2	4	0	0	0	10	0	1	0	1	0	0	0	0	27	0	0	0	0	0	2	0	0	0	0	0	0	0	0	1	0	0
Cells	2024-01-01	10649044	142174	11313	0	7	0	0	0	0	0	0	0	0	0	4	0	0	0	0	6	0	0	0	0	0	0	0	0	0	0	0	0	0	0	0	0	0
Cells	2024-01-01	10647868	125606	9928	0	12	0	0	0	2	2	0	0	0	0	4	1	0	0	0	14	0	0	0	0	0	0	0	0	0	1	0	0	0	0	0	0	0
Cells	2024-01-01	10647367	144743	12649	0	0	0	0	0	0	8	0	0	0	0	1	0	0	0	0	21	0	2	1	0	0	0	0	0	0	0	0	0	0	0	0	0	0
Cells	2024-01-01	10650203	138987	12774	0	22	0	0	0	0	0	0	0	0	0	2	0	0	0	0	18	0	3	1	0	0	0	0	0	0	0	0	0	0	0	0	0	0
Cells	2024-01-01	10649097	162036	12177	0	1	0	0	0	0	0	1	0	0	0	1	0	0	0	0	10	0	0	4	0	0	0	0	0	0	0	0	0	0	0	0	0	0
Cells	2024-01-01	10650825	294870	25380	1	4	0	1	0	0	2	0	0	20	1	0	0	0	0	0	36	0	0	7	0	0	0	0	0	0	0	0	0	0	0	0	0	0
Cells	2024-01-01	10670390	323488	23797	0	4	1	1	0	0	2	0	0	0	2	3	0	0	0	0	30	0	0	5	0	0	0	0	0	0	0	0	0	0	0	0	0	0
Cells	2024-01-01	10648415	181980	14674	0	12	0	2	0	0	3	0	0	3	0	1	0	0	0	0	21	0	0	1	0	0	1	0	0	0	0	0	0	0	0	0	0	0
Cells	2024-01-01	10648545	152827	13359	0	6	0	4	0	0	4	2	0	1	2	5	0	0	0	0	54	0	0	3	0	0	0	0	0	0	0	0	0	0	0	0	0	0
Cells	2024-01-01	10670844	172898	13999	0	3	0	0	0	0	0	0	0	1	1	2	0	0	0	0	20	0	0	2	0	0	0	0	0	0	0	0	0	0	0	0	0	0
Cells	2024-01-01	10670462	89264	7809	0	7	0	7	0	0	0	2	0	0	0	2	0	0	0	0	25	0	0	1	0	0	0	0	0	0	0	0	0	0	0	0	0	0
Cells	2024-01-01	10650109	163956	15473	0	14	0	0	0	0	0	1	0	0	0	1	0	0	0	0	9	0	1	1	0	0	1	0	0	0	0	0	0	0	0	0	0	0
Cells	2024-01-01	10670029	113928	10064	0	8	0	0	0	0	0	4	0	0	0	1	0	0	0	0	33	0	0	0	0	0	0	0	2	0	0	0	0	0	0	0	0	0
Cells	2024-01-01	10670273	204070	15968	0	3	0	3	0	0	1	1	0	1	3	10	0	0	0	0	37	0	1	1	0	0	1	0	2	0	0	0	0	0	0	0	0	0
Cells	2024-01-01	10648375	172160	14667	0	4	0	1	0	0	0	4	0	0	1	3	0	0	0	0	20	0	0	0	0	0	0	0	0	0	0	0	0	0	0	0	0	0
Cells	2024-01-01	10670449	109237	8861	0	7	0	1	0	0	0	0	0	9	0	6	0	0	0	0	9	0	0	0	0	0	0	0	0	0	0	0	0	0	0	0	0	0
Cells	2024-01-01	10670315	168043	13756	0	4	0	1	0	0	6	3	0	0	0	4	0	0	0	0	21	0	0	0	0	0	0	0	0	0	0	0	0	0	0	0	0	0
Cells	2024-01-01	10670684	109045	9570	0	3	0	3	0	0	0	1	0	15	1	3	0	0	0	0	32	0	0	3	0	0	1	0	0	0	0	0	0	0	0	0	0	0
Cells	2024-01-01	10670385	121819	11344	0	2	0	0	0	0	0	3	0	1	0	7	0	0	0	0	21	0	0	3	0	1	1	0	0	0	0	0	0	0	0	0	0	0
Cells	2024-01-01	10670000	207401	16934	0	9	1	3	0	2	0	0	0	4	0	4	0	0	0	0	12	0	0	1	0	0	0	0	0	0	0	0	0	0	0	1	0	0
Cells	2024-01-01	10670414	105953	9581	0	12	0	0	0	0	0	0	0	0	0	12	0	0	0	0	16	0	0	1	0	1	1	0	0	0	0	0	0	0	0	0	0	0
Cells	2024-01-01	10670612	129113	10430	0	15	0	1	0	0	1	4	0	0	0	2	0	0	0	0	25	0	1	0	0	0	0	0	0	0	0	0	0	0	0	0	0	0
Cells	2024-01-01	10670284	109319	9067	0	17	0	0	0	0	0	0	0	0	0	4	0	0	0	0	5	0	0	0	0	0	0	0	0	0	0	0	0	0	0	0	0	0
Cells	2024-01-01	10670126	194340	15535	0	2	0	1	0	0	3	0	0	6	1	3	0	0	0	0	40	0	0	4	0	0	0	0	0	0	0	0	0	0	0	0	0	0
Cells	2024-01-01	10670193	120003	10159	0	2	1	0	0	5	4	2	0	0	0	1	0	0	0	0	20	0	1	4	0	0	0	1	0	0	0	0	0	0	0	0	0	0
Cells	2024-01-01	10670590	89786	7727	0	4	0	0	0	0	0	2	0	1	0	0	0	0	0	0	15	0	0	1	0	0	0	0	2	0	0	0	0	0	0	0	0	0
Cells	2024-01-01	10670059	177019	13963	0	1	0	0	0	0	0	3	0	3	0	0	0	0	1	0	7	0	1	2	0	0	0	0	0	0	0	0	0	0	0	0	5	0
Cells	2024-01-01	10670333	202915	18244	0	21	0	3	0	0	2	0	0	0	0	0	0	0	0	0	16	0	0	0	0	0	0	0	0	0	0	0	0	0	0	0	0	0
Cells	2024-01-01	10670572	474932	33920	0	0	0	0	0	0	1	0	0	1	0	0	0	0	0	0	20	0	0	3	0	0	0	0	0	0	0	0	0	0	3	0	0	0
Cells	2024-01-01	10670530	179762	14393	0	4	0	4	0	0	0	8	0	1	0	1	0	0	0	0	32	0	0	4	0	0	0	0	0	0	0	0	0	0	0	0	0	0
Cells	2024-01-01	10670858	177396	13029	0	0	0	1	0	0	1	8	0	0	0	1	0	0	2	0	20	0	0	1	0	0	0	0	0	0	0	0	0	0	0	0	0	0
Cells	2024-01-01	10670560	154930	12945	0	1	0	0	0	1	0	1	0	2	0	2	0	0	0	0	19	0	2	4	0	0	1	0	0	0	0	0	0	0	0	0	0	0
Cells	2024-01-01	10670708	95426	8324	0	3	1	2	0	0	0	0	0	0	0	1	0	0	1	0	10	0	0	0	0	0	0	0	1	0	0	0	0	0	0	0	0	0
Cells	2024-01-01	10670248	158365	13983	0	12	1	1	0	1	0	2	0	1	0	4	0	0	0	0	10	0	0	3	0	0	0	0	0	0	0	0	0	0	0	0	0	0
Cells	2024-01-01	10670008	441230	31822	0	2	0	0	0	0	2	2	0	0	1	2	0	0	0	0	27	0	0	4	0	0	0	0	0	0	0	0	0	0	0	0	0	0
Cells	2024-01-01	10670722	91805	8094	0	4	0	1	0	1	0	1	0	0	0	1	0	0	0	0	12	0	1	0	0	0	0	0	1	0	0	0	0	0	0	0	0	0
Cells	2024-01-01	10670373	184561	14668	0	6	0	3	0	0	1	0	0	0	1	2	0	0	0	0	61	0	0	2	0	0	1	1	0	0	0	0	0	0	0	0	0	0
Cells	2024-01-01	10670325	340112	27430	0	3	0	0	0	0	0	0	0	3	2	2	0	0	0	0	21	0	0	0	0	0	0	0	0	0	0	0	0	0	0	0	0	0
Cells	2024-01-01	10670749	346917	23982	0	4	1	0	0	0	1	0	0	1	0	0	0	0	0	0	28	0	0	3	0	0	0	0	0	0	0	0	0	0	0	0	0	0
Cells	2024-01-01	10670764	151601	14559	0	5	1	3	0	2	3	4	0	1	0	15	0	0	0	0	12	0	2	2	0	0	1	0	0	0	0	0	0	0	0	0	0	0
Cells	2024-01-01	10705731	135387	11313	0	4	0	4	0	0	7	2	0	0	0	0	0	0	0	0	33	0	0	1	0	0	1	0	0	0	0	0	0	0	0	0	0	0
Cells	2024-01-01	10705683	178408	11191	0	2	0	0	0	1	0	1	0	0	0	3	0	0	0	0	10	0	0	0	0	0	0	0	0	0	0	0	1	1	0	0	0	0
Cells	2024-01-01	10670585	190774	15756	0	5	1	1	0	0	1	6	0	7	0	8	0	0	0	0	17	0	0	1	0	0	0	0	0	0	0	0	0	0	0	0	0	0
Cells	2024-01-01	10705143	127688	10335	0	6	0	1	0	0	2	3	0	1	1	1	0	0	0	0	19	0	0	3	0	0	0	0	0	0	0	0	0	1	2	0	6	0
Cells	2024-01-01	10670787	14782	1290	0	1	0	1	0	0	2	0	0	0	0	0	0	0	0	0	0	0	0	1	0	0	0	0	0	0	0	0	0	0	0	0	0	0
Cells	2024-01-01	10670148	112385	9644	0	23	1	3	0	0	0	7	0	1	1	7	0	0	0	0	10	0	0	0	0	0	0	1	0	0	0	0	0	0	0	0	0	0
Cells	2024-01-01	10670698	291029	20338	0	3	0	1	0	0	8	0	0	0	0	5	0	0	1	0	63	0	0	11	0	0	0	0	0	0	0	0	0	0	0	0	0	0
Cells	2024-01-01	10669933	223107	17176	0	0	0	0	0	0	3	0	0	1	0	3	0	0	0	0	48	0	0	5	0	0	0	0	0	0	0	0	0	0	0	0	0	0
Cells	2024-01-01	10669988	113926	10469	0	5	2	1	0	0	0	1	0	0	0	2	0	0	0	0	17	0	0	1	0	0	0	0	0	0	0	0	0	0	0	1	0	0
Cells	2024-01-01	10670380	434903	30667	0	4	0	2	0	0	1	1	0	0	0	6	0	0	0	0	40	0	2	5	0	0	1	0	0	0	0	0	0	0	0	0	1	0
Cells	2024-01-01	10670892	289025	21702	0	1	0	0	0	0	5	3	0	2	0	0	0	0	0	0	11	0	0	1	0	0	1	0	0	0	0	0	0	0	1	0	0	0
Cells	2024-01-01	10670814	125156	11841	0	16	0	1	0	1	0	1	0	1	1	5	0	0	0	0	23	0	0	0	0	0	0	0	0	0	0	0	0	0	0	0	0	0
Cells	2024-01-01	10705359	153609	13541	0	21	0	1	0	0	1	6	0	0	0	10	0	0	1	0	29	0	0	1	0	0	2	0	0	0	0	0	0	0	0	0	0	0
Cells	2024-01-01	10705680	186264	16007	0	3	2	5	0	0	2	2	0	2	1	2	0	0	0	0	74	0	0	1	0	0	0	0	0	0	0	0	0	0	0	0	0	0
Cells	2024-01-01	10670291	210762	18196	0	9	0	4	0	3	2	0	0	0	1	3	0	0	0	0	11	0	0	1	0	0	0	0	0	0	0	0	0	0	0	0	0	0
Cells	2024-01-01	10670733	133476	11785	0	18	0	0	0	0	0	6	0	1	1	6	0	0	0	0	8	0	0	0	0	0	0	0	1	0	0	0	0	0	0	0	0	0
Cells	2024-01-01	10670226	130938	13786	0	7	0	6	0	0	0	1	0	1	1	1	0	0	1	0	7	0	0	0	0	0	2	0	0	0	0	0	0	0	0	0	0	0
Cells	2024-01-01	10670301	128477	12749	0	38	1	2	0	0	5	2	0	1	1	19	0	0	0	0	22	0	0	1	0	0	0	0	0	0	0	0	0	0	0	0	0	0
Cells	2024-01-01	10670726	273342	20769	0	3	0	0	0	0	11	0	0	0	2	3	0	0	0	1	127	0	0	1	0	2	0	0	0	0	0	0	0	0	0	0	0	0
Cells	2024-01-01	10705320	128141	12690	0	9	0	5	0	1	0	1	0	0	0	11	0	0	0	0	9	0	0	0	0	0	0	0	0	0	0	0	0	0	0	0	0	0
Cells	2024-01-01	10705187	14308	1218	0	0	0	1	0	0	0	0	0	0	0	0	0	0	0	0	0	0	0	0	0	0	0	0	0	0	0	0	0	0	0	0	0	0
Cells	2024-01-01	10705764	126333	11082	0	6	0	8	0	1	3	4	0	0	1	1	0	0	0	0	31	0	0	3	0	0	0	0	0	0	0	0	0	0	0	1	0	0
Cells	2024-01-01	10670569	142013	11299	0	4	0	0	0	1	0	1	0	5	0	1	0	0	0	0	8	0	0	1	0	0	0	0	0	0	0	0	0	0	0	0	0	0
Cells	2024-01-01	10670212	96089	8289	0	6	0	3	0	0	0	0	0	1	0	0	0	0	0	0	19	0	0	1	0	0	0	0	0	0	0	0	0	0	0	0	0	0
Cells	2024-01-01	10670205	105059	10378	0	7	0	0	0	0	1	2	0	0	0	3	0	0	0	0	13	0	0	0	0	0	0	0	0	0	0	0	0	0	0	0	0	0
Cells	2024-01-01	10706245	135215	12454	0	7	0	10	0	0	4	3	0	3	0	7	0	0	0	0	12	0	0	0	0	0	0	0	0	0	0	0	0	0	0	0	0	0
Cells	2024-01-01	10706842	117569	10472	0	7	0	0	0	0	1	0	0	0	1	2	0	0	0	0	12	0	0	4	0	0	0	0	0	0	0	0	0	0	0	0	0	0
Cells	2024-01-01	10705847	110855	10295	0	7	0	4	0	0	2	3	0	24	0	3	0	0	0	0	27	0	0	1	0	0	0	0	0	0	0	0	0	0	0	0	0	0
Cells	2024-01-01	10705960	118076	11267	0	10	0	1	0	0	3	1	0	1	0	2	0	0	0	0	28	0	1	7	0	0	0	0	0	0	0	0	0	0	0	0	0	0
Cells	2024-01-01	10705969	195183	15639	0	1	1	0	0	0	0	0	0	5	0	1	0	0	0	0	36	0	0	4	0	0	1	0	0	0	0	0	0	0	0	0	0	0
Cells	2024-01-01	10705959	135091	12759	0	7	1	1	0	0	0	1	0	2	0	11	0	0	0	0	19	0	0	0	0	0	0	0	1	0	0	0	0	0	0	0	0	0
Cells	2024-01-01	10706127	188679	14662	2	1	2	3	0	0	3	10	0	4	0	1	0	0	0	0	31	0	1	10	0	0	0	0	0	0	0	0	0	0	0	0	0	0
Cells	2024-01-01	10706290	162359	13248	0	3	0	4	0	0	7	1	0	0	0	1	0	0	0	0	19	0	0	2	0	0	0	0	0	0	0	0	0	0	0	0	0	0
Cells	2024-01-01	10705880	147509	11594	0	0	2	0	0	0	2	0	0	1	1	1	0	0	0	0	27	0	1	2	0	0	0	0	0	0	0	0	0	0	0	0	0	0
Cells	2024-01-01	10706172	424360	30496	0	0	0	0	0	0	1	0	0	0	0	1	0	0	0	0	49	0	0	1	0	0	0	0	1	0	0	0	0	0	0	0	0	0
Cells	2024-01-01	10706369	97637	8220	0	1	0	1	0	0	0	0	0	0	0	2	0	0	0	0	16	0	0	0	0	0	0	0	0	0	0	0	0	0	0	0	0	0
Cells	2024-01-01	10706228	98621	9390	0	8	0	0	0	0	6	1	0	0	2	4	0	0	0	0	27	0	0	0	0	0	0	0	0	0	0	0	1	0	0	0	0	0
Cells	2024-01-01	10706822	116038	10526	0	14	3	0	0	0	1	0	0	1	0	5	0	0	0	0	22	0	0	0	0	0	0	0	0	0	0	0	0	0	0	0	0	0
Cells	2024-01-01	10705360	183007	15788	0	11	1	1	0	1	0	4	0	1	1	2	0	0	0	0	16	0	1	1	0	0	1	0	0	0	0	0	0	0	1	0	0	0
Cells	2024-01-01	10706574	129965	11704	0	10	0	0	0	2	1	0	0	0	0	0	0	0	0	0	31	0	0	1	0	0	0	0	0	0	0	0	0	0	0	0	0	0
Cells	2024-01-01	10705748	142440	13051	0	43	1	11	0	1	0	5	0	1	0	0	0	0	0	0	6	0	0	0	0	0	0	0	0	0	0	0	0	0	0	0	0	0
Cells	2024-01-01	10706487	284722	21829	0	0	0	0	0	0	2	3	0	0	0	11	0	0	0	0	51	0	1	0	0	0	0	0	0	0	0	0	0	0	0	0	0	0
Cells	2024-01-01	10705958	93031	8460	0	11	0	0	0	0	0	1	0	0	0	6	0	0	0	0	2	0	0	0	0	0	0	0	0	0	0	0	0	0	0	0	0	0
Cells	2024-01-01	10706148	217850	17462	0	2	0	0	0	0	0	1	0	3	0	2	0	0	0	0	24	0	1	1	0	0	0	0	0	0	0	0	0	0	0	0	0	0
Cells	2024-01-01	10706111	268400	20370	0	4	1	0	0	0	1	0	0	1	0	1	0	0	0	0	30	0	0	2	0	0	1	0	0	0	0	0	0	0	0	0	0	0
Cells	2024-01-01	10706378	111241	10649	0	10	1	18	0	0	4	0	0	0	0	9	0	0	1	0	21	0	0	9	0	0	0	0	0	0	0	0	0	0	0	0	0	0
Cells	2024-01-01	10706022	149901	11936	0	2	0	0	0	0	0	1	0	1	0	3	0	0	0	0	41	0	0	1	0	0	0	0	0	0	0	0	0	0	0	0	0	0
Cells	2024-01-01	10705942	115471	11309	0	1	0	1	0	0	0	0	0	0	0	0	0	0	0	0	2	0	0	1	0	0	0	0	0	0	0	0	0	0	0	0	0	0
Cells	2024-01-01	10706135	190546	13585	1	2	0	1	0	0	1	0	0	1	0	0	0	0	0	0	4	0	0	9	0	0	0	0	0	0	0	0	0	0	0	0	0	0
Cells	2024-01-01	10706302	188275	15856	0	13	0	2	0	0	0	2	0	0	0	0	0	0	0	0	10	0	0	2	0	0	0	0	1	0	0	0	0	0	0	0	0	0
Cells	2024-01-01	10742145	82915	7801	0	4	1	2	0	0	0	0	0	0	0	0	0	0	0	0	4	0	0	0	0	0	0	0	0	0	0	0	0	0	0	0	0	0
Cells	2024-01-01	10741541	123175	10594	0	4	0	0	0	0	0	1	0	1	2	7	0	0	1	0	25	0	0	0	0	0	0	0	0	0	0	0	0	0	0	0	0	0
Cells	2024-01-01	10742014	157223	12958	0	1	1	4	0	0	0	2	0	2	1	4	0	0	0	0	13	0	0	1	0	0	3	0	0	0	0	0	0	0	0	0	1	0
Cells	2024-01-01	10742242	208513	16755	0	10	1	5	0	0	3	1	0	0	0	2	0	0	0	0	27	0	0	1	0	0	0	0	0	0	0	0	0	0	0	0	0	0
Cells	2024-01-01	10741513	144102	13372	0	9	0	1	0	0	3	3	0	10	0	5	0	0	0	0	20	0	0	2	0	0	0	0	1	0	0	0	0	0	0	0	0	0
Cells	2024-01-01	10741634	180659	17425	0	18	0	1	0	0	1	0	0	0	1	1	0	0	3	0	18	0	0	0	0	0	0	1	0	0	0	0	0	0	0	0	0	0
Cells	2024-01-01	10706287	81108	7604	0	13	0	1	0	0	1	0	0	0	0	9	0	0	0	0	18	0	0	0	0	0	1	0	0	0	0	0	0	0	0	0	0	0
Cells	2024-01-01	10741825	89854	8461	0	4	0	0	0	0	1	4	0	1	0	4	0	0	0	0	23	0	0	0	0	0	0	0	0	0	0	0	0	0	0	0	0	0
Cells	2024-01-01	10742308	86851	7626	0	3	0	2	0	0	2	2	0	1	1	7	0	0	0	0	15	0	0	0	0	0	0	0	0	0	0	0	0	0	0	0	0	0
Cells	2024-01-01	10741531	135993	10304	0	0	0	1	0	0	0	0	0	1	1	0	0	0	0	0	16	0	0	3	0	0	1	0	0	0	0	0	0	0	0	0	0	0
Cells	2024-01-01	10741881	160111	12932	0	1	1	0	0	0	0	0	0	0	0	6	0	0	0	0	45	0	0	2	0	0	0	0	0	0	0	0	0	0	0	0	0	0
Cells	2024-01-01	10742114	158777	13089	0	0	0	1	0	0	0	0	0	0	0	4	0	0	0	0	9	0	1	6	0	0	0	0	0	0	0	0	0	0	0	0	0	0
Cells	2024-01-01	10741778	196186	14443	0	1	0	1	0	0	0	0	0	3	0	0	0	0	0	0	8	0	0	2	0	0	2	0	0	0	0	0	0	0	0	0	0	0
Cells	2024-01-01	10741393	77327	7614	0	6	0	0	0	0	1	0	0	0	0	0	0	0	0	0	13	0	0	1	0	0	0	0	0	0	0	0	0	0	0	0	0	0
Cells	2024-01-01	10741703	273197	20613	0	0	0	0	0	0	0	0	0	2	0	1	0	0	0	0	28	0	2	5	0	0	0	0	0	0	0	0	0	0	0	0	0	0
Cells	2024-01-01	10741398	172821	14856	0	5	0	3	0	0	3	0	0	0	0	1	0	0	0	0	50	0	0	1	0	0	0	0	0	0	0	0	0	0	0	0	0	0
Cells	2024-01-01	10705885	129439	11147	0	5	0	10	0	0	0	1	0	1	0	6	0	0	0	0	27	0	0	1	0	0	0	0	0	0	0	0	0	0	0	0	0	0
Cells	2024-01-01	10706863	163849	14246	0	17	0	0	0	2	1	1	0	0	0	5	0	1	0	0	10	0	0	3	0	0	1	0	0	0	0	1	0	0	0	0	0	0
Cells	2024-01-01	10706248	160273	12806	0	4	0	1	0	0	1	0	0	3	1	1	0	0	0	0	49	0	0	1	0	0	2	0	0	0	0	0	0	0	0	0	0	0
Cells	2024-01-01	10741475	217385	16945	0	3	1	1	0	0	1	0	0	0	1	5	0	0	0	0	40	0	0	0	0	0	0	0	0	0	0	0	0	0	0	0	0	0
Cells	2024-01-01	10742227	98187	9145	0	14	0	7	0	0	0	1	0	17	0	9	0	0	0	0	22	0	0	0	0	0	0	0	0	0	0	0	0	0	0	0	0	0
Cells	2024-01-01	10741759	103576	9686	0	9	2	0	0	0	1	5	0	0	0	4	0	0	0	0	13	0	0	0	0	0	1	0	0	0	0	0	0	0	0	0	0	0
Cells	2024-01-01	10706122	240407	19934	0	42	2	0	0	0	0	1	0	0	0	3	0	0	0	0	35	0	0	0	0	0	0	0	0	0	0	0	0	0	0	0	0	0
Cells	2024-01-01	10741684	231891	20952	0	6	0	2	0	6	4	7	0	3	1	8	0	0	0	0	21	0	0	1	0	0	2	0	0	0	0	0	0	0	0	0	0	0
Cells	2024-01-01	10742083	314650	25572	0	3	1	6	0	0	5	0	0	1	3	6	0	0	1	0	102	0	0	7	0	0	0	0	0	0	0	0	0	0	0	0	0	0
Cells	2024-01-01	10741644	240762	18063	0	18	0	0	0	0	1	0	0	0	3	0	0	0	0	0	11	0	0	0	0	0	1	0	0	0	0	0	0	0	0	0	0	0
Cells	2024-01-01	10741663	127118	11069	0	2	0	3	0	0	0	1	0	0	1	1	0	0	0	0	21	0	0	1	0	1	0	0	2	0	0	0	1	0	0	0	0	0
Cells	2024-01-01	10741536	161967	12923	0	8	0	0	0	0	0	0	0	0	0	0	0	0	0	0	8	0	0	2	0	0	0	0	0	0	0	0	0	0	0	0	0	0
Cells	2024-01-01	10742233	163918	13487	0	10	1	5	0	0	2	2	0	0	2	3	0	0	0	0	20	0	1	1	0	0	0	0	0	0	0	0	0	0	0	0	0	0
Cells	2024-01-01	10741390	114457	9801	0	7	0	0	0	0	1	2	0	1	0	0	0	0	0	0	17	0	0	0	0	0	0	0	0	0	0	0	0	0	0	0	0	0
Cells	2024-01-01	10741404	171145	14491	0	32	1	0	0	0	2	24	0	0	1	0	0	0	0	0	14	0	1	0	0	0	0	0	0	0	0	0	0	0	0	0	5	0
Cells	2024-01-01	10742089	181678	16307	0	23	0	7	0	0	3	2	0	0	4	5	0	0	0	0	34	0	0	4	0	0	2	0	0	0	0	0	0	0	0	0	2	0
Cells	2024-01-01	10741519	124636	11475	0	8	0	3	0	0	0	4	0	7	0	6	0	0	0	0	35	0	0	1	0	0	0	0	0	0	0	0	0	0	0	0	0	0
Cells	2024-01-01	10741722	391094	28682	0	2	0	3	0	0	10	1	0	0	0	10	0	0	0	0	56	0	0	5	0	0	0	0	0	0	0	0	0	0	0	1	1	0
Cells	2024-01-01	10742131	274126	21823	0	3	0	1	0	0	1	3	0	0	1	8	0	0	0	0	32	0	2	15	0	0	0	0	0	0	0	0	0	0	1	0	13	0
Cells	2024-01-01	10741838	96038	8007	0	2	0	1	0	0	0	1	0	0	1	0	0	0	0	0	20	0	0	0	0	0	0	0	0	0	0	0	0	0	0	0	0	0
Cells	2024-01-01	10741507	170475	14772	0	11	0	8	0	0	0	1	0	0	0	3	0	0	0	0	28	0	0	0	0	0	0	0	0	0	0	0	0	0	0	0	0	0
Cells	2024-01-01	10742130	244962	17523	0	2	0	1	0	0	7	4	0	0	0	3	0	0	0	0	63	0	0	4	0	0	0	0	0	0	0	0	0	0	0	0	0	0
Cells	2024-01-01	10742050	460206	36083	0	11	0	5	0	1	4	3	0	0	0	10	0	0	2	0	85	0	2	1	0	0	2	2	0	0	0	0	0	0	0	0	0	0
Cells	2024-01-01	10741884	26852	2288	0	0	0	0	0	0	0	0	0	0	0	0	0	0	0	0	2	0	0	2	0	0	0	0	0	0	0	0	0	0	0	0	0	0
Cells	2024-01-01	10741844	125019	11225	0	9	0	2	0	0	1	0	0	1	0	3	0	0	0	0	10	0	0	1	0	0	0	0	0	0	0	0	0	0	0	0	0	0
Cells	2024-01-01	10741898	153500	12922	0	11	0	7	0	0	1	0	0	0	0	6	0	0	0	0	36	0	0	0	0	0	0	0	0	0	0	0	0	0	0	0	0	0
Cells	2024-01-01	10742295	227832	15801	0	4	1	1	0	0	0	0	0	1	0	1	0	0	0	1	26	0	0	5	0	0	0	0	0	0	0	0	0	0	0	0	0	0
Cells	2024-01-01	10741905	151093	12732	0	3	0	2	0	1	0	0	0	0	0	9	0	0	0	0	5	0	0	5	0	0	0	2	0	0	0	0	0	0	0	0	0	0
Cells	2024-01-01	10742095	157034	13942	0	11	2	10	0	0	3	6	0	26	1	7	0	0	0	0	32	0	0	0	0	0	0	0	1	0	0	0	0	0	0	0	0	0
Cells	2024-01-01	10742005	233472	17885	0	0	0	0	0	0	0	0	0	2	0	1	0	0	0	0	27	0	0	0	0	0	0	0	0	0	0	0	0	0	0	0	0	0
Cells	2024-01-01	10741470	191546	14112	0	0	0	1	0	0	0	0	0	1	1	1	0	0	0	0	34	0	0	2	0	0	0	0	0	0	0	1	0	0	0	0	0	0
Cells	2024-01-01	10741559	108661	9801	0	0	0	0	0	0	0	0	0	0	2	0	0	0	1	0	15	0	0	1	0	0	0	0	0	0	0	0	0	0	0	0	0	0
Cells	2024-01-01	10742074	97143	9116	0	8	0	0	0	2	1	4	0	0	0	3	0	0	0	0	10	0	0	0	0	0	0	0	0	0	0	0	0	0	0	0	0	0
Cells	2024-01-01	10742260	156883	15557	0	18	0	7	0	0	0	5	0	0	0	4	0	0	3	0	57	0	0	0	0	0	0	0	0	0	0	0	0	0	0	0	0	0
Cells	2024-01-01	10778368	225862	19629	0	9	0	3	0	0	0	1	0	43	3	2	0	0	0	0	65	0	1	3	0	0	1	0	0	0	0	0	0	0	0	0	0	0
Cells	2024-01-01	10778287	158107	12374	0	6	0	0	0	1	0	1	0	0	0	7	0	0	1	0	46	0	0	4	0	0	0	0	0	0	0	0	0	0	0	0	0	0
Cells	2024-01-01	10777980	387642	28498	0	11	0	4	0	0	7	3	0	2	9	6	0	0	0	0	110	0	2	0	0	0	0	0	0	0	0	0	0	0	0	0	0	0
Cells	2024-01-01	10741865	289085	24061	0	2	0	3	1	0	1	5	0	0	3	5	0	0	0	0	104	0	0	4	0	0	1	0	1	0	0	0	0	0	0	0	0	0
Cells	2024-01-01	10778346	161124	15126	0	19	3	0	0	0	2	2	0	0	1	23	0	0	0	0	28	0	0	2	0	0	0	0	0	0	0	0	0	1	0	0	0	0
Cells	2024-01-01	10778189	102257	8557	0	3	0	0	0	4	0	4	0	1	0	1	0	0	0	0	15	0	1	0	0	0	0	0	0	0	0	0	0	0	0	0	0	0
Cells	2024-01-01	10778560	95617	8109	0	3	0	4	0	0	0	0	0	0	0	3	0	0	0	0	26	0	2	0	0	0	0	0	0	0	0	0	0	0	0	0	0	0
Cells	2024-01-01	10777909	244166	18726	0	4	0	0	0	1	2	0	0	0	0	6	0	0	1	0	28	0	1	4	0	0	0	0	0	0	0	0	1	0	0	0	0	0
Cells	2024-01-01	10778525	107166	9128	0	10	0	2	0	0	2	1	0	0	0	7	0	0	0	0	16	0	0	1	0	0	0	0	0	0	0	0	0	0	0	0	0	0
Cells	2024-01-01	10778210	216683	18038	0	4	0	0	0	0	1	1	0	0	3	2	0	0	0	0	7	0	0	5	0	0	0	0	0	0	0	0	0	0	0	0	0	0
Cells	2024-01-01	10741864	128557	11600	0	3	0	0	0	0	0	1	0	1	1	5	0	0	0	0	5	0	0	1	0	0	0	0	0	0	0	0	0	0	0	0	0	0
Cells	2024-01-01	10741547	250995	21694	0	0	0	2	0	2	0	0	0	2	2	6	0	0	0	0	64	0	0	0	0	0	0	2	0	0	0	0	0	0	0	0	0	0
Cells	2024-01-01	10777984	93492	8428	0	12	0	0	0	0	2	2	0	0	0	1	0	0	0	0	10	0	0	3	0	1	0	0	1	0	0	0	0	0	0	0	0	0
Cells	2024-01-01	10778127	109202	8951	0	3	0	0	0	0	1	0	0	0	0	5	0	0	0	0	15	0	0	0	0	0	0	0	0	0	0	0	0	0	0	0	0	0
Cells	2024-01-01	10778116	138562	12244	0	12	1	7	0	0	0	3	0	0	1	0	0	0	0	0	28	0	0	0	0	0	0	0	0	0	0	0	0	0	0	0	0	0
Cells	2024-01-01	10778024	281551	21271	0	8	0	0	0	0	2	0	0	7	0	2	0	0	0	0	19	0	2	3	0	0	0	0	0	0	0	0	0	0	0	0	1	0
Cells	2024-01-01	10742000	96084	8701	0	7	0	3	0	0	3	1	0	0	1	2	0	0	0	0	9	0	1	0	0	0	0	0	0	0	0	0	0	0	0	0	0	0
Cells	2024-01-01	10777932	94877	8616	0	15	2	3	0	0	0	2	0	2	0	1	0	0	1	0	12	0	0	1	0	0	1	0	0	0	0	0	0	0	0	0	0	0
Cells	2024-01-01	10742070	129495	10551	0	5	0	2	0	0	3	2	0	1	0	7	0	0	0	0	13	0	0	0	0	0	0	0	0	0	0	0	0	0	0	0	0	0
Cells	2024-01-01	10778562	157106	14636	0	2	1	0	0	0	1	1	0	1	0	1	0	0	0	0	11	0	1	0	0	0	0	0	0	0	0	0	0	0	0	0	0	0
Cells	2024-01-01	10778342	181128	14437	0	2	0	0	0	0	0	1	0	0	0	0	0	0	0	0	31	0	0	3	0	0	0	0	0	0	0	0	0	0	0	0	0	0
Cells	2024-01-01	10778274	124911	10846	0	1	1	17	0	0	1	0	0	1	0	2	0	0	0	0	32	0	0	1	0	0	0	0	0	0	0	0	0	0	0	0	0	0
Cells	2024-01-01	10778504	113750	9875	0	5	0	1	0	1	3	4	0	3	0	7	0	0	1	0	14	0	0	2	0	0	1	0	0	0	0	0	0	0	0	0	0	0
Cells	2024-01-01	10741976	107021	9938	0	10	0	0	0	0	0	2	0	0	0	1	0	0	0	0	15	0	0	0	0	0	0	0	0	0	0	0	0	0	0	0	0	0
Cells	2024-01-01	10778087	357310	26580	0	8	0	1	0	0	3	0	0	0	1	6	0	0	0	0	44	0	0	0	0	1	3	0	0	0	1	0	0	0	1	0	0	0
Cells	2024-01-01	10778237	182170	16098	4	16	2	9	0	0	6	9	0	1	1	7	0	0	2	1	56	0	0	8	0	0	0	0	0	0	0	0	0	0	0	1	0	0
Cells	2024-01-01	10778102	94103	9833	0	15	0	0	0	0	0	0	0	0	0	3	0	0	0	0	14	0	0	0	0	0	0	0	0	0	0	0	0	0	0	0	0	0
Cells	2024-01-01	10777911	91949	8575	0	3	0	0	0	0	0	1	0	0	0	3	0	0	0	0	16	0	0	1	0	1	0	0	0	0	0	0	0	0	0	0	0	0
Cells	2024-01-01	10777938	115941	10324	0	5	0	7	0	0	1	3	0	0	0	0	0	0	0	0	8	0	3	3	0	0	0	0	0	0	0	0	0	0	0	0	0	0
Cells	2024-01-01	10777905	86700	7862	0	12	1	0	0	0	0	3	0	0	0	2	0	0	0	0	20	0	0	0	0	0	0	1	0	0	0	0	0	0	0	0	0	0
Cells	2024-01-01	10777933	85321	8424	0	14	0	13	0	1	3	13	0	0	0	8	0	0	0	0	31	0	0	0	0	0	0	0	0	0	0	0	0	0	0	0	0	0
Cells	2024-01-01	10778373	142565	12705	0	11	0	6	0	0	4	1	0	0	0	11	0	0	0	0	21	0	0	0	0	0	0	0	0	0	0	0	0	0	0	0	0	0
Cells	2024-01-01	10778107	98812	8157	0	2	1	6	0	0	2	0	0	1	0	2	0	0	0	0	13	0	0	0	0	0	0	0	0	0	0	0	0	0	0	0	0	0
Cells	2024-01-01	10778540	118410	11873	0	24	0	2	0	0	7	0	0	5	0	3	0	0	0	0	18	0	0	0	0	0	0	0	0	0	0	0	0	0	1	0	0	0
Cells	2024-01-01	10778385	201950	15723	2	5	0	9	0	0	16	2	0	2	0	4	0	0	0	0	57	0	0	3	0	0	0	0	0	0	0	0	0	0	0	0	0	0
Cells	2024-01-01	10778050	104702	9266	0	11	0	0	0	0	0	0	0	0	1	1	0	0	0	0	3	0	0	0	0	0	0	1	0	0	0	0	0	0	0	0	0	0
Cells	2024-01-01	10777926	139888	12439	0	20	2	5	0	0	0	0	0	0	1	5	0	0	0	0	20	0	0	2	0	0	1	0	0	0	0	0	0	0	0	0	0	0
Cells	2024-01-01	10778434	139396	12410	0	9	0	0	0	1	0	4	0	1	0	2	0	0	0	0	20	0	0	0	0	0	0	0	0	0	0	0	0	0	0	0	0	0
Cells	2024-01-01	10778438	137920	10975	0	3	0	2	0	0	3	0	0	1	0	7	0	0	0	0	26	0	0	1	1	0	0	0	0	0	0	0	0	0	0	0	0	0
Cells	2024-01-01	10778566	148252	12824	0	0	0	0	0	0	0	1	0	1	1	0	0	0	0	0	11	0	0	1	0	0	0	0	0	0	0	0	0	0	0	0	0	0
Cells	2024-01-01	10778194	126109	11586	0	7	0	3	0	0	1	7	0	6	0	10	0	0	0	0	20	0	0	7	0	0	0	0	0	0	0	0	0	0	0	0	0	0
Cells	2024-01-01	10777912	156303	14059	0	3	0	1	0	0	2	3	0	10	0	8	0	0	0	0	40	0	0	1	0	0	0	0	0	0	0	0	0	0	0	0	0	0
Cells	2024-01-01	10777920	92232	8231	0	3	0	3	0	0	0	1	0	0	0	0	0	0	1	0	2	0	0	1	0	0	1	0	0	0	0	0	0	0	0	0	0	0
Cells	2024-01-01	10777989	193530	17943	0	9	0	1	0	0	0	2	0	0	1	4	0	0	0	0	49	0	0	1	0	0	2	0	0	0	0	0	0	0	0	0	0	0
Cells	2024-01-01	10778272	168344	15705	0	25	0	0	0	0	0	0	0	0	1	6	0	0	0	0	25	0	0	1	0	0	1	0	0	0	0	0	0	0	0	0	0	0
Cells	2024-01-01	10778010	138600	10629	0	0	0	0	0	0	4	0	0	1	2	2	0	0	0	0	22	0	0	0	0	0	1	0	0	0	0	0	0	0	0	0	0	0
Cells	2024-01-01	10778370	184640	15141	0	4	0	1	0	2	0	4	0	1	0	3	0	0	0	0	14	0	1	0	0	0	0	0	0	0	0	0	0	0	0	0	0	0
Cells	2024-01-01	10778205	153936	16609	0	20	1	3	0	0	0	2	0	0	2	8	0	0	0	0	34	0	1	3	0	0	2	0	0	0	0	0	0	0	0	0	0	0
Cells	2024-01-01	10778338	375805	28951	0	2	0	1	0	0	3	2	0	0	0	0	0	0	0	0	56	0	0	0	0	0	0	0	0	0	0	0	0	0	0	0	0	0
Cells	2024-01-01	10778067	150115	12780	1	9	2	10	0	0	4	1	0	12	0	7	0	0	1	0	33	0	0	3	0	0	0	0	0	0	0	0	0	0	0	0	0	0
