journal	date	pmc_id	Nchars	Nwords	delve	analyse	acknowledge	assess	appraise	dissect	explore	examine	extricate	expose	estimate	investigate	inquire	inspect	interpret	scrutinise	study	unearth	uncover	understand	ponder	research	reason	retrieve	avoid	discount	disregard	dismiss	ignore	neglect	overlook	omit	skip	reject
Cells	2021-10-01	8304080	138413	9892	0	1	0	0	0	0	0	0	0	0	1	9	0	0	0	0	16	0	0	2	0	0	0	0	0	0	0	0	0	0	0	0	0	0
Cells	2021-10-01	8304628	127292	10982	0	6	0	0	0	0	0	0	0	0	0	7	0	0	0	0	28	0	0	3	0	0	0	0	0	0	0	0	0	2	0	0	0	0
Cells	2021-10-01	8306974	148802	11149	0	2	0	0	0	0	0	0	0	0	0	0	0	0	0	0	5	0	0	0	0	0	0	0	0	0	0	0	0	0	0	0	0	0
Cells	2021-10-01	8307715	231939	18084	0	1	0	2	0	0	2	0	0	0	0	1	0	0	0	0	53	0	0	3	0	0	0	1	0	0	0	0	0	0	0	0	0	0
Cells	2021-10-01	8304385	106794	10447	0	22	0	10	0	0	0	2	0	0	1	1	0	0	0	0	8	0	0	0	0	0	0	0	1	0	0	0	0	0	0	1	0	0
Cells	2021-10-01	8306393	159593	12228	0	5	0	0	0	0	0	0	0	0	0	0	0	0	0	0	9	0	0	0	0	0	0	0	0	0	0	0	0	0	1	0	0	0
Cells	2021-10-01	8307435	198721	16413	0	0	0	0	0	0	0	1	0	2	0	1	0	0	0	0	27	0	0	1	0	0	0	0	0	0	0	0	0	0	0	0	0	0
Cells	2021-10-01	8303980	145921	11801	0	6	0	8	0	1	0	2	0	1	0	2	0	0	0	0	17	0	0	0	0	0	0	0	0	0	0	0	0	0	0	0	0	0
Cells	2021-10-01	8305819	255274	18911	0	8	0	0	0	0	0	0	0	1	0	8	0	0	0	0	49	0	0	2	0	0	0	1	0	0	0	0	0	0	0	0	0	0
Cells	2021-10-01	8306516	379253	27896	0	0	0	0	0	0	2	2	0	0	0	9	0	0	0	0	12	1	5	7	0	0	0	0	0	0	0	0	0	0	0	0	0	0
Cells	2021-10-01	8303489	170784	13909	0	6	0	1	0	0	0	1	0	2	0	3	0	0	0	0	22	0	1	0	0	0	1	0	0	0	0	0	0	0	0	0	0	0
Cells	2021-10-01	8304505	131530	10700	0	10	0	4	0	2	3	1	0	0	0	2	0	0	0	0	10	0	3	0	0	0	0	0	0	0	0	0	0	0	0	0	0	0
Cells	2021-10-01	8307360	309273	22859	0	1	0	0	0	0	1	0	0	0	0	0	0	0	0	0	9	0	0	4	0	0	1	0	0	0	0	0	0	0	0	0	0	0
Cells	2021-10-01	8304834	213130	17770	0	3	1	1	0	0	0	1	0	2	4	1	0	0	0	0	24	0	0	2	0	0	0	0	0	0	0	0	0	0	0	0	0	0
Cells	2021-10-01	8305164	213871	15135	0	0	0	0	0	0	0	0	0	1	0	2	0	0	0	0	13	0	0	2	0	0	1	0	0	0	0	0	0	0	0	0	0	0
Cells	2021-10-01	8304879	322365	23905	0	0	1	1	0	0	0	0	0	2	3	1	0	0	0	0	21	0	0	1	0	0	0	0	0	0	0	0	0	0	0	0	0	0
Cells	2021-10-01	8304725	235595	18471	0	4	0	1	0	0	0	0	0	1	0	0	0	0	0	0	23	0	0	1	0	0	0	0	0	0	0	0	0	0	0	0	0	0
Cells	2021-10-01	8303744	205066	16582	0	2	0	2	0	0	2	0	0	8	0	0	0	0	0	0	56	0	0	2	0	0	0	0	0	0	0	0	0	0	0	0	0	0
Cells	2021-10-01	8305813	83376	7621	0	6	0	0	0	0	3	0	0	5	0	13	0	0	0	0	15	0	0	0	0	0	0	0	0	0	0	0	0	0	0	0	0	0
Cells	2021-10-01	8307725	94861	8392	0	0	1	0	0	0	1	0	0	3	0	2	0	0	0	0	17	0	0	1	0	0	0	0	0	0	0	0	0	0	0	0	0	0
Cells	2021-10-01	8303798	159294	12153	0	0	0	2	0	1	1	3	0	0	0	0	0	0	0	0	42	0	0	2	0	0	0	0	0	0	0	0	0	0	0	0	0	0
Cells	2021-10-01	8305684	109396	9896	0	9	0	0	0	0	0	0	0	0	0	0	0	0	0	0	12	0	0	1	0	0	0	0	0	0	0	0	0	0	0	0	0	0
Cells	2021-10-01	8303318	136402	10886	0	2	0	2	0	0	0	2	0	0	0	2	0	0	1	0	17	0	0	1	0	0	0	0	0	0	0	0	0	0	0	0	0	0
Cells	2021-10-01	8307784	121637	10065	0	2	0	2	0	0	2	1	0	0	1	1	0	0	0	0	34	0	0	0	0	0	0	0	0	0	0	0	0	0	0	0	0	0
Cells	2021-10-01	8303813	108072	9846	0	5	1	2	0	0	2	9	0	0	1	1	0	0	0	1	12	0	0	0	0	0	0	0	0	0	0	0	0	0	0	0	0	0
Cells	2021-10-01	8305626	106914	9347	0	1	0	0	0	0	0	1	0	0	0	1	0	0	0	0	11	0	0	0	0	0	0	0	0	0	0	0	0	0	0	0	0	0
Cells	2021-10-01	8304920	237961	18121	0	7	0	1	0	0	2	0	0	2	0	8	0	0	0	0	52	0	0	1	0	0	0	0	0	0	0	0	0	0	0	0	0	0
Cells	2021-10-01	8307495	170327	13709	0	8	0	4	0	0	0	0	0	0	1	0	0	0	0	0	34	0	0	0	0	0	0	0	0	0	0	0	0	0	0	0	0	0
Cells	2021-10-01	8303536	150838	11623	0	6	0	0	0	0	1	1	0	0	0	0	0	0	0	0	21	0	0	2	0	0	0	2	0	0	0	0	1	0	0	0	0	0
Cells	2021-10-01	8306543	211799	15554	0	1	0	0	0	0	1	0	0	2	0	1	0	0	0	0	21	0	0	2	0	0	2	0	0	0	0	0	0	1	0	0	0	0
Cells	2021-10-01	8303450	297242	22704	0	12	0	1	0	0	1	0	0	3	0	1	0	0	0	0	101	0	0	0	0	0	0	0	0	0	0	0	0	0	0	0	0	0
Cells	2021-10-01	8304500	134434	12284	0	2	0	8	0	0	0	2	0	1	4	5	0	0	0	0	33	0	0	0	0	0	0	0	0	0	0	0	0	0	0	0	0	0
Cells	2021-10-01	8306728	163303	12207	0	2	0	1	0	0	0	7	0	0	0	0	0	0	0	0	12	0	1	1	0	0	0	0	0	0	0	0	0	0	0	0	0	0
Cells	2021-10-01	8307234	119232	10146	0	11	0	0	0	0	0	0	0	0	0	3	0	0	1	0	10	0	1	2	0	0	0	0	0	0	0	0	0	0	0	0	0	0
Cells	2021-10-01	8304177	110288	11000	0	8	0	1	0	0	0	7	0	1	1	2	0	0	0	0	44	0	0	0	0	0	1	0	0	0	0	0	0	1	0	0	0	0
Cells	2021-10-01	8305747	154937	12788	0	5	0	2	0	0	0	0	0	2	0	1	0	0	0	0	23	0	0	2	0	0	1	0	0	0	0	0	0	0	0	0	0	0
Cells	2021-10-01	8306565	277611	21492	0	4	0	0	0	0	1	1	0	9	0	0	0	0	1	0	23	0	0	2	0	0	0	1	0	0	0	0	0	0	0	0	0	0
Cells	2021-10-01	8306308	161985	12459	0	7	0	0	0	0	1	0	0	0	0	3	0	0	0	0	18	0	0	1	0	0	0	0	0	0	0	0	0	0	0	0	0	0
Cells	2021-10-01	8306977	162591	14302	0	11	0	1	0	0	1	0	0	1	1	2	0	0	0	0	16	0	0	2	0	0	0	1	3	0	0	0	0	0	0	0	0	0
Cells	2021-10-01	8304285	139044	12202	0	28	0	0	0	0	0	0	0	0	1	0	0	0	0	0	14	0	0	1	0	0	0	1	0	0	0	0	0	0	0	0	0	0
Cells	2021-10-01	8304131	134869	12209	0	6	0	0	0	1	2	5	0	0	0	1	0	0	0	0	20	0	0	0	0	0	0	0	0	0	0	0	0	0	0	0	0	0
Cells	2021-10-01	8303422	122734	10074	0	0	1	3	0	0	0	0	0	0	0	4	0	0	0	0	5	0	1	0	0	0	0	0	0	0	0	0	0	0	0	0	0	0
Cells	2021-10-01	8305094	74199	7177	0	3	0	4	0	2	0	0	0	0	0	4	0	0	0	0	16	0	0	1	0	0	0	0	0	0	0	0	0	0	0	0	0	0
Cells	2021-10-01	8305278	111108	9072	0	18	0	6	0	0	0	0	0	1	0	5	0	0	0	0	25	0	0	0	0	0	2	0	0	0	0	0	0	0	0	0	0	0
Cells	2021-10-01	8303164	233270	17673	0	0	2	0	0	0	5	0	0	0	2	2	0	0	0	0	9	0	0	2	0	0	0	0	0	0	0	0	0	0	0	0	0	0
Cells	2021-10-01	8307932	102307	9351	0	21	0	5	0	1	1	2	0	2	0	0	0	0	0	0	7	0	0	0	0	0	0	0	0	0	0	0	0	0	0	0	0	0
Cells	2021-10-01	8307983	340236	24926	0	3	1	1	0	0	0	0	0	3	0	1	0	0	0	0	16	0	1	2	0	0	0	0	0	0	0	0	0	0	0	0	0	0
Cells	2021-10-01	8305434	164629	12546	1	0	0	0	0	0	0	0	0	0	0	0	0	0	1	0	10	0	1	5	0	0	0	0	0	0	0	0	0	0	0	0	0	0
Cells	2021-10-01	8307954	80326	7374	0	1	2	0	0	0	0	0	0	0	3	0	0	0	0	0	6	0	0	0	0	0	0	0	0	0	0	0	1	1	0	0	0	0
Cells	2021-10-01	8307118	109873	9542	0	8	0	4	0	0	0	1	0	7	0	6	0	0	0	0	14	0	0	0	0	0	0	0	0	0	0	0	0	0	0	0	0	0
Cells	2021-10-01	8307947	132253	10951	0	1	0	0	0	0	3	0	0	1	0	0	0	0	0	0	32	0	0	1	0	0	0	0	0	0	0	0	0	0	0	0	0	0
Cells	2021-10-01	8304299	215756	16603	0	3	0	0	0	0	0	0	0	0	0	3	0	0	0	0	24	0	0	12	0	0	0	0	2	0	0	0	0	0	0	0	0	0
Cells	2021-10-01	8307395	100040	8793	0	1	0	0	0	0	0	0	0	0	0	5	0	0	0	0	19	0	4	0	0	0	0	0	0	0	0	0	0	0	0	0	0	0
Cells	2021-10-01	8304751	115103	9418	0	12	0	5	0	0	0	0	0	0	0	1	0	0	0	0	16	0	0	0	0	0	0	0	0	0	0	0	0	0	0	0	0	0
Cells	2021-10-01	8305704	158706	14216	0	11	0	2	0	4	1	1	0	0	0	0	0	0	0	0	31	0	0	3	0	0	0	0	0	0	0	0	0	0	0	0	0	0
Cells	2021-10-01	8303900	281706	18627	0	0	0	0	0	1	2	0	0	0	1	1	0	0	0	0	21	0	0	3	0	0	1	0	1	0	0	0	0	0	0	0	0	0
Cells	2021-10-01	8307028	107618	9867	0	10	0	8	0	1	2	0	0	18	0	1	0	0	0	0	13	0	0	0	0	0	0	0	0	0	0	0	0	0	0	0	0	0
Cells	2021-10-01	8393584	27621	2425	0	0	0	0	0	0	0	0	0	1	0	0	0	0	0	0	1	0	0	0	0	0	0	0	1	0	0	0	0	0	0	0	0	0
Cells	2021-10-01	8305649	99450	8391	0	5	0	0	0	0	0	0	0	0	0	2	0	0	0	0	23	0	0	2	0	0	0	0	0	0	0	0	0	1	0	0	0	0
Cells	2021-10-01	8393707	309467	23480	0	6	0	0	0	0	1	3	0	0	0	5	0	0	0	0	45	0	0	0	0	0	1	0	1	1	0	0	0	0	0	0	0	0
Cells	2021-10-01	8307061	133259	10518	0	1	0	0	0	0	1	0	0	1	0	1	0	0	0	0	7	0	0	0	0	0	0	0	0	0	0	0	0	0	0	0	0	0
Cells	2021-10-01	8391558	191510	16357	0	0	0	0	0	0	3	0	0	0	0	1	0	0	0	0	13	0	0	7	0	0	0	0	0	1	0	0	0	0	0	0	0	0
Cells	2021-10-01	8305399	111201	9849	0	6	0	2	0	0	3	2	0	0	0	4	0	0	0	0	30	0	0	0	0	0	1	0	0	0	0	0	0	0	0	0	0	0
Cells	2021-10-01	8394528	95673	9745	0	11	0	2	0	2	0	0	0	3	0	1	0	0	0	0	15	0	0	0	0	0	0	0	0	0	0	0	0	0	0	0	0	0
Cells	2021-10-01	8391638	294541	22695	0	1	0	1	0	0	14	0	0	4	0	5	0	0	0	0	36	0	0	3	0	0	1	0	5	0	0	0	0	0	0	0	0	0
Cells	2021-10-01	8303107	98799	9246	0	20	1	2	0	0	0	0	0	1	0	1	0	0	0	0	8	0	0	2	0	0	0	0	0	0	0	0	0	0	0	0	0	0
Cells	2021-10-01	8307792	236239	16568	0	0	0	0	0	0	0	1	0	2	0	5	0	0	0	0	6	0	0	2	0	0	0	0	0	0	0	0	0	0	0	0	0	0
Cells	2021-10-01	8306246	284302	20787	0	2	0	1	0	3	0	1	0	3	5	1	0	0	4	0	55	0	0	3	0	2	0	0	0	0	0	0	0	0	0	0	0	0
Cells	2021-10-01	8307123	231252	16729	0	0	0	1	0	0	5	0	0	0	0	1	0	0	0	0	42	0	0	5	0	0	0	0	0	0	0	0	0	0	0	0	0	0
Cells	2021-10-01	8394687	180718	15544	0	0	0	2	0	0	0	0	0	1	0	0	0	0	0	0	14	0	0	1	0	0	0	0	0	0	0	0	0	0	0	0	0	0
Cells	2021-10-01	8303991	247580	22438	0	5	0	1	0	0	0	5	0	0	4	0	0	0	0	0	91	0	0	0	0	0	0	0	0	0	0	0	0	0	0	0	0	0
Cells	2021-10-01	8394630	155837	13809	0	30	0	2	0	0	1	0	0	0	3	1	0	0	0	0	6	0	0	0	0	0	0	0	0	0	0	0	0	0	0	0	0	0
Cells	2021-10-01	8307953	85865	7153	0	0	0	0	0	0	1	0	0	0	0	1	0	0	0	0	4	0	0	4	0	0	0	0	0	0	0	0	0	0	0	0	0	0
Cells	2021-10-01	8308088	118611	12542	0	4	0	5	0	1	0	0	0	1	0	1	0	0	0	0	23	0	0	1	0	0	0	0	0	0	0	0	0	0	0	0	0	1
Cells	2021-10-01	8305550	150716	14519	0	10	0	3	0	0	1	10	0	2	2	4	0	0	0	0	20	0	0	1	0	0	0	0	0	0	0	0	0	0	0	0	0	0
Cells	2021-10-01	8394469	217488	16644	0	5	0	1	0	1	3	2	0	0	4	1	0	0	0	0	72	0	0	3	0	0	2	0	0	0	0	0	0	0	0	0	0	0
Cells	2021-10-01	8394897	184653	14669	0	3	0	1	0	0	5	0	0	4	0	5	0	0	0	0	46	0	0	3	0	0	0	0	0	0	0	0	0	0	0	0	0	0
Cells	2021-10-01	8392545	197840	19234	0	6	0	0	0	0	0	1	0	4	0	0	0	0	2	0	29	0	0	1	0	0	0	0	0	0	0	0	0	0	0	8	0	0
Cells	2021-10-01	8392445	199170	17421	0	0	0	0	0	0	1	0	0	0	0	0	0	0	1	0	14	0	0	12	0	0	0	0	0	0	0	0	0	0	0	0	0	0
Cells	2021-10-01	8391285	95156	8175	0	7	0	0	0	0	0	1	0	0	0	1	0	1	0	0	13	0	0	0	0	0	1	0	0	0	0	0	0	0	0	0	0	0
Cells	2021-10-01	8392516	104067	9487	0	23	0	1	0	1	1	6	0	0	0	11	0	0	0	0	17	0	0	0	0	0	1	0	0	0	0	0	0	0	0	0	0	0
Cells	2021-10-01	8393631	204016	17204	0	7	0	3	0	0	0	0	0	0	3	1	0	0	0	0	14	0	0	0	0	1	2	0	1	0	0	0	0	0	0	4	0	0
Cells	2021-10-01	8391204	209599	15706	0	2	0	1	0	0	0	0	0	3	1	0	0	0	0	0	9	0	0	2	0	1	0	0	0	0	0	0	0	0	0	0	0	0
Cells	2021-10-01	8391211	241254	19039	0	0	0	1	0	1	0	1	0	5	0	5	0	0	0	0	71	0	0	4	0	0	0	0	2	0	0	0	0	0	0	0	0	0
Cells	2021-10-01	8394524	206233	18415	0	27	0	3	0	0	1	3	0	0	1	1	0	1	1	0	19	0	0	0	0	0	0	0	0	0	0	0	0	0	0	0	0	0
Cells	2021-10-01	8394295	103647	8735	0	20	0	0	0	0	1	20	0	0	1	7	0	0	0	0	17	0	0	0	0	0	0	0	0	0	0	0	0	0	0	0	0	0
Cells	2021-10-01	8394365	182051	14727	0	0	0	0	0	0	1	0	0	1	0	0	0	0	0	0	11	0	0	1	0	0	0	0	0	0	0	0	0	0	0	0	1	0
Cells	2021-10-01	8394355	49589	4930	0	11	0	0	0	0	0	4	0	0	0	0	0	0	0	0	10	0	0	0	0	0	0	0	0	0	0	0	0	0	0	0	0	0
Cells	2021-10-01	8393233	150702	13965	0	13	0	0	0	1	1	0	0	4	12	1	0	0	0	0	14	0	0	0	0	0	1	0	1	0	0	0	0	0	0	0	0	0
Cells	2021-10-01	8393760	180256	14520	0	2	0	0	0	0	0	0	0	2	4	0	0	0	0	0	25	0	0	0	0	0	0	0	0	0	0	0	0	0	0	0	0	0
Cells	2021-10-01	8393918	158097	14913	0	13	0	0	0	1	0	4	0	2	1	3	0	0	0	0	24	0	0	1	0	0	0	0	1	0	0	0	0	0	0	0	0	0
Cells	2021-10-01	8394923	100588	9912	0	0	0	2	0	0	0	4	0	0	7	8	0	0	0	0	29	0	0	0	0	0	0	0	0	0	0	0	0	0	0	0	0	1
Cells	2021-10-01	8394732	99751	8758	0	9	1	3	0	0	2	0	0	0	0	0	0	0	2	0	21	0	0	1	0	0	0	0	1	0	0	0	1	1	0	0	0	0
Cells	2021-10-01	8394846	309791	25603	0	33	0	0	0	0	0	1	0	0	0	0	0	0	0	0	54	0	0	5	0	0	0	0	0	0	0	0	0	0	0	0	0	0
Cells	2021-10-01	8393248	219425	17229	0	4	0	2	0	0	0	0	0	0	1	0	0	0	0	0	10	0	0	3	0	0	0	1	0	0	0	0	0	0	0	0	0	0
Cells	2021-10-01	8392300	113892	10299	0	8	0	4	0	3	0	4	0	3	0	5	0	0	0	0	14	0	0	0	0	0	0	0	0	0	0	0	0	0	0	0	0	0
Cells	2021-10-01	8394322	147990	12809	0	14	0	1	0	0	0	1	0	25	0	4	0	0	0	0	16	0	0	0	0	0	0	0	0	0	0	0	0	0	0	0	0	0
Cells	2021-10-01	8391575	292662	24772	0	8	1	3	0	0	2	5	0	0	24	3	0	1	0	0	32	0	1	0	0	0	0	2	0	0	0	0	0	0	0	0	0	0
Cells	2021-10-01	8393426	636160	44724	0	2	1	0	0	0	4	0	0	0	1	7	0	0	0	0	63	0	1	1	0	0	0	0	0	0	0	0	0	0	0	0	0	0
Cells	2021-10-01	8393336	245701	19206	0	2	0	3	0	0	2	0	0	0	2	2	0	0	0	0	57	0	0	1	0	0	1	0	0	0	0	0	0	0	0	0	0	0
Cells	2021-10-01	8391899	234195	16938	0	1	0	0	0	0	0	0	0	3	0	1	0	0	0	0	27	0	0	0	0	0	0	0	0	0	0	0	0	0	0	0	0	0
Cells	2021-10-01	8394428	93558	8134	0	10	0	1	0	0	1	0	0	0	0	3	0	0	1	0	23	0	0	0	0	0	0	0	0	0	0	0	1	0	0	0	0	0
Cells	2021-10-01	8392296	113186	9732	0	17	1	3	0	2	1	1	0	0	2	0	0	0	0	0	13	0	0	2	0	0	0	0	0	0	0	0	0	0	0	0	0	0
Cells	2021-10-01	8392315	106794	9631	0	2	0	0	0	0	0	1	0	0	0	1	0	0	0	0	36	0	2	1	0	0	0	0	0	0	0	0	0	0	0	0	0	0
Cells	2021-10-01	8394465	97047	9028	0	7	0	2	0	2	0	2	0	1	0	5	0	0	2	0	14	0	0	0	0	0	0	0	0	0	0	0	0	0	0	0	0	0
Cells	2021-10-01	8392222	84294	8349	0	15	0	5	0	0	0	0	0	6	0	0	0	0	0	0	13	0	0	2	0	0	0	0	0	0	0	0	0	0	0	0	0	0
Cells	2021-10-01	8394778	514881	28401	0	2	0	0	0	0	2	2	0	0	14	12	0	0	0	0	51	0	0	0	0	0	0	0	0	0	0	0	0	0	0	0	0	0
Cells	2021-10-01	8391401	128125	10347	0	9	0	1	0	0	1	4	0	0	0	3	0	0	0	0	27	0	0	1	0	0	0	0	0	0	0	0	0	0	0	0	0	0
Cells	2021-10-01	8391356	185977	15831	0	7	0	0	0	0	1	0	0	0	2	1	0	0	0	0	27	0	0	0	0	0	0	0	0	0	0	0	0	0	0	0	0	0
Cells	2021-10-01	8392606	124442	10034	0	5	1	0	0	0	1	4	0	0	0	5	0	0	0	0	19	0	0	0	0	0	0	0	0	0	0	0	0	0	0	0	0	0
Cells	2021-10-01	8391642	137788	11101	0	4	0	0	0	0	0	0	0	0	0	0	0	0	0	0	16	0	0	1	0	0	0	0	0	0	0	0	0	0	0	0	0	0
Cells	2021-10-01	8393460	125810	11881	0	16	0	3	0	0	2	2	0	0	0	2	0	0	0	0	13	0	0	1	0	0	0	1	0	0	0	0	0	0	0	0	0	0
Cells	2021-10-01	8392834	200919	14757	0	0	0	0	0	0	0	0	0	0	0	0	0	0	0	0	22	0	0	0	0	0	0	0	0	0	0	0	0	0	0	0	0	0
Cells	2021-10-01	8394331	206949	16227	0	2	0	1	0	2	3	0	0	3	2	5	0	0	0	0	23	0	0	3	0	0	0	0	0	0	0	0	0	0	0	0	0	0
Cells	2021-10-01	8391493	142656	12077	0	5	0	7	0	0	0	2	0	0	1	1	0	0	0	0	23	0	0	0	0	0	0	1	0	0	0	0	0	0	0	0	0	0
Cells	2021-10-01	8393384	120933	9982	0	5	0	2	0	0	3	0	0	0	0	0	0	0	1	0	20	0	0	2	0	0	0	0	0	0	0	0	0	0	0	0	0	0
Cells	2021-10-01	8393899	148894	12673	0	5	0	0	0	0	1	0	0	1	0	1	0	0	0	0	20	0	0	0	0	0	0	0	0	0	0	0	0	0	0	0	0	0
Cells	2021-10-01	8392689	233705	17014	0	0	0	0	0	0	4	1	0	0	5	3	0	0	0	0	29	0	0	11	0	0	0	0	0	0	0	0	0	0	0	0	0	0
Cells	2021-10-01	8395029	335969	23596	0	2	3	3	0	0	4	0	0	0	1	7	0	0	1	0	21	0	1	1	0	0	0	0	0	0	0	0	0	0	0	0	0	0
Cells	2021-10-01	8392469	166526	14288	0	13	0	1	0	0	17	0	0	0	0	3	0	0	1	0	22	0	0	1	0	0	0	1	0	0	0	0	0	0	0	0	0	1
Cells	2021-10-01	8394350	58390	5722	0	4	1	0	0	0	1	0	0	0	0	0	0	0	0	0	25	0	0	1	0	0	0	1	0	0	0	0	0	0	0	0	0	0
Cells	2021-10-01	8391722	197283	15575	0	2	0	0	0	0	0	0	0	1	0	3	0	0	0	0	21	0	0	3	0	0	0	0	0	0	0	0	0	0	0	0	0	0
Cells	2021-10-01	8393840	106032	9861	0	8	0	17	0	1	0	1	0	2	1	2	0	0	0	0	25	0	0	0	0	0	0	0	0	0	0	0	0	0	0	0	0	0
Cells	2021-10-01	8391828	170130	16121	0	27	0	3	0	1	2	3	0	1	1	7	0	0	0	0	33	0	0	1	0	0	1	0	0	0	0	0	0	0	0	0	1	0
Cells	2021-10-01	8394461	225209	16991	0	1	0	0	0	0	0	0	0	0	0	0	0	0	0	0	3	0	0	0	0	0	0	0	0	0	0	0	0	0	0	0	0	0
Cells	2021-10-01	8391142	117486	8571	0	0	0	0	0	0	0	1	0	0	0	1	0	0	0	0	17	0	0	0	0	0	0	0	0	0	0	0	0	0	0	0	0	0
Cells	2021-10-01	8393414	121339	10417	0	7	0	6	0	0	1	3	0	0	0	7	0	0	0	0	19	0	0	1	0	0	0	0	0	0	0	0	0	0	0	0	0	0
Cells	2021-10-01	8393185	67339	6229	0	3	0	1	0	0	0	2	0	0	0	7	0	0	0	0	6	0	0	0	0	0	0	0	0	0	0	0	0	0	0	0	0	0
Cells	2021-10-01	8394445	133833	10578	0	0	2	0	0	0	1	1	0	0	7	0	0	0	0	0	30	0	0	4	0	0	0	0	1	0	0	0	0	0	0	0	0	0
Cells	2021-10-01	8391121	106068	8977	0	0	0	0	0	0	0	2	0	0	0	0	0	0	0	0	1	0	0	1	0	0	0	0	0	0	0	0	0	0	0	0	0	0
Cells	2021-10-01	8394126	188906	13885	0	6	0	0	0	0	0	0	0	0	1	1	0	0	0	0	15	0	0	0	0	0	0	0	0	0	0	0	0	0	0	0	0	0
Cells	2021-10-01	8393946	94038	8859	0	5	0	13	0	0	0	1	0	18	1	3	0	0	0	0	18	0	0	1	0	0	0	0	0	0	0	0	0	0	0	0	0	0
Cells	2021-10-01	8392082	120080	11089	0	14	1	1	0	1	1	5	0	4	0	10	0	0	0	0	21	0	0	0	0	0	0	0	0	0	0	0	0	0	0	0	0	0
Cells	2021-10-01	8392800	106566	10159	0	10	0	4	0	0	1	0	0	0	0	3	0	0	0	0	14	0	0	0	0	0	1	0	0	0	0	0	0	0	0	0	0	0
Cells	2021-10-01	8391764	213692	16300	0	0	1	0	0	0	4	0	0	0	0	0	0	0	0	0	26	0	0	7	0	0	0	0	0	0	0	0	0	0	0	0	0	0
Cells	2021-10-01	8393567	265984	20902	0	1	0	0	0	0	1	0	0	0	0	0	0	0	0	0	18	0	0	1	0	0	0	0	0	0	0	0	0	0	0	0	0	0
Cells	2021-10-01	8393335	76013	6672	0	1	0	1	0	0	0	4	0	3	0	0	0	0	0	0	10	0	0	0	0	0	0	0	0	0	0	0	0	0	0	0	0	0
Cells	2021-10-01	8391514	112126	10431	0	10	0	0	0	0	0	0	0	0	0	1	0	0	0	0	11	0	0	0	0	0	0	0	0	0	0	0	0	0	0	0	0	0
Cells	2021-10-01	8393731	185394	15898	0	20	0	2	0	0	0	1	0	1	0	9	0	0	0	0	10	0	0	1	0	0	1	0	0	0	0	0	0	0	0	0	0	0
Cells	2021-10-01	8392407	387024	29587	0	3	0	0	0	0	2	0	0	0	0	3	0	0	0	0	51	0	1	3	0	0	0	0	2	0	0	0	0	1	0	0	1	0
Cells	2021-10-01	8391272	180436	14303	2	2	0	0	0	0	0	0	0	1	1	1	0	0	0	0	57	0	0	5	0	0	0	0	0	0	0	0	0	0	0	0	0	0
Cells	2021-10-01	8393328	157949	13850	0	7	0	9	0	0	0	0	0	0	2	5	0	0	0	0	40	0	0	1	0	0	0	0	3	0	0	0	0	0	0	0	0	0
Cells	2021-10-01	8394349	75257	6780	0	6	0	4	0	0	1	0	0	0	0	1	0	0	0	0	24	0	0	0	0	0	0	0	0	0	0	0	0	0	0	0	0	0
Cells	2021-10-01	8391729	173906	14466	0	13	0	0	0	0	1	0	0	0	0	3	0	0	0	0	7	0	0	0	0	0	0	0	0	0	0	0	0	0	0	0	0	0
Cells	2021-10-01	8391940	124093	12259	0	7	1	1	0	0	0	4	0	0	3	3	0	0	0	0	8	0	0	2	0	0	0	0	0	0	0	0	0	0	0	0	0	0
Cells	2021-10-01	8391609	275706	21679	0	2	0	1	0	0	3	1	0	0	0	5	0	0	0	0	42	0	0	3	0	0	0	0	1	0	0	0	0	0	0	0	0	0
Cells	2021-10-01	8392644	98557	8000	0	7	0	0	0	0	2	0	0	0	0	2	0	0	0	0	23	0	0	3	0	0	1	1	0	0	0	0	0	0	0	0	0	0
Cells	2021-10-01	8393858	62629	5942	0	11	0	0	0	0	0	3	0	0	0	2	0	0	0	0	22	0	0	0	0	0	1	0	0	0	0	0	0	0	0	0	0	0
Cells	2021-10-01	8392301	227809	18262	0	0	0	0	0	0	1	0	0	0	0	0	0	0	0	0	17	0	0	6	0	0	0	1	0	0	0	0	0	0	0	0	0	0
Cells	2021-10-01	8392140	215360	15858	0	3	0	1	0	0	0	0	0	0	0	1	0	0	0	0	39	0	0	4	0	0	0	1	0	0	0	0	0	0	0	0	0	0
Cells	2021-10-01	8393314	166870	13433	0	3	0	0	0	0	0	1	0	1	0	4	0	0	0	0	23	0	0	4	0	0	0	0	0	0	0	0	0	0	0	0	0	0
Cells	2021-10-01	8394761	130489	9755	0	0	0	2	0	0	0	0	0	1	1	0	0	0	0	0	20	0	0	1	0	0	0	0	0	0	0	0	0	0	0	0	0	0
Cells	2021-10-01	8391411	212840	19488	0	11	0	1	0	1	4	8	0	1	2	1	0	0	2	0	45	0	0	1	0	0	0	0	0	0	0	0	0	0	0	0	0	0
Cells	2021-10-01	8392520	153219	14743	0	5	0	5	0	0	0	2	0	0	5	1	0	0	1	0	90	0	0	0	0	0	3	0	0	0	0	0	1	0	0	0	0	0
Cells	2021-10-01	8394427	147669	12890	0	6	0	12	0	1	6	0	0	14	1	5	0	0	0	0	15	0	0	0	0	0	0	0	0	0	0	0	0	0	0	0	0	0
Cells	2021-10-01	8391977	268644	19901	0	0	1	0	0	1	1	0	0	0	0	3	0	0	0	0	12	0	0	2	0	1	0	0	0	0	0	0	0	0	0	0	0	0
Cells	2021-10-01	8391758	98704	8316	0	0	0	3	0	0	3	1	0	1	1	5	0	0	0	0	15	0	0	0	0	0	1	0	0	0	0	0	0	0	0	0	0	0
Cells	2021-10-01	8392173	167127	12968	0	2	0	1	0	1	1	0	0	0	0	8	0	0	0	0	34	0	0	5	0	0	0	0	0	0	0	0	0	0	0	0	0	0
Cells	2021-10-01	8391454	120108	9040	0	1	0	0	0	0	0	0	0	0	0	0	0	0	0	0	27	0	0	1	0	0	0	0	0	0	0	0	0	0	0	0	0	0
Cells	2021-10-01	8391605	240608	17440	0	0	0	0	0	0	0	0	0	2	0	0	0	0	0	0	47	0	0	3	0	0	0	0	0	0	0	0	0	1	0	0	0	0
Cells	2021-10-01	8391331	184701	16280	0	4	0	2	0	0	1	1	0	2	0	3	0	0	0	0	40	0	2	2	0	0	0	0	0	0	0	0	0	0	0	0	0	0
Cells	2021-10-01	8392566	78081	6721	0	2	0	0	0	0	0	5	0	0	3	5	0	0	0	0	28	0	0	0	0	0	0	0	0	0	0	0	0	0	0	0	0	0
Cells	2021-10-01	8391141	52799	5252	0	1	0	1	0	0	0	0	0	0	1	1	0	0	0	0	11	0	0	1	0	0	1	0	2	0	0	0	0	0	0	0	0	0
Cells	2021-10-01	8394782	248035	18081	0	2	0	1	0	0	1	6	0	0	0	0	0	0	0	0	38	0	0	3	0	0	0	0	0	0	0	0	0	0	0	0	0	0
Cells	2021-10-01	8394705	222410	17612	0	1	0	0	0	0	0	0	0	1	0	0	0	0	0	0	8	0	1	6	0	0	0	0	0	0	0	0	0	0	0	0	0	0
Cells	2021-10-01	8393987	213770	16237	0	0	0	1	0	0	0	1	0	1	0	0	0	0	0	0	36	0	0	1	0	0	0	0	0	0	0	0	0	0	0	0	0	0
Cells	2021-10-01	8393331	162285	13799	0	5	0	0	0	0	2	1	0	0	1	4	0	0	0	0	16	0	2	1	0	0	1	0	0	0	0	0	0	0	0	0	0	0
Cells	2021-10-01	8392703	183045	16451	0	6	0	0	0	0	2	0	0	1	1	6	0	0	0	0	12	0	0	3	0	0	2	0	0	0	0	0	0	0	0	0	0	0
Cells	2021-10-01	8394199	445296	35527	0	1	0	0	0	0	0	0	0	4	0	6	0	0	1	0	18	0	0	2	0	0	0	0	3	0	0	0	0	0	1	0	0	0
Cells	2021-10-01	8391708	77333	7156	0	14	0	2	0	0	0	0	0	0	0	9	0	0	0	0	11	0	0	1	0	0	0	0	0	0	0	0	0	0	0	0	0	0
Cells	2021-10-01	8392614	175156	13033	0	2	1	0	0	0	0	0	0	0	1	2	0	0	1	0	31	0	0	0	0	0	0	0	0	0	0	0	0	0	0	0	0	0
Cells	2021-10-01	8391930	112486	10462	0	2	1	0	0	0	0	1	0	1	0	2	0	0	0	0	17	0	4	2	0	0	0	0	0	0	0	0	0	0	0	0	0	0
Cells	2021-10-01	8394685	239466	18337	0	0	0	0	0	0	0	0	0	2	0	0	0	0	0	1	37	0	0	3	0	0	1	0	0	0	0	0	0	0	0	0	0	0
Cells	2021-10-01	8391171	257916	21951	0	30	1	1	0	0	1	2	0	2	0	5	0	0	0	0	41	0	0	2	0	0	0	0	0	0	0	0	0	0	0	0	0	0
Cells	2021-10-01	8394964	105254	9017	0	2	0	1	0	0	3	1	0	3	0	0	0	0	0	0	11	0	0	1	0	0	0	0	0	0	0	0	0	0	1	0	0	0
Cells	2021-10-01	8470378	93440	7808	0	3	0	1	0	0	1	0	0	0	2	0	0	0	0	0	18	0	0	1	0	0	0	0	0	0	0	0	0	0	0	0	0	0
Cells	2021-10-01	8470099	256325	19505	0	1	0	0	2	1	0	2	0	1	2	3	0	0	0	0	38	0	1	2	0	0	0	0	0	0	0	0	0	0	0	0	0	0
Cells	2021-10-01	8471580	231954	17609	0	1	0	1	0	0	2	1	0	3	2	2	0	0	0	0	32	0	0	4	0	0	0	0	0	0	0	0	0	0	0	0	0	0
Cells	2021-10-01	8471468	116273	11452	0	18	0	1	0	1	1	10	0	0	5	6	0	1	1	0	29	0	0	0	0	0	0	0	1	0	0	0	0	0	0	0	0	0
Cells	2021-10-01	8472694	140417	11174	0	1	0	0	0	0	0	0	0	0	0	1	0	0	0	0	11	0	1	3	0	0	0	0	0	0	0	0	0	0	0	0	0	0
Cells	2021-10-01	8468025	169609	11931	0	0	0	0	0	0	0	0	0	1	0	1	0	0	0	0	10	0	0	1	0	0	0	0	0	0	0	0	0	0	0	0	0	0
Cells	2021-10-01	8470324	350798	25561	0	3	0	1	0	0	3	0	0	2	5	0	0	0	1	0	50	0	0	3	0	0	2	0	0	0	0	0	0	0	0	0	0	0
Cells	2021-10-01	8469290	114891	10646	0	8	0	0	0	0	0	2	0	0	0	0	0	0	1	0	27	0	0	1	0	0	1	0	0	0	0	0	0	0	0	0	0	0
Cells	2021-10-01	8466912	170692	15383	0	3	0	3	0	0	1	4	0	1	0	3	0	0	0	0	30	0	0	0	0	0	0	0	0	0	0	0	0	0	0	0	0	0
Cells	2021-10-01	8472244	155002	12971	0	30	0	4	0	1	1	0	0	0	1	0	0	0	1	0	26	0	1	0	0	0	0	0	0	0	0	0	0	0	0	0	0	0
Cells	2021-10-01	8465116	189573	17035	0	20	0	1	0	0	0	3	0	0	1	2	0	0	0	0	24	0	0	0	0	0	1	0	0	0	0	0	0	0	0	0	0	0
Cells	2021-10-01	8471820	93007	8697	0	9	1	3	0	0	1	0	0	0	0	4	0	0	1	0	18	0	1	1	0	0	0	0	0	0	0	0	0	0	0	0	0	0
Cells	2021-10-01	8471333	230858	17985	0	3	0	1	0	0	1	1	0	0	0	8	0	0	0	0	71	0	0	1	0	0	0	0	0	0	0	0	0	0	0	0	0	0
Cells	2021-10-01	8469096	125761	11524	0	0	0	1	0	0	0	0	0	3	0	4	0	0	0	0	11	0	0	0	0	0	0	0	0	0	0	0	0	0	0	0	0	0
Cells	2021-10-01	8471965	163730	14761	0	24	0	10	0	4	0	1	0	42	1	13	0	0	0	0	11	0	0	0	0	0	0	3	0	0	0	0	0	0	0	0	0	0
Cells	2021-10-01	8468349	108127	9034	0	12	0	1	0	0	0	1	0	0	0	5	0	0	0	0	16	0	0	2	0	0	0	0	0	0	0	0	0	0	0	0	0	0
Cells	2021-10-01	8470734	77227	6841	0	15	0	0	0	0	0	1	0	0	0	1	0	0	0	0	10	0	0	0	0	0	0	0	0	0	0	0	0	0	0	0	0	0
Cells	2021-10-01	8470876	106284	9898	0	12	0	9	0	0	0	4	0	1	0	4	0	0	0	0	27	0	0	1	0	0	0	0	0	0	0	0	0	0	0	0	0	0
Cells	2021-10-01	8467400	123081	11952	0	2	0	0	0	3	0	0	0	0	0	6	0	0	1	0	34	0	0	0	0	0	0	0	0	0	0	0	0	0	0	0	0	0
Cells	2021-10-01	8465030	185395	15459	0	1	0	0	0	0	0	0	0	0	0	4	0	0	0	0	21	0	0	1	0	0	0	0	1	0	0	0	0	0	0	0	0	0
Cells	2021-10-01	8468057	131973	12022	0	0	1	1	0	1	0	8	0	0	1	2	0	3	0	0	19	0	1	1	0	0	1	0	0	0	0	0	0	0	0	0	0	0
Cells	2021-10-01	8465726	226073	17796	0	0	0	0	0	0	3	7	0	0	0	6	0	0	0	0	21	0	1	2	0	0	0	0	0	0	0	0	0	0	1	0	0	0
Cells	2021-10-01	8468666	231891	20111	0	11	0	2	0	0	2	3	0	1	0	3	0	0	0	0	68	0	0	3	0	0	0	0	0	0	0	0	0	0	0	0	0	0
Cells	2021-10-01	8465130	136069	12332	0	4	0	0	0	0	0	0	0	0	1	5	0	0	0	0	17	0	0	0	0	0	2	0	0	0	0	0	0	0	0	0	0	0
Cells	2021-10-01	8472134	115191	10320	0	12	0	0	0	0	1	0	0	0	0	3	0	0	0	0	24	0	0	2	0	0	0	2	0	0	0	0	0	0	0	0	0	0
Cells	2021-10-01	8464856	225333	16386	0	0	0	0	0	0	0	0	0	0	0	1	0	0	0	0	31	0	0	6	0	0	0	0	0	0	0	0	0	0	0	0	0	0
Cells	2021-10-01	8465636	131888	11495	0	8	0	0	0	0	1	2	0	0	0	4	0	0	0	0	17	0	0	3	0	0	0	0	0	0	0	0	0	0	0	0	0	0
Cells	2021-10-01	8472773	511802	38432	0	7	0	1	0	0	3	0	0	0	0	2	0	0	0	0	21	0	0	6	0	0	0	0	0	0	0	0	0	0	0	0	0	0
Cells	2021-10-01	8472771	108353	8700	0	0	0	0	0	0	2	0	0	5	1	0	0	0	0	0	15	0	2	1	0	0	0	0	1	0	0	0	0	0	0	0	0	0
Cells	2021-10-01	8471705	120855	12134	0	24	0	0	0	0	1	1	0	3	0	4	0	0	0	0	12	0	0	1	0	0	0	0	0	0	0	0	0	0	0	0	0	0
Cells	2021-10-01	8469836	135576	12127	0	7	0	0	0	0	0	0	0	0	0	0	0	0	0	0	13	0	0	0	0	0	1	0	0	0	0	0	0	0	0	0	0	0
Cells	2021-10-01	8470857	236991	17572	0	0	0	0	0	1	0	0	0	1	0	0	0	0	0	0	13	0	0	2	0	0	0	0	1	0	0	0	0	0	0	0	0	0
Cells	2021-10-01	8472363	185489	15324	0	6	0	13	0	0	0	0	0	1	1	16	0	0	0	0	25	0	0	2	0	0	0	0	0	0	0	0	0	0	2	0	0	0
Cells	2021-10-01	8466990	164001	12568	0	0	0	0	0	0	0	1	0	0	0	3	0	0	0	0	22	0	0	2	0	0	0	0	0	0	0	0	0	0	0	0	0	0
Cells	2021-10-01	8472477	155256	13154	0	7	0	6	0	0	0	3	0	0	0	1	0	0	0	0	32	0	0	0	0	0	0	0	0	0	0	0	0	0	0	0	0	0
Cells	2021-10-01	8467561	196680	15739	0	4	0	0	0	0	0	2	0	0	1	1	0	0	0	0	16	0	1	1	0	0	1	0	0	0	0	0	0	0	0	0	0	0
Cells	2021-10-01	8469294	339314	26125	0	5	1	1	0	1	2	0	0	1	3	1	0	0	0	0	53	0	0	3	0	0	0	0	0	0	0	0	0	0	0	0	0	1
Cells	2021-10-01	8469180	226623	16848	0	1	0	1	0	0	0	0	0	2	0	3	0	0	0	0	13	0	0	0	0	0	0	0	0	0	0	0	0	0	0	0	0	0
Cells	2021-10-01	8466289	78123	6068	0	0	0	1	0	0	0	0	0	0	0	0	0	0	0	0	6	0	0	2	0	0	0	0	1	0	0	0	0	1	0	0	0	0
Cells	2021-10-01	8470117	162192	14181	0	1	1	1	0	0	1	0	0	0	1	1	0	0	0	0	17	0	0	4	0	0	0	0	0	0	0	0	0	0	0	0	0	0
Cells	2021-10-01	8471114	175442	14186	0	24	1	2	0	0	5	4	0	0	2	6	0	0	0	0	15	0	0	6	0	0	0	0	0	0	0	0	0	0	0	0	0	0
Cells	2021-10-01	8471135	231501	16717	0	0	0	0	0	0	1	1	0	0	0	1	0	0	0	0	7	0	0	0	0	0	0	0	0	0	0	0	0	0	0	0	0	0
Cells	2021-10-01	8465611	266592	19804	0	2	0	0	0	0	1	0	0	0	1	0	0	0	1	0	39	0	2	4	0	0	0	0	0	0	0	0	0	0	0	0	0	0
Cells	2021-10-01	8471592	108500	9855	0	2	0	0	0	0	0	0	0	1	1	0	0	0	0	0	14	0	0	3	0	0	1	0	0	0	0	0	0	1	0	0	0	0
Cells	2021-10-01	8465548	112047	10832	0	6	0	1	0	0	0	0	0	0	3	5	0	0	1	0	29	0	0	0	0	0	0	0	0	1	0	0	0	0	0	1	0	0
Cells	2021-10-01	8471093	106583	9606	0	1	0	0	0	2	0	1	0	1	0	3	0	0	0	0	14	0	0	3	0	0	0	0	1	0	0	0	0	0	0	0	0	0
Cells	2021-10-01	8465915	233023	19413	0	2	0	0	0	0	5	0	0	0	0	2	0	0	0	0	40	0	0	3	0	0	0	0	0	0	0	0	0	0	0	0	0	0
Cells	2021-10-01	8467501	209037	17254	0	1	0	4	0	1	4	0	0	3	0	5	0	0	0	0	110	0	0	6	0	1	0	0	0	0	0	0	0	0	0	0	0	0
Cells	2021-10-01	8466383	56397	5238	0	7	1	0	0	0	4	0	0	0	0	3	0	2	0	0	14	0	0	2	0	0	0	0	0	0	0	0	0	0	0	0	0	0
Cells	2021-10-01	8469739	109628	9552	0	4	0	0	0	0	1	2	0	0	0	5	0	0	0	0	22	0	0	1	0	0	2	0	1	0	0	0	0	0	0	0	0	0
Cells	2021-10-01	8471006	110942	9389	0	2	1	0	0	0	0	2	0	0	3	0	0	0	0	0	20	0	0	0	0	0	0	0	1	0	0	0	0	0	0	0	0	0
Cells	2021-10-01	8471002	200846	14902	0	0	0	0	0	0	0	1	0	0	0	6	0	0	0	0	20	0	0	5	0	0	0	0	0	0	0	0	0	0	0	0	0	0
Cells	2021-10-01	8470622	147880	11556	0	1	0	0	0	0	0	1	0	1	0	1	0	0	0	0	10	0	0	4	0	0	0	0	0	0	0	0	0	0	1	0	0	0
Cells	2021-10-01	8465210	226310	19258	0	1	0	0	0	0	0	1	0	1	2	1	0	0	0	0	14	0	0	2	0	0	0	0	0	0	0	0	0	0	0	0	0	0
Cells	2021-10-01	8467413	110343	10824	0	6	0	2	0	0	0	6	0	0	0	4	0	0	0	0	6	0	0	1	0	0	0	0	0	0	0	0	0	0	0	0	0	0
Cells	2021-10-01	8466939	189059	16171	0	1	0	0	0	0	0	0	0	0	4	1	0	1	1	0	13	0	0	0	0	0	1	0	0	0	0	0	0	0	0	0	0	0
Cells	2021-10-01	8469604	155715	13058	0	8	0	5	0	1	0	0	0	1	0	3	0	0	0	0	15	0	1	1	0	0	0	0	0	0	0	0	0	0	0	0	0	0
Cells	2021-10-01	8465397	424352	32809	0	1	0	0	0	0	2	3	0	1	0	4	0	0	0	0	60	0	0	9	0	0	0	0	0	0	0	0	0	0	0	2	0	0
Cells	2021-10-01	8468335	211834	17420	0	1	0	1	0	0	0	1	0	0	0	9	0	0	0	0	17	0	0	3	0	0	2	0	0	0	0	0	1	0	0	0	0	0
Cells	2021-10-01	8468138	190361	14841	0	0	0	0	0	0	0	0	0	1	0	3	0	0	0	0	15	0	0	1	0	0	0	0	0	0	0	0	0	0	0	0	0	0
Cells	2021-10-01	8469016	209763	14997	0	0	1	0	0	0	2	1	0	0	0	0	0	0	0	0	30	0	0	3	0	0	0	0	0	0	0	0	0	0	0	0	0	0
Cells	2021-10-01	8470523	103217	8895	0	15	1	0	0	0	0	0	0	2	0	6	0	0	1	0	27	0	0	2	0	0	0	2	0	0	0	0	0	0	0	0	0	0
Cells	2021-10-01	8464718	147160	12548	0	10	0	10	0	0	0	1	0	0	0	9	0	0	0	0	9	0	0	0	0	0	2	0	0	0	0	0	0	0	0	0	0	0
Cells	2021-10-01	8469536	192569	14288	0	0	0	0	0	0	0	0	0	0	0	0	0	0	0	0	6	0	0	0	0	0	0	0	0	0	0	0	0	0	0	0	0	0
Cells	2021-10-01	8466257	110110	9218	0	3	0	1	0	1	0	1	0	0	0	0	0	0	0	0	7	0	0	0	0	0	0	0	0	0	0	0	0	0	0	3	0	0
Cells	2021-10-01	8466153	92220	7917	0	11	0	0	0	0	1	0	0	1	0	6	0	0	0	0	18	0	0	0	0	0	0	0	1	0	0	0	0	1	0	0	0	0
Cells	2021-10-01	8472148	153241	12783	0	8	0	2	0	0	0	3	0	0	0	1	0	0	0	0	7	0	0	1	0	0	0	0	0	0	0	0	0	0	1	3	0	0
Cells	2021-10-01	8467883	121704	10979	0	1	1	1	0	0	0	1	0	0	3	6	0	0	0	0	35	0	0	0	0	0	1	0	0	0	0	0	0	0	0	0	0	0
Cells	2021-10-01	8467246	235799	17377	0	0	0	0	0	0	0	0	0	0	0	3	0	0	0	0	19	0	0	0	0	0	0	0	0	0	0	0	0	0	0	0	0	0
Cells	2021-10-01	8464832	204589	14855	0	0	0	1	0	0	2	0	0	0	0	0	0	0	0	0	7	0	0	2	0	0	0	0	0	0	0	0	0	0	0	0	0	0
Cells	2021-10-01	8465208	178914	14705	0	0	0	0	0	0	0	1	0	0	0	1	0	0	1	0	7	0	0	0	0	0	0	0	0	0	0	0	0	0	0	0	0	0
Cells	2021-10-01	8472455	79420	7802	0	11	0	0	0	0	1	0	0	2	1	1	0	1	0	0	8	0	0	1	0	0	0	0	0	0	0	0	0	0	0	0	0	0
Cells	2021-10-01	8469633	205983	17677	0	15	0	3	0	0	3	6	0	5	1	7	0	3	0	0	52	0	0	1	0	0	1	0	0	0	0	0	1	0	0	0	0	0
Cells	2021-10-01	8470162	166869	14526	0	9	2	1	0	0	2	5	0	0	2	0	0	0	0	0	39	0	0	0	0	0	0	0	0	0	0	0	0	0	0	0	0	0
Cells	2021-10-01	8468328	250013	20441	0	5	0	0	0	2	1	0	0	0	0	4	0	0	0	0	89	0	0	7	0	0	1	0	1	0	0	0	0	0	0	0	0	0
Cells	2021-10-01	8465406	601853	43233	0	0	0	0	0	0	0	0	0	2	0	0	0	0	0	0	20	0	0	0	0	0	0	0	1	0	0	0	0	0	0	0	0	1
Cells	2021-10-01	8468945	210614	16890	0	0	0	0	0	0	5	4	0	1	0	5	0	0	0	0	38	0	2	5	0	0	0	0	0	0	0	0	0	0	0	0	0	0
Cells	2021-10-01	8466646	251283	20623	0	12	0	5	0	0	0	1	0	1	0	5	0	0	0	0	15	0	0	2	0	0	0	0	0	0	0	0	0	0	0	0	0	0
Cells	2021-10-01	8470434	160297	14235	0	5	0	3	0	0	0	3	0	0	0	2	0	0	0	0	42	0	0	0	0	0	0	0	0	0	0	0	0	0	0	0	0	0
Cells	2021-10-01	8467338	252026	19781	0	6	0	3	0	0	1	0	0	0	0	5	0	0	0	0	55	0	0	1	0	0	0	0	0	0	0	0	0	0	0	0	0	0
Cells	2021-10-01	8466295	138695	11657	0	6	0	0	0	1	2	5	0	2	0	4	0	0	0	0	23	0	0	2	0	0	0	0	0	0	0	0	0	0	0	0	0	0
Cells	2021-10-01	8471677	102225	8724	0	9	0	2	0	0	0	0	0	0	0	9	0	0	2	0	50	0	0	0	0	0	0	0	1	0	0	0	0	0	0	0	0	0
Cells	2021-10-01	8465371	55474	4978	0	1	0	0	0	0	1	1	0	0	0	0	0	0	0	0	11	0	0	2	0	0	0	1	0	0	0	0	0	0	0	0	0	0
Cells	2021-10-01	8465914	139535	12295	0	2	0	3	0	0	2	8	0	3	1	4	0	0	0	0	31	0	0	0	0	0	0	0	0	0	0	0	0	0	0	0	0	0
Cells	2021-10-01	8467406	155537	13400	0	8	0	1	0	0	0	0	0	0	1	0	0	0	0	0	21	0	0	1	0	0	0	0	0	0	0	0	0	0	0	0	0	0
Cells	2021-10-01	8468931	307023	22276	0	0	1	0	0	0	1	0	0	0	0	4	0	0	0	0	29	0	0	2	0	0	0	0	1	0	0	0	0	1	0	0	0	0
Cells	2021-10-01	8467050	201033	15902	0	1	0	0	0	0	3	0	0	0	0	8	0	0	0	0	50	0	0	3	0	0	0	0	0	0	0	0	0	0	0	0	0	0
Cells	2021-10-01	8472238	276775	21577	0	22	0	1	0	0	0	0	0	1	0	1	0	0	0	0	34	0	1	1	0	0	0	0	0	0	0	0	0	0	0	0	0	0
Cells	2021-10-01	8471695	80465	7237	0	1	0	4	0	0	0	0	0	0	0	6	0	0	0	0	37	0	0	0	0	0	0	0	0	0	0	0	0	0	0	0	0	0
Cells	2021-10-01	8471655	199936	15973	0	0	0	0	0	0	2	0	0	8	0	3	0	0	0	0	22	0	0	8	0	0	0	0	0	0	0	0	0	0	0	0	1	0
Cells	2021-10-01	8467775	80349	7819	0	5	1	0	0	1	0	8	0	0	0	2	0	0	0	0	6	0	0	1	0	0	0	0	0	0	0	0	0	0	0	0	0	0
Cells	2021-10-01	8466154	220566	17105	0	0	0	1	0	0	0	3	0	0	2	5	0	0	0	0	41	0	0	0	0	0	0	0	1	0	0	0	0	0	0	0	0	0
Cells	2021-10-01	8466205	145595	12170	0	4	0	0	1	2	1	0	0	0	0	4	0	2	0	0	35	0	0	1	0	0	0	0	0	0	0	0	0	0	0	0	0	0
Cells	2021-10-01	8471616	479150	37819	0	1	0	2	0	0	2	0	0	0	6	7	0	0	0	0	24	0	1	3	0	0	2	0	4	0	0	0	0	0	0	0	0	0
Cells	2021-10-01	8470143	99971	8906	0	7	0	1	0	0	0	0	0	5	1	7	0	0	0	0	15	0	0	0	0	0	0	0	0	0	0	0	0	0	0	0	0	0
Cells	2021-10-01	8472429	116172	10781	0	4	1	4	0	0	3	3	0	1	0	1	0	0	1	0	16	0	0	1	0	0	2	0	0	0	0	0	0	0	0	0	0	0
Cells	2021-10-01	8469649	142563	12815	0	4	0	4	0	0	1	6	0	1	1	0	0	4	0	0	50	0	0	1	0	0	0	0	0	0	0	0	0	0	0	0	0	0
Cells	2021-10-01	8469338	170627	13014	0	5	0	0	0	0	0	3	0	0	1	1	0	0	0	0	29	0	1	1	0	0	0	0	0	0	0	0	0	0	0	0	0	0
Cells	2021-10-01	8469383	89828	8078	0	1	0	4	0	1	0	1	0	6	0	0	0	0	0	0	30	0	0	0	0	0	0	0	0	0	0	0	0	0	0	0	0	0
Cells	2021-10-01	8465477	135545	14818	0	35	0	5	0	0	0	3	0	0	1	0	0	0	0	0	29	0	0	2	0	0	1	0	0	0	0	0	0	0	1	0	0	0
Cells	2021-10-01	8533957	281687	22442	0	1	1	0	0	0	0	2	0	3	0	3	0	0	0	1	9	0	0	2	0	0	0	0	0	0	0	0	0	0	0	0	0	0
Cells	2021-10-01	8533906	208234	16241	0	0	0	0	0	0	2	0	0	3	0	1	0	0	0	0	24	0	0	1	0	0	1	0	0	0	0	0	0	0	0	0	0	0
Cells	2021-10-01	8533955	286895	21491	1	0	0	7	0	0	4	6	0	0	0	1	0	0	0	0	40	0	0	11	0	0	0	0	0	0	0	0	0	0	0	0	0	0
Cells	2021-10-01	8534194	143470	11383	0	8	0	2	0	0	0	1	0	0	0	7	0	0	0	0	43	0	0	0	0	0	0	0	0	0	0	0	0	0	0	0	0	0
Cells	2021-10-01	8534169	175772	13220	0	1	0	2	0	0	0	0	0	1	0	1	0	0	0	0	23	0	2	2	0	0	0	0	0	0	0	0	0	0	0	0	0	0
Cells	2021-10-01	8533962	72295	6080	0	14	2	0	0	0	0	0	0	0	1	0	0	0	0	0	40	0	0	0	0	0	0	0	1	0	0	0	0	0	0	0	0	0
Cells	2021-10-01	8533921	86193	8688	0	19	0	0	0	0	0	0	0	0	1	15	0	0	1	0	17	0	0	0	0	0	0	1	0	0	0	0	0	0	0	0	0	0
Cells	2021-10-01	8533880	146961	13675	0	10	0	0	0	1	0	9	0	0	0	1	0	0	0	0	6	0	0	1	0	0	0	1	0	0	0	0	0	0	0	0	0	0
Cells	2021-10-01	8533772	51230	4323	0	0	1	0	0	0	0	0	0	0	0	0	0	0	0	0	3	0	0	1	0	0	0	0	0	0	0	1	0	0	0	0	0	0
Cells	2021-10-01	8534056	147900	12976	0	4	0	0	0	0	5	0	0	0	0	1	0	0	0	0	26	0	0	2	0	0	0	0	0	0	0	0	0	0	0	0	0	0
Cells	2021-10-01	8533733	124066	11345	0	9	0	1	0	2	1	3	0	0	0	2	0	0	0	0	1	0	0	1	0	0	0	0	0	0	0	0	0	0	0	0	0	0
Cells	2021-10-01	8533759	130863	10166	0	10	0	0	0	0	1	0	0	0	0	2	0	0	0	0	10	0	0	1	0	0	1	0	0	0	0	0	0	0	0	0	0	0
Cells	2021-10-01	8534298	139084	11034	0	5	1	2	0	0	0	2	0	0	1	0	0	3	0	0	11	0	1	2	0	0	2	0	2	0	0	0	0	0	0	1	0	0
Cells	2021-10-01	8533855	266964	20322	0	0	0	2	0	0	1	1	0	0	0	4	0	0	0	0	22	0	0	7	0	0	0	0	0	0	0	0	0	0	0	0	0	0
Cells	2021-10-01	8534030	101905	9666	0	7	2	1	0	0	2	1	0	0	1	6	0	0	0	0	27	0	0	1	0	0	0	0	0	0	0	0	0	0	0	0	0	0
Cells	2021-10-01	8534258	252462	20943	0	3	0	1	0	2	0	25	0	4	0	1	0	0	1	0	43	0	0	1	0	0	0	0	0	0	0	0	0	0	0	0	0	0
Cells	2021-10-01	8533844	130948	10955	0	3	0	0	0	0	2	11	0	1	0	1	0	0	0	0	16	0	0	3	0	0	0	0	0	0	0	0	0	0	0	0	0	0
Cells	2021-10-01	8534226	120022	11495	0	16	0	1	0	0	3	2	0	44	0	3	0	0	0	0	25	0	0	0	0	0	0	0	0	0	0	0	0	0	0	0	0	0
Cells	2021-10-01	8533860	217059	16083	0	0	0	0	0	0	0	1	0	4	0	0	0	0	0	0	8	0	0	2	0	0	0	0	0	0	0	0	0	0	0	0	0	0
Cells	2021-10-01	8534263	141188	14152	0	17	0	0	0	1	4	1	0	0	0	1	0	0	0	0	5	0	0	0	0	0	0	1	0	0	0	0	0	0	0	0	0	0
Cells	2021-10-01	8534097	109644	9119	0	1	0	2	0	0	0	0	0	0	0	3	0	0	0	0	7	0	0	1	0	0	0	0	1	0	0	0	0	0	0	0	0	1
Cells	2021-10-01	8534278	159656	12995	0	2	0	0	0	0	2	0	0	1	1	0	0	0	0	0	7	0	0	0	0	0	0	0	0	0	0	0	0	0	0	0	0	0
Cells	2021-10-01	8533741	127445	12345	0	19	0	2	0	2	1	0	0	2	1	12	0	0	0	0	22	0	0	1	0	0	0	0	0	0	0	0	0	0	0	0	0	0
Cells	2021-10-01	8533736	83496	7559	0	10	0	0	0	0	0	1	0	0	4	1	0	0	0	0	33	0	0	0	0	0	1	0	1	0	0	0	0	0	0	0	0	0
Cells	2021-10-01	8533714	107554	10479	0	7	0	3	0	0	0	3	0	1	0	0	0	0	0	0	20	0	0	0	0	0	0	0	0	0	0	0	0	0	0	0	0	0
