journal	date	pmc_id	Nchars	Nwords	delve	analyse	acknowledge	assess	appraise	dissect	explore	examine	extricate	expose	estimate	investigate	inquire	inspect	interpret	scrutinise	study	unearth	uncover	understand	ponder	research	reason	retrieve	avoid	discount	disregard	dismiss	ignore	neglect	overlook	omit	skip	reject
Cells	2024-07-01	11011318	118221	10709	0	31	0	0	0	0	2	0	0	1	0	3	0	0	0	0	51	0	0	1	0	0	0	0	0	0	0	0	0	0	0	0	0	0
Cells	2024-07-01	11011546	185606	13895	0	0	0	0	0	0	1	1	0	0	0	1	0	0	0	0	11	0	0	1	0	0	0	0	0	0	0	0	0	0	0	0	0	0
Cells	2024-07-01	11011993	81797	7075	0	2	0	5	0	1	2	1	0	2	1	7	0	0	0	0	19	0	0	0	0	0	0	0	0	0	0	0	0	0	0	0	0	0
Cells	2024-07-01	11011747	137949	13708	0	9	0	1	0	0	7	6	0	1	0	2	0	0	0	0	8	0	0	0	0	0	1	0	0	0	0	0	0	0	0	0	0	0
Cells	2024-07-01	11011792	208075	19535	0	6	1	4	0	1	2	0	0	1	0	2	0	0	0	1	30	0	0	2	0	0	0	0	0	0	0	0	0	0	0	0	0	0
Cells	2024-07-01	11011487	158409	14778	0	7	0	6	0	0	0	0	0	0	3	5	0	0	0	0	39	0	0	1	0	0	0	0	0	0	0	0	0	0	0	0	0	0
Cells	2024-07-01	11011788	180309	14911	0	10	2	1	0	0	0	1	0	0	0	0	0	0	1	0	25	0	0	0	0	0	0	1	0	0	0	0	0	0	0	0	0	0
Cells	2024-07-01	11011562	128106	11787	0	18	0	0	0	0	0	0	0	1	0	2	0	0	0	0	8	0	0	0	0	0	0	0	0	0	0	0	0	0	0	0	0	0
Cells	2024-07-01	11011929	122992	10306	1	5	0	0	0	0	0	0	0	0	2	0	0	0	0	0	17	0	0	3	0	0	0	0	1	0	0	0	0	0	0	0	0	0
Cells	2024-07-01	11011860	63242	6172	0	7	0	0	0	0	0	0	0	0	0	3	0	0	0	0	28	0	0	0	0	0	0	0	0	0	0	0	0	0	0	0	0	0
Cells	2024-07-01	11011419	167096	14194	0	7	0	1	0	0	0	1	0	0	0	11	1	0	0	0	21	0	0	2	0	0	0	2	1	0	0	0	0	0	1	1	0	0
Cells	2024-07-01	11011516	91463	8069	0	3	0	0	0	2	0	0	0	0	0	3	0	0	0	0	22	0	0	1	0	0	0	0	0	0	0	0	0	0	1	0	0	0
Cells	2024-07-01	11011638	147581	13955	0	17	1	0	0	0	0	2	0	1	0	5	0	0	0	0	24	0	0	0	0	0	0	0	0	0	0	0	0	0	0	0	0	0
Cells	2024-07-01	11012202	84200	7593	0	9	1	3	0	3	0	1	0	0	0	1	0	0	0	0	25	0	1	4	0	0	0	0	0	0	1	0	0	0	0	0	0	0
Cells	2024-07-01	11011683	129201	10672	0	14	1	0	0	0	0	2	0	0	0	0	0	0	0	0	9	0	0	1	0	0	0	0	0	0	0	0	0	0	0	0	0	0
Cells	2024-07-01	11011265	150799	12929	0	7	0	7	0	1	0	3	0	2	0	4	0	0	0	0	19	0	0	4	0	0	0	0	0	0	0	0	0	0	0	0	0	0
Cells	2024-07-01	11012126	148627	12143	0	1	0	0	0	0	0	0	0	1	0	2	0	0	0	0	13	0	0	2	0	0	1	0	0	0	0	0	0	0	0	0	0	0
Cells	2024-07-01	11011714	214643	19968	0	9	2	1	0	1	4	7	0	2	0	4	0	0	0	0	40	0	1	5	0	0	0	0	0	0	0	0	0	0	0	0	0	0
Cells	2024-07-01	11011436	137353	12933	0	1	0	1	0	0	4	3	0	6	0	0	0	0	0	0	23	0	0	1	0	0	0	0	0	0	0	0	0	0	0	0	0	0
Cells	2024-07-01	11011712	105056	9206	0	6	0	8	0	0	1	8	0	1	0	0	0	0	0	0	35	0	0	2	0	0	0	0	0	0	0	0	0	1	0	0	0	0
Cells	2024-07-01	11012138	329704	26184	0	3	0	3	0	0	1	0	0	0	1	1	0	0	0	0	29	0	1	7	0	0	0	0	1	0	0	0	0	0	0	0	0	0
Cells	2024-07-01	11011892	134776	12196	0	12	4	2	0	0	1	0	0	0	0	2	0	0	0	0	10	0	0	1	0	0	1	0	0	0	0	0	0	0	0	0	0	0
Cells	2024-07-01	11012168	213197	16474	0	1	0	2	0	0	1	0	0	0	1	5	0	0	0	0	15	0	0	5	0	0	1	0	0	0	0	0	0	0	0	0	0	0
Cells	2024-07-01	11011524	168937	12442	0	3	0	0	0	0	7	0	0	1	3	3	0	1	0	0	54	0	0	1	0	1	1	0	0	0	0	0	0	0	0	0	0	0
Cells	2024-07-01	11011349	119205	9562	0	2	0	0	0	0	1	1	0	0	0	0	0	0	0	1	21	0	0	4	0	0	0	0	0	0	0	0	0	0	1	0	0	0
Cells	2024-07-01	11048792	269005	19567	0	0	0	0	0	1	2	0	0	0	3	9	0	0	0	0	25	0	0	5	0	0	0	0	0	0	0	0	0	0	0	0	0	0
Cells	2024-07-01	11049381	109814	9414	0	0	0	0	0	0	0	0	0	0	0	0	0	0	0	0	2	0	0	0	0	0	1	0	0	0	0	0	0	0	0	0	0	0
Cells	2024-07-01	11049552	149327	12421	0	0	0	3	0	1	1	0	0	2	0	2	1	0	0	0	42	0	1	1	0	0	0	0	0	0	0	0	0	0	0	1	0	0
Cells	2024-07-01	11048793	74176	7043	0	4	0	1	0	0	2	3	0	8	0	2	0	0	0	0	10	0	1	1	0	0	0	0	0	0	0	0	0	0	0	0	0	0
Cells	2024-07-01	11049433	122458	10082	0	8	0	1	0	0	0	4	0	0	2	7	0	0	0	1	42	0	0	3	0	0	0	0	0	0	0	0	0	0	0	0	0	0
Cells	2024-07-01	11048922	102442	9948	0	12	0	2	0	2	0	3	0	3	0	2	0	0	0	0	16	0	0	0	0	0	0	0	0	0	0	0	0	1	0	0	0	0
Cells	2024-07-01	11048910	130913	11091	0	0	0	0	0	0	0	0	0	0	0	2	0	0	0	0	11	0	0	2	0	0	1	0	0	0	0	0	0	0	0	0	0	0
Cells	2024-07-01	11049274	131774	11185	0	1	1	1	0	4	1	1	0	2	0	4	0	0	0	2	1	0	0	1	0	0	0	0	0	0	0	0	0	0	0	0	0	0
Cells	2024-07-01	11049548	110789	10140	0	11	2	0	0	0	1	2	0	0	0	2	0	0	0	0	28	0	0	2	0	0	1	0	0	0	0	0	0	0	0	0	0	0
Cells	2024-07-01	11049018	269483	20633	0	1	1	2	0	1	0	0	0	0	2	3	0	0	0	0	24	0	0	3	0	0	0	0	0	0	0	0	0	0	0	0	0	0
Cells	2024-07-01	11049420	147673	11882	1	18	0	0	2	0	6	2	0	0	1	10	0	0	0	0	53	0	0	7	0	0	0	0	0	0	0	0	0	0	0	0	0	0
Cells	2024-07-01	11048823	97312	8830	0	8	0	0	0	1	0	2	0	0	0	5	0	0	0	0	14	0	0	0	0	0	0	0	0	0	0	0	0	0	0	0	0	0
Cells	2024-07-01	11049543	175542	14472	0	3	0	0	0	0	6	0	0	2	4	0	0	0	1	0	24	0	0	0	0	0	0	0	0	0	0	0	0	0	0	0	0	0
Cells	2024-07-01	11049637	109563	10791	0	2	0	11	0	0	1	0	0	0	0	10	0	0	0	0	10	0	0	2	0	0	0	0	0	0	0	0	0	0	0	0	0	0
Cells	2024-07-01	11049155	137300	12443	0	19	1	3	0	0	2	0	0	1	3	2	0	1	0	0	25	0	0	2	0	0	0	0	0	0	0	0	0	0	0	0	1	0
Cells	2024-07-01	11049639	174276	15507	0	8	1	14	0	0	0	6	0	3	0	2	0	0	0	0	28	0	0	3	0	0	0	0	0	0	0	0	0	0	0	1	0	0
Cells	2024-07-01	11048776	121667	11558	0	8	0	0	0	0	1	1	0	0	0	2	0	0	0	0	4	0	0	0	0	0	0	0	0	0	0	0	0	0	0	0	0	0
Cells	2024-07-01	11048857	84424	8467	0	10	0	2	0	0	1	0	0	0	0	1	0	0	0	0	1	0	1	0	0	0	0	0	0	0	0	0	0	0	0	0	0	0
Cells	2024-07-01	11049076	194066	15752	0	7	0	14	0	0	0	1	0	2	0	4	0	0	0	0	22	0	0	0	0	0	0	0	0	0	0	0	0	0	0	0	0	0
Cells	2024-07-01	11049194	132407	11869	1	4	1	4	0	0	3	4	0	6	0	11	0	0	0	0	34	0	0	2	0	0	0	0	0	0	0	0	0	0	0	0	0	0
Cells	2024-07-01	11048979	118951	10583	0	2	0	0	0	0	2	1	0	2	0	7	0	0	0	0	4	0	0	0	0	0	5	0	0	0	0	0	0	0	0	0	0	0
Cells	2024-07-01	11048918	111064	9875	0	2	0	3	0	0	0	6	0	2	0	13	0	0	0	0	11	0	0	1	0	0	0	0	0	0	0	0	0	0	0	0	0	0
Cells	2024-07-01	11049650	273063	19989	1	2	0	1	0	0	7	0	0	0	0	8	0	0	0	0	37	0	1	8	0	0	0	0	2	0	0	0	0	0	0	0	0	0
Cells	2024-07-01	11049242	119494	10356	0	7	0	1	0	1	0	0	0	1	0	5	0	0	1	0	18	0	0	2	0	0	0	0	0	0	0	0	0	0	0	0	0	0
Cells	2024-07-01	11049045	182355	16564	0	4	0	2	0	0	3	2	0	21	0	2	0	0	0	0	19	0	0	1	0	0	0	0	0	0	0	0	0	0	0	0	0	0
Cells	2024-07-01	11049087	363175	29143	2	1	0	1	0	0	5	2	0	0	2	3	0	0	0	0	96	0	1	5	0	0	0	1	0	0	0	0	0	0	0	0	0	0
Cells	2024-07-01	11049500	90336	8336	0	8	0	2	0	0	1	0	0	0	1	3	0	0	0	0	5	0	0	1	0	0	0	0	0	0	0	0	0	0	0	0	0	0
Cells	2024-07-01	11049154	124479	12703	0	6	1	0	0	0	1	1	0	0	0	2	0	0	0	0	27	0	0	2	0	0	0	0	0	0	0	0	0	0	0	0	0	0
Cells	2024-07-01	11049515	126727	11508	0	8	0	0	0	0	5	0	0	0	0	6	0	0	0	0	29	0	0	5	0	0	0	0	0	0	0	0	0	0	0	0	0	0
Cells	2024-07-01	11049365	135336	10961	0	0	0	0	0	0	1	2	0	0	0	0	0	0	0	0	12	0	0	1	0	0	0	0	0	0	0	0	0	0	0	0	0	0
Cells	2024-07-01	11049044	141958	11199	0	1	0	2	0	0	7	1	0	5	0	5	0	0	1	0	24	0	0	3	0	0	0	0	0	0	0	0	0	0	0	0	0	0
Cells	2024-07-01	11049089	196110	14570	0	0	0	0	0	0	0	1	0	1	2	1	0	0	1	0	16	0	1	1	0	0	0	0	0	0	0	0	0	0	0	0	0	0
Cells	2024-07-01	11049294	80739	7371	0	4	0	3	0	0	0	1	0	0	1	0	0	0	0	0	5	0	0	1	0	0	0	0	0	0	0	0	0	0	0	0	0	0
Cells	2024-07-01	11048769	186501	14530	0	1	1	4	0	1	2	0	0	2	0	5	0	0	0	0	48	0	0	8	0	0	1	0	0	0	0	0	0	0	0	1	1	0
Cells	2024-07-01	11049511	115423	10102	0	4	0	4	0	0	0	4	0	0	1	2	0	0	0	0	12	0	0	2	0	0	0	0	0	0	0	0	0	0	0	0	0	0
Cells	2024-07-01	11049608	134248	12051	0	5	0	3	0	0	0	0	0	0	0	1	0	0	0	0	24	0	0	0	0	0	0	0	0	0	0	0	0	0	0	0	0	0
Cells	2024-07-01	11049073	186054	14844	1	7	0	0	0	1	1	1	0	0	2	5	0	0	0	0	30	0	0	6	0	0	1	0	0	0	0	0	0	0	0	0	0	0
Cells	2024-07-01	11049012	216162	15671	0	1	1	1	0	0	0	1	0	0	0	1	0	0	0	0	37	0	0	1	0	0	0	0	0	0	0	0	0	1	0	0	0	0
Cells	2024-07-01	11049304	231013	17214	0	1	0	0	0	0	2	6	0	1	0	0	0	0	0	0	17	0	0	3	0	0	2	0	0	0	0	0	0	0	0	0	0	0
Cells	2024-07-01	11049262	14658	1270	0	0	0	0	0	0	0	0	0	0	0	0	0	0	0	0	0	0	0	0	0	0	0	0	0	0	0	0	0	0	0	0	0	0
Cells	2024-07-01	11049110	148660	13102	0	17	2	3	0	0	1	0	0	1	0	8	0	0	0	0	26	0	0	1	0	0	1	3	0	0	0	0	0	0	0	0	0	0
Cells	2024-07-01	11049138	207292	18041	0	5	1	4	0	0	0	0	0	0	3	11	0	0	1	0	36	0	0	1	0	0	0	0	0	0	0	0	0	0	0	0	0	0
Cells	2024-07-01	11049235	129694	11096	0	4	0	1	0	1	3	3	0	1	1	4	0	0	0	0	28	0	0	4	0	0	0	0	0	0	0	0	0	0	0	0	0	0
Cells	2024-07-01	11049106	254064	19168	0	2	0	0	0	0	5	0	0	1	0	0	0	0	0	0	16	0	0	0	0	0	0	0	0	0	0	0	0	0	0	0	0	0
Cells	2024-07-01	11049100	104531	8801	0	7	0	0	0	0	5	0	0	0	0	2	0	0	0	0	11	0	0	0	0	0	0	0	0	0	0	0	0	0	0	0	0	0
Cells	2024-07-01	11049619	99676	8632	0	3	0	0	0	0	3	0	0	1	0	4	0	0	0	0	11	0	0	2	0	0	0	0	0	0	0	0	0	0	0	0	0	0
Cells	2024-07-01	11048932	234974	17767	0	2	1	0	0	0	3	1	0	0	0	1	0	0	1	0	14	0	0	13	0	0	1	0	0	0	0	0	0	0	0	0	0	0
Cells	2024-07-01	11048846	140905	11047	0	4	0	0	0	0	2	0	0	2	2	7	0	0	0	0	18	0	0	2	0	0	0	0	0	0	0	0	0	0	0	0	0	0
Cells	2024-07-01	11048908	133760	11199	0	18	0	2	0	0	0	2	0	0	5	1	0	0	0	0	36	0	0	0	0	0	0	0	0	0	0	0	0	0	0	0	0	0
Cells	2024-07-01	11049359	115377	11337	0	17	0	1	0	0	0	2	0	3	1	1	0	0	0	0	12	0	0	1	0	0	0	0	0	0	0	0	0	0	0	0	0	0
Cells	2024-07-01	11083513	223687	19679	0	5	0	3	0	1	3	0	0	0	2	0	0	0	3	0	33	0	2	1	0	0	0	0	0	0	0	0	0	0	0	0	0	0
Cells	2024-07-01	11083010	194958	15440	0	0	1	1	0	0	3	2	0	0	6	1	0	0	0	0	16	0	0	5	0	0	0	0	0	0	0	0	0	0	0	0	0	0
Cells	2024-07-01	11083315	132982	11957	0	16	1	4	0	1	0	0	0	0	0	5	0	0	2	0	19	0	0	0	0	0	0	0	0	0	0	0	0	0	0	0	0	0
Cells	2024-07-01	11083611	123508	11948	0	8	0	4	0	1	1	15	0	0	0	2	0	0	0	0	39	0	0	0	0	0	0	0	0	0	0	0	0	0	0	0	0	0
Cells	2024-07-01	11083355	123391	10875	0	23	0	3	0	1	1	1	0	0	1	1	0	1	0	0	24	0	0	2	0	0	0	0	1	0	0	0	0	0	0	0	0	0
Cells	2024-07-01	11083725	184143	15534	0	5	0	1	0	1	2	0	0	3	0	1	0	0	1	0	35	0	0	0	0	0	1	0	0	0	0	0	0	0	0	0	0	0
Cells	2024-07-01	11082981	127688	11345	0	6	2	2	0	0	4	4	0	1	0	2	0	0	0	0	14	0	0	0	0	0	0	0	0	0	0	0	0	1	0	0	0	0
Cells	2024-07-01	11082999	168237	13568	0	12	1	1	0	0	1	1	0	0	1	12	0	0	0	0	14	0	0	0	0	0	0	0	0	0	0	0	0	0	0	0	0	0
Cells	2024-07-01	11083420	388640	28214	0	1	0	0	0	0	1	1	0	1	0	2	0	0	0	0	44	0	1	7	0	0	0	0	0	0	0	0	0	0	0	0	0	0
Cells	2024-07-01	11082957	145722	12958	0	5	0	6	0	0	3	2	0	4	0	4	0	0	0	0	22	0	0	2	0	0	1	0	0	0	0	0	0	0	0	0	0	0
Cells	2024-07-01	11083947	122684	12737	0	9	0	1	0	0	2	6	0	3	0	0	0	0	0	0	23	0	0	0	0	0	0	0	0	0	0	0	0	0	0	0	0	0
Cells	2024-07-01	11083495	67193	6101	0	14	0	1	0	0	0	0	0	0	0	0	0	0	0	0	7	0	0	0	0	0	0	0	0	0	0	0	0	0	0	0	0	0
Cells	2024-07-01	11083689	234552	18657	0	1	0	2	0	0	7	0	0	0	0	4	0	0	0	0	15	0	0	1	0	0	0	0	0	0	0	0	0	0	0	0	0	0
Cells	2024-07-01	11083511	247094	19223	0	0	0	0	0	0	2	1	0	2	1	1	0	0	0	0	36	0	0	2	0	0	1	0	0	0	0	0	0	0	0	0	0	0
Cells	2024-07-01	11083702	176616	14204	0	5	0	1	0	0	0	1	0	2	1	1	0	0	0	0	11	0	0	0	0	0	0	0	0	0	0	0	0	0	0	0	0	0
Cells	2024-07-01	11083059	310580	24333	0	13	1	3	0	0	0	1	0	0	4	7	0	0	0	0	65	0	0	10	0	0	1	0	0	0	0	0	0	0	0	0	0	0
Cells	2024-07-01	11083125	159614	13348	0	6	0	3	0	0	0	5	0	0	0	1	0	0	1	0	33	0	0	2	0	0	0	0	0	0	0	0	0	0	0	0	0	0
Cells	2024-07-01	11083014	172079	13110	2	0	1	0	0	1	2	0	0	0	0	0	0	0	0	0	17	0	0	2	0	0	0	0	0	0	0	0	0	0	0	0	0	0
Cells	2024-07-01	11083662	109532	9537	0	3	0	4	0	0	0	5	0	0	0	2	0	0	0	0	18	0	1	1	0	0	0	2	0	0	0	0	0	0	0	0	0	0
Cells	2024-07-01	11083305	198636	17810	0	1	0	5	0	0	0	17	0	18	1	4	0	0	0	0	55	0	0	1	0	0	0	0	0	0	0	0	0	0	0	0	0	0
Cells	2024-07-01	11083487	97381	8843	0	9	0	4	0	0	0	0	0	4	0	4	0	0	0	0	5	0	0	1	0	0	0	0	0	0	0	0	0	0	0	0	0	0
Cells	2024-07-01	11083199	94409	9474	0	13	0	1	0	0	0	0	0	0	0	0	0	0	0	0	31	0	0	0	0	0	0	0	0	0	0	0	0	0	0	0	0	0
Cells	2024-07-01	11083179	462051	32918	0	3	0	0	0	0	3	2	0	1	0	2	0	0	0	0	39	0	2	8	0	0	1	0	0	0	0	0	0	0	0	0	0	0
Cells	2024-07-01	11083056	246205	18912	0	2	0	0	0	0	0	0	0	1	0	0	0	0	0	0	84	0	0	0	0	0	1	3	0	0	0	0	0	0	0	0	0	0
Cells	2024-07-01	11083674	126215	11433	0	7	2	2	0	1	1	3	0	1	0	1	0	0	0	0	4	0	0	4	0	0	1	0	0	0	0	0	0	0	0	0	0	0
Cells	2024-07-01	11119164	128348	10928	1	7	0	4	0	0	3	3	0	0	0	2	0	0	0	0	31	0	0	1	0	0	0	1	0	0	0	0	0	1	0	0	0	0
Cells	2024-07-01	11083289	139682	12438	0	9	0	5	0	0	1	5	0	2	1	2	0	0	0	0	16	0	0	0	0	0	0	0	0	0	0	0	0	0	0	0	0	0
Cells	2024-07-01	11119906	321572	24780	0	0	0	1	0	1	4	1	0	1	0	6	0	0	0	0	45	0	1	8	0	1	1	0	1	0	0	0	0	0	0	0	0	0
Cells	2024-07-01	11083943	149660	11395	0	1	0	0	0	0	3	0	0	0	2	0	0	0	0	0	8	0	0	4	0	0	1	0	0	0	0	0	0	0	0	0	0	0
Cells	2024-07-01	11119037	135684	12210	0	23	1	1	0	0	4	2	0	1	2	1	0	0	0	0	11	0	0	0	0	0	0	0	0	0	0	0	0	0	0	0	0	0
Cells	2024-07-01	11119900	216439	15181	0	2	0	1	0	1	1	0	0	0	1	0	0	0	0	0	1	0	0	2	0	0	1	0	0	0	0	0	0	0	0	0	0	0
Cells	2024-07-01	11083572	190284	17314	0	8	0	7	0	0	0	4	0	0	0	3	0	0	0	1	31	0	0	0	0	0	0	2	0	0	0	0	0	0	0	0	0	0
Cells	2024-07-01	11119362	163292	12434	1	2	0	1	0	0	3	1	0	1	0	4	0	0	0	0	30	0	1	5	0	0	0	0	0	0	0	0	0	0	0	0	0	1
Cells	2024-07-01	11083229	137452	12009	0	8	0	2	0	0	2	4	0	0	0	1	0	0	0	0	30	0	0	0	0	0	0	0	0	0	0	0	0	0	0	0	0	0
Cells	2024-07-01	11083296	147991	12195	0	8	0	0	0	0	2	21	0	1	0	2	0	0	0	0	25	0	1	4	0	0	0	0	0	0	0	0	0	0	0	0	0	0
Cells	2024-07-01	11119693	100530	9853	0	2	0	5	0	0	0	0	0	0	4	2	0	0	0	0	11	0	0	2	0	0	0	0	0	0	0	0	0	0	0	0	0	0
Cells	2024-07-01	11119143	331552	24947	0	1	0	1	0	1	1	0	0	0	0	0	0	0	0	0	42	0	0	0	0	0	1	0	0	0	0	0	0	0	0	0	29	0
Cells	2024-07-01	11083685	147567	11333	0	0	0	1	1	0	2	1	0	2	0	1	0	0	0	0	23	0	0	1	0	0	0	0	0	0	0	0	0	0	0	0	0	0
Cells	2024-07-01	11083043	134897	11824	0	2	0	1	0	1	0	0	0	2	0	7	0	0	0	0	24	0	0	1	0	0	0	0	0	1	0	0	0	0	0	0	0	0
Cells	2024-07-01	11120636	267313	18906	0	2	0	0	0	0	1	5	0	0	0	1	0	0	0	0	62	0	2	13	0	0	2	0	0	0	0	0	0	0	0	0	0	0
Cells	2024-07-01	11083423	162347	14019	0	14	0	0	0	0	0	7	0	0	4	10	0	0	0	0	36	0	0	1	0	0	0	1	0	0	0	0	0	0	0	0	0	0
Cells	2024-07-01	11083667	179183	14761	0	4	2	2	0	0	2	3	0	0	1	1	0	0	0	0	32	0	0	0	0	0	0	0	0	0	0	0	0	0	0	0	0	0
Cells	2024-07-01	11120114	246304	17724	1	2	0	2	0	0	22	5	0	2	0	10	0	0	0	0	25	0	0	8	0	0	1	0	0	0	0	0	0	0	0	0	0	0
Cells	2024-07-01	11083118	122759	10710	0	6	0	0	0	0	0	5	0	0	0	1	0	0	0	0	19	0	0	0	0	0	0	0	0	0	0	0	0	0	0	0	0	0
Cells	2024-07-01	11119434	108587	8677	0	0	0	1	0	0	0	0	0	0	0	0	0	0	0	0	7	0	1	1	0	0	0	0	0	0	0	0	0	0	0	0	0	0
Cells	2024-07-01	11119296	254576	19045	1	0	0	0	0	0	2	3	0	8	0	4	0	0	0	0	42	0	0	10	0	0	0	0	0	0	0	0	0	0	0	0	0	0
Cells	2024-07-01	11119253	241968	18562	0	18	0	0	0	0	0	0	0	1	1	2	0	0	1	0	15	0	3	1	0	0	1	0	0	0	0	0	0	0	0	0	0	0
Cells	2024-07-01	11119756	101768	9064	0	2	2	0	0	2	1	3	0	0	2	1	0	0	0	0	31	0	1	1	0	0	0	0	1	0	0	0	0	0	0	0	0	0
Cells	2024-07-01	11083313	439465	31512	0	4	1	0	0	0	3	0	0	3	0	2	0	0	0	0	38	0	1	4	0	0	1	0	0	0	0	0	0	0	0	0	0	0
Cells	2024-07-01	11083223	44299	3497	1	0	0	0	0	0	4	0	0	0	0	1	0	0	0	0	11	0	0	2	0	0	0	0	1	0	0	0	0	0	0	0	0	0
Cells	2024-07-01	11119837	109965	9062	0	2	0	0	0	2	5	0	0	0	0	2	0	0	1	0	10	0	0	0	0	0	0	0	0	0	0	0	0	0	0	0	0	0
Cells	2024-07-01	11119896	125561	11414	0	11	0	0	0	0	3	0	0	0	0	1	0	0	0	0	15	0	0	2	0	0	0	0	0	0	0	0	0	0	0	0	0	0
Cells	2024-07-01	11119800	252182	19769	0	0	0	0	0	0	5	0	0	0	0	1	0	0	0	0	27	0	4	3	0	0	1	0	0	0	0	0	2	0	0	0	0	0
Cells	2024-07-01	11119757	138032	10874	0	10	0	2	0	0	2	1	0	1	0	1	0	0	0	0	10	0	0	2	0	0	1	0	1	0	0	0	0	0	0	0	0	0
Cells	2024-07-01	11120107	162608	14180	0	13	0	9	0	0	0	1	0	0	0	11	0	0	0	0	13	0	0	1	0	0	0	0	0	0	0	0	0	0	0	0	0	0
Cells	2024-07-01	11120542	139401	12271	0	2	0	2	0	0	0	1	0	0	0	4	0	0	0	0	26	0	0	0	0	0	1	0	0	0	0	0	0	0	0	0	0	0
Cells	2024-07-01	11119139	267260	20186	0	1	0	3	0	0	1	1	0	0	0	4	0	0	0	0	33	0	0	6	0	0	0	0	0	0	0	0	0	0	0	0	0	1
Cells	2024-07-01	11119863	111266	10210	0	7	0	0	0	0	6	1	0	0	0	2	0	1	2	0	22	0	0	2	0	0	0	0	0	0	1	0	0	0	0	0	0	0
Cells	2024-07-01	11119219	330643	25354	0	4	1	0	0	0	1	0	0	1	2	9	0	0	1	0	27	0	0	6	0	0	0	0	1	0	0	0	0	0	0	0	0	1
Cells	2024-07-01	11119203	94387	7843	0	3	0	0	0	0	2	0	0	0	0	2	0	0	0	0	19	0	1	0	0	0	0	0	0	0	0	0	0	0	0	0	0	0
Cells	2024-07-01	11119298	94960	7910	0	2	0	6	0	1	0	0	0	0	1	4	0	0	0	0	17	0	0	0	0	0	1	0	1	0	0	0	0	0	0	0	0	0
Cells	2024-07-01	11119764	169451	14225	1	3	0	5	0	0	1	1	0	2	1	2	0	0	0	0	50	0	0	1	0	0	0	4	1	0	0	0	0	0	0	0	0	0
Cells	2024-07-01	11120214	131939	11421	0	1	0	2	0	0	0	2	0	0	0	1	0	0	0	0	31	0	0	2	0	0	0	0	0	0	0	0	0	0	0	1	0	0
Cells	2024-07-01	11119628	86670	8311	0	8	0	2	0	0	1	0	0	1	0	1	0	0	0	0	15	0	0	2	0	0	1	0	0	0	0	0	0	0	0	0	0	0
Cells	2024-07-01	11120581	258761	19360	0	0	0	0	0	0	2	2	0	6	0	0	0	0	0	0	43	0	0	7	0	0	0	0	0	0	0	0	0	0	0	0	0	0
Cells	2024-07-01	11119195	128558	10814	0	9	0	7	0	0	0	1	0	0	1	8	0	0	0	0	19	0	0	1	0	0	0	0	0	0	0	0	0	0	0	0	0	0
Cells	2024-07-01	11120005	162997	12861	4	0	0	0	0	0	7	4	0	4	1	2	0	0	0	0	31	0	0	19	0	0	0	0	0	0	0	0	0	0	0	0	0	0
Cells	2024-07-01	11120529	7400	534	0	0	0	0	0	0	0	0	0	0	0	0	0	0	0	0	0	0	0	0	0	0	0	0	0	0	0	0	0	0	0	0	0	0
Cells	2024-07-01	11120068	128088	11334	0	11	1	0	0	0	0	0	0	3	0	2	0	1	0	0	10	0	0	1	0	0	0	0	0	0	0	0	0	0	0	0	0	0
Cells	2024-07-01	11119613	165592	15679	0	9	0	10	0	1	1	17	0	1	14	0	0	0	0	0	17	0	0	1	0	0	0	1	0	0	0	0	0	0	0	0	0	0
Cells	2024-07-01	11119796	114508	10265	0	7	1	1	0	0	0	5	0	3	0	4	0	0	0	0	9	0	0	0	0	0	0	0	0	0	0	0	0	0	0	0	0	0
Cells	2024-07-01	11119841	138198	11280	0	16	1	1	0	0	3	0	0	0	0	11	0	0	0	0	19	0	0	1	0	0	0	0	0	0	0	0	0	0	0	0	0	0
Cells	2024-07-01	11120485	110518	9812	0	8	0	2	0	1	3	2	0	0	0	3	0	0	0	0	16	0	0	4	0	0	0	0	0	0	0	0	0	0	0	0	0	0
Cells	2024-07-01	11119505	117319	9676	0	7	0	4	0	1	0	2	0	0	0	3	0	0	1	0	18	0	1	6	0	0	0	0	0	0	0	0	0	0	0	0	9	0
Cells	2024-07-01	11119468	106288	9692	0	2	0	4	0	0	2	2	0	7	0	3	0	0	0	0	12	0	0	1	0	0	0	0	0	0	0	0	0	0	0	0	0	0
Cells	2024-07-01	11171561	231707	16563	1	0	0	0	0	1	1	1	0	4	3	2	0	0	0	0	32	0	0	1	0	0	0	0	0	0	0	0	0	0	1	0	0	0
Cells	2024-07-01	11119364	250530	21044	0	6	2	4	0	0	9	1	0	4	0	0	0	0	0	0	86	0	0	0	0	1	0	0	0	0	0	0	0	0	0	0	0	0
Cells	2024-07-01	11120330	355484	28727	1	1	0	2	0	0	3	0	0	7	3	1	0	0	0	0	12	0	1	2	0	0	0	0	0	0	0	0	0	0	0	0	0	0
Cells	2024-07-01	11120430	287382	21137	2	3	0	2	0	0	9	1	0	2	0	1	0	0	0	0	25	0	0	12	0	0	0	0	0	0	0	0	0	0	0	0	0	0
Cells	2024-07-01	11119713	135025	11662	0	14	0	2	0	0	1	0	0	2	1	1	0	0	0	0	7	0	0	1	0	0	0	0	0	0	0	0	0	0	0	0	0	0
Cells	2024-07-01	11119423	142709	11961	0	9	0	1	0	2	1	0	0	0	0	7	0	0	0	0	11	0	0	0	0	0	0	0	0	0	0	0	0	0	0	0	0	0
Cells	2024-07-01	11172003	183799	16074	0	13	1	1	0	0	0	3	0	4	1	2	0	0	0	0	54	0	0	0	0	0	0	0	0	0	0	0	1	0	0	0	0	0
Cells	2024-07-01	11119474	137401	13443	0	13	1	2	0	0	0	3	0	2	3	3	0	0	0	0	14	0	3	3	0	0	0	0	0	0	0	0	0	0	0	0	0	0
Cells	2024-07-01	11119717	105198	9470	0	3	0	2	0	0	11	3	0	1	1	4	0	0	0	0	18	0	0	6	0	0	0	0	0	0	0	0	0	0	0	0	0	0
Cells	2024-07-01	11119949	330835	23597	0	1	0	0	0	0	0	0	0	0	0	0	0	0	0	0	8	0	0	0	0	0	0	0	0	0	0	0	0	0	0	0	0	0
Cells	2024-07-01	11119062	123419	11755	0	19	0	0	0	3	1	0	0	2	0	5	1	0	0	0	23	0	0	0	0	0	0	1	0	0	0	0	0	0	0	0	0	0
Cells	2024-07-01	11120028	130808	11548	0	0	0	5	0	0	1	2	0	14	2	5	0	0	0	0	30	0	1	0	0	0	0	0	0	0	0	0	0	0	0	0	0	0
Cells	2024-07-01	11120249	281435	21841	0	0	1	1	0	0	0	1	0	1	1	2	0	0	0	0	17	0	0	4	0	0	0	0	0	0	0	0	0	0	0	0	0	0
Cells	2024-07-01	11171506	177323	13941	0	0	0	0	0	0	4	0	0	0	0	0	0	0	0	0	3	0	0	0	0	1	0	0	0	0	0	0	0	0	1	0	0	0
Cells	2024-07-01	11119937	171004	13247	0	0	1	0	0	0	1	0	0	2	0	1	0	0	0	1	13	0	0	3	0	0	0	0	0	0	0	0	0	0	0	0	0	0
Cells	2024-07-01	11120250	159643	13874	1	0	0	3	0	0	0	7	0	0	6	19	0	0	0	0	124	0	0	0	0	1	0	0	0	0	0	0	0	0	0	0	0	0
Cells	2024-07-01	11171867	175658	15717	0	11	1	6	0	0	0	5	0	2	0	1	0	0	0	0	25	0	0	0	0	0	0	0	0	0	0	0	0	0	0	0	0	0
Cells	2024-07-01	11172166	171071	12747	0	1	1	0	0	0	1	2	0	0	0	1	0	0	0	0	31	0	0	2	0	0	0	0	0	0	0	0	0	0	0	0	0	0
Cells	2024-07-01	11120574	145374	11870	0	7	0	5	0	0	1	0	0	3	0	12	0	0	2	0	18	0	0	1	0	0	0	0	0	0	0	0	0	0	0	0	0	0
Cells	2024-07-01	11119749	52861	6241	0	1	0	0	0	0	0	1	0	0	0	2	0	0	0	0	8	0	0	0	0	0	1	0	0	0	0	0	0	0	0	0	1	0
Cells	2024-07-01	11120019	129338	10014	0	1	0	1	0	0	2	0	0	0	1	0	0	0	0	0	7	0	0	3	0	0	0	0	0	0	0	0	0	0	0	0	0	0
Cells	2024-07-01	11119733	70282	6807	0	3	0	0	0	0	0	0	0	0	0	1	0	0	0	0	30	0	0	3	0	0	0	0	0	0	0	0	0	0	0	0	0	0
Cells	2024-07-01	11172192	156385	12327	0	2	0	8	0	0	2	7	0	0	0	1	0	1	0	0	15	0	3	2	0	0	0	0	0	0	0	0	0	0	0	0	0	0
Cells	2024-07-01	11119666	125658	10229	0	10	0	6	0	0	1	0	0	0	0	5	0	0	0	0	14	0	0	0	0	0	0	0	0	0	0	0	0	0	0	0	0	1
Cells	2024-07-01	11172142	308794	22018	0	2	0	0	0	1	2	1	0	0	2	1	0	0	0	0	39	0	0	3	0	0	0	0	0	0	0	0	0	0	0	0	0	0
Cells	2024-07-01	11171786	122082	10178	0	5	0	6	0	0	3	5	0	2	3	2	0	0	0	0	34	0	2	2	0	0	0	0	0	0	0	0	0	0	0	0	0	0
Cells	2024-07-01	11171717	110492	9400	0	3	0	3	0	2	0	0	0	0	1	11	0	0	0	0	13	0	0	1	0	0	2	0	0	0	0	0	0	0	0	0	0	0
Cells	2024-07-01	11171641	128206	11163	0	3	0	6	0	0	0	3	0	0	0	11	0	0	0	0	35	0	0	1	0	0	0	0	0	0	0	0	0	0	0	0	0	0
Cells	2024-07-01	11171711	257810	19945	0	1	1	2	0	0	8	0	0	4	0	4	0	0	0	0	40	0	0	4	0	0	0	0	0	0	0	0	0	0	0	0	0	0
Cells	2024-07-01	11171907	354547	27269	0	3	0	0	0	0	5	0	0	0	0	0	0	0	0	0	35	0	0	3	0	0	1	0	1	0	0	0	0	0	0	0	0	0
Cells	2024-07-01	11171525	98432	9637	3	18	0	2	0	0	1	2	0	0	2	5	0	0	0	0	20	0	0	3	0	0	0	0	0	0	0	0	0	0	0	0	0	0
Cells	2024-07-01	11171814	221556	16274	0	3	1	0	0	0	2	0	0	0	0	0	0	0	0	0	40	0	0	3	0	0	1	0	0	0	0	0	0	0	0	0	0	0
Cells	2024-07-01	11171993	270907	19267	0	5	0	0	0	0	3	1	0	0	0	0	0	0	0	0	11	0	2	6	0	0	0	0	0	0	0	0	0	0	0	0	0	0
Cells	2024-07-01	11171766	86013	7143	0	2	0	9	0	0	5	1	0	1	0	4	0	0	0	0	15	0	0	2	0	0	0	0	0	0	0	0	0	0	0	0	0	0
Cells	2024-07-01	11171813	205176	15663	0	1	0	1	0	0	1	11	0	0	3	8	0	0	0	0	32	0	0	1	0	0	0	0	1	0	0	0	0	0	0	0	0	0
Cells	2024-07-01	11171860	123475	10708	0	3	0	2	0	0	3	1	0	2	0	3	0	0	0	0	19	0	0	1	0	0	0	0	0	0	0	0	0	0	0	0	0	0
Cells	2024-07-01	11171492	159051	14715	0	2	0	6	0	0	0	6	0	2	1	4	0	0	0	0	33	0	0	1	0	0	0	0	0	0	0	0	0	0	0	0	0	0
Cells	2024-07-01	11172341	126566	10878	0	4	0	1	0	0	0	0	0	0	1	0	0	0	0	0	24	0	0	0	0	0	0	0	0	0	0	0	0	0	0	0	0	0
Cells	2024-07-01	11171678	119527	10644	0	10	0	4	0	0	0	1	0	2	0	1	0	0	0	0	15	0	0	0	0	0	0	0	0	0	0	0	0	0	0	0	0	0
Cells	2024-07-01	11172027	94512	9910	0	0	0	1	0	0	0	0	0	0	2	2	0	0	0	0	17	0	0	0	0	0	0	0	0	0	0	0	0	0	0	0	0	0
Cells	2024-07-01	11172061	146847	12742	0	16	0	10	0	0	4	0	0	9	0	2	0	0	0	0	17	0	0	2	0	0	1	0	0	0	0	0	0	0	0	0	0	0
Cells	2024-07-01	11171658	141483	12613	0	27	0	4	0	0	0	5	0	0	0	16	0	0	0	0	31	0	0	0	0	0	0	0	0	0	0	0	0	0	0	0	0	0
Cells	2024-07-01	11172195	145074	12426	0	6	0	5	0	0	1	4	0	3	0	6	0	1	0	0	38	0	0	0	0	0	1	0	0	0	0	0	0	0	0	0	0	0
Cells	2024-07-01	11172022	126555	13023	0	21	0	9	0	0	0	0	0	0	0	0	0	0	0	0	63	0	0	2	0	0	0	0	0	0	0	0	0	0	0	0	0	0
Cells	2024-07-01	11171972	208973	18300	0	33	0	8	0	0	3	6	0	2	4	2	0	0	0	0	13	0	0	7	0	0	1	0	0	0	0	0	0	0	0	1	0	0
Cells	2024-07-01	11171541	398498	31565	3	0	0	0	0	0	4	0	0	4	1	2	0	0	0	0	23	0	0	9	0	0	0	0	0	0	0	0	0	0	0	0	0	0
Cells	2024-07-01	11172188	142237	13573	0	3	0	17	0	0	1	0	0	12	0	10	0	0	0	0	9	0	0	0	0	0	0	0	0	0	0	0	0	0	0	0	0	0
Cells	2024-07-01	11171939	160303	14692	0	10	0	7	0	0	0	1	0	0	1	3	0	0	0	0	10	0	2	1	0	0	1	0	0	0	0	0	0	0	0	0	0	0
Cells	2024-07-01	11171955	155153	11911	0	2	0	0	0	0	0	0	0	1	0	1	0	0	0	0	1	0	0	0	0	0	0	0	0	0	0	0	0	0	0	0	0	0
Cells	2024-07-01	11172175	145984	11813	1	0	0	1	0	0	3	0	0	1	1	0	0	0	0	0	92	0	0	1	0	0	0	0	0	0	0	0	0	0	0	0	0	0
Cells	2024-07-01	11172092	146961	12114	0	4	0	3	0	0	0	0	0	1	0	8	0	0	0	0	23	0	0	1	0	0	0	0	0	0	0	0	0	0	0	0	0	0
Cells	2024-07-01	11172114	97885	8388	0	3	0	1	0	0	1	1	0	0	1	4	0	0	0	0	38	0	0	0	0	0	0	0	0	0	0	0	0	0	0	0	0	0
Cells	2024-07-01	11171855	218411	16607	0	8	0	2	0	0	1	1	0	1	0	4	0	0	0	0	39	0	0	3	0	1	0	0	0	0	0	0	0	0	0	0	0	0
Cells	2024-07-01	11171903	167478	14201	0	20	2	0	0	0	0	2	0	0	1	6	0	0	0	0	25	0	0	0	0	0	0	0	0	0	0	0	0	0	0	0	0	0
Cells	2024-07-01	11201841	206199	16966	3	2	1	2	0	2	9	0	0	0	2	9	0	0	0	0	53	0	0	24	0	1	0	0	0	0	0	0	0	1	0	0	0	0
Cells	2024-07-01	11171988	111334	10338	0	6	0	2	0	2	2	0	0	2	0	1	0	0	0	0	33	0	0	0	0	0	0	0	0	0	0	0	0	0	0	0	0	0
Cells	2024-07-01	11172287	125985	10565	0	1	0	0	0	0	0	0	0	0	2	0	0	0	0	0	15	0	0	2	0	0	0	0	0	0	0	0	0	0	0	0	0	0
Cells	2024-07-01	11202162	143853	11373	0	1	0	4	0	0	1	0	0	0	0	0	0	0	0	0	30	0	0	1	0	0	0	0	1	0	0	0	0	0	0	0	0	0
Cells	2024-07-01	11202306	146472	13045	0	11	0	0	0	0	0	4	0	10	0	9	0	0	2	0	28	0	0	1	0	0	0	0	0	0	0	0	0	0	0	0	0	0
Cells	2024-07-01	11171783	121510	10718	0	10	1	2	0	0	1	0	0	0	0	2	0	0	0	0	24	0	0	0	0	0	0	0	0	0	0	0	0	0	0	0	8	0
Cells	2024-07-01	11171642	146479	12747	0	3	0	0	0	0	2	3	0	0	0	2	0	0	0	0	8	0	0	0	0	0	0	0	1	0	0	0	0	0	0	0	0	0
Cells	2024-07-01	11171800	46535	4711	0	7	0	1	0	0	0	0	0	0	0	2	0	0	0	0	20	0	0	1	0	0	0	0	0	0	0	0	0	0	0	0	0	0
Cells	2024-07-01	11172217	120518	11084	0	5	0	1	0	1	4	3	0	1	0	7	0	0	0	0	22	0	0	2	0	0	0	0	0	0	0	0	0	0	0	0	0	0
Cells	2024-07-01	11201649	140270	11708	0	5	0	4	0	0	0	1	0	0	0	3	0	0	0	0	21	0	0	1	0	0	1	0	0	0	0	0	0	0	0	0	0	0
Cells	2024-07-01	11171970	180003	14268	0	8	0	3	0	0	0	0	0	0	0	1	0	0	0	0	46	0	0	3	0	0	0	0	0	0	0	0	0	0	0	0	0	0
Cells	2024-07-01	11172386	157796	15232	0	18	0	10	0	0	3	2	0	0	0	14	0	0	0	0	21	0	0	0	0	1	0	0	0	0	0	0	0	0	0	0	0	0
Cells	2024-07-01	11171912	234142	18475	1	1	1	1	0	0	6	2	0	2	1	1	0	0	0	1	42	0	0	1	0	0	0	0	0	0	0	0	0	0	0	0	0	0
Cells	2024-07-01	11201549	152437	13747	0	7	0	0	0	0	2	1	0	1	7	6	0	0	0	0	44	0	0	3	0	0	0	0	0	0	0	0	0	9	0	0	0	0
Cells	2024-07-01	11171901	368101	28550	1	10	0	12	0	0	0	1	0	0	0	4	0	0	0	0	166	0	0	3	0	0	0	2	0	0	0	0	0	0	0	0	0	0
Cells	2024-07-01	11171568	390384	28813	0	4	0	2	0	0	0	0	0	0	4	0	0	0	1	0	35	0	0	2	0	0	0	1	0	0	0	0	0	0	0	0	0	0
Cells	2024-07-01	11172349	130945	11262	0	8	0	2	0	1	1	2	0	4	0	2	0	0	0	0	23	0	0	1	0	0	1	0	1	0	0	0	0	0	0	0	0	0
Cells	2024-07-01	11171479	161820	14560	0	6	0	8	0	1	0	1	0	31	0	0	0	0	0	0	27	0	0	2	0	0	0	0	0	0	0	0	1	0	0	0	0	0
Cells	2024-07-01	11171807	226079	17338	0	7	0	6	0	0	0	0	0	0	3	2	0	0	0	0	25	0	0	3	0	0	0	0	0	0	0	0	0	0	0	0	0	0
Cells	2024-07-01	11201979	182633	15408	0	20	0	4	0	0	3	3	0	4	0	13	0	0	0	0	27	0	0	0	0	0	0	0	0	0	1	0	0	0	0	0	0	0
Cells	2024-07-01	11171675	105855	9637	0	3	0	0	0	0	1	2	0	4	0	4	0	0	0	0	9	0	0	0	0	0	0	0	0	0	0	0	0	0	0	0	0	0
Cells	2024-07-01	11201411	95614	8097	0	3	1	4	0	0	2	0	0	1	0	4	0	0	0	0	13	0	0	0	0	0	0	0	0	0	0	0	0	0	0	0	0	0
Cells	2024-07-01	11201829	143514	12129	0	1	0	1	0	0	1	0	0	0	0	4	0	0	0	0	6	0	0	3	0	0	0	0	2	0	0	0	0	0	0	0	0	0
Cells	2024-07-01	11202061	113248	9138	0	9	2	2	0	0	0	0	0	0	0	0	0	0	1	0	14	0	0	1	0	0	0	0	0	0	0	0	0	0	0	0	0	0
Cells	2024-07-01	11201664	176067	15454	0	21	0	0	0	0	0	2	0	0	0	1	0	0	0	0	36	0	0	3	0	0	0	0	0	0	0	0	0	0	0	0	0	0
Cells	2024-07-01	11177294	9510	772	0	2	0	0	0	0	0	0	0	0	0	0	0	0	0	0	0	0	0	0	0	0	0	0	0	0	0	0	0	0	0	0	0	0
Cells	2024-07-01	11201854	100148	9538	0	5	0	0	0	0	0	0	0	0	0	0	0	0	0	0	22	0	0	0	0	0	0	0	0	0	0	0	0	0	0	1	0	0
Cells	2024-07-01	11202006	105482	8249	0	4	0	1	0	0	0	1	0	0	0	3	0	0	0	0	15	0	1	2	0	0	0	0	0	0	0	0	0	0	1	0	0	0
Cells	2024-07-01	11201886	111983	9797	0	5	0	1	0	1	4	2	0	1	0	2	0	0	0	0	16	0	0	5	0	0	0	0	0	0	0	0	0	0	0	0	0	0
Cells	2024-07-01	11201565	152304	13178	0	3	0	1	0	0	0	0	0	7	0	0	0	0	0	0	37	0	0	3	0	0	0	0	0	0	0	0	0	0	0	0	0	0
Cells	2024-07-01	11202273	124441	11152	0	3	0	4	0	0	0	0	0	3	0	5	0	0	0	0	27	0	0	2	0	0	2	0	0	0	0	0	0	0	0	1	0	0
Cells	2024-07-01	11201436	134890	11986	0	17	0	9	0	0	3	1	0	0	0	1	0	1	1	0	13	0	0	1	0	0	1	0	0	0	0	0	0	0	0	1	0	0
Cells	2024-07-01	11201405	151831	14004	0	11	0	0	0	0	0	1	0	0	3	2	0	0	0	0	16	0	0	0	0	0	0	0	0	0	0	0	0	0	0	0	0	0
Cells	2024-07-01	11201540	149061	12047	2	3	0	0	0	0	1	0	0	0	0	3	0	0	0	0	19	0	1	6	0	0	0	0	0	0	0	0	0	0	0	0	0	0
Cells	2024-07-01	11201759	138890	11943	0	15	0	0	0	0	0	1	0	0	0	7	0	2	0	0	15	0	0	0	0	0	0	1	0	0	0	0	0	0	0	0	0	0
Cells	2024-07-01	11201622	155351	12441	0	9	1	0	0	0	2	12	0	0	1	2	0	0	0	0	23	0	0	1	0	0	1	0	0	0	0	0	0	0	0	0	0	0
Cells	2024-07-01	11201971	10100	752	0	0	0	0	0	0	0	0	0	0	0	0	0	0	0	0	0	0	0	0	0	0	0	0	0	0	0	0	0	0	0	0	0	0
Cells	2024-07-01	11202145	100288	9036	0	8	0	3	0	0	0	0	0	0	0	6	0	0	0	0	7	0	0	0	0	0	0	0	0	0	0	0	0	0	0	0	0	0
Cells	2024-07-01	11202053	173773	15203	0	15	0	1	0	0	2	2	0	1	1	4	0	0	0	0	32	0	0	5	0	0	0	0	0	0	0	0	0	0	0	0	0	0
Cells	2024-07-01	11202038	128223	12805	1	17	0	6	0	0	0	4	0	0	0	2	0	0	1	0	21	0	0	3	0	0	0	0	1	0	0	0	0	0	0	0	0	0
Cells	2024-07-01	11202012	249199	18582	0	1	1	1	0	1	3	0	0	1	0	6	0	0	1	0	31	0	0	0	0	0	0	0	0	0	0	0	0	0	2	0	0	0
Cells	2024-07-01	11201610	123103	10875	0	15	0	1	0	0	0	4	0	0	1	1	0	0	0	0	20	0	0	2	0	0	0	0	0	0	0	0	0	0	0	0	0	0
Cells	2024-07-01	11202134	190417	14549	0	0	0	0	0	0	1	0	0	0	0	1	0	0	0	0	5	0	0	1	0	0	0	0	0	0	0	0	0	0	0	0	0	0
Cells	2024-07-01	11201856	132691	11261	0	0	0	1	0	1	0	1	0	0	2	7	0	0	0	1	21	0	0	2	0	0	1	0	0	0	0	0	0	0	0	0	0	0
Cells	2024-07-01	11201506	172426	14260	0	5	0	6	0	0	0	0	0	0	1	1	0	0	0	0	20	0	1	1	0	0	0	0	0	0	0	0	0	1	0	0	0	0
Cells	2024-07-01	11201843	116971	10348	0	4	1	1	0	0	2	1	0	1	0	2	0	0	0	1	27	0	0	1	0	0	0	0	0	0	0	0	0	0	0	0	0	0
Cells	2024-07-01	11240319	192733	14956	0	8	0	0	0	0	4	2	0	0	0	2	0	0	0	0	5	0	1	3	0	0	2	0	0	0	0	0	0	0	0	0	0	0
Cells	2024-07-01	11201575	129049	10450	0	6	1	3	0	0	2	2	0	0	0	1	0	0	0	0	12	0	0	2	0	0	0	0	0	0	0	0	0	0	0	0	0	0
Cells	2024-07-01	11202191	112497	10216	0	8	1	2	0	0	1	0	0	2	0	2	0	0	1	0	9	0	0	1	0	0	0	0	0	0	0	0	0	0	0	1	0	0
Cells	2024-07-01	11201538	85774	8040	0	3	0	2	0	1	0	3	0	0	0	3	0	0	0	0	17	0	0	0	0	0	0	0	0	0	0	0	0	0	0	0	0	0
Cells	2024-07-01	11240766	214053	15855	0	0	0	0	0	0	0	0	0	1	0	0	0	0	0	0	8	0	1	1	0	0	0	0	0	0	0	0	0	0	0	0	0	0
Cells	2024-07-01	11240513	122990	10982	0	1	0	0	0	0	3	0	0	0	0	0	0	0	0	0	25	0	0	2	0	0	0	0	0	0	0	0	0	0	0	0	0	0
Cells	2024-07-01	11201670	99343	9162	2	11	1	1	0	0	4	4	0	0	0	5	0	0	0	0	17	0	0	4	0	0	0	0	0	0	0	0	0	0	0	0	0	0
Cells	2024-07-01	11201470	196865	14533	0	4	2	2	0	0	2	0	0	2	0	8	0	0	0	0	22	0	0	4	0	0	0	0	0	0	0	0	0	0	0	0	0	0
Cells	2024-07-01	11202130	209407	18087	0	1	0	3	0	0	14	8	0	0	0	10	0	0	0	0	65	0	0	1	0	1	0	0	1	0	0	0	0	0	0	0	0	0
Cells	2024-07-01	11240340	150899	14240	0	3	1	4	0	0	2	2	0	1	1	3	0	0	0	0	19	0	0	2	0	0	0	0	0	0	0	0	0	0	0	0	0	0
Cells	2024-07-01	11240346	65076	6310	0	4	0	0	0	0	0	2	0	2	3	3	0	0	0	0	4	0	0	1	0	0	0	0	0	0	0	0	0	0	0	0	0	0
Cells	2024-07-01	11202131	137905	12512	0	2	0	0	0	0	2	0	0	0	2	1	0	0	0	0	9	0	0	1	0	0	1	0	0	0	0	0	0	1	0	0	0	0
Cells	2024-07-01	11201389	111669	9674	0	0	0	0	0	0	4	2	0	0	0	2	0	0	1	0	28	0	0	12	0	0	0	0	1	0	0	0	0	0	0	0	0	0
Cells	2024-07-01	11240565	103781	10237	0	4	0	4	0	1	0	0	0	3	0	2	0	0	0	0	23	0	0	0	0	0	2	0	0	0	0	0	0	0	0	0	0	0
Cells	2024-07-01	11201503	246770	19943	0	4	0	0	0	0	8	1	0	2	1	5	0	0	0	0	46	0	0	7	0	0	0	1	0	0	0	0	0	0	0	0	0	0
Cells	2024-07-01	11202146	139025	11626	0	4	0	1	0	0	0	0	0	0	0	5	0	0	2	0	14	0	1	0	0	0	0	0	0	0	0	0	0	0	0	0	0	0
Cells	2024-07-01	11202005	162100	13288	1	2	1	2	0	0	0	0	0	0	1	2	0	1	0	0	15	0	0	0	0	0	0	0	0	0	0	0	0	0	0	0	0	0
Cells	2024-07-01	11202212	133886	11919	0	29	0	0	0	0	1	0	0	0	3	7	0	0	0	0	7	0	0	2	0	0	1	0	0	0	0	0	0	0	0	0	0	0
Cells	2024-07-01	11201560	327748	24552	0	13	0	1	0	0	1	0	0	0	0	1	0	0	0	0	22	0	0	7	0	0	0	0	0	0	0	0	0	0	0	0	0	0
Cells	2024-07-01	11201518	77428	7092	0	0	0	2	0	0	3	2	0	1	0	6	0	0	0	0	13	0	0	2	0	0	0	0	0	0	0	0	0	0	0	0	0	0
Cells	2024-07-01	11201409	222006	17757	0	4	0	2	0	0	8	0	0	1	11	16	0	0	0	0	61	0	0	1	0	0	0	0	0	0	0	0	0	0	0	0	0	0
Cells	2024-07-01	11240812	105961	9877	0	8	1	1	0	0	0	3	0	2	0	8	0	0	0	0	21	0	0	0	0	0	0	0	0	0	0	0	0	0	0	0	0	0
Cells	2024-07-01	11240625	265260	20983	1	0	0	0	0	0	2	2	0	1	0	1	0	0	0	0	26	0	0	6	0	0	0	0	0	0	0	0	0	0	0	0	0	0
Cells	2024-07-01	11240497	152099	13197	0	4	0	8	0	0	0	0	0	0	0	2	0	0	0	0	51	0	0	1	0	0	0	0	0	0	0	0	0	0	0	0	0	0
Cells	2024-07-01	11202228	125786	10986	0	3	1	8	0	0	0	1	0	2	0	6	0	0	0	0	58	0	0	1	0	0	1	1	0	0	0	0	0	0	0	0	0	0
Cells	2024-07-01	11240386	177750	16971	0	39	0	0	0	0	0	11	0	2	2	1	0	0	0	0	54	0	0	1	0	0	0	0	1	0	0	0	0	0	0	0	0	0
Cells	2024-07-01	11240385	113765	10158	0	2	0	1	0	0	0	0	0	0	1	1	0	0	3	0	9	0	0	0	0	0	3	0	0	0	0	0	0	0	0	2	0	0
Cells	2024-07-01	11240311	133934	12717	0	5	0	0	0	0	4	4	0	0	1	4	0	0	0	0	26	0	0	0	0	0	0	0	1	0	0	0	0	0	0	0	0	0
Cells	2024-07-01	11240580	81134	7370	0	3	0	2	0	0	0	4	0	0	0	3	0	0	0	0	17	0	0	0	0	0	0	0	1	0	0	0	0	0	0	0	0	0
Cells	2024-07-01	11240737	154451	12614	0	2	0	5	0	1	0	3	0	1	0	0	0	0	0	0	40	0	0	0	0	0	0	0	0	0	0	0	0	0	0	0	0	0
Cells	2024-07-01	11240694	144521	13602	0	7	0	2	0	0	0	0	0	2	0	6	0	0	1	0	15	0	0	1	0	0	1	0	0	0	0	0	0	0	0	1	0	0
Cells	2024-07-01	11240470	127271	10715	0	3	0	2	0	1	0	5	0	1	0	2	0	0	0	0	18	0	0	0	0	0	0	0	0	0	0	0	0	0	0	0	0	0
Cells	2024-07-01	11240741	229311	17741	1	0	0	1	0	0	6	7	0	1	0	2	0	0	0	0	20	0	0	3	0	0	2	0	0	0	0	0	0	0	0	0	0	0
Cells	2024-07-01	11240555	149126	12346	0	5	0	7	0	0	0	0	0	2	0	1	0	0	0	0	28	0	1	1	0	0	0	0	0	0	0	0	0	0	0	0	0	0
Cells	2024-07-01	11240817	149313	12468	0	8	0	1	0	0	2	0	0	0	0	3	0	0	0	0	35	0	0	0	0	0	0	0	0	0	0	0	0	0	0	0	0	0
Cells	2024-07-01	11240613	203334	18638	0	11	1	2	0	0	0	3	0	2	3	3	0	0	1	0	38	0	0	0	0	0	0	0	0	0	0	0	0	0	0	0	0	0
Cells	2024-07-01	11240670	217808	18100	0	9	0	0	0	2	2	0	0	0	2	0	0	0	0	0	28	0	0	0	0	0	0	0	1	0	0	0	0	0	0	0	0	0
Cells	2024-07-01	11232430	10444	723	0	1	0	0	0	0	0	0	0	0	0	0	0	0	0	0	0	0	0	0	0	0	0	0	0	0	0	0	0	0	0	0	0	0
Cells	2024-07-01	11240345	122845	10858	0	4	0	3	0	0	0	1	0	8	0	1	0	0	1	0	19	0	0	1	0	0	0	0	0	0	0	0	0	0	0	0	0	0
Cells	2024-07-01	11240541	116178	10906	0	8	0	8	0	0	0	0	0	2	0	3	0	0	0	0	31	0	0	0	0	0	0	0	0	0	0	0	0	0	0	0	0	0
Cells	2024-07-01	11240616	201402	15189	0	1	0	0	0	0	2	0	0	0	1	0	0	0	0	0	16	0	0	1	0	0	0	0	0	0	0	0	1	0	0	0	0	0
Cells	2024-07-01	11240583	189515	14377	1	9	0	0	0	0	4	4	0	0	0	2	0	0	0	0	14	0	1	3	0	0	0	0	0	0	0	0	0	0	0	1	0	0
Cells	2024-07-01	11240553	435655	32316	0	3	0	0	0	0	5	0	0	0	1	3	0	0	0	0	38	0	0	6	0	1	0	0	0	0	0	0	0	1	1	0	0	0
Cells	2024-07-01	11240330	174028	15201	0	13	0	8	0	0	0	0	0	0	1	2	0	0	0	0	10	0	0	0	0	0	1	0	0	0	0	0	0	2	0	0	0	0
Cells	2024-07-01	11240800	374359	28762	0	2	1	2	0	0	2	1	0	0	1	9	0	0	1	0	62	0	0	4	0	0	0	0	0	0	0	0	0	0	0	0	0	0
Cells	2024-07-01	11240592	253834	19137	0	1	0	0	0	1	8	1	0	2	0	4	0	0	0	0	21	0	0	6	0	0	0	0	0	0	0	0	0	0	0	0	0	0
Cells	2024-07-01	11240752	191205	14100	0	2	0	2	0	1	6	1	0	0	0	10	0	0	0	0	41	0	0	4	0	0	0	0	0	0	0	0	1	0	0	0	0	0
Cells	2024-07-01	11240739	148067	13704	0	12	0	0	0	0	0	1	0	1	0	5	0	0	0	0	26	0	0	1	0	0	1	0	0	0	0	0	0	0	0	0	0	0
Cells	2024-07-01	11240418	121465	10210	0	1	0	0	0	0	1	0	0	0	0	4	0	0	1	0	11	0	1	1	0	0	0	0	1	0	0	0	0	0	0	0	0	0
Cells	2024-07-01	11240354	106643	10236	0	10	1	1	0	0	2	4	0	0	0	1	0	0	0	0	15	0	0	3	0	0	2	0	0	0	0	0	0	0	0	0	0	0
