journal	date	pmc_id	Nchars	Nwords	delve	analyse	acknowledge	assess	appraise	dissect	explore	examine	extricate	expose	estimate	investigate	inquire	inspect	interpret	scrutinise	study	unearth	uncover	understand	ponder	research	reason	retrieve	avoid	discount	disregard	dismiss	ignore	neglect	overlook	omit	skip	reject
Cells	2022-07-01	8997409	106128	10029	0	1	1	9	0	0	0	0	0	1	0	7	0	0	0	0	34	0	0	0	0	0	0	0	0	0	0	0	0	0	0	0	0	0
Cells	2022-07-01	8997652	111298	9445	0	10	0	3	0	0	0	0	0	17	0	7	0	0	0	0	30	0	0	0	0	0	0	0	0	0	0	0	0	0	0	0	0	0
Cells	2022-07-01	9025798	159337	13432	0	28	1	0	0	0	0	4	0	0	0	1	0	0	0	0	15	0	0	3	0	0	0	1	0	0	0	0	0	0	0	0	0	0
Cells	2022-07-01	8997791	236788	17214	0	1	0	0	0	0	0	0	0	2	0	0	0	0	0	0	19	0	0	1	0	0	0	0	0	0	0	0	0	0	0	0	0	0
Cells	2022-07-01	9032818	148505	13811	0	18	0	8	0	2	0	3	0	1	3	2	0	1	0	0	25	0	0	2	0	0	0	0	1	0	0	0	0	0	0	0	0	0
Cells	2022-07-01	8998145	201517	15763	0	8	2	3	1	1	4	0	0	1	3	0	0	0	0	0	59	0	0	2	0	0	1	0	1	0	0	0	0	0	0	0	0	0
Cells	2022-07-01	9027992	196039	16515	0	15	0	2	0	0	5	2	0	0	0	2	0	0	0	0	38	0	0	1	0	0	0	0	0	0	0	0	0	0	0	0	0	0
Cells	2022-07-01	8997529	156250	11962	0	4	0	2	0	0	1	0	0	5	1	5	0	0	0	0	9	0	0	0	0	0	0	0	0	0	0	0	0	0	0	0	0	0
Cells	2022-07-01	8998073	159808	15308	0	7	0	1	0	0	1	2	0	0	0	8	0	0	0	0	24	0	0	0	0	0	1	0	0	0	0	0	0	0	0	0	0	0
Cells	2022-07-01	8997540	137779	11810	0	15	0	2	0	0	1	0	0	1	1	5	0	0	0	0	11	0	0	1	0	0	0	0	0	0	0	0	0	0	0	0	0	0
Cells	2022-07-01	8997724	128355	11078	0	3	1	0	0	0	3	0	0	0	0	0	0	0	0	0	18	0	0	0	0	0	0	0	0	0	0	0	0	0	0	0	0	0
Cells	2022-07-01	8997765	152648	13280	0	9	1	2	0	0	0	4	0	4	0	7	0	0	0	0	38	0	0	0	0	0	0	0	0	0	0	0	0	0	0	0	0	0
Cells	2022-07-01	8998065	85260	8022	0	9	0	1	0	2	1	1	0	0	0	5	0	0	0	0	23	0	0	0	0	0	0	0	0	0	0	0	0	0	0	1	0	0
Cells	2022-07-01	9024772	179901	14544	0	7	3	1	0	0	3	0	0	2	0	2	0	0	1	0	15	0	0	2	0	0	0	0	0	0	0	0	0	0	0	0	0	0
Cells	2022-07-01	8997642	287061	20970	0	0	0	0	0	0	3	0	0	1	0	0	0	0	0	0	30	0	0	0	0	0	0	0	0	0	0	0	0	0	0	0	0	0
Cells	2022-07-01	8997719	181659	15420	0	15	0	0	0	0	1	0	0	0	0	1	0	0	0	0	20	0	1	1	0	0	0	0	0	0	0	0	0	0	0	0	0	0
Cells	2022-07-01	8997781	250989	18251	0	0	0	0	0	0	1	1	0	0	0	2	0	0	0	0	32	0	0	2	0	0	1	0	1	0	0	0	0	0	0	0	0	0
Cells	2022-07-01	9025493	62010	5262	0	4	0	0	0	0	2	1	0	0	1	3	0	0	0	0	8	0	0	0	0	0	1	0	0	0	0	0	0	0	0	0	0	0
Cells	2022-07-01	8998122	245135	20249	0	8	0	17	0	1	1	1	0	0	0	6	0	0	0	0	117	0	0	4	0	0	0	0	0	0	0	0	0	0	0	0	0	0
Cells	2022-07-01	8997919	32642	2703	0	0	0	0	0	0	0	0	0	0	0	1	0	0	0	0	6	0	0	0	0	0	0	0	0	0	0	0	0	0	0	0	1	0
Cells	2022-07-01	8997412	116566	10240	0	23	0	0	0	0	0	1	0	0	0	3	0	0	0	0	11	0	0	0	0	0	0	0	0	0	0	0	0	0	0	0	0	0
Cells	2022-07-01	8997934	205993	16677	0	18	0	1	0	0	2	5	0	0	3	5	0	0	0	0	21	0	1	2	0	0	0	0	0	0	0	0	0	0	0	0	0	0
Cells	2022-07-01	8997510	209286	15858	0	9	0	2	0	0	1	0	0	0	0	0	0	0	0	0	36	0	0	1	0	0	0	0	0	1	0	0	0	0	0	0	0	0
Cells	2022-07-01	8997644	116111	9819	0	19	0	0	0	0	1	0	0	0	0	5	0	0	0	0	15	0	0	0	0	0	0	0	0	0	0	0	0	0	0	0	0	0
Cells	2022-07-01	8998068	103094	9394	0	8	0	1	0	0	1	10	0	2	0	4	0	0	0	0	14	0	0	1	0	0	0	0	0	0	0	0	0	0	0	0	0	0
Cells	2022-07-01	9032582	185162	15568	0	5	2	0	0	0	0	1	0	1	4	1	0	0	0	0	15	0	0	0	0	0	0	0	0	0	0	0	0	0	1	0	0	0
Cells	2022-07-01	9027133	161741	12590	0	2	0	0	0	0	1	0	0	1	0	1	0	0	0	0	16	0	0	2	0	0	0	0	1	0	0	0	0	0	0	0	0	0
Cells	2022-07-01	9028315	171476	13117	0	0	0	0	0	0	3	0	0	0	0	1	0	0	0	0	21	0	0	0	0	0	0	1	0	0	0	0	0	0	0	0	0	0
Cells	2022-07-01	9025552	280967	22104	0	3	0	2	0	0	1	0	0	0	1	6	0	0	1	0	92	0	0	3	0	0	2	0	3	0	0	0	0	0	0	0	0	0
Cells	2022-07-01	9025633	79926	6676	0	10	0	3	0	0	0	0	0	0	0	0	0	0	0	0	10	0	0	0	0	0	0	0	0	0	0	0	0	0	0	0	0	0
Cells	2022-07-01	9027323	114237	9899	0	5	1	0	0	0	0	4	0	0	0	2	0	0	0	0	9	0	0	0	0	0	0	0	0	0	0	0	0	0	0	1	0	0
Cells	2022-07-01	9025056	105225	9744	0	3	2	9	0	1	0	0	0	11	0	3	0	0	0	0	19	0	1	3	0	0	1	0	0	0	0	0	0	0	0	0	0	0
Cells	2022-07-01	9030853	465356	33857	0	0	0	3	0	0	1	1	0	0	0	6	0	0	0	0	56	0	0	3	0	0	0	0	0	0	0	0	0	0	0	0	0	0
Cells	2022-07-01	9027123	179919	16582	0	20	1	2	0	0	2	5	0	0	1	4	0	0	0	0	4	0	1	1	0	0	0	0	0	0	0	0	0	0	0	0	0	0
Cells	2022-07-01	9029301	173206	12967	0	2	0	0	0	0	2	11	0	1	1	0	0	0	0	0	23	0	0	0	0	0	0	0	0	0	0	0	0	0	0	0	0	0
Cells	2022-07-01	9031507	257506	19221	0	0	0	0	0	0	0	0	0	0	0	1	0	0	0	0	59	0	0	2	0	0	0	0	0	0	0	0	0	0	0	0	0	0
Cells	2022-07-01	9027059	100820	9606	0	9	0	4	0	1	4	7	0	2	0	0	0	0	0	0	9	0	1	0	0	0	1	0	0	0	0	0	0	0	0	0	0	0
Cells	2022-07-01	9030254	145009	13239	0	23	3	3	0	0	0	0	0	0	0	6	0	0	2	0	4	0	0	0	0	0	0	0	0	0	0	0	0	0	0	2	0	0
Cells	2022-07-01	9032688	225333	16372	0	0	0	0	0	0	0	0	0	0	0	1	0	0	0	0	13	0	0	1	0	0	0	0	0	0	0	0	0	0	0	0	0	0
Cells	2022-07-01	9028072	99795	9101	0	2	1	1	0	1	0	2	0	0	1	4	0	0	0	0	8	0	0	0	0	0	0	0	0	0	0	0	0	0	0	0	0	0
Cells	2022-07-01	9025357	91797	7368	0	1	0	0	0	0	0	0	0	0	0	0	0	0	0	0	13	0	0	0	0	0	0	0	0	0	0	0	0	0	0	0	0	0
Cells	2022-07-01	9026497	86037	7587	0	5	0	0	0	0	3	2	0	9	1	1	0	0	0	0	9	0	0	0	0	0	0	0	0	0	0	0	0	0	0	0	0	0
Cells	2022-07-01	9031252	170186	14173	0	6	3	5	0	0	1	1	0	0	0	11	0	0	0	0	29	0	0	0	0	0	0	0	0	0	0	0	0	0	0	0	0	0
Cells	2022-07-01	9025224	102959	8878	0	6	0	0	0	0	1	0	0	1	1	0	0	0	0	0	30	0	0	0	0	0	1	0	0	0	0	0	0	0	0	0	0	0
Cells	2022-07-01	9032104	119572	11302	0	17	1	7	0	2	0	7	0	15	0	25	0	0	0	0	32	0	0	1	0	0	0	0	0	0	0	0	0	0	0	0	0	0
Cells	2022-07-01	9028325	492169	35993	0	2	0	0	0	0	3	0	0	5	0	10	0	0	0	0	82	0	1	5	0	0	0	0	0	0	0	1	0	0	0	0	0	0
Cells	2022-07-01	9031525	120109	11390	0	10	0	2	0	0	6	5	0	0	0	4	0	0	0	0	18	0	0	0	0	0	0	0	0	0	0	0	0	0	0	0	0	0
Cells	2022-07-01	9028986	509862	38133	0	4	0	0	0	0	0	1	0	0	1	5	0	0	0	0	25	0	0	3	0	0	0	0	0	0	0	0	0	0	0	0	0	0
Cells	2022-07-01	9028354	110064	10058	0	6	0	2	0	0	0	0	0	0	0	1	0	0	0	0	16	0	0	0	0	0	0	0	0	0	0	0	0	0	0	0	0	0
Cells	2022-07-01	9028361	190827	16562	0	10	0	5	0	1	5	0	0	0	0	14	0	0	0	0	24	0	0	0	0	0	1	0	0	0	0	0	0	0	0	0	0	0
Cells	2022-07-01	9103947	89748	8557	0	6	0	0	0	6	4	2	0	1	0	0	0	0	0	0	24	0	0	0	0	0	0	0	0	0	0	0	0	0	0	0	0	0
Cells	2022-07-01	9106060	185265	15183	0	6	0	2	0	0	1	1	0	0	0	14	0	0	0	0	18	0	0	0	0	0	0	0	1	0	0	0	0	0	0	2	0	1
Cells	2022-07-01	9105487	172792	14222	0	11	0	1	0	0	13	9	0	0	1	7	1	0	1	0	20	0	0	2	0	0	0	0	0	0	0	0	0	0	0	0	0	0
Cells	2022-07-01	9102069	207703	16680	0	6	1	1	0	0	0	0	0	9	0	0	0	0	0	0	17	0	0	0	0	0	0	0	0	0	0	0	0	0	0	0	0	0
Cells	2022-07-01	9106007	463012	34325	0	2	0	1	0	0	2	0	0	5	0	3	0	0	0	0	18	0	1	1	0	0	1	0	0	0	0	0	0	0	0	0	0	0
Cells	2022-07-01	9105310	128132	11472	0	2	0	0	0	0	0	3	0	0	0	1	0	0	0	0	10	0	0	0	0	0	1	0	0	0	0	1	0	0	0	0	0	0
Cells	2022-07-01	9099974	141757	11595	0	11	1	2	0	0	1	0	0	0	0	2	0	0	0	0	14	0	0	2	0	0	0	0	0	0	0	0	0	0	0	0	0	0
Cells	2022-07-01	9103658	106013	9626	0	9	0	0	0	0	4	0	0	1	0	0	0	0	1	0	24	0	0	1	0	0	0	0	0	0	0	0	0	0	0	0	0	0
Cells	2022-07-01	9102016	299324	22191	0	0	1	0	0	0	0	1	0	1	0	2	0	0	0	0	23	0	1	4	0	0	0	0	0	0	0	0	0	0	0	0	0	0
Cells	2022-07-01	9104938	146828	10796	0	1	0	0	0	0	0	0	0	0	0	0	0	0	0	0	21	0	0	8	0	0	0	0	0	0	0	0	0	0	0	0	0	0
Cells	2022-07-01	9104010	141067	12401	0	16	0	1	0	0	0	0	0	1	0	0	0	0	0	0	11	0	0	0	0	0	0	0	0	0	0	0	0	0	0	0	0	0
Cells	2022-07-01	9104392	98446	9494	0	7	0	0	0	0	3	7	0	4	0	0	0	0	0	0	18	0	0	0	0	0	0	0	0	0	0	0	0	0	0	0	0	0
Cells	2022-07-01	9031669	212409	16178	0	2	0	0	0	0	0	0	0	1	2	4	0	0	0	0	18	0	0	2	0	0	0	0	0	0	0	0	0	0	0	0	0	0
Cells	2022-07-01	9104712	145686	13187	0	6	0	1	0	0	0	6	0	2	1	3	0	0	0	0	7	0	7	4	0	0	0	0	0	0	0	0	0	0	1	0	0	0
Cells	2022-07-01	9024473	118962	9911	0	3	0	0	0	0	11	0	0	0	0	0	0	0	0	0	21	0	0	0	0	0	0	0	0	0	0	0	0	0	0	0	0	0
Cells	2022-07-01	9030934	198007	16923	0	3	0	5	0	6	0	4	0	4	0	2	0	1	0	0	20	0	1	2	0	0	0	0	0	0	0	0	0	0	0	0	0	0
Cells	2022-07-01	9101168	128796	11649	0	17	0	0	0	0	0	0	0	1	0	2	0	0	0	0	7	0	0	1	0	0	0	0	0	0	0	0	0	0	0	0	0	0
Cells	2022-07-01	9030112	138896	12731	0	5	0	0	0	0	1	9	0	0	3	0	0	0	0	0	3	0	0	0	2	0	1	0	0	0	0	0	0	0	0	0	0	0
Cells	2022-07-01	9105716	233498	17532	0	1	0	0	0	0	3	0	0	0	0	5	0	0	0	0	29	0	0	6	0	0	0	0	0	0	0	0	0	0	0	0	0	0
Cells	2022-07-01	9099917	110654	10349	0	6	0	3	0	0	0	1	0	1	0	1	0	0	0	0	3	0	0	0	0	0	0	0	0	0	0	0	0	0	0	0	0	0
Cells	2022-07-01	9101431	33167	2207	0	0	0	0	0	0	0	0	0	0	0	0	0	0	0	0	2	0	0	1	0	0	0	0	0	0	0	0	0	0	0	0	0	0
Cells	2022-07-01	9100042	208125	18765	0	14	1	23	0	1	4	2	0	1	2	7	0	0	0	0	34	0	0	3	0	0	0	0	0	0	0	0	0	0	0	0	0	0
Cells	2022-07-01	9105251	195703	15205	0	1	0	1	0	0	0	0	0	0	0	0	0	0	0	0	31	0	0	4	0	0	0	0	0	0	0	0	0	0	0	0	0	0
Cells	2022-07-01	9103199	24911	2544	0	2	0	0	0	0	2	0	0	1	0	0	0	0	0	0	13	0	0	1	0	0	0	0	0	0	0	0	0	0	0	0	0	0
Cells	2022-07-01	9104130	121729	10925	0	14	0	1	0	0	3	0	0	0	0	5	0	0	0	0	16	0	0	0	0	0	0	0	0	0	0	0	0	0	0	0	0	0
Cells	2022-07-01	9099918	238881	17960	0	1	0	3	0	0	0	0	0	0	0	3	0	0	0	0	43	0	0	0	0	0	0	0	0	0	0	0	0	0	0	0	0	0
Cells	2022-07-01	9104802	119886	11302	0	10	0	1	0	0	1	2	0	4	2	2	0	0	0	0	12	0	0	0	0	0	0	0	1	0	0	0	0	0	0	0	0	0
Cells	2022-07-01	9100256	118208	10873	0	10	0	2	0	1	0	2	0	1	0	4	0	0	0	0	14	0	0	2	0	0	0	0	0	0	0	0	0	0	0	0	0	0
Cells	2022-07-01	9105632	69274	6389	0	2	0	0	0	0	0	0	0	0	0	1	0	0	0	0	20	0	0	0	0	0	0	0	0	0	0	0	0	0	0	0	0	0
Cells	2022-07-01	9104000	157097	12330	0	2	1	0	0	1	0	0	0	0	0	0	0	0	0	0	4	0	0	0	0	0	0	0	0	0	0	0	0	0	0	0	0	0
Cells	2022-07-01	9100175	81940	7753	0	5	1	0	0	0	0	8	0	4	0	0	0	0	0	0	15	0	0	4	0	0	0	0	0	0	0	0	0	0	0	0	0	0
Cells	2022-07-01	9101197	143896	11930	0	14	0	0	0	0	3	0	0	0	1	8	0	0	0	0	17	0	0	2	0	0	0	0	0	0	0	0	0	0	0	0	1	0
Cells	2022-07-01	9101276	116352	10571	0	7	0	6	0	0	1	2	0	0	0	7	0	0	0	0	9	0	0	1	0	0	0	0	0	0	0	0	0	0	0	0	0	0
Cells	2022-07-01	9103744	148264	13551	0	30	1	0	0	0	0	1	0	3	1	0	0	0	2	0	12	0	0	0	0	0	0	0	0	0	0	0	0	0	0	0	0	0
Cells	2022-07-01	9101621	54374	4800	0	1	0	0	0	0	0	0	0	1	1	0	0	0	0	0	9	0	0	1	0	0	0	0	0	0	0	0	0	0	0	0	0	0
Cells	2022-07-01	9105522	181072	15137	0	6	0	1	0	1	1	0	0	9	2	3	0	0	0	0	36	0	0	1	0	0	0	0	0	0	0	0	0	0	0	0	0	0
Cells	2022-07-01	9103377	99942	7848	0	1	0	1	0	0	0	1	0	0	0	3	0	0	0	0	7	0	0	1	0	0	0	0	0	0	0	0	0	0	0	0	0	0
Cells	2022-07-01	9100368	381352	27625	0	3	2	0	0	2	1	0	0	0	0	1	0	0	0	0	9	0	2	2	0	0	0	0	0	0	0	0	0	0	0	0	0	0
Cells	2022-07-01	9102819	100706	9032	0	2	0	5	0	0	1	2	0	2	0	14	0	0	0	0	12	0	0	0	0	0	0	0	0	0	0	0	0	0	0	0	0	0
Cells	2022-07-01	9104962	96943	8497	0	2	3	2	0	0	3	0	0	2	1	1	0	0	0	0	13	0	0	1	0	0	0	0	0	0	0	0	0	0	0	0	0	0
Cells	2022-07-01	9104836	164236	11063	0	3	0	0	0	0	1	1	0	1	3	0	0	0	0	0	5	0	0	1	0	0	0	0	0	0	0	0	0	0	0	0	0	0
Cells	2022-07-01	9103477	110091	9848	0	2	0	4	0	0	0	0	0	0	1	6	0	0	0	0	29	0	0	0	0	0	0	0	0	0	0	0	0	0	0	0	0	0
Cells	2022-07-01	9103838	370047	28411	0	0	0	0	0	0	0	0	0	2	0	2	0	0	0	0	23	0	0	2	0	0	0	0	0	0	0	0	0	0	0	0	0	0
Cells	2022-07-01	9100881	121202	10255	0	12	0	1	0	0	1	1	0	3	1	6	0	0	0	0	7	0	0	2	0	0	0	0	0	0	0	0	0	0	0	0	0	0
Cells	2022-07-01	9105617	260759	19672	0	0	0	0	0	0	0	0	0	1	0	1	0	0	0	0	13	0	0	2	0	0	0	0	0	0	0	0	0	0	0	0	0	0
Cells	2022-07-01	9103794	97390	9212	0	2	1	0	0	0	0	3	0	3	0	1	0	0	0	0	8	0	0	0	0	0	0	0	0	0	0	0	0	0	0	0	0	0
Cells	2022-07-01	9101626	94311	8615	0	19	0	1	0	0	1	3	0	0	1	6	0	0	0	0	16	0	0	0	0	0	0	0	0	0	0	0	0	0	0	0	0	0
Cells	2022-07-01	9103004	159929	13634	0	22	2	2	0	0	1	0	0	0	0	1	0	0	0	0	10	0	0	0	0	0	0	0	0	0	0	0	0	0	0	0	0	0
Cells	2022-07-01	9102887	23420	2001	0	2	0	0	0	0	0	0	0	0	0	3	0	0	0	0	3	0	0	2	0	0	0	0	0	0	0	0	0	0	0	0	0	0
Cells	2022-07-01	9101203	292040	22066	0	2	0	0	0	0	0	0	0	0	0	0	0	0	0	0	27	0	2	0	0	0	0	0	0	0	0	0	0	0	0	0	0	0
Cells	2022-07-01	9099707	375985	31275	0	17	1	6	0	0	13	59	0	1	0	3	0	0	0	0	186	0	0	8	0	0	1	0	0	0	0	0	0	0	0	0	0	0
Cells	2022-07-01	9100331	232006	20805	0	5	0	2	0	0	1	2	0	0	1	0	0	0	0	0	28	0	0	0	0	0	0	0	0	0	0	0	0	0	0	0	0	0
Cells	2022-07-01	9102437	110545	8799	0	4	0	0	0	1	0	0	0	0	4	1	0	0	0	0	7	0	0	1	0	0	0	0	0	0	0	0	0	0	0	0	0	0
Cells	2022-07-01	9104279	165968	14417	0	12	0	3	0	0	0	19	0	2	2	3	0	0	0	0	16	0	0	0	0	0	0	0	0	0	0	0	0	0	0	0	0	0
Cells	2022-07-01	9100021	219927	16644	0	3	0	3	0	0	11	0	0	1	0	3	0	0	0	0	40	0	1	10	0	0	0	0	0	0	0	0	0	0	0	0	0	0
Cells	2022-07-01	9105733	138972	13240	0	11	1	7	0	0	0	7	0	0	0	4	0	0	0	0	13	0	1	1	0	0	0	0	0	0	0	0	0	0	0	0	0	0
Cells	2022-07-01	9099957	123238	10153	0	3	0	0	0	1	1	0	0	0	0	8	0	0	0	0	27	0	1	3	0	0	0	0	0	0	0	0	0	0	0	0	0	0
Cells	2022-07-01	9104242	159847	12641	0	6	0	7	0	0	0	0	0	1	0	3	0	0	1	0	21	0	0	1	0	0	0	0	0	0	0	0	0	0	0	0	0	0
Cells	2022-07-01	9102476	118630	10757	0	16	0	6	0	0	0	0	0	2	0	4	0	0	0	0	19	0	0	0	0	0	0	0	0	0	0	0	0	0	0	0	0	0
Cells	2022-07-01	9103592	78084	7787	0	6	0	0	0	3	0	3	0	4	0	4	0	0	0	0	13	0	0	0	0	0	0	1	1	0	0	0	0	0	0	0	0	0
Cells	2022-07-01	9105520	76802	7633	0	5	0	1	0	1	0	0	0	0	0	1	0	0	0	0	12	0	0	0	0	0	0	0	0	0	0	0	0	0	0	0	0	0
Cells	2022-07-01	9102383	125495	11292	0	11	0	0	0	0	0	0	0	0	0	3	0	0	0	0	21	0	0	1	0	0	0	0	0	0	0	0	0	0	0	0	0	0
Cells	2022-07-01	9103864	134429	12171	0	12	1	4	0	0	0	0	0	2	1	3	0	0	0	0	15	0	0	1	0	0	0	0	0	0	0	0	0	0	0	0	0	0
Cells	2022-07-01	9103681	151485	12486	0	3	0	1	0	0	0	6	0	1	0	6	0	0	0	0	7	0	0	0	0	0	0	0	0	0	0	0	0	0	0	0	0	0
Cells	2022-07-01	9105661	309851	25907	0	18	0	5	0	1	0	12	0	0	5	1	0	0	0	0	41	0	0	0	0	0	0	0	0	0	0	0	0	0	0	1	0	0
Cells	2022-07-01	9100231	89285	8168	0	12	1	5	0	0	0	0	0	0	0	2	0	0	0	0	43	0	0	1	0	0	0	0	0	0	0	0	0	0	0	0	0	0
Cells	2022-07-01	9101510	114837	9782	0	12	0	0	0	0	0	0	0	0	0	1	0	0	0	0	41	0	0	1	0	0	0	0	0	0	0	0	0	0	0	0	0	0
Cells	2022-07-01	9103981	25837	2174	0	0	0	0	0	0	1	0	0	0	0	0	0	0	0	0	1	0	0	3	0	0	0	0	0	0	0	0	0	0	0	0	0	0
Cells	2022-07-01	9099509	221907	17324	0	3	0	0	0	0	1	0	0	1	0	3	0	0	0	0	27	0	0	3	0	0	0	0	2	0	0	0	0	0	0	0	0	0
Cells	2022-07-01	9103545	172544	15812	0	8	1	7	0	0	0	1	0	0	2	0	0	0	0	0	9	0	0	0	0	0	0	0	0	0	0	0	0	0	0	0	0	0
Cells	2022-07-01	9105538	81150	7316	0	1	0	0	0	0	0	6	0	0	0	1	0	0	0	0	11	0	0	0	0	0	0	0	0	0	0	1	0	0	0	0	0	0
Cells	2022-07-01	9102925	209414	16298	0	8	1	0	0	0	1	3	0	0	2	1	0	0	0	0	89	0	1	5	0	0	0	0	0	0	0	0	0	0	0	0	0	0
Cells	2022-07-01	9101175	193198	14236	0	1	0	0	0	0	2	0	0	0	1	0	0	0	0	0	9	0	1	2	0	0	0	0	0	0	0	0	0	0	0	0	0	0
Cells	2022-07-01	9101275	122273	9103	0	0	0	0	0	0	1	1	0	8	0	0	0	0	0	0	0	0	0	0	0	0	0	0	0	0	0	0	0	0	0	0	0	0
Cells	2022-07-01	9101384	96730	9241	0	1	0	0	0	0	0	1	0	1	0	0	0	0	0	0	17	0	0	0	0	0	0	0	0	0	0	0	0	0	0	0	0	0
Cells	2022-07-01	9139383	143636	13463	0	15	0	8	0	1	7	0	0	2	1	2	0	0	1	0	20	0	0	1	0	0	0	0	1	0	0	0	0	0	0	0	0	0
Cells	2022-07-01	9139850	119995	10790	0	1	0	7	0	0	0	0	0	0	1	0	0	0	0	0	15	0	0	0	0	0	0	0	0	0	0	0	0	0	0	0	0	0
Cells	2022-07-01	9140010	256116	18527	0	5	0	1	0	0	4	3	0	0	1	0	0	0	1	0	46	0	1	19	0	0	0	0	2	0	0	0	0	0	1	0	0	0
Cells	2022-07-01	9139595	94855	8362	0	10	0	1	0	0	1	0	0	0	0	3	0	0	4	0	17	0	0	0	0	0	0	0	0	0	0	0	0	0	1	0	0	0
Cells	2022-07-01	9140025	200824	13829	0	0	0	0	0	0	0	0	0	0	0	0	0	0	0	0	10	0	0	1	0	0	0	0	0	0	0	0	0	0	0	0	0	0
Cells	2022-07-01	9139223	161968	13567	0	11	0	1	0	0	0	1	0	0	2	4	0	0	0	0	42	0	0	1	0	4	0	0	0	0	0	0	0	0	0	0	0	0
Cells	2022-07-01	9139286	239193	17211	0	0	0	0	0	0	0	0	0	0	0	2	0	0	0	0	30	0	0	6	0	0	0	0	0	0	0	0	0	0	0	0	0	0
Cells	2022-07-01	9140181	168978	16681	0	15	0	5	0	1	0	3	0	0	0	12	0	0	0	0	42	0	0	0	0	0	0	0	1	0	0	0	0	0	0	0	0	0
Cells	2022-07-01	9104968	77395	7159	0	1	0	0	0	0	1	0	0	0	0	5	0	0	0	0	32	0	0	2	0	0	0	0	0	0	0	0	0	0	0	0	0	0
Cells	2022-07-01	9139525	262136	23222	0	13	1	3	0	0	0	1	0	0	0	1	0	0	2	0	36	0	0	1	0	0	0	0	1	0	0	0	0	0	0	0	0	0
Cells	2022-07-01	9139319	104033	9373	0	11	0	3	0	1	1	0	0	0	0	5	0	0	0	0	13	0	0	0	0	0	0	0	0	0	0	0	0	0	0	0	0	0
Cells	2022-07-01	9139457	130642	10834	0	0	0	1	0	0	3	2	0	0	1	0	0	0	0	0	19	0	0	1	0	0	0	0	0	0	0	0	0	0	0	0	0	0
Cells	2022-07-01	9139993	166661	14663	0	16	0	2	0	9	2	11	0	0	0	0	0	0	0	0	75	1	2	2	0	0	0	0	0	0	0	0	0	0	0	0	0	0
Cells	2022-07-01	9139621	180143	16688	0	7	1	2	0	1	2	0	0	66	9	1	0	1	0	0	14	0	0	1	0	0	2	0	0	0	0	0	0	0	0	0	0	0
Cells	2022-07-01	9139961	83715	7679	0	6	0	9	0	0	1	5	0	0	0	3	0	0	0	0	5	0	0	1	0	0	0	0	0	0	0	0	0	0	0	0	0	0
Cells	2022-07-01	9139304	91189	9652	0	11	0	2	0	0	0	0	0	0	0	1	0	0	0	0	29	0	0	0	0	0	0	0	0	0	0	0	0	0	0	1	0	0
Cells	2022-07-01	9139800	211955	15642	0	3	0	0	0	0	0	1	0	0	2	2	0	0	0	1	45	0	0	0	0	0	0	0	0	0	0	0	0	0	0	0	0	0
Cells	2022-07-01	9139176	91854	8867	0	4	0	2	0	0	0	3	0	0	0	2	0	0	0	0	8	0	0	0	0	0	0	0	0	0	0	0	0	0	0	0	0	0
Cells	2022-07-01	9139813	537616	41454	0	7	0	1	0	1	0	2	0	1	1	3	0	0	0	0	91	0	0	0	0	0	0	0	0	0	0	0	0	0	0	0	0	0
Cells	2022-07-01	9104507	396560	27527	0	4	0	0	0	0	2	1	0	4	2	6	0	0	0	0	11	0	0	1	0	0	0	0	0	0	0	0	0	1	0	0	0	0
Cells	2022-07-01	9140103	113945	11037	0	12	0	0	0	0	0	1	0	0	0	7	0	0	0	0	24	0	0	1	0	0	0	0	0	0	0	0	0	0	0	0	0	0
Cells	2022-07-01	9139471	93195	8851	0	6	0	1	0	0	0	0	0	0	0	5	0	0	0	0	23	0	0	1	0	0	0	0	0	0	0	0	0	0	0	0	0	0
Cells	2022-07-01	9139524	108635	10570	0	0	0	0	0	0	2	1	0	1	0	1	0	0	0	0	10	0	0	0	0	0	0	0	0	0	0	0	0	0	0	0	0	0
Cells	2022-07-01	9139651	159090	13309	0	6	1	0	0	1	0	1	0	0	0	2	0	0	0	0	16	0	2	3	0	0	1	0	0	0	0	0	0	0	0	0	1	0
Cells	2022-07-01	9139244	290938	22368	1	1	0	0	0	0	2	2	0	0	0	10	0	0	0	0	40	0	0	2	0	0	0	0	0	0	0	0	0	1	0	0	0	0
Cells	2022-07-01	9139513	155281	13016	0	13	1	1	1	0	2	1	0	1	0	2	0	0	1	0	69	0	0	3	0	0	2	1	0	0	0	0	1	0	0	0	0	0
Cells	2022-07-01	9139217	179665	17175	0	8	0	0	0	0	7	4	0	2	0	3	0	0	0	0	37	0	0	2	0	0	0	1	0	0	0	0	0	0	0	0	0	0
Cells	2022-07-01	9139879	99162	9774	0	7	0	2	1	0	1	0	0	0	0	0	0	0	1	0	50	0	0	0	0	0	0	0	0	0	0	0	0	0	0	0	0	0
Cells	2022-07-01	9139678	325135	23998	0	3	0	1	0	0	1	1	0	0	0	1	0	0	0	0	29	0	0	2	0	0	1	2	0	0	0	0	0	0	1	0	0	0
Cells	2022-07-01	9139780	126381	12593	0	7	0	2	0	0	3	0	0	2	0	3	0	1	0	1	38	0	0	0	0	0	0	0	0	0	0	0	0	0	0	0	0	0
Cells	2022-07-01	9139973	116940	10906	0	8	1	8	0	0	0	6	0	45	6	15	0	0	1	0	61	0	0	2	0	0	2	0	0	0	0	0	0	0	0	0	0	0
Cells	2022-07-01	9140127	145678	13588	0	19	0	7	0	0	2	2	0	0	0	5	0	0	0	0	5	0	0	0	0	0	0	1	0	0	0	0	0	0	0	0	0	0
Cells	2022-07-01	9139844	86126	7462	0	2	0	1	0	1	1	2	0	5	0	2	0	0	0	0	17	0	0	0	0	0	0	0	0	0	0	0	0	0	0	0	0	0
Cells	2022-07-01	9139553	271251	21641	0	13	1	1	0	0	4	0	0	0	1	16	0	0	0	0	48	0	0	1	0	0	1	0	1	0	0	0	0	0	0	0	0	0
Cells	2022-07-01	9139679	107844	9388	0	4	0	2	0	0	0	3	0	1	0	0	0	0	0	0	14	0	0	0	0	0	0	0	0	0	0	0	0	0	0	0	0	0
Cells	2022-07-01	9139303	104000	10613	1	6	0	0	0	0	2	2	0	3	0	2	0	0	0	0	29	0	0	2	0	0	1	0	0	0	0	0	0	0	0	0	0	0
Cells	2022-07-01	9139684	104122	9367	0	5	0	0	0	0	1	1	0	0	1	5	0	0	0	0	12	0	0	0	0	0	0	0	0	0	0	0	0	0	0	0	0	0
Cells	2022-07-01	9139529	117576	8984	0	1	0	0	0	0	2	1	0	1	0	0	0	0	0	0	10	0	1	1	0	0	0	0	0	0	0	1	0	0	0	0	0	0
Cells	2022-07-01	9139647	174829	13461	0	7	0	1	0	0	6	1	0	1	1	0	0	0	0	0	14	0	2	2	0	0	0	0	0	0	0	0	0	0	0	0	0	0
Cells	2022-07-01	9140154	105799	9526	0	6	0	0	0	0	0	0	0	0	0	4	0	0	0	0	29	0	0	0	0	0	0	0	0	0	0	0	0	0	0	0	0	0
Cells	2022-07-01	9139870	219257	16426	0	3	0	0	0	0	0	4	0	0	0	1	0	0	0	0	52	0	0	3	0	0	0	0	0	0	0	0	0	0	0	0	0	0
Cells	2022-07-01	9139243	470703	31546	0	2	1	0	0	0	1	0	0	0	0	1	0	0	0	0	22	0	0	5	0	0	0	0	0	0	0	0	0	0	0	0	0	0
Cells	2022-07-01	9139546	427789	31124	0	2	0	1	0	0	1	2	0	5	0	2	0	0	4	0	53	0	0	1	0	0	1	0	0	0	0	0	0	0	0	0	0	0
Cells	2022-07-01	9140068	99397	8248	0	6	0	4	0	0	0	6	0	0	0	4	0	0	0	0	17	0	0	0	0	0	0	0	0	0	0	0	0	0	0	0	0	0
Cells	2022-07-01	9140109	212965	15797	0	0	0	0	0	0	0	0	0	0	0	2	0	0	0	0	20	0	0	1	0	0	1	0	0	0	0	0	0	0	0	0	0	0
Cells	2022-07-01	9139464	167766	13059	0	0	0	0	0	0	1	0	0	1	0	1	0	0	0	0	20	0	0	4	0	0	1	0	0	0	0	0	0	0	0	0	0	0
Cells	2022-07-01	9139566	143733	13143	0	17	0	1	0	0	0	3	0	0	0	10	0	0	0	0	13	0	0	0	0	0	0	0	0	0	0	0	0	0	0	0	0	1
Cells	2022-07-01	9139896	119726	10870	0	2	0	2	0	1	0	4	0	0	1	3	0	0	0	0	24	0	0	1	0	0	0	0	0	0	0	0	0	0	0	0	0	0
Cells	2022-07-01	9139617	109751	10310	0	0	0	0	0	0	0	0	0	1	0	0	0	0	2	0	1	0	0	0	0	0	0	0	0	0	0	0	0	0	0	0	0	0
Cells	2022-07-01	9140143	273381	19844	0	1	0	1	0	0	4	7	0	1	0	2	0	0	0	0	21	0	0	0	0	0	0	0	1	0	0	0	0	0	0	0	0	0
Cells	2022-07-01	9180039	179378	13971	0	8	0	3	0	0	1	2	0	0	2	0	0	0	0	0	25	0	0	0	0	0	0	0	0	0	0	0	0	0	0	0	0	1
Cells	2022-07-01	9180301	186345	16507	0	2	0	0	0	11	3	1	0	0	0	0	0	0	0	0	25	0	0	3	0	0	0	0	0	0	0	0	0	0	0	0	0	0
Cells	2022-07-01	9139415	375410	26495	0	2	0	0	0	0	1	2	0	2	0	4	0	0	0	0	22	0	0	1	0	0	0	0	0	0	0	0	0	0	0	0	0	0
Cells	2022-07-01	9180152	102268	9106	0	13	1	5	0	0	0	1	0	0	1	2	0	0	0	0	25	0	0	0	0	0	1	0	0	0	0	0	0	0	0	0	0	0
Cells	2022-07-01	9179250	127275	11270	0	9	0	7	0	0	0	6	0	4	3	4	0	0	0	0	17	0	0	1	0	0	0	0	0	0	0	0	0	0	0	2	0	0
Cells	2022-07-01	9179922	187636	15759	0	20	1	3	0	0	2	0	0	2	1	8	0	1	0	0	26	0	1	2	0	0	0	3	0	0	0	0	0	0	0	0	0	0
Cells	2022-07-01	9179542	189339	16340	0	8	1	2	0	0	0	1	0	1	3	2	0	0	0	0	35	0	0	0	0	0	0	0	0	0	0	0	0	0	0	0	0	0
Cells	2022-07-01	9179864	7914	548	0	0	0	0	0	0	0	0	0	0	0	0	0	0	0	0	1	0	0	0	0	0	0	0	0	0	0	0	0	0	0	0	0	0
Cells	2022-07-01	9179393	119044	11674	0	7	1	2	0	0	5	3	0	0	1	2	0	0	0	0	24	0	0	1	0	0	0	0	0	0	0	0	0	0	0	0	0	0
Cells	2022-07-01	9179832	119043	10458	0	9	0	1	0	0	0	17	0	0	0	1	0	0	0	0	25	0	0	0	0	0	0	0	0	0	0	0	0	0	0	0	0	0
Cells	2022-07-01	9180404	265373	20806	0	0	0	0	0	0	4	0	0	1	0	3	0	0	0	0	21	0	0	2	0	0	0	0	0	0	0	0	0	0	0	0	0	0
Cells	2022-07-01	9179371	95835	9161	0	5	0	1	0	0	11	3	0	2	0	2	0	0	0	0	3	0	0	2	0	0	0	0	0	0	0	0	1	0	0	0	0	0
Cells	2022-07-01	9180030	119557	9666	0	1	1	0	0	0	0	0	0	3	0	0	0	0	0	0	9	0	0	2	0	0	2	0	0	0	0	0	0	0	0	0	0	0
Cells	2022-07-01	9179561	108213	9137	0	18	0	1	0	0	1	0	0	0	4	3	0	0	1	0	16	0	0	0	0	0	1	0	0	0	0	0	0	0	0	0	0	0
Cells	2022-07-01	9179460	94625	8090	0	4	0	2	0	0	1	0	0	0	0	6	0	0	0	0	19	0	0	0	0	0	0	0	0	0	0	0	0	0	0	0	0	0
Cells	2022-07-01	9179900	129899	10645	0	12	0	1	0	0	1	0	0	0	0	1	0	0	0	0	13	0	0	0	0	0	0	0	1	0	0	0	0	0	0	0	0	0
Cells	2022-07-01	9180413	112618	9549	0	6	0	0	0	0	0	0	0	0	0	6	0	0	0	0	8	0	0	0	0	0	0	0	1	0	0	0	0	0	0	0	0	0
Cells	2022-07-01	9179854	12151	943	0	0	0	0	0	0	0	0	0	0	0	0	0	0	0	0	0	0	0	1	0	0	0	0	0	0	0	0	0	0	0	0	0	0
Cells	2022-07-01	9179582	302482	23160	0	2	1	0	0	1	0	0	0	1	0	1	0	0	0	0	9	0	1	2	0	0	0	0	0	0	0	0	0	0	0	0	0	0
Cells	2022-07-01	9180116	362285	26546	0	0	0	0	0	0	6	0	0	3	0	0	0	0	0	0	21	0	0	4	0	1	0	0	0	0	0	0	1	0	1	0	0	0
Cells	2022-07-01	9179875	140224	12224	0	2	3	0	0	0	10	0	0	1	0	4	0	0	0	0	21	0	1	0	0	0	0	0	0	0	0	0	0	1	0	0	0	0
Cells	2022-07-01	9179497	163967	12896	0	2	1	0	0	0	0	1	0	0	1	0	0	0	0	0	24	0	0	4	0	0	0	0	0	0	0	0	0	0	0	0	0	0
Cells	2022-07-01	9180693	178984	14257	0	27	0	0	0	0	0	0	0	0	0	4	0	0	0	0	17	0	1	3	0	0	1	1	0	0	0	0	0	0	0	0	0	0
Cells	2022-07-01	9179342	130005	10831	0	4	1	2	0	0	1	0	0	0	0	2	0	0	1	0	12	0	0	1	0	0	1	0	0	0	0	0	0	0	0	0	0	0
Cells	2022-07-01	9179869	118528	9735	0	6	0	1	0	1	1	0	0	1	0	0	0	0	1	0	9	0	0	1	0	0	0	0	0	0	0	0	0	0	0	0	0	0
Cells	2022-07-01	9180111	107258	10238	0	11	1	15	0	0	1	0	0	4	0	0	0	0	0	0	21	0	0	1	0	0	0	0	0	0	0	0	0	0	0	0	0	0
Cells	2022-07-01	9180723	121595	10137	0	10	0	1	0	0	0	0	0	0	0	9	0	0	0	0	33	0	0	3	0	0	0	0	0	0	0	0	0	0	0	0	0	0
Cells	2022-07-01	9180703	111144	9926	0	6	0	1	0	0	0	0	0	0	0	3	0	0	0	0	18	0	0	0	0	0	0	1	0	0	0	0	1	0	0	0	0	0
Cells	2022-07-01	9180016	546157	38865	0	2	0	0	0	0	1	1	0	2	0	3	0	0	0	0	40	0	1	4	0	1	1	0	0	0	0	0	0	0	0	0	0	0
Cells	2022-07-01	9180050	118096	9463	0	6	1	4	0	0	0	0	0	0	2	2	0	0	0	0	12	0	1	1	0	0	1	0	0	0	0	0	0	0	0	0	0	0
Cells	2022-07-01	9180859	421172	35142	0	1	0	1	0	4	1	0	0	0	1	10	0	0	0	0	23	0	0	10	0	0	1	2	1	0	0	0	0	0	0	0	0	1
Cells	2022-07-01	9180434	210886	16001	0	1	0	1	0	0	0	2	0	0	1	0	0	0	1	0	32	0	0	10	0	0	1	0	0	0	0	0	0	0	0	0	0	0
Cells	2022-07-01	9221394	167697	15524	0	9	0	1	0	0	2	7	0	0	0	9	0	0	0	0	14	0	0	0	0	0	0	0	0	0	0	0	0	0	0	0	0	0
Cells	2022-07-01	9180253	109065	9579	0	7	1	1	0	0	0	0	0	1	0	1	0	0	0	0	12	0	0	0	0	0	0	0	0	0	0	0	0	0	0	0	0	0
Cells	2022-07-01	9220780	115940	9809	0	5	0	0	0	0	0	1	0	0	0	0	0	0	0	0	7	0	0	0	0	0	0	0	0	0	0	0	0	0	0	0	0	0
Cells	2022-07-01	9180583	272563	20906	0	3	0	0	0	0	1	0	0	0	0	0	0	0	0	0	23	0	1	1	0	0	0	0	1	0	0	0	0	0	0	0	0	0
Cells	2022-07-01	9221084	108542	9678	0	12	0	1	0	0	1	1	0	1	0	4	0	0	0	0	26	0	0	0	0	0	0	0	0	0	0	0	0	0	0	0	0	0
Cells	2022-07-01	9180595	371349	28468	0	0	0	1	0	0	0	0	0	0	1	1	0	0	0	0	62	0	0	0	0	0	0	0	1	0	0	0	0	1	0	1	1	0
Cells	2022-07-01	9180700	112072	9211	0	8	0	0	0	0	0	1	0	1	3	0	0	0	0	0	11	0	1	0	0	0	0	0	0	0	0	0	0	0	0	0	0	0
Cells	2022-07-01	9180646	118773	10225	0	5	1	0	0	0	1	0	0	0	1	2	0	0	0	0	15	0	1	0	0	0	0	0	0	0	0	0	0	0	0	0	0	0
Cells	2022-07-01	9179999	115048	9010	0	0	0	1	0	0	0	1	0	0	0	1	0	0	0	0	3	0	0	1	0	0	0	0	0	0	0	0	0	0	0	0	0	0
Cells	2022-07-01	9180478	72598	7261	0	11	0	0	0	0	0	17	0	0	0	2	0	0	0	0	7	0	0	0	0	0	0	0	0	0	0	0	0	0	0	0	0	0
Cells	2022-07-01	9180862	200147	16709	0	7	0	2	0	0	2	1	0	0	0	11	0	0	0	0	27	0	0	6	0	0	0	0	0	0	0	0	0	0	0	0	0	0
Cells	2022-07-01	9180657	474650	32016	0	0	1	0	0	1	3	0	0	7	0	2	0	0	0	0	37	0	0	4	0	0	0	0	0	0	0	0	0	0	0	0	0	0
Cells	2022-07-01	9180466	203847	14247	0	0	0	0	0	0	1	0	0	1	0	3	0	0	0	0	23	0	0	1	0	0	0	0	0	0	0	0	0	0	0	0	0	0
Cells	2022-07-01	9221297	90035	8303	0	7	2	3	0	0	1	0	0	4	0	2	0	0	0	0	19	0	0	0	0	0	0	0	0	0	0	0	0	0	0	0	0	0
Cells	2022-07-01	9180073	240031	18735	0	17	0	3	1	0	0	2	0	3	3	5	0	0	0	0	49	0	0	2	0	0	1	0	0	0	0	0	0	0	0	0	0	0
Cells	2022-07-01	9220912	92419	8684	0	2	0	6	0	3	0	1	0	3	0	1	0	0	0	0	9	0	0	1	0	0	0	0	3	0	0	0	0	0	0	0	0	0
Cells	2022-07-01	9221478	96157	8479	0	7	0	1	0	0	2	3	0	0	0	2	0	0	1	0	12	0	0	3	0	0	0	0	0	0	0	0	0	0	0	0	0	0
Cells	2022-07-01	9180692	187811	15140	0	23	0	3	0	0	3	0	0	0	0	0	0	0	0	0	20	0	0	0	0	0	0	0	0	0	0	0	0	0	0	0	0	0
Cells	2022-07-01	9221525	218767	16861	0	9	0	2	0	0	0	1	0	1	1	4	0	0	1	0	12	0	0	11	0	0	0	0	0	0	0	0	0	0	0	0	0	0
Cells	2022-07-01	9221972	196877	16614	0	2	1	0	0	1	0	0	0	0	7	1	0	0	3	0	69	0	0	1	0	0	0	0	0	0	0	0	0	0	0	0	0	0
Cells	2022-07-01	9221425	119362	11030	0	8	0	0	0	0	0	0	0	1	0	8	0	0	0	0	5	0	0	0	0	0	0	0	0	0	0	0	0	0	0	0	0	0
Cells	2022-07-01	9221476	27105	1840	0	0	0	0	0	0	1	0	0	0	0	0	0	0	0	0	3	0	0	0	0	0	0	0	0	0	0	0	0	0	0	0	0	0
Cells	2022-07-01	9221702	221347	18089	0	0	0	0	0	0	0	0	0	4	0	0	0	0	0	0	18	0	0	3	0	0	0	0	0	0	0	0	0	0	0	0	0	0
Cells	2022-07-01	9220858	301118	22228	0	8	0	0	0	0	0	0	0	1	0	2	0	0	0	0	47	0	0	5	0	0	0	0	0	0	0	0	0	0	0	0	0	0
Cells	2022-07-01	9220989	101981	10573	0	6	0	7	0	3	0	16	0	0	2	7	0	1	0	0	14	0	0	0	0	0	0	0	1	0	0	0	0	0	0	0	0	0
Cells	2022-07-01	9221610	97581	8355	0	12	0	1	0	0	1	0	0	3	2	2	0	0	0	0	21	0	0	0	0	0	0	0	0	0	0	0	0	0	0	0	0	0
Cells	2022-07-01	9221865	69589	6547	0	2	0	0	0	2	0	0	0	0	0	2	0	0	0	0	23	0	0	0	0	0	0	0	0	0	0	0	0	0	0	0	0	0
Cells	2022-07-01	9221661	258586	18874	0	1	0	0	0	3	0	0	0	0	1	0	0	0	0	0	16	0	0	1	0	0	0	0	1	0	0	0	0	0	0	0	0	1
Cells	2022-07-01	9221696	104474	10238	0	4	0	4	0	0	0	5	0	0	1	4	0	0	0	0	14	0	0	1	0	0	1	0	0	0	0	0	0	0	0	0	0	0
Cells	2022-07-01	9221339	207014	15569	0	1	0	0	0	0	0	0	0	1	0	0	0	0	0	0	28	0	1	0	0	0	0	0	0	0	0	0	0	0	0	0	0	0
Cells	2022-07-01	9220966	107953	10922	0	16	0	2	0	0	2	0	0	0	0	7	0	0	2	0	16	0	1	3	0	0	0	0	0	0	0	0	0	0	0	0	0	0
Cells	2022-07-01	9221158	163888	15768	0	7	0	0	0	0	0	11	0	1	1	1	0	0	0	0	56	0	0	0	0	0	0	0	0	0	0	0	0	0	0	1	0	0
Cells	2022-07-01	9221082	285950	23891	0	20	0	0	0	0	0	0	0	0	5	0	0	0	1	0	240	0	0	3	0	0	0	0	0	0	0	0	0	0	0	1	0	0
Cells	2022-07-01	9221049	173969	14462	0	0	0	0	0	0	6	3	0	0	1	4	0	0	0	0	49	0	0	3	0	0	0	0	0	0	0	0	0	0	0	0	0	0
Cells	2022-07-01	9221903	297485	22248	0	1	0	1	0	0	4	2	0	0	1	8	0	0	0	0	47	0	0	3	0	0	1	0	0	0	0	0	0	0	0	0	0	0
Cells	2022-07-01	9221202	139974	10844	0	0	0	0	0	0	0	0	0	0	0	1	0	0	0	0	10	0	0	1	0	0	0	0	0	0	0	0	0	0	0	0	0	0
Cells	2022-07-01	9221190	94264	8732	0	4	0	3	0	0	0	0	0	1	0	7	0	0	0	0	8	0	0	0	0	0	0	0	0	0	0	0	0	0	0	0	0	0
Cells	2022-07-01	9221798	104425	9876	0	5	1	1	0	0	0	0	0	0	0	5	0	0	0	0	20	0	0	1	0	0	0	0	0	0	0	0	0	0	0	0	0	0
Cells	2022-07-01	9221434	93840	8481	0	2	0	1	0	1	2	4	0	0	0	3	0	0	0	0	22	0	0	0	0	0	0	0	0	0	0	0	0	0	0	0	0	0
Cells	2022-07-01	9221019	153290	13567	0	8	0	8	0	0	0	0	0	3	0	4	0	0	0	0	29	0	0	1	0	0	0	0	0	0	0	0	0	1	0	0	0	0
Cells	2022-07-01	9221912	87823	6290	0	0	0	0	0	0	0	0	0	1	0	0	0	0	0	0	10	0	1	1	0	0	0	0	0	0	0	0	0	0	0	0	0	0
Cells	2022-07-01	9221640	149058	14634	0	1	1	8	0	0	1	2	0	2	1	7	0	0	0	0	25	0	0	1	0	0	0	0	0	0	0	0	0	0	0	0	0	0
Cells	2022-07-01	9221803	234044	18414	0	2	0	1	0	0	2	3	0	0	7	1	0	0	0	0	78	0	4	10	0	0	0	0	0	0	0	0	0	0	0	0	0	0
Cells	2022-07-01	9265820	108505	8893	0	2	0	0	0	0	0	0	0	3	1	0	0	0	0	0	10	0	0	1	0	0	0	0	1	0	0	0	0	0	0	0	0	0
Cells	2022-07-01	9221866	367214	25471	0	0	0	0	0	0	1	0	0	0	0	2	0	0	0	0	34	0	0	8	0	0	0	0	0	0	0	0	1	0	0	0	0	0
Cells	2022-07-01	9221698	171128	13131	0	1	0	1	0	0	0	0	0	0	0	1	0	0	0	0	10	0	0	0	0	0	0	0	0	0	0	0	0	0	0	0	0	0
Cells	2022-07-01	9222142	70318	6792	0	16	0	3	0	0	0	0	0	0	1	0	0	0	0	0	6	0	0	2	0	0	0	0	0	0	0	0	0	0	0	0	0	0
Cells	2022-07-01	9265932	109788	9783	0	16	0	1	0	0	0	1	0	7	0	3	0	0	0	0	23	0	0	1	0	0	0	0	0	0	0	0	0	0	0	0	0	0
Cells	2022-07-01	9265922	89796	7681	0	9	0	3	0	0	0	8	0	2	0	1	0	0	0	0	15	0	0	0	0	0	0	0	0	0	0	0	0	0	0	0	0	0
Cells	2022-07-01	9221958	204532	16088	0	0	0	0	0	0	1	0	0	0	0	1	0	0	0	0	19	0	0	1	0	0	0	0	2	0	0	0	0	0	0	0	0	0
Cells	2022-07-01	9265861	122090	11077	0	20	1	1	0	3	5	1	0	2	2	0	0	0	0	0	21	0	0	2	0	0	0	1	0	0	0	0	0	0	0	0	0	0
Cells	2022-07-01	9265605	318632	26166	0	0	0	0	0	0	0	0	0	0	0	1	0	0	0	0	10	0	1	0	0	0	0	0	0	0	0	0	0	0	0	0	0	0
Cells	2022-07-01	9265769	7868	558	0	0	0	0	0	0	0	0	0	0	0	0	0	0	0	0	0	0	0	0	0	0	0	0	0	0	0	0	0	0	0	0	0	0
Cells	2022-07-01	9265969	256553	18630	0	0	0	1	0	0	4	0	0	0	1	3	0	0	0	0	30	0	0	3	0	0	0	0	1	0	0	0	1	0	0	0	0	0
Cells	2022-07-01	9221567	386233	27036	0	4	0	1	0	2	0	0	0	0	0	8	0	0	1	0	19	0	0	1	0	0	0	0	0	0	0	0	1	0	0	0	0	0
Cells	2022-07-01	9221825	133887	12414	0	7	0	0	0	0	0	14	0	0	1	0	0	0	0	0	7	0	0	0	0	0	0	0	0	0	1	0	0	0	0	0	0	0
Cells	2022-07-01	9265589	118573	11737	1	12	0	1	0	0	0	2	0	0	2	0	0	0	1	0	47	0	0	0	0	0	0	0	0	0	0	0	0	0	0	0	0	0
Cells	2022-07-01	9222181	148018	11775	0	2	0	0	0	0	2	1	0	0	0	0	0	0	0	0	10	0	0	4	0	0	0	0	0	0	0	0	0	0	0	0	0	0
Cells	2022-07-01	9222197	163037	16014	0	14	1	4	0	1	4	0	0	2	3	13	0	0	0	0	8	0	0	0	0	0	0	0	0	0	0	0	0	0	1	0	0	0
Cells	2022-07-01	9221624	203238	14887	0	0	0	0	0	0	2	0	0	3	0	0	0	0	0	0	26	0	0	3	0	0	0	0	0	0	0	0	0	1	0	0	0	0
Cells	2022-07-01	9266262	171933	14587	0	7	0	3	0	1	0	1	0	4	0	0	0	0	0	0	10	0	0	0	0	0	0	0	0	0	0	0	0	0	0	0	0	0
Cells	2022-07-01	9221920	157221	13172	0	8	1	6	0	1	2	0	0	0	0	2	0	0	1	0	11	0	0	1	0	0	1	1	0	0	0	0	0	0	0	0	0	0
Cells	2022-07-01	9266202	183585	13617	0	1	0	1	0	1	0	1	0	2	0	1	0	0	0	0	24	0	0	3	0	0	0	0	0	0	0	0	0	0	0	0	0	0
Cells	2022-07-01	9221848	109954	8692	0	7	0	0	0	0	0	0	0	0	0	0	0	0	0	0	7	0	2	0	0	0	0	0	0	0	0	0	0	0	0	0	0	0
Cells	2022-07-01	9265670	106734	9667	0	5	1	0	0	0	0	0	0	2	0	1	0	0	0	0	12	0	0	6	0	0	0	0	0	0	0	0	0	0	1	0	0	0
Cells	2022-07-01	9265474	143667	11384	0	0	0	0	0	0	4	4	0	1	0	2	0	0	0	0	13	0	0	1	0	0	0	0	0	0	0	0	0	0	0	0	0	0
Cells	2022-07-01	9221776	33133	2607	0	0	0	0	0	0	0	1	0	0	0	2	0	0	0	0	1	0	0	1	0	0	0	0	0	0	0	0	0	0	0	0	0	0
Cells	2022-07-01	9221707	173737	14317	0	0	0	0	0	0	0	0	0	0	0	0	0	0	0	0	29	0	0	3	0	0	0	0	0	0	0	0	0	0	0	0	0	0
Cells	2022-07-01	9265997	109301	9400	0	5	0	0	0	0	0	2	0	0	0	6	0	0	0	0	7	0	0	1	0	0	0	0	0	0	0	0	0	0	0	0	0	0
Cells	2022-07-01	9265747	117712	10831	0	18	0	0	0	0	0	6	0	1	0	4	0	0	0	0	12	0	0	2	0	0	0	0	0	0	0	0	0	0	0	0	0	0
Cells	2022-07-01	9265368	102600	9743	0	15	0	1	0	0	1	0	0	1	0	1	0	0	1	0	21	0	1	5	0	0	0	0	0	0	0	0	0	0	0	0	0	0
Cells	2022-07-01	9265363	94472	9338	0	1	0	0	0	0	0	1	0	0	1	3	0	0	0	0	9	0	0	0	0	0	0	0	0	0	0	0	0	0	0	0	0	0
Cells	2022-07-01	9266156	304056	22845	0	1	0	0	0	0	0	0	0	0	0	0	0	0	0	0	28	0	0	0	0	0	0	0	0	0	0	0	0	0	0	0	0	0
Cells	2022-07-01	9265341	93221	8141	0	1	0	0	0	0	0	0	0	0	0	6	0	0	0	0	8	0	0	0	0	0	0	0	0	0	0	0	0	0	0	0	0	0
Cells	2022-07-01	9265592	147843	11028	0	0	0	0	0	0	1	0	0	2	0	1	0	0	0	0	27	0	0	4	0	0	0	0	0	0	0	0	0	0	0	0	0	0
Cells	2022-07-01	9266164	66343	5370	0	1	1	0	0	0	0	7	0	0	0	0	0	0	0	0	14	0	0	1	0	0	0	0	0	0	0	0	0	0	0	0	0	0
Cells	2022-07-01	9265636	221226	18102	0	8	1	0	0	0	1	2	0	0	1	0	0	0	0	0	24	0	0	1	0	0	0	0	0	0	0	0	0	0	1	0	0	0
Cells	2022-07-01	9265971	160464	12494	0	0	0	1	0	0	1	0	0	1	1	0	0	0	0	0	43	0	0	5	0	0	0	0	0	0	0	0	0	0	0	0	0	0
Cells	2022-07-01	9266226	36989	3530	0	5	0	0	0	0	0	1	0	1	1	4	0	0	0	0	4	0	0	2	0	0	0	0	1	0	0	0	0	0	0	0	0	0
Cells	2022-07-01	9265344	130775	12343	0	23	0	0	0	0	0	5	0	3	6	4	0	0	0	0	9	0	0	0	0	0	0	0	0	0	0	0	0	0	0	0	0	0
Cells	2022-07-01	9266245	97891	8832	0	2	0	0	0	0	0	0	0	0	4	4	0	0	0	0	22	0	0	1	0	0	0	0	0	0	0	0	0	0	0	0	0	0
Cells	2022-07-01	9265588	115028	9295	0	6	2	1	0	0	0	0	0	0	0	0	0	0	0	0	11	0	0	2	0	0	0	0	0	0	0	0	0	0	0	0	0	0
Cells	2022-07-01	9265531	116509	10881	0	2	0	0	0	0	0	4	0	0	1	1	0	0	0	0	15	0	0	1	0	0	0	0	0	0	0	0	0	0	0	0	0	0
Cells	2022-07-01	9265671	99847	9299	0	12	1	0	0	0	0	0	0	0	1	6	0	0	0	0	17	0	1	2	0	0	0	0	0	0	0	0	0	0	0	0	0	0
Cells	2022-07-01	9265697	156284	14944	0	9	1	0	0	5	2	1	0	0	0	1	0	0	0	0	12	0	0	0	0	0	0	0	0	0	0	0	0	0	0	0	0	0
Cells	2022-07-01	9265429	140436	10831	0	0	0	0	0	1	3	0	0	0	0	3	0	0	0	0	25	0	0	11	0	0	0	0	0	0	0	0	0	0	0	0	0	0
Cells	2022-07-01	9266037	245086	18275	0	5	0	1	0	0	3	1	0	0	3	2	0	0	0	0	59	0	0	1	0	0	0	0	0	0	0	0	0	0	0	0	0	0
Cells	2022-07-01	9265551	90832	8863	0	18	0	2	0	0	2	4	0	1	1	4	0	0	0	1	3	0	0	0	0	0	0	0	0	0	0	0	0	0	0	0	0	0
Cells	2022-07-01	9265783	263445	20668	0	2	0	0	0	0	0	1	0	0	1	3	0	0	0	0	45	0	0	0	0	0	0	0	0	0	0	0	0	0	0	0	0	0
Cells	2022-07-01	9266177	129591	12126	0	3	0	2	0	0	0	0	0	1	0	0	0	0	0	0	10	0	0	0	0	0	0	0	0	0	0	0	0	0	0	0	0	0
Cells	2022-07-01	9265676	181126	16862	0	14	0	1	0	0	2	0	0	0	4	0	0	0	0	0	26	0	0	1	0	0	0	0	0	0	0	0	0	0	0	0	0	0
Cells	2022-07-01	9266282	154575	12923	0	10	0	2	0	0	0	1	0	0	1	2	0	0	0	0	21	0	0	0	0	0	1	0	0	0	0	0	0	0	0	0	0	0
Cells	2022-07-01	9265933	149277	12606	0	0	0	0	0	0	0	0	0	1	0	0	0	0	0	0	6	0	0	3	0	0	1	0	0	0	1	0	1	0	0	0	0	0
