journal	date	pmc_id	Nchars	Nwords	delve	analyse	acknowledge	assess	appraise	dissect	explore	examine	extricate	expose	estimate	investigate	inquire	inspect	interpret	scrutinise	study	unearth	uncover	understand	ponder	research	reason	retrieve	avoid	discount	disregard	dismiss	ignore	neglect	overlook	omit	skip	reject
Elife	2021-10-01	8289408	194918	19080	0	8	1	1	0	0	1	0	0	0	3	2	0	0	0	0	20	0	0	0	0	0	0	0	0	0	0	0	0	0	0	0	0	0
Elife	2021-10-01	8253595	298666	31268	0	34	3	0	0	0	1	27	0	0	6	3	0	0	0	0	20	0	0	2	0	0	2	0	1	0	0	0	0	0	0	5	1	0
Elife	2021-10-01	8363269	166811	17104	0	2	0	1	0	2	1	0	0	6	13	0	1	0	0	0	6	0	0	6	0	1	0	0	3	0	0	0	0	0	0	0	0	0
Elife	2021-10-01	8315799	238573	21328	0	11	1	0	0	0	2	3	0	1	61	3	0	0	5	0	85	0	0	5	0	0	4	0	0	0	0	0	0	0	0	0	0	0
Elife	2021-10-01	8260231	187487	17787	0	6	0	2	0	0	8	6	0	0	10	0	0	0	0	0	24	0	2	0	0	0	0	0	0	0	0	0	0	0	0	0	0	0
Elife	2021-10-01	8282333	162042	15614	0	5	0	0	0	0	1	2	0	0	12	1	0	0	0	0	31	0	0	4	0	0	0	0	0	0	0	0	0	1	0	0	0	0
Elife	2021-10-01	8289410	256013	25254	0	8	0	3	0	0	0	1	0	3	12	10	0	0	1	0	51	0	0	4	0	0	13	0	0	0	0	0	0	0	0	0	0	0
Elife	2021-10-01	8289412	174291	18301	0	18	0	2	0	0	1	1	0	0	13	6	0	0	0	0	8	0	0	1	0	0	2	0	0	0	0	0	0	0	2	0	0	0
Elife	2021-10-01	8354636	271673	26865	0	1	5	0	0	1	1	3	0	6	1	0	0	0	0	0	21	0	0	3	0	0	2	0	0	0	0	0	0	0	0	0	0	0
Elife	2021-10-01	8260230	299707	33191	0	40	0	0	0	12	1	2	0	0	3	3	0	1	2	0	63	0	0	5	0	0	0	2	0	0	0	0	0	0	0	0	0	0
Elife	2021-10-01	8285109	203841	20229	0	10	0	4	0	1	3	8	0	0	1	4	0	0	0	0	42	0	0	2	0	1	0	0	0	0	0	0	0	0	0	0	0	0
Elife	2021-10-01	8291978	278638	26869	0	24	0	6	0	1	3	5	0	0	2	10	0	0	1	0	26	0	1	1	0	0	1	0	0	0	0	0	0	0	0	0	0	0
Elife	2021-10-01	8263056	116772	10445	0	4	0	0	0	0	1	2	0	7	0	1	0	0	0	0	33	0	1	1	0	0	0	1	0	0	0	0	0	0	0	0	0	0
Elife	2021-10-01	8282338	238592	25925	0	6	0	4	0	0	3	11	0	6	4	4	0	0	0	0	26	0	0	5	0	0	0	1	0	0	0	0	0	0	0	0	0	0
Elife	2021-10-01	8253593	13345	1553	0	0	1	1	0	0	0	0	0	1	0	0	0	0	0	0	0	0	1	1	0	0	0	0	0	0	0	0	0	0	0	0	0	0
Elife	2021-10-01	8282337	225919	21637	0	7	1	1	0	4	1	0	0	1	0	3	0	0	0	0	16	0	0	4	0	0	0	0	0	0	0	0	0	0	0	0	0	0
Elife	2021-10-01	8279763	289908	29758	0	19	0	0	0	0	16	4	0	0	6	2	0	0	2	0	21	0	0	3	0	0	7	0	0	0	0	0	0	0	0	0	0	1
Elife	2021-10-01	8260228	296808	28731	0	5	0	18	0	0	8	17	0	1	4	3	0	0	0	0	17	0	0	2	0	0	3	0	0	0	0	0	0	1	0	0	0	0
Elife	2021-10-01	8289414	267386	26970	0	24	1	5	0	0	0	7	0	6	0	3	0	0	0	0	22	0	0	4	0	0	3	0	0	0	0	0	0	0	0	0	0	0
Elife	2021-10-01	8263058	268215	23565	0	16	0	6	0	0	5	3	0	0	0	2	0	0	0	0	10	0	0	6	0	0	1	1	0	0	0	0	0	0	0	0	0	0
Elife	2021-10-01	8331183	252773	24715	0	14	0	2	0	14	0	3	0	1	0	5	0	0	0	0	23	0	0	4	0	0	1	0	0	0	0	0	0	0	0	0	0	1
Elife	2021-10-01	8263062	199568	22004	0	2	0	0	0	0	2	0	0	0	0	3	0	0	0	0	15	0	0	6	0	0	3	0	0	0	0	0	0	0	0	0	0	0
Elife	2021-10-01	8289413	144080	16520	0	9	1	0	0	0	6	2	0	0	2	0	0	0	0	0	16	0	0	0	0	0	0	0	0	0	0	0	0	0	0	0	0	0
Elife	2021-10-01	8291976	347991	34028	0	1	0	3	0	1	3	23	0	5	0	17	0	0	4	0	42	0	0	2	0	0	0	0	0	0	0	0	0	0	0	0	0	0
Elife	2021-10-01	8260221	183845	17525	0	20	0	0	0	0	5	1	0	1	2	8	0	0	0	0	54	0	0	4	0	0	0	0	0	0	0	0	0	0	0	0	0	0
Elife	2021-10-01	8277352	268931	29778	0	32	0	3	0	0	6	9	0	10	0	3	0	0	5	0	36	0	0	2	0	0	1	0	0	0	0	0	4	0	0	0	0	0
Elife	2021-10-01	8367385	243359	27346	0	5	1	2	0	0	8	2	0	0	9	1	0	0	3	0	10	0	0	1	0	0	2	0	3	3	0	0	2	0	0	3	0	0
Elife	2021-10-01	8324295	187307	18325	0	12	0	0	0	0	1	5	0	0	0	4	0	0	0	0	22	0	0	1	0	0	0	0	0	0	0	0	0	0	0	0	0	0
Elife	2021-10-01	8296521	266934	26646	0	32	0	2	0	0	1	7	0	0	2	7	0	0	1	0	44	0	0	6	0	0	0	0	0	0	0	0	0	0	0	0	0	0
Elife	2021-10-01	8321556	320425	27803	0	24	1	2	0	0	0	0	0	1	10	3	0	1	0	0	19	0	0	2	0	0	2	0	0	0	0	0	0	0	0	2	0	0
Elife	2021-10-01	8277363	494322	31000	0	7	0	7	0	0	0	0	0	2	171	1	0	0	0	0	52	0	0	4	0	0	2	0	0	0	0	0	0	4	0	0	0	0
Elife	2021-10-01	8275130	214103	21748	0	8	9	1	0	0	1	0	0	0	11	11	0	5	0	0	48	0	0	1	0	0	0	0	0	0	0	0	0	0	0	0	0	2
Elife	2021-10-01	8279760	178764	16131	0	12	0	6	0	2	1	20	0	0	2	3	0	0	0	0	34	0	0	0	0	0	1	0	0	0	0	0	0	0	0	0	0	0
Elife	2021-10-01	8341987	251163	25717	0	22	0	5	0	1	1	2	0	4	3	1	0	0	0	0	32	0	1	7	0	0	0	0	0	0	0	0	0	0	0	0	0	0
Elife	2021-10-01	8298092	198820	19491	0	11	0	3	0	12	1	7	0	0	0	1	0	0	0	0	13	0	1	4	0	0	0	1	0	0	0	0	0	0	0	0	0	0
Elife	2021-10-01	8285107	229062	23398	0	21	0	4	0	1	1	11	0	1	3	4	0	0	2	0	34	0	2	3	0	0	3	0	0	0	0	0	0	0	0	0	0	0
Elife	2021-10-01	8313237	295724	31563	0	12	4	5	0	0	6	1	0	1	0	0	0	0	2	0	12	0	2	1	0	0	1	0	1	0	0	0	0	0	0	0	1	0
Elife	2021-10-01	8324301	220735	22605	0	17	0	1	0	0	3	1	0	10	12	1	0	0	0	0	23	0	0	1	0	0	0	0	0	0	0	0	0	0	0	0	0	0
Elife	2021-10-01	8294846	127956	13672	0	18	6	1	0	0	9	0	0	0	16	5	0	0	0	0	21	0	0	0	0	0	1	4	0	0	0	0	0	0	0	0	0	0
Elife	2021-10-01	8331191	262745	27683	0	22	1	1	0	0	2	5	0	1	18	7	1	0	1	0	37	0	0	2	0	0	2	0	4	0	0	0	2	0	0	0	0	0
Elife	2021-10-01	8328519	204744	24465	0	18	9	2	0	0	9	25	0	0	90	4	0	0	0	0	27	0	0	3	0	0	6	51	0	6	1	0	1	0	0	0	0	0
Elife	2021-10-01	8277373	429689	39344	0	15	5	7	0	0	0	9	0	0	277	6	0	0	0	0	69	0	0	2	0	0	0	0	1	1	0	0	0	0	0	0	0	0
Elife	2021-10-01	8321555	269890	28104	0	5	10	0	0	1	7	8	0	0	1	7	0	0	4	0	37	0	0	5	0	0	1	0	1	0	0	0	2	0	0	1	0	1
Elife	2021-10-01	8279759	398343	36096	0	84	0	4	0	0	1	9	0	2	110	4	0	0	0	0	172	0	0	1	0	0	3	0	0	0	0	0	2	2	0	2	0	0
Elife	2021-10-01	8279758	23964	2074	0	0	0	0	0	0	1	1	0	0	0	0	0	0	0	0	1	0	0	0	0	0	0	0	0	0	0	0	0	0	0	0	0	0
Elife	2021-10-01	8457833	239933	25278	0	6	1	0	0	0	0	5	0	2	0	0	0	0	2	0	44	0	0	5	0	0	2	0	0	0	0	0	0	0	0	1	0	0
Elife	2021-10-01	8318586	203831	22905	0	20	3	3	0	0	1	13	0	0	18	5	0	0	4	0	41	0	0	2	0	0	2	0	0	0	0	0	1	0	0	0	0	1
Elife	2021-10-01	8352588	239085	26622	0	10	4	0	0	0	4	1	0	4	2	5	0	0	1	0	33	0	0	3	0	0	0	0	1	0	0	0	0	0	0	0	0	0
Elife	2021-10-01	8279761	384399	46360	0	11	0	1	0	0	3	3	0	1	3	6	0	0	1	0	36	0	0	3	0	0	0	0	0	0	0	0	0	0	0	0	0	0
Elife	2021-10-01	8291971	192246	20051	0	9	0	11	0	0	1	0	0	86	1	2	0	0	0	0	25	0	1	0	0	0	1	0	2	0	0	0	0	0	0	0	0	0
Elife	2021-10-01	8315802	161961	17173	0	6	2	1	0	0	0	2	0	0	3	2	0	0	0	0	22	0	0	0	0	0	0	0	0	0	0	0	0	0	0	0	0	0
Elife	2021-10-01	8337077	299216	24380	0	3	3	3	0	0	0	2	0	0	27	1	0	0	0	0	19	0	0	3	0	0	0	0	0	0	0	0	3	3	0	2	0	0
Elife	2021-10-01	8337074	170963	16303	0	8	0	0	0	0	0	16	0	0	1	1	0	0	0	0	28	0	0	0	0	0	1	0	0	0	0	0	0	0	0	1	0	2
Elife	2021-10-01	8291977	357267	33760	0	28	1	8	0	22	2	2	0	0	6	13	0	0	0	0	21	0	0	1	0	0	1	0	0	0	0	0	4	1	1	0	0	0
Elife	2021-10-01	8289409	238146	22153	0	11	2	8	0	14	5	2	0	0	0	2	0	0	3	0	23	0	0	0	0	0	3	0	0	0	0	0	0	0	0	1	0	0
Elife	2021-10-01	8318588	258552	27865	0	13	5	0	0	0	0	0	0	3	0	3	0	0	0	0	21	0	0	5	0	0	2	1	0	0	0	0	0	0	0	1	0	0
Elife	2021-10-01	8387020	389054	37535	0	18	0	0	0	0	0	0	0	0	12	3	0	0	0	0	32	0	0	0	0	0	5	0	5	0	0	0	1	0	0	2	0	0
Elife	2021-10-01	8331178	200551	15539	0	1	3	2	0	0	3	3	0	0	3	8	0	0	0	0	14	0	0	7	0	0	0	0	0	0	0	0	0	0	0	1	0	0
Elife	2021-10-01	8331192	239340	25186	0	18	1	3	0	0	0	2	0	9	0	8	0	0	1	0	24	0	0	2	0	0	0	1	1	0	0	0	0	0	0	0	0	0
Elife	2021-10-01	8298094	278368	28272	0	17	0	11	0	4	0	1	0	0	2	9	0	0	0	0	61	0	1	6	0	0	0	0	0	0	0	0	0	0	0	0	0	0
Elife	2021-10-01	8373376	216878	20991	0	13	0	0	0	1	0	6	0	0	0	2	0	0	0	0	37	0	0	2	0	0	1	0	0	0	0	0	0	0	0	0	0	0
Elife	2021-10-01	8352594	293413	30107	0	20	0	4	0	6	2	2	0	0	1	8	0	0	4	0	30	0	0	5	0	0	0	0	0	0	0	0	5	0	0	1	0	0
Elife	2021-10-01	8289415	333973	34943	0	22	0	2	0	4	4	19	0	1	1	8	0	0	2	0	34	0	0	4	0	0	2	2	0	0	0	0	0	0	0	0	0	0
Elife	2021-10-01	8360654	183060	16722	0	7	1	0	0	1	2	4	0	1	4	6	0	0	0	0	65	0	1	2	0	0	0	0	0	0	0	0	0	0	0	0	0	0
Elife	2021-10-01	8298090	6957	550	0	0	0	0	0	0	0	1	0	0	0	2	0	0	0	0	0	0	0	0	0	0	0	0	0	0	0	0	0	0	0	0	0	0
Elife	2021-10-01	8331180	298013	32077	0	3	0	6	0	0	2	2	0	0	2	3	0	0	1	0	40	0	0	7	0	0	2	0	0	0	0	0	0	0	1	0	0	0
Elife	2021-10-01	8346281	114467	11678	0	1	0	0	0	1	0	1	0	7	0	2	0	0	0	0	13	0	1	4	0	0	0	4	11	0	0	0	0	0	1	0	0	0
Elife	2021-10-01	8376250	208006	20811	0	19	0	0	0	3	0	7	0	2	2	16	0	0	1	0	11	0	0	1	0	0	3	0	0	0	0	0	0	0	0	0	0	0
Elife	2021-10-01	8285106	322974	35141	0	31	0	2	0	0	9	8	0	0	9	0	0	0	6	0	25	0	0	10	0	0	2	0	0	0	0	0	4	0	1	0	0	1
Elife	2021-10-01	8331190	383943	32698	0	3	1	0	0	0	2	4	0	5	16	4	0	0	0	0	40	0	1	8	0	0	1	0	0	0	0	0	6	5	0	0	0	0
Elife	2021-10-01	8294853	401162	36543	0	56	0	2	0	0	3	8	0	0	8	6	0	2	0	0	40	0	3	6	0	0	1	1	0	0	0	0	0	0	0	0	0	0
Elife	2021-10-01	8298089	56073	4217	0	0	1	0	0	0	1	1	0	0	0	0	0	0	0	0	3	0	0	6	0	0	0	0	1	0	0	0	0	0	0	0	0	0
Elife	2021-10-01	8315806	719920	64886	0	59	7	17	0	0	6	16	0	0	17	2	0	0	0	0	114	0	0	5	0	0	1	0	0	0	0	0	0	0	1	0	0	0
Elife	2021-10-01	8370774	548266	43769	0	34	7	5	0	0	4	20	0	1	35	15	0	0	2	0	56	0	2	9	0	0	1	0	0	0	0	0	0	2	0	0	0	0
Elife	2021-10-01	8318587	232640	22456	0	3	0	3	0	0	0	0	0	1	3	1	0	0	0	0	22	0	1	3	0	0	0	3	0	0	1	0	0	0	1	0	0	0
Elife	2021-10-01	8315805	172494	18885	0	44	0	8	0	1	3	0	0	0	0	8	0	0	0	0	31	0	0	1	0	0	0	0	0	0	0	0	0	0	0	0	0	0
Elife	2021-10-01	8313229	27603	2615	0	0	0	0	0	0	0	0	0	0	0	0	0	0	0	0	4	0	0	0	0	0	0	0	0	0	0	0	0	0	0	0	0	0
Elife	2021-10-01	8416025	248407	22847	0	6	0	2	0	0	8	0	0	0	51	2	0	2	2	0	9	0	0	1	0	0	7	0	0	0	0	0	0	0	0	2	0	0
Elife	2021-10-01	8370763	214926	22320	0	8	1	2	0	0	11	1	0	7	6	6	0	0	0	0	32	0	0	0	0	0	2	0	0	0	0	0	0	0	0	1	0	0
Elife	2021-10-01	8313235	216497	22814	0	15	2	5	0	9	0	2	0	0	1	2	0	0	0	0	28	0	0	1	0	0	0	0	0	0	0	0	2	0	0	0	0	0
Elife	2021-10-01	8360651	215922	21661	0	3	0	1	0	0	0	1	0	1	2	0	0	1	0	0	17	0	0	1	0	0	2	0	0	0	0	0	0	0	0	0	0	0
Elife	2021-10-01	8376245	224336	25260	0	4	1	6	0	0	2	4	0	0	2	5	0	0	0	0	65	0	1	1	0	0	3	0	0	0	0	0	2	0	0	0	0	0
Elife	2021-10-01	8352589	269187	23853	0	12	0	3	0	0	0	3	0	0	11	5	0	0	0	0	32	0	1	2	0	0	0	0	0	0	0	0	0	0	0	0	0	0
Elife	2021-10-01	8313236	248018	20449	0	28	0	1	0	0	1	15	0	0	21	2	0	0	1	0	105	0	0	3	0	0	4	2	0	0	0	0	0	0	0	0	0	0
Elife	2021-10-01	8428846	164136	18308	0	16	2	2	0	0	1	10	0	0	10	3	0	3	0	0	8	0	2	2	0	0	1	0	0	0	0	0	0	0	0	1	0	0
Elife	2021-10-01	8321549	144604	13461	0	23	0	2	0	0	0	0	0	0	1	2	0	0	0	0	31	0	0	0	0	0	0	0	0	0	0	0	0	0	0	0	0	0
Elife	2021-10-01	8354635	278633	27188	0	21	0	2	0	0	2	4	0	1	0	3	0	1	0	0	18	0	0	1	0	0	3	0	1	0	0	0	0	0	0	0	0	0
Elife	2021-10-01	8352596	252776	21957	0	7	0	0	0	1	1	3	0	0	1	1	0	1	1	0	12	0	1	0	0	0	0	0	1	0	0	0	0	0	0	0	0	0
Elife	2021-10-01	8313230	345571	34531	0	11	1	0	0	0	10	12	0	1	1	1	0	0	2	0	33	0	1	16	0	0	0	0	4	0	0	0	4	0	1	0	0	0
Elife	2021-10-01	8318585	182195	17601	0	21	0	3	0	2	1	9	0	14	3	1	0	0	0	0	22	0	0	6	0	0	0	0	0	0	0	0	0	0	0	0	0	0
Elife	2021-10-01	8352583	152309	13568	0	4	0	0	0	0	0	3	0	0	1	0	0	0	0	0	21	0	0	2	0	0	2	0	0	0	0	0	0	0	0	0	0	0
Elife	2021-10-01	8315798	297707	21609	0	10	0	0	0	0	2	2	0	0	0	10	0	0	4	0	39	0	0	0	0	0	3	0	0	0	0	0	0	0	0	0	0	0
Elife	2021-10-01	8328517	248916	25628	0	33	4	2	0	0	4	9	0	0	21	12	0	0	0	0	47	0	0	1	0	2	3	4	0	0	0	0	0	0	1	0	0	1
Elife	2021-10-01	8324299	291570	29186	0	22	2	4	0	0	4	5	0	4	12	2	0	1	5	0	54	0	0	2	0	0	3	0	0	0	0	0	0	0	0	0	0	0
Elife	2021-10-01	8360647	236637	24529	0	59	0	0	0	0	0	2	0	0	0	3	0	0	0	0	26	0	0	1	0	0	0	0	0	0	0	0	0	0	0	0	0	0
Elife	2021-10-01	8352597	181301	18029	0	14	0	1	0	2	0	2	0	0	0	0	0	0	0	0	25	0	0	4	0	0	1	0	0	0	0	0	0	0	0	0	0	0
Elife	2021-10-01	8328515	242273	22347	0	41	0	0	0	1	0	3	0	1	2	1	0	0	0	0	25	0	0	3	0	0	0	0	0	0	0	0	0	0	0	0	0	0
Elife	2021-10-01	8313233	228263	20470	0	26	0	2	0	0	0	5	0	0	1	0	0	0	3	0	24	0	0	0	0	0	0	0	0	0	0	0	0	0	0	0	0	0
Elife	2021-10-01	8321557	674921	37953	0	36	4	2	0	0	2	11	0	0	7	1	0	4	7	0	22	0	1	7	0	0	4	0	0	0	0	0	2	2	0	1	0	0
Elife	2021-10-01	8357421	351865	29380	0	49	0	15	0	0	5	0	0	0	1	1	0	0	0	0	18	0	0	0	0	0	0	0	0	0	0	0	0	0	0	0	0	0
Elife	2021-10-01	8346280	209584	16840	0	1	4	6	0	0	2	0	0	6	5	1	0	0	0	0	13	0	0	2	0	0	2	0	1	0	0	0	1	4	0	0	0	0
Elife	2021-10-01	8354634	202521	20545	0	8	0	0	0	0	0	13	0	1	0	4	0	0	0	0	52	0	0	0	0	0	0	0	0	0	0	0	0	0	0	0	0	0
Elife	2021-10-01	8357416	254282	25879	0	26	0	9	0	0	0	1	0	1	0	5	0	0	0	0	47	0	0	1	0	0	0	0	0	0	0	0	0	0	0	0	0	0
Elife	2021-10-01	8421071	376988	38911	0	5	0	6	0	0	2	3	0	0	14	1	0	0	1	0	22	0	0	1	0	0	5	0	1	0	1	0	0	0	0	0	1	0
Elife	2021-10-01	8360653	267425	25643	0	18	3	4	0	0	3	7	0	1	0	2	0	0	0	0	55	0	0	3	0	0	0	0	1	0	0	0	0	0	0	0	0	0
Elife	2021-10-01	8346283	201009	18800	0	1	0	0	0	0	4	0	0	1	11	3	0	0	1	0	16	0	1	4	0	0	0	0	4	0	0	0	0	0	0	0	0	0
Elife	2021-10-01	8387018	199799	14956	0	1	3	0	0	0	0	2	0	4	8	3	0	0	0	0	18	0	0	2	0	0	2	0	3	0	0	0	0	0	0	0	0	0
Elife	2021-10-01	8370769	296171	31355	0	37	0	5	0	0	7	1	0	0	0	18	0	0	0	0	32	0	1	3	0	0	0	0	0	0	0	0	0	0	0	0	0	0
Elife	2021-10-01	8370768	182320	19076	0	21	0	4	0	0	3	0	0	0	0	0	0	0	1	0	52	0	0	2	0	0	0	0	0	0	0	0	0	0	1	0	0	0
Elife	2021-10-01	8328518	243495	24547	0	15	0	4	0	0	2	6	0	0	11	14	0	1	5	0	13	0	0	1	0	0	0	0	1	0	0	0	0	0	0	1	0	0
Elife	2021-10-01	8337070	22083	1846	0	0	0	0	0	0	0	0	0	1	0	0	0	0	0	0	2	0	0	0	0	0	0	0	0	0	0	0	0	0	0	0	0	0
Elife	2021-10-01	8337078	366841	28498	0	5	0	1	0	1	6	1	0	1	2	0	0	0	0	0	25	0	1	11	0	0	2	0	0	0	0	0	1	0	2	0	0	0
Elife	2021-10-01	8423447	300527	25666	0	21	1	3	0	0	5	4	0	0	7	3	0	0	2	0	57	0	1	5	0	0	1	0	0	0	0	0	0	0	0	0	0	0
Elife	2021-10-01	8452311	579170	53185	0	31	2	2	0	0	2	24	0	5	21	8	0	0	4	0	42	0	0	10	0	0	5	0	1	0	0	0	0	0	0	6	0	0
Elife	2021-10-01	8331181	336374	33037	0	24	0	12	0	0	7	3	0	0	2	12	0	0	1	0	61	0	1	10	0	0	2	1	0	0	0	0	0	0	0	0	0	4
Elife	2021-10-01	8370772	243893	24915	0	6	7	5	0	0	0	10	0	3	0	6	0	0	0	0	18	0	0	3	0	0	1	0	0	0	0	0	0	0	0	0	0	0
Elife	2021-10-01	8412948	213719	23069	1	6	4	2	0	9	2	4	0	0	4	5	0	0	0	0	51	0	0	12	0	0	2	0	1	0	0	0	2	0	0	0	0	0
Elife	2021-10-01	8352595	263420	24261	0	21	0	1	0	2	1	3	0	0	0	5	0	0	1	1	28	0	0	0	0	0	0	1	0	0	0	0	0	0	0	0	0	0
Elife	2021-10-01	8376253	330075	31084	0	30	0	3	0	0	2	16	0	2	4	5	0	0	0	0	16	0	0	1	0	0	1	2	2	0	0	0	0	0	0	0	0	0
Elife	2021-10-01	8331182	162996	16531	0	9	0	1	0	1	0	4	0	0	0	7	0	0	3	0	27	0	0	0	0	0	0	0	1	0	0	0	0	0	0	0	0	2
Elife	2021-10-01	8328513	265675	30756	0	7	3	0	0	0	0	0	0	0	10	29	0	0	6	1	13	0	0	6	0	0	0	0	0	0	0	0	1	0	1	0	0	0
Elife	2021-10-01	8367386	231059	21671	0	15	0	5	0	0	0	0	0	3	6	2	0	0	1	0	41	0	1	0	0	0	0	0	0	0	0	0	3	1	1	1	0	0
Elife	2021-10-01	8331177	179272	19360	0	9	1	4	0	0	1	1	0	0	6	5	0	0	0	0	58	0	0	3	0	0	2	0	0	48	0	0	0	0	0	0	0	0
Elife	2021-10-01	8428844	293039	22047	0	5	2	1	0	0	5	4	0	0	7	5	0	0	0	0	22	0	0	9	0	0	2	0	0	0	0	0	1	0	0	0	0	0
Elife	2021-10-01	8331189	241829	24992	0	14	2	4	0	1	3	5	0	0	0	14	0	0	0	0	39	0	0	3	0	0	2	0	0	0	0	0	0	0	0	2	0	0
Elife	2021-10-01	8378849	294202	36369	0	39	0	10	0	0	3	12	0	0	38	5	0	0	2	0	52	0	1	1	0	0	2	0	0	0	0	0	89	1	1	1	0	0
Elife	2021-10-01	8357418	330545	36646	0	10	3	2	0	0	1	3	0	7	6	1	0	1	0	0	29	0	0	1	0	0	1	0	0	0	0	0	1	3	0	0	0	0
Elife	2021-10-01	8352585	167725	17735	0	3	0	2	0	2	1	4	0	0	4	1	0	0	3	0	34	0	0	2	0	0	3	0	0	0	1	0	0	1	0	0	0	0
Elife	2021-10-01	8376246	160859	14633	0	2	0	0	0	0	0	1	0	1	7	0	0	0	0	0	27	0	0	0	0	0	0	0	0	0	0	0	0	0	0	0	0	0
Elife	2021-10-01	8391736	386063	37577	0	16	1	0	0	0	0	2	0	1	4	8	0	0	3	0	32	0	0	2	0	0	3	0	0	0	0	0	0	0	0	0	0	0
Elife	2021-10-01	8354641	457201	50300	0	83	0	12	0	6	0	20	0	3	5	6	0	1	3	0	135	0	0	5	0	0	1	0	0	2	1	0	3	1	0	2	0	0
Elife	2021-10-01	8363302	224423	20395	0	4	0	0	0	0	0	30	0	0	0	0	0	0	0	0	21	0	1	2	0	0	0	0	0	0	0	0	0	0	0	0	0	0
Elife	2021-10-01	8463074	571767	59155	0	80	4	23	0	0	0	1	0	0	1	2	0	0	0	0	56	0	1	3	0	0	2	0	2	0	0	0	0	0	0	0	0	0
Elife	2021-10-01	8354640	334130	27962	0	34	1	3	0	1	2	0	0	1	0	1	0	0	0	0	20	0	1	1	0	0	1	0	0	0	0	0	0	0	0	0	0	0
Elife	2021-10-01	8428855	244633	24246	0	10	0	8	0	0	0	6	0	0	2	3	0	0	0	0	40	0	0	7	0	0	5	1	1	0	1	0	0	0	0	0	0	0
Elife	2021-10-01	8363274	249420	22286	0	14	7	0	0	0	1	1	0	0	34	5	0	1	1	0	26	0	0	3	0	0	0	0	0	0	0	0	0	0	0	0	0	0
Elife	2021-10-01	8367379	206998	19322	0	1	0	0	0	1	1	9	0	0	1	3	0	0	0	0	27	0	1	6	0	0	0	0	1	0	0	0	0	0	0	0	1	0
Elife	2021-10-01	8425949	218648	19912	0	4	0	5	0	0	8	4	0	1	4	0	0	0	1	0	20	0	0	8	0	0	1	9	2	1	0	0	4	0	0	0	0	0
Elife	2021-10-01	8460250	231361	20084	0	14	0	4	0	0	0	1	0	0	1	2	0	0	1	0	91	0	0	0	0	0	4	1	0	0	0	0	0	0	0	0	0	0
Elife	2021-10-01	8363267	253766	26904	0	7	0	3	0	0	4	0	0	0	6	10	0	0	0	0	22	0	0	1	0	0	0	0	0	0	0	0	0	0	0	0	0	0
Elife	2021-10-01	8354632	98878	10024	0	4	6	0	0	0	0	0	0	2	1	2	0	0	0	0	27	0	0	0	0	0	0	0	0	0	0	0	0	0	0	0	0	0
Elife	2021-10-01	8387023	172134	16594	0	4	0	0	0	0	1	2	0	3	1	1	0	0	0	0	8	0	0	0	0	0	0	0	0	0	0	0	0	1	0	5	0	0
Elife	2021-10-01	8384417	242352	24625	0	14	0	2	0	0	3	3	0	1	2	3	0	0	1	0	14	0	0	3	0	0	1	0	0	0	0	0	1	0	0	0	0	0
Elife	2021-10-01	8352598	648335	34635	0	6	0	1	0	0	5	0	0	0	8	1	0	0	0	0	21	0	0	1	0	0	2	0	0	0	0	0	0	0	0	0	0	0
Elife	2021-10-01	8373380	144737	15273	0	11	4	1	0	0	2	0	0	0	0	0	0	0	0	0	9	0	0	4	0	0	0	0	0	0	0	0	0	0	0	0	0	0
Elife	2021-10-01	8354631	24860	2142	0	0	0	0	0	0	1	0	0	0	0	0	0	0	0	0	6	0	0	0	0	0	0	0	0	0	0	0	0	0	0	0	0	0
Elife	2021-10-01	8373379	229108	24952	0	10	0	19	0	0	3	4	0	6	7	1	0	0	0	0	26	0	0	0	0	0	0	0	0	0	0	0	0	0	0	0	0	0
Elife	2021-10-01	8390003	207070	20152	0	11	1	6	0	3	2	13	0	0	0	4	0	0	0	0	11	0	0	3	0	0	0	0	0	0	0	0	0	0	0	0	0	0
Elife	2021-10-01	8416027	212346	20260	0	5	2	8	0	1	0	4	0	1	5	6	0	0	1	0	21	0	2	2	0	0	0	0	0	0	0	0	0	0	0	0	0	0
Elife	2021-10-01	8360646	29319	2679	0	0	0	0	0	0	0	0	0	0	21	0	0	0	0	0	8	0	0	0	0	0	0	0	0	0	0	0	0	0	0	0	0	0
Elife	2021-10-01	8370770	293193	31130	0	71	1	0	0	2	3	4	0	3	1	2	0	2	0	0	15	0	0	1	0	0	0	0	0	0	0	0	0	0	0	0	0	0
Elife	2021-10-01	8416026	385336	38339	0	14	0	2	0	0	0	5	0	0	11	2	0	0	0	0	31	0	0	1	0	0	0	0	0	0	0	0	3	0	0	2	0	0
Elife	2021-10-01	8486380	378603	30048	0	14	2	6	0	0	8	1	0	0	202	7	0	2	0	0	53	0	2	9	0	0	2	0	0	0	1	0	1	0	0	0	0	0
Elife	2021-10-01	8397371	163852	15908	0	11	0	0	0	0	0	0	0	1	6	4	0	0	0	0	17	0	0	1	0	0	1	0	0	0	0	0	0	0	0	0	0	0
Elife	2021-10-01	8390004	314836	28405	0	5	0	0	0	1	4	12	0	10	3	4	0	0	0	0	44	0	0	7	0	0	0	0	0	0	2	0	0	0	0	0	0	0
Elife	2021-10-01	8457839	345104	36229	0	9	4	0	0	0	0	1	0	21	136	3	0	0	2	0	54	0	0	6	0	0	5	0	2	0	0	0	11	2	0	0	0	0
Elife	2021-10-01	8370764	179392	19002	0	19	1	6	0	2	1	1	0	10	7	3	0	0	0	0	32	0	0	0	0	1	0	0	2	0	0	0	0	0	0	0	0	0
Elife	2021-10-01	8370765	203807	18939	0	11	0	1	0	0	0	12	0	1	0	1	0	0	0	0	31	0	0	2	0	0	0	0	0	0	0	0	0	0	0	0	0	0
Elife	2021-10-01	8416018	180475	18004	0	12	0	1	0	0	0	1	0	5	5	3	0	0	5	0	27	0	0	4	0	0	2	0	0	0	2	0	0	0	0	0	0	0
Elife	2021-10-01	8367382	208356	21652	0	20	0	0	0	1	2	10	0	0	0	0	0	0	0	0	37	0	0	5	0	0	3	0	0	0	0	0	0	0	0	0	0	0
Elife	2021-10-01	8504968	322931	27859	0	57	0	8	0	0	1	0	0	2	67	1	0	0	0	0	122	0	0	1	0	0	5	0	0	0	0	0	0	0	0	0	0	0
Elife	2021-10-01	8378850	433099	33012	0	6	0	0	0	0	5	0	0	4	7	3	0	0	0	0	30	0	8	1	0	0	6	1	0	0	0	0	1	2	0	0	0	0
Elife	2021-10-01	8455134	399148	37790	0	50	1	9	0	0	1	2	0	0	45	3	0	0	1	0	52	0	0	8	0	0	3	0	1	0	0	0	1	0	1	0	0	2
Elife	2021-10-01	8410083	251073	23867	0	19	0	7	0	0	4	0	0	3	1	2	0	0	1	0	24	0	0	1	0	0	0	1	0	0	0	0	0	0	0	0	0	0
Elife	2021-10-01	8376251	249887	23427	0	25	0	14	0	0	0	4	0	4	1	1	0	0	0	0	51	0	0	0	0	0	0	0	3	0	0	0	2	0	0	0	0	0
Elife	2021-10-01	8457829	629080	27034	2	5	0	0	0	0	3	0	0	1	15	0	0	0	5	0	26	0	0	12	0	0	0	0	1	0	0	0	0	0	0	0	0	0
Elife	2021-10-01	8382296	171386	16214	0	16	0	2	0	0	3	2	0	0	0	0	0	0	0	0	32	0	0	0	0	0	0	0	0	0	0	0	0	0	0	0	0	0
Elife	2021-10-01	8367383	256640	27130	0	12	0	0	0	0	0	0	0	2	3	8	0	0	1	0	16	0	0	1	0	0	1	0	0	0	0	0	0	0	0	5	0	0
Elife	2021-10-01	8457835	250051	21480	0	36	0	3	0	0	1	6	0	0	20	3	0	0	0	0	52	0	1	3	0	0	2	0	0	0	0	0	0	0	0	0	0	0
Elife	2021-10-01	8480983	205326	19664	0	9	0	1	0	0	1	1	0	1	4	3	0	0	0	0	12	0	0	0	0	0	1	0	0	0	0	0	0	0	0	0	0	0
Elife	2021-10-01	8370767	350658	30076	0	20	2	2	0	0	2	0	0	1	4	2	0	0	1	0	34	0	0	0	0	0	1	0	0	0	0	0	1	0	0	0	0	0
Elife	2021-10-01	8423448	345638	35459	0	19	0	6	0	1	1	5	0	3	7	2	0	0	6	0	22	0	0	5	0	0	2	0	0	0	0	0	0	0	0	3	0	2
Elife	2021-10-01	8425947	247934	22459	0	49	0	0	0	1	0	1	0	0	0	4	0	0	0	0	35	0	0	0	0	0	0	0	0	0	0	0	0	0	0	1	0	0
Elife	2021-10-01	8455130	179326	17503	0	8	0	1	0	0	2	1	0	0	7	1	0	0	0	0	25	0	0	1	0	0	0	0	0	0	0	0	0	2	0	0	0	0
Elife	2021-10-01	8478415	201670	18397	0	4	1	0	0	0	2	1	0	0	60	0	0	0	0	0	14	0	0	0	0	0	0	0	0	0	0	0	0	0	0	2	0	0
Elife	2021-10-01	8443249	262953	26449	0	24	10	2	0	0	3	5	0	0	46	6	0	1	4	0	73	0	1	11	0	0	4	0	0	0	0	0	2	0	0	0	0	0
Elife	2021-10-01	8486381	265654	28896	0	49	3	2	0	0	0	23	0	0	4	2	0	0	1	0	77	0	0	2	0	0	2	0	0	0	0	0	0	0	0	0	0	0
Elife	2021-10-01	8457822	191504	22187	0	4	0	0	0	0	6	0	0	4	1	1	0	0	0	0	4	0	0	2	0	0	0	0	0	0	0	0	0	0	0	0	0	0
Elife	2021-10-01	8384420	236446	22960	0	13	4	4	0	0	2	6	0	0	11	5	0	0	4	0	75	0	0	2	0	0	3	0	0	0	0	0	0	0	0	1	0	0
Elife	2021-10-01	8480977	219387	18239	0	8	0	0	0	0	0	6	0	0	3	2	0	0	0	0	28	0	0	1	0	0	0	0	3	0	0	0	0	0	0	0	0	0
Elife	2021-10-01	8455137	178005	16782	0	1	0	0	0	0	0	3	0	0	0	4	0	0	0	0	19	0	0	1	0	0	0	0	0	0	0	0	0	0	0	0	0	0
Elife	2021-10-01	8460253	173443	16798	0	4	0	1	0	0	1	4	0	2	1	2	0	0	2	0	12	0	0	0	0	0	1	0	0	0	0	0	0	0	0	1	0	0
Elife	2021-10-01	8384418	142003	13462	0	0	0	0	0	0	0	1	0	1	0	3	0	0	3	0	9	0	0	6	0	0	0	0	0	0	0	0	0	0	0	0	0	0
Elife	2021-10-01	8457823	183480	17437	0	6	0	12	0	1	0	2	0	2	0	10	0	0	0	0	25	0	0	0	0	0	0	0	0	0	0	0	0	0	0	0	0	0
Elife	2021-10-01	8452308	265793	27710	0	7	2	1	0	3	1	7	0	8	4	5	0	0	1	0	45	0	6	3	0	0	0	7	0	0	0	0	0	0	0	0	0	0
Elife	2021-10-01	8382293	205603	18951	0	8	4	1	0	0	3	6	0	1	0	1	0	0	4	0	25	0	0	2	0	0	0	0	0	0	0	0	0	0	0	0	0	0
Elife	2021-10-01	8456695	230867	22334	0	24	1	0	0	3	0	3	0	0	0	0	0	0	0	0	22	0	0	2	0	0	0	0	1	0	0	0	0	0	0	0	0	0
Elife	2021-10-01	8476124	265149	23942	0	10	1	5	0	1	1	4	0	3	2	7	0	0	1	0	20	0	0	0	0	0	2	0	0	0	0	0	0	0	0	0	0	0
Elife	2021-10-01	8437439	267683	25497	0	8	1	1	0	0	0	10	0	6	1	7	0	0	0	0	22	0	0	2	0	0	1	0	0	0	0	0	0	0	0	1	0	1
Elife	2021-10-01	8428864	272309	29389	0	8	4	2	0	0	4	2	0	16	4	9	0	0	4	0	23	0	0	13	0	0	3	0	2	0	0	0	0	0	0	0	0	0
Elife	2021-10-01	8455136	295918	30764	0	17	0	2	0	3	5	4	0	0	5	6	0	1	0	0	25	0	0	5	0	0	0	0	0	0	0	0	0	0	0	0	0	0
Elife	2021-10-01	8410080	219196	21098	0	19	1	1	0	0	0	3	0	0	4	4	0	0	0	0	12	0	0	4	0	0	2	0	2	0	0	0	0	0	0	0	0	0
Elife	2021-10-01	8452310	183475	17789	0	21	2	6	0	0	0	0	0	0	1	8	0	1	1	0	54	0	0	4	0	0	2	0	0	0	0	0	0	0	0	0	0	0
Elife	2021-10-01	8463077	229236	25610	0	25	0	0	0	0	1	6	0	0	1	1	0	0	0	0	23	0	0	2	0	0	2	0	0	0	0	0	0	0	0	0	0	0
Elife	2021-10-01	8382295	317394	31992	0	40	0	1	0	1	4	3	0	1	0	18	0	0	0	0	27	0	2	1	0	0	3	0	1	0	0	0	0	0	0	0	0	0
Elife	2021-10-01	8445623	142756	13912	0	2	1	2	0	0	0	14	0	2	0	3	0	0	1	0	54	0	0	1	0	0	0	0	0	0	0	0	0	0	0	0	0	0
Elife	2021-10-01	8425950	411438	42446	0	21	0	6	0	3	24	3	0	3	0	2	0	0	0	0	95	0	3	10	0	0	5	0	0	0	0	0	0	0	0	0	0	0
Elife	2021-10-01	8456740	256199	25234	0	40	2	4	0	12	0	2	0	1	0	4	0	0	0	0	33	0	4	1	0	0	1	0	0	0	0	0	0	0	0	0	0	0
Elife	2021-10-01	8523153	180349	18671	0	25	0	8	0	0	4	14	0	0	4	3	0	1	0	0	15	0	0	2	0	0	1	0	0	0	0	0	0	0	0	2	0	0
Elife	2021-10-01	8428839	231615	22089	0	20	3	0	0	0	2	14	0	4	1	10	0	0	1	0	30	0	0	8	0	0	0	0	3	0	0	0	0	4	0	0	0	0
Elife	2021-10-01	8423440	308335	28312	0	14	0	10	0	0	1	26	0	1	43	0	0	0	1	0	15	0	0	2	0	0	2	0	0	0	0	0	4	1	0	0	0	0
Elife	2021-10-01	8492062	311025	30004	0	14	0	1	0	0	0	1	0	0	6	3	0	0	2	0	20	0	0	2	0	0	1	0	0	0	0	0	0	0	0	1	1	0
Elife	2021-10-01	8423438	181037	18979	0	12	0	0	0	0	2	2	0	2	9	10	0	0	0	0	26	0	0	6	0	0	0	0	0	0	0	0	0	0	0	0	0	0
Elife	2021-10-01	8416021	213719	19060	0	16	0	0	0	0	0	1	0	3	0	0	0	0	0	0	24	0	0	0	0	0	0	1	0	0	0	0	0	0	0	0	0	0
Elife	2021-10-01	8412930	229536	20893	0	1	0	0	0	14	4	7	0	0	0	2	0	0	2	0	20	0	6	0	0	0	0	0	0	0	0	0	0	0	0	0	0	0
Elife	2021-10-01	8497060	400549	40515	0	23	0	3	0	3	0	0	0	0	0	9	0	1	0	0	67	0	0	6	0	0	0	0	0	0	0	0	0	0	0	0	0	0
Elife	2021-10-01	8412945	318618	28498	0	2	2	0	0	1	1	3	0	2	1	0	0	0	1	0	15	0	0	1	0	0	6	0	0	0	0	0	0	0	0	1	0	1
Elife	2021-10-01	8718112	175103	19214	0	18	0	0	0	0	0	7	0	0	1	2	0	0	2	0	33	0	1	3	0	0	2	0	2	0	0	0	0	0	0	0	0	0
Elife	2021-10-01	8451027	214190	22444	0	19	0	4	0	0	8	1	0	4	0	3	0	0	0	0	51	0	0	2	0	0	3	0	0	0	0	0	0	0	0	0	0	0
Elife	2021-10-01	8492058	265263	24967	0	2	1	1	0	0	0	4	0	0	1	0	0	0	0	0	15	0	0	4	0	0	1	0	0	0	0	0	0	0	0	0	0	0
Elife	2021-10-01	8423446	401919	23735	0	4	2	0	0	0	0	4	0	5	1	2	0	0	1	0	3	0	0	2	0	0	2	0	0	0	0	0	6	1	0	1	0	0
Elife	2021-10-01	8439651	225372	21719	0	16	0	13	0	2	0	4	0	3	0	3	0	0	2	0	29	0	3	5	0	0	2	0	0	0	0	0	0	0	0	0	0	0
Elife	2021-10-01	8545396	305634	28190	0	30	0	0	0	0	8	2	0	1	16	14	0	0	1	0	37	0	0	0	0	0	0	0	0	0	0	0	0	3	0	1	0	0
Elife	2021-10-01	8514234	238457	19219	0	8	0	0	0	0	2	4	0	1	18	5	0	0	0	0	26	0	1	3	0	0	0	0	0	0	0	0	9	0	0	0	0	0
Elife	2021-10-01	8448532	92227	9745	0	14	0	0	0	0	4	0	0	0	0	0	0	0	0	0	2	0	0	0	0	0	0	0	0	0	0	0	0	0	0	0	0	0
Elife	2021-10-01	8523170	267651	26786	0	4	0	3	0	2	6	4	0	1	0	3	0	0	0	0	45	0	0	3	0	0	4	0	0	0	0	0	0	0	0	0	0	0
Elife	2021-10-01	8423443	316584	26864	0	6	2	0	0	0	11	2	0	0	0	7	0	3	0	0	42	0	0	10	0	0	0	0	3	0	0	0	0	0	0	0	0	0
Elife	2021-10-01	8455138	384323	43070	0	27	1	3	0	0	3	2	0	1	37	2	0	0	0	0	19	0	0	2	0	0	4	0	0	0	0	0	4	0	0	0	0	0
Elife	2021-10-01	8423439	159048	14603	0	3	0	2	0	1	0	0	0	1	3	3	0	0	1	0	28	0	0	1	0	0	1	0	1	0	0	0	0	0	0	0	0	0
Elife	2021-10-01	8530513	260584	23990	0	16	0	6	0	0	2	10	0	0	95	3	0	0	2	0	21	0	1	3	0	0	0	0	0	0	0	0	0	0	0	3	0	0
Elife	2021-10-01	8423437	107544	10629	0	0	0	5	0	1	0	0	0	0	0	6	0	0	3	0	23	0	0	1	0	0	0	0	0	0	0	0	0	0	0	0	0	0
Elife	2021-10-01	8443250	189007	19827	0	31	0	1	0	0	0	22	0	0	8	4	0	0	0	0	62	0	0	0	0	1	0	1	0	0	0	0	0	0	0	38	0	0
Elife	2021-10-01	8428848	327246	32254	0	15	2	2	0	2	1	1	0	0	2	15	0	0	4	0	24	0	0	2	0	0	3	0	0	0	0	0	0	0	0	0	0	0
Elife	2021-10-01	8504971	175231	18594	0	7	0	1	0	0	1	0	0	0	12	3	0	0	0	0	2	0	0	0	0	0	0	0	0	0	0	0	0	0	0	0	0	0
Elife	2021-10-01	8460268	209143	22039	0	7	1	8	0	1	1	0	0	2	1	0	0	0	0	0	33	0	1	1	0	0	0	1	3	0	0	0	2	0	0	4	0	4
Elife	2021-10-01	8437437	184283	18456	0	21	0	0	0	1	0	0	0	1	8	2	0	0	0	0	14	0	0	1	0	0	1	0	0	0	0	0	0	0	0	0	0	0
Elife	2021-10-01	8516412	157662	15073	0	12	0	0	0	1	0	3	0	0	0	4	0	0	0	0	19	0	0	6	0	0	0	0	0	0	0	0	0	0	0	0	0	0
Elife	2021-10-01	8563012	282990	25137	0	22	2	0	0	0	0	0	0	1	7	0	0	0	1	0	32	0	0	2	0	0	0	0	1	0	0	0	0	1	0	0	15	0
Elife	2021-10-01	8460264	137178	15721	0	15	0	0	0	0	5	0	0	0	0	3	0	0	0	0	19	0	0	2	0	0	0	0	0	0	0	0	1	0	0	0	0	0
Elife	2021-10-01	8497056	122324	13424	0	17	1	3	0	0	5	0	0	0	1	10	0	0	0	0	13	0	1	3	0	0	1	0	0	0	0	0	0	0	0	0	0	0
Elife	2021-10-01	8439650	234039	25252	0	9	5	3	0	1	2	0	0	3	1	6	0	0	1	0	67	0	0	4	0	0	1	0	0	0	0	0	0	0	0	0	0	0
Elife	2021-10-01	8439652	229092	21045	0	17	5	0	0	1	1	1	0	0	0	6	0	0	0	0	38	0	0	0	0	0	0	0	0	0	0	0	0	0	0	1	0	0
Elife	2021-10-01	8439654	285820	34769	0	24	5	4	0	1	3	21	0	0	0	2	0	0	6	0	38	0	0	3	0	0	4	0	0	0	0	0	4	0	0	0	0	0
Elife	2021-10-01	8500716	227386	22618	0	14	0	2	0	1	1	3	0	2	0	12	0	0	2	0	31	0	1	2	0	0	0	0	0	0	0	0	0	0	0	0	0	0
Elife	2021-10-01	8504970	403138	25076	0	9	1	0	0	0	5	1	0	0	4	1	0	0	3	0	20	0	0	6	0	0	2	0	0	0	0	0	1	0	0	1	0	0
Elife	2021-10-01	8460266	263207	28516	0	15	6	1	0	0	6	0	0	0	5	2	0	0	0	0	30	0	0	2	0	0	3	0	3	0	0	0	0	0	0	0	0	0
Elife	2021-10-01	8437438	221836	21654	0	7	0	0	0	1	3	14	0	0	0	4	0	0	0	0	24	0	0	2	0	1	0	0	0	0	0	0	0	0	0	0	0	0
Elife	2021-10-01	8437432	146849	11774	0	1	0	9	0	0	0	0	0	0	33	2	0	0	0	0	26	0	0	0	0	0	1	2	0	0	0	0	0	0	0	0	0	0
Elife	2021-10-01	8492056	201241	20672	0	0	0	1	0	1	1	1	0	6	0	1	0	0	0	0	12	0	0	3	0	0	1	0	2	0	0	0	0	0	0	0	0	0
Elife	2021-10-01	8547951	172358	17755	0	10	1	0	0	0	1	15	0	0	0	5	0	0	4	0	53	0	0	6	0	0	0	0	0	0	0	0	0	0	0	0	0	0
Elife	2021-10-01	8478413	187716	21456	0	25	4	1	0	0	4	0	0	0	1	5	0	0	0	0	25	0	0	2	0	0	1	0	0	0	0	0	0	0	0	3	0	0
Elife	2021-10-01	8457825	223993	24608	0	8	0	5	0	0	0	15	0	1	5	9	0	0	2	0	45	0	1	1	0	0	6	0	0	0	0	0	0	0	0	0	0	0
Elife	2021-10-01	8437433	24758	2030	0	0	0	0	0	0	0	0	0	0	0	2	0	0	0	0	4	0	0	0	0	0	0	0	0	0	0	0	0	0	0	0	0	0
Elife	2021-10-01	8439658	296531	21886	0	10	0	0	0	0	4	1	0	0	3	7	0	0	0	0	43	0	0	4	0	0	1	31	2	0	0	0	0	2	0	0	0	0
Elife	2021-10-01	8504969	223696	22099	0	26	0	0	0	0	0	29	0	0	0	0	0	0	0	0	27	0	0	1	0	0	1	0	0	0	0	0	0	0	0	0	0	0
Elife	2021-10-01	8478418	278711	28371	0	53	2	2	0	1	6	0	0	0	0	8	0	0	0	0	21	0	0	3	0	0	1	0	1	0	0	0	0	0	0	0	0	0
Elife	2021-10-01	8504972	250954	28544	0	5	0	1	0	4	1	0	0	1	4	0	0	0	0	0	24	0	2	7	0	0	0	0	0	0	1	0	0	0	0	0	0	0
Elife	2021-10-01	8500714	282669	29308	0	39	3	1	0	0	5	14	0	0	1	1	0	0	0	0	37	0	0	1	0	0	0	0	1	0	0	0	0	0	0	2	1	0
Elife	2021-10-01	8428845	7370	652	0	1	0	0	0	0	0	0	0	0	0	0	0	0	0	0	0	0	0	0	0	0	0	0	0	0	0	0	0	0	0	0	0	0
Elife	2021-10-01	8428841	27053	2188	0	1	0	0	0	0	0	0	0	1	0	1	0	0	0	0	3	0	0	0	0	0	0	0	0	0	0	0	0	0	0	0	0	0
Elife	2021-10-01	8530511	238456	25911	0	20	1	3	0	2	0	0	0	3	2	4	0	1	0	0	34	0	0	7	0	0	3	0	1	0	0	0	0	0	0	0	0	0
Elife	2021-10-01	8448528	124090	12433	0	11	0	5	0	0	1	1	0	0	2	2	0	0	2	0	10	0	0	0	0	0	1	0	1	0	0	0	0	0	0	0	0	0
Elife	2021-10-01	8480982	217366	23131	0	19	3	6	0	0	0	8	0	1	0	10	0	0	1	0	32	0	0	0	0	0	0	0	0	0	0	0	0	2	0	0	0	0
Elife	2021-10-01	8536257	250184	26305	0	9	0	23	0	11	2	12	0	1	2	1	0	0	0	0	34	0	0	0	0	0	0	0	0	0	0	0	0	0	0	0	0	0
Elife	2021-10-01	8455131	160061	15804	0	10	0	2	0	0	4	1	0	0	0	3	0	0	0	0	42	0	0	1	0	0	5	0	0	0	0	1	0	0	0	0	0	0
Elife	2021-10-01	8445616	161898	15776	0	13	0	0	0	0	3	1	0	0	0	4	0	0	0	0	39	0	0	2	0	0	0	0	0	0	0	0	0	0	0	0	0	0
Elife	2021-10-01	8448534	186593	15915	0	6	0	5	0	0	5	2	0	0	84	3	0	0	2	0	29	0	0	3	0	0	0	0	0	0	0	0	0	2	0	0	0	0
Elife	2021-10-01	8492059	374548	32959	0	15	0	1	0	0	4	3	0	1	21	17	0	0	3	0	62	0	1	1	0	0	0	0	0	0	0	0	1	0	1	1	0	0
Elife	2021-10-01	8500711	271135	33792	0	63	8	3	0	0	5	29	0	1	0	9	0	0	0	0	103	0	0	2	0	0	2	0	0	0	0	0	0	0	1	0	0	0
Elife	2021-10-01	8526089	202936	20201	0	17	0	15	0	0	0	0	0	5	1	1	0	0	0	0	38	0	0	3	0	0	0	0	0	0	0	0	0	0	0	0	0	0
Elife	2021-10-01	8492063	293982	30210	0	15	1	0	0	0	7	1	0	1	19	10	0	0	3	0	33	0	1	5	0	0	3	0	0	0	0	0	0	0	2	0	0	0
Elife	2021-10-01	8492061	251753	27222	0	10	1	1	0	0	8	11	0	6	1	1	0	0	0	0	14	0	0	1	0	0	1	1	0	0	0	0	0	0	0	0	0	2
Elife	2021-10-01	8516420	324330	34463	0	81	0	15	0	0	3	0	0	0	6	4	0	0	0	1	67	0	2	3	0	0	4	2	0	0	0	1	4	0	0	0	0	0
Elife	2021-10-01	8514235	240257	25298	0	7	2	2	0	1	2	7	0	0	0	8	0	0	1	0	51	0	0	2	0	0	2	0	0	0	0	0	0	0	0	0	0	0
Elife	2021-10-01	8457821	23630	1974	0	0	0	0	0	0	0	0	0	0	0	0	0	0	0	0	0	0	0	3	0	0	0	0	0	0	0	0	0	0	0	0	0	0
Elife	2021-10-01	8445621	260805	24117	0	47	0	5	0	0	0	0	0	0	15	2	0	2	0	0	6	0	0	2	0	0	0	3	0	0	0	0	0	0	0	0	0	1
Elife	2021-10-01	8494481	190359	22331	0	16	0	1	0	0	4	14	0	2	0	4	0	0	2	0	43	0	0	0	0	0	1	0	0	0	0	0	0	0	0	0	0	0
Elife	2021-10-01	8514236	251254	22139	0	30	1	4	0	0	5	4	0	0	3	8	0	0	3	0	108	0	0	3	0	0	0	0	0	0	0	0	0	0	0	0	0	0
Elife	2021-10-01	8545398	403265	39141	0	10	1	5	0	0	7	8	0	22	1	5	0	0	0	0	119	0	0	2	0	0	0	0	1	0	0	0	0	0	0	0	0	0
Elife	2021-10-01	8494479	177072	17680	0	10	0	1	0	0	4	3	0	2	0	2	0	0	6	0	23	0	0	1	0	0	0	0	0	0	0	0	0	0	0	0	0	0
Elife	2021-10-01	8486378	226630	24273	4	22	0	2	0	0	1	0	0	0	3	7	0	0	3	0	78	0	1	1	0	0	5	0	0	0	0	0	0	0	0	0	0	0
Elife	2021-10-01	8445617	202135	19263	0	16	1	0	0	1	1	6	0	0	3	4	0	0	2	0	35	0	0	1	0	0	1	0	0	0	0	0	0	0	0	0	0	0
Elife	2021-10-01	8516421	259512	25974	0	45	4	11	0	0	1	0	0	0	3	7	0	0	0	0	29	0	1	1	0	0	0	5	0	0	0	0	4	0	0	0	0	0
Elife	2021-10-01	8476127	256044	23030	0	13	2	0	0	1	4	10	0	0	0	4	0	0	0	0	15	0	1	1	0	2	0	0	0	0	0	0	0	0	0	1	0	0
Elife	2021-10-01	8478414	290182	25935	0	14	2	4	0	0	0	4	0	1	1	9	0	0	0	0	23	0	0	5	0	0	0	0	0	0	0	0	0	0	0	2	0	0
Elife	2021-10-01	8563002	142055	13221	0	31	2	5	0	0	8	7	0	4	55	0	0	0	0	0	76	0	0	0	0	0	0	0	2	0	0	0	1	0	0	0	0	0
Elife	2021-10-01	8480976	131960	14240	0	14	2	3	0	0	3	1	0	4	11	6	0	0	0	0	28	0	1	0	0	0	1	0	0	0	0	0	0	1	0	0	0	0
Elife	2021-10-01	8530515	881242	37311	0	0	0	0	0	0	0	0	0	0	69	0	0	0	2	0	16	0	0	3	0	0	2	0	0	0	1	0	0	3	0	3	0	0
Elife	2021-10-01	8626082	305914	28120	0	11	1	0	0	0	4	1	0	0	21	15	0	0	0	0	14	0	0	0	0	0	3	0	8	0	0	0	1	0	0	0	0	0
Elife	2021-10-01	8483735	215567	22377	0	12	1	3	0	2	0	5	0	0	3	2	0	1	0	0	25	0	1	1	0	0	3	9	0	0	0	0	0	0	0	0	0	0
Elife	2021-10-01	8480979	253190	25878	0	2	2	0	0	0	1	1	0	2	7	9	0	0	0	0	13	0	0	4	0	0	6	0	1	0	0	0	0	0	0	0	0	0
Elife	2021-10-01	8483737	233245	21468	0	2	2	0	0	0	0	1	0	0	3	2	0	0	1	0	51	0	0	6	0	0	1	0	0	0	0	0	0	0	0	0	0	0
Elife	2021-10-01	8514240	354243	37817	0	35	0	6	0	0	0	2	0	13	9	6	0	0	0	0	67	0	0	0	0	0	4	0	0	0	0	0	0	0	0	0	0	0
Elife	2021-10-01	8476120	157212	15952	0	4	0	1	0	0	3	1	0	4	7	2	0	0	0	0	27	0	3	8	0	0	0	0	0	0	0	0	0	0	0	0	0	1
Elife	2021-10-01	8504973	295447	30698	0	10	0	0	0	1	7	0	0	1	0	15	0	0	7	0	39	0	0	4	0	0	4	0	2	0	0	0	0	1	0	0	0	0
Elife	2021-10-01	8480975	179965	18200	0	15	2	5	0	1	0	1	0	0	0	2	0	0	0	0	17	0	0	5	0	0	1	0	0	0	0	0	0	0	2	0	0	0
Elife	2021-10-01	8480980	220778	22282	0	17	1	5	0	0	0	0	0	0	13	4	0	0	0	0	42	0	0	6	0	0	4	0	0	0	0	0	0	0	0	1	0	0
Elife	2021-10-01	8480978	242456	20645	0	1	0	1	0	0	1	2	0	0	0	2	0	0	1	0	48	0	0	2	0	0	1	0	0	0	1	0	1	0	0	0	0	0
Elife	2021-10-01	8523161	314734	29401	0	11	0	4	0	0	7	18	0	1	0	7	0	0	0	0	20	0	1	1	0	0	2	0	0	0	0	0	0	0	0	0	0	0
Elife	2021-10-01	8479797	207035	21639	0	9	1	0	0	0	0	4	0	2	12	5	0	0	1	0	34	0	0	5	0	2	2	0	0	0	0	0	0	0	0	1	0	0
Elife	2021-10-01	8480972	26957	2200	0	0	0	0	0	0	0	0	0	0	0	1	0	0	0	0	1	0	0	0	0	0	0	0	0	0	0	0	0	0	0	0	0	0
Elife	2021-10-01	8480981	233655	24068	0	10	2	4	0	0	2	5	0	7	23	7	0	0	3	0	43	0	0	5	0	0	1	0	2	0	0	0	0	0	0	0	0	0
Elife	2021-10-01	8577841	257976	24261	0	10	0	1	0	0	3	5	0	2	0	8	0	0	0	0	16	0	0	0	0	0	0	0	0	0	0	0	0	0	0	0	0	0
Elife	2021-10-01	8478417	216582	20148	0	16	2	0	0	3	1	10	0	0	0	1	0	0	0	0	16	0	2	0	0	0	0	0	0	0	0	0	0	0	0	0	0	0
Elife	2021-10-01	8504967	138011	14684	0	2	1	0	0	1	2	7	0	0	0	7	0	0	2	0	29	0	0	2	0	0	0	0	0	0	0	0	0	0	0	0	0	0
Elife	2021-10-01	8579951	163336	17997	0	13	0	2	0	0	0	3	0	1	21	1	0	0	0	0	29	0	0	3	0	0	0	0	0	0	0	0	0	0	0	1	0	1
Elife	2021-10-01	8516416	227246	23540	0	23	0	0	0	1	0	0	0	0	0	9	0	0	0	0	19	0	1	2	0	0	0	0	2	0	0	0	0	0	0	0	0	0
Elife	2021-10-01	8530510	114805	11563	0	16	1	12	0	5	2	2	0	4	0	4	0	0	0	0	23	0	0	1	0	0	0	0	0	0	0	0	0	0	0	0	0	0
Elife	2021-10-01	8500710	103574	11217	0	11	0	5	0	0	0	4	0	2	0	4	0	0	0	0	21	0	0	2	0	0	2	0	0	0	0	0	0	0	0	0	0	0
Elife	2021-10-01	8536258	311222	35384	0	7	0	0	1	15	2	20	0	0	16	3	0	0	0	0	42	0	0	4	0	0	0	0	0	0	0	0	0	0	0	1	0	0
