journal	date	pmc_id	Nchars	Nwords	delve	analyse	acknowledge	assess	appraise	dissect	explore	examine	extricate	expose	estimate	investigate	inquire	inspect	interpret	scrutinise	study	unearth	uncover	understand	ponder	research	reason	retrieve	avoid	discount	disregard	dismiss	ignore	neglect	overlook	omit	skip	reject
Elife	2022-04-01	8765755	275300	27164	0	39	0	3	0	2	0	12	0	0	0	3	0	0	0	0	35	0	0	2	0	0	0	0	0	0	0	0	0	0	0	0	0	0
Elife	2022-04-01	8730720	164802	19467	0	4	0	0	0	1	0	5	0	1	3	1	0	0	0	0	70	0	0	6	0	0	0	0	0	0	0	0	0	0	0	0	0	0
Elife	2022-04-01	8820733	261985	25194	0	10	2	2	0	1	0	4	0	0	8	3	0	0	5	0	41	0	2	2	0	0	2	2	0	0	2	0	0	0	0	0	0	0
Elife	2022-04-01	8765749	219190	24619	0	7	0	4	0	0	0	8	0	0	11	0	0	0	1	0	100	0	0	2	0	0	2	0	2	0	0	0	5	1	0	0	0	0
Elife	2022-04-01	8765751	202670	19442	0	14	0	0	0	0	1	9	0	9	0	4	0	0	0	0	18	0	2	4	0	0	1	0	0	0	0	0	0	0	0	0	0	0
Elife	2022-04-01	8741210	248720	21304	1	3	1	0	0	0	5	1	0	0	8	1	0	0	0	0	10	0	0	0	0	0	1	0	0	0	0	0	5	0	0	0	1	5
Elife	2022-04-01	8765754	272674	27082	0	27	0	0	0	2	2	2	0	1	0	7	0	0	0	0	18	0	1	1	0	0	0	0	0	0	0	0	2	0	0	0	2	0
Elife	2022-04-01	8824474	263463	29158	0	8	0	1	0	2	0	4	0	0	3	6	0	1	0	0	18	0	0	1	0	0	0	0	0	0	0	0	0	0	0	0	0	0
Elife	2022-04-01	8791634	175485	17188	0	6	0	2	0	0	0	10	0	1	1	6	0	4	0	0	5	0	0	0	0	0	1	0	0	0	0	0	0	0	0	0	0	0
Elife	2022-04-01	8791635	233645	23037	0	27	0	2	0	0	0	4	0	0	1	1	1	0	0	0	19	0	0	3	0	0	2	0	0	0	0	0	0	0	0	0	0	0
Elife	2022-04-01	8786314	238774	26499	0	14	1	2	0	0	0	7	0	0	5	4	0	0	1	0	26	0	0	2	0	0	4	0	0	0	0	0	0	0	0	0	0	0
Elife	2022-04-01	8860449	253056	23812	0	6	1	0	0	0	0	1	0	16	0	1	0	0	2	0	36	0	0	3	0	0	0	0	0	0	0	0	0	0	0	1	0	0
Elife	2022-04-01	8794473	261938	27757	0	25	0	2	0	0	0	0	0	10	7	9	0	0	0	0	39	0	0	2	0	0	0	0	0	0	0	0	0	0	0	0	0	0
Elife	2022-04-01	8791640	287099	32663	0	19	0	15	0	0	2	0	0	2	4	26	0	0	2	0	30	0	0	2	0	0	0	0	0	0	0	0	0	0	0	0	0	0
Elife	2022-04-01	8789290	239965	21744	0	24	0	2	0	0	4	1	0	0	1	0	0	1	0	0	19	0	0	0	0	0	0	0	0	0	0	0	0	0	0	0	0	0
Elife	2022-04-01	8803315	399423	40032	0	33	2	9	0	1	8	7	0	2	1	10	0	2	1	0	90	0	1	3	0	0	6	0	0	1	0	0	0	0	0	1	0	0
Elife	2022-04-01	8769646	312705	33254	0	7	0	0	0	0	0	17	0	1	0	2	0	0	0	0	57	0	3	1	0	0	0	0	0	0	0	0	0	0	1	0	0	0
Elife	2022-04-01	8806185	241480	22437	0	3	0	7	0	3	0	2	0	8	0	4	0	0	0	0	12	0	0	0	0	0	2	0	0	0	0	0	0	0	0	1	0	0
Elife	2022-04-01	8751199	262058	25831	0	13	0	1	0	0	0	0	0	0	1	0	0	0	0	0	45	0	0	0	0	0	0	0	0	0	0	0	0	0	0	0	0	0
Elife	2022-04-01	8730722	277869	26604	0	38	1	6	0	0	5	1	0	0	1	2	0	1	0	0	26	0	4	1	0	0	1	0	1	0	1	0	0	0	0	0	0	0
Elife	2022-04-01	8730726	233790	26771	0	7	4	4	0	0	8	21	0	27	1	14	0	0	0	0	42	0	0	5	0	0	0	0	1	0	0	0	0	0	0	0	0	1
Elife	2022-04-01	8820738	240045	22445	0	2	0	0	0	0	1	6	0	0	5	1	0	0	0	0	15	0	0	1	0	0	0	0	0	0	0	0	1	0	0	0	0	0
Elife	2022-04-01	8849321	180836	16689	0	3	0	6	0	1	6	3	0	1	0	0	0	0	0	0	12	0	0	0	0	0	0	0	0	0	0	0	0	0	0	1	0	0
Elife	2022-04-01	8769650	227902	21792	0	12	0	6	0	0	2	10	0	1	0	2	0	0	0	0	21	0	3	0	0	0	0	0	0	0	0	0	0	0	0	0	0	0
Elife	2022-04-01	8791632	156664	13997	0	18	0	0	1	0	2	3	0	0	35	20	0	0	1	0	45	0	0	8	0	0	0	0	1	0	0	0	0	0	0	0	0	0
Elife	2022-04-01	8794471	230278	23644	0	9	0	0	0	0	9	5	0	8	0	8	0	0	0	0	101	0	0	1	0	0	0	0	2	0	0	0	2	0	0	0	0	0
Elife	2022-04-01	8776250	190696	18364	0	15	0	0	0	3	3	1	0	4	0	5	0	0	0	0	19	0	0	3	0	0	0	0	0	0	0	0	0	0	0	0	0	0
Elife	2022-04-01	8794468	203436	20980	0	16	0	4	0	4	5	0	0	6	3	6	0	0	1	0	43	0	0	2	0	0	0	0	0	0	0	0	0	0	0	0	0	0
Elife	2022-04-01	8887898	298765	29751	0	26	2	2	0	0	7	1	0	20	1	0	0	0	1	0	29	0	0	0	0	0	0	0	0	0	0	0	0	0	0	0	0	0
Elife	2022-04-01	8824473	182621	16465	0	2	0	0	0	0	6	3	0	0	8	2	0	1	0	0	38	0	2	11	0	0	0	0	0	0	0	0	0	0	0	0	3	0
Elife	2022-04-01	8758139	170464	16112	0	4	4	1	0	0	0	3	0	0	0	5	0	0	3	0	31	0	1	1	0	2	0	0	0	0	0	0	0	0	0	0	0	0
Elife	2022-04-01	8758136	262676	26193	0	16	2	0	0	0	6	8	0	0	0	4	0	0	0	0	30	0	3	3	0	0	0	0	0	0	0	0	0	0	0	0	0	0
Elife	2022-04-01	8794472	158176	17194	0	9	0	0	0	4	1	0	0	0	0	6	0	0	0	0	6	0	0	3	0	0	0	0	0	0	0	0	0	0	0	0	0	0
Elife	2022-04-01	8809896	276593	24504	0	11	0	0	0	0	0	2	0	0	3	2	0	0	0	0	32	0	1	11	0	0	0	0	0	0	0	0	0	3	0	0	0	0
Elife	2022-04-01	8809897	193851	20251	0	30	1	0	0	0	0	16	0	1	0	1	0	2	0	0	23	0	1	11	0	0	3	0	0	0	0	0	0	0	0	0	0	0
Elife	2022-04-01	8853656	253794	26089	0	41	9	5	0	0	1	0	0	0	38	2	0	0	1	0	194	0	0	33	0	0	1	0	0	0	0	0	0	0	0	1	0	0
Elife	2022-04-01	8786310	173719	18920	0	35	1	2	0	0	1	3	0	0	24	7	0	0	3	0	41	0	0	10	0	0	2	0	0	0	0	0	1	0	0	0	0	0
Elife	2022-04-01	8824478	154524	13535	0	4	0	1	0	0	0	0	0	0	3	0	0	0	0	0	43	0	0	2	0	0	0	0	0	0	0	0	0	0	0	0	0	0
Elife	2022-04-01	8752089	58961	5450	0	13	0	0	0	0	0	0	0	0	0	3	0	0	0	0	8	0	0	1	0	1	0	0	1	0	0	0	0	0	0	0	0	0
Elife	2022-04-01	8806187	247227	25428	0	21	1	3	0	1	0	1	0	34	0	2	0	0	0	0	95	0	0	0	0	0	2	0	0	0	0	0	0	0	1	0	0	0
Elife	2022-04-01	8758142	187974	19938	0	29	1	4	0	2	8	3	0	2	6	3	0	0	0	0	34	0	0	0	0	0	1	0	0	0	0	0	0	0	0	0	0	0
Elife	2022-04-01	8782568	184058	19781	0	31	1	4	0	13	2	1	0	0	0	1	0	0	2	0	30	0	0	3	0	0	1	0	0	0	0	0	0	0	1	0	0	0
Elife	2022-04-01	8752086	37050	3344	0	3	1	0	0	0	0	0	0	0	0	0	0	0	0	0	3	0	0	1	0	0	1	0	0	0	0	0	0	0	0	0	0	0
Elife	2022-04-01	8846595	286224	28470	0	6	0	4	0	0	1	9	0	2	0	16	0	0	0	0	34	0	0	3	0	0	2	0	0	0	0	0	0	0	0	0	0	0
Elife	2022-04-01	8920505	218909	21759	0	4	0	0	0	0	1	5	0	0	6	0	0	0	0	0	51	0	0	2	0	0	0	0	1	0	0	0	3	1	0	0	0	1
Elife	2022-04-01	8754429	141618	13126	0	9	0	0	0	1	0	1	0	0	1	3	0	0	0	0	12	0	1	4	0	0	1	1	0	0	0	0	0	0	0	0	0	0
Elife	2022-04-01	8806188	258204	27454	0	2	2	1	0	0	0	0	0	0	2	15	0	1	0	0	23	0	0	0	0	0	3	0	0	0	0	0	0	0	0	0	0	1
Elife	2022-04-01	8816383	281016	27803	0	4	1	0	0	0	0	0	0	4	5	10	0	0	0	0	46	0	1	9	0	0	1	2	0	0	0	0	0	7	0	0	0	0
Elife	2022-04-01	8887893	243761	24675	0	25	2	3	0	0	4	19	0	1	5	2	0	0	0	0	27	0	0	3	0	0	0	0	0	0	0	0	0	0	0	0	0	2
Elife	2022-04-01	8830884	270495	25036	0	11	0	4	0	0	8	0	0	0	117	1	0	0	1	0	103	0	0	1	0	0	0	0	1	0	0	0	2	1	0	0	0	0
Elife	2022-04-01	8776256	721654	35592	0	23	0	2	0	0	3	0	0	3	6	13	0	0	1	0	36	0	1	2	0	0	1	1	0	0	1	0	1	6	0	0	0	0
Elife	2022-04-01	8824465	495069	51332	0	13	9	3	0	0	5	33	0	0	67	1	0	0	3	0	94	0	0	4	0	0	2	0	0	1	0	0	1	0	0	0	0	0
Elife	2022-04-01	8765748	12210	1300	0	0	2	0	0	0	0	0	0	0	0	0	0	0	0	0	1	0	0	0	0	0	0	0	0	0	0	0	0	0	0	0	0	0
Elife	2022-04-01	8789286	163116	15056	0	5	0	1	0	0	0	3	0	1	0	4	0	0	0	0	17	0	0	1	0	0	0	0	0	0	0	0	0	0	0	0	0	0
Elife	2022-04-01	8820734	220732	22193	0	21	0	4	0	4	6	3	0	1	0	3	0	0	0	0	27	0	0	1	0	0	0	0	0	0	0	0	0	0	0	0	0	0
Elife	2022-04-01	8776249	20366	1909	0	0	0	0	0	0	0	0	0	1	0	0	0	0	0	0	2	0	1	0	0	0	0	0	0	0	0	0	0	0	0	0	0	0
Elife	2022-04-01	8846596	302152	26519	0	15	0	2	0	0	4	3	0	0	35	1	0	0	3	0	19	0	0	4	0	0	0	0	0	0	3	0	0	0	0	0	0	0
Elife	2022-04-01	8856653	201956	19674	0	29	2	1	0	0	0	1	0	6	0	2	0	0	2	0	40	0	0	1	0	0	0	0	0	0	0	0	0	0	0	0	0	0
Elife	2022-04-01	8813051	188650	19307	0	11	0	1	0	0	0	6	0	1	8	0	0	0	0	0	27	0	2	5	0	0	1	0	0	2	0	0	0	0	0	2	0	1
Elife	2022-04-01	8828048	162125	15788	0	4	0	0	0	0	2	5	0	1	1	8	0	0	0	0	36	0	0	8	0	0	1	0	0	0	0	0	0	0	0	2	0	0
Elife	2022-04-01	8791637	365148	39836	0	10	0	12	0	0	2	11	0	2	2	7	0	0	0	0	48	0	0	6	0	0	0	0	0	0	0	0	0	0	1	0	1	1
Elife	2022-04-01	8782567	20823	1878	0	0	0	0	0	1	1	1	0	0	0	0	0	0	0	0	0	0	0	0	0	0	0	0	0	0	0	0	0	0	0	0	0	0
Elife	2022-04-01	8786315	214038	20889	0	9	3	0	0	0	4	3	0	3	12	8	0	0	0	0	12	0	0	0	0	0	0	1	4	0	0	0	0	0	0	1	0	0
Elife	2022-04-01	8765752	224636	20474	0	25	0	3	0	3	0	5	0	0	4	6	0	0	0	0	14	0	0	3	0	0	1	2	0	0	0	0	1	0	0	0	0	0
Elife	2022-04-01	8789287	258546	27127	0	14	0	5	0	0	1	0	0	36	0	2	0	0	0	0	29	0	0	2	0	0	7	0	0	0	0	0	0	0	0	0	0	0
Elife	2022-04-01	8856659	412629	44699	0	18	0	6	0	10	3	26	0	0	0	7	0	0	0	0	29	0	0	1	0	0	2	0	1	0	0	0	0	0	0	0	1	0
Elife	2022-04-01	8791636	187225	17856	0	6	0	4	0	2	2	18	0	1	0	3	0	0	0	0	18	0	0	0	0	0	3	0	0	0	0	0	0	0	0	0	0	0
Elife	2022-04-01	8830882	244427	22339	0	12	0	1	0	0	0	0	0	0	26	1	0	0	4	0	19	0	0	2	0	0	0	0	1	1	0	0	1	0	0	0	0	1
Elife	2022-04-01	8776252	330778	31939	0	17	1	13	0	1	4	2	0	0	13	1	0	0	0	0	35	0	1	5	0	0	0	0	1	0	0	0	0	0	0	0	5	0
Elife	2022-04-01	8765750	312732	32343	0	27	2	1	0	1	6	1	0	5	8	2	0	0	0	0	29	0	0	1	0	0	2	0	4	0	0	0	3	0	0	1	0	0
Elife	2022-04-01	8853663	246900	24933	0	9	2	1	0	0	3	6	0	0	6	1	0	0	4	0	53	0	0	6	0	0	0	0	0	0	0	0	6	0	0	1	0	0
Elife	2022-04-01	8865846	316557	29079	0	12	2	0	0	1	14	2	0	0	21	9	0	0	0	0	39	0	2	3	0	0	0	0	0	0	0	0	1	1	0	0	0	1
Elife	2022-04-01	8803312	256227	22978	0	15	0	2	0	0	1	0	0	0	0	5	0	0	0	0	43	0	4	3	0	0	2	0	0	0	0	0	0	0	0	0	0	0
Elife	2022-04-01	8860439	265740	28305	0	20	1	5	0	0	1	4	0	0	21	3	2	1	0	0	23	0	0	8	0	0	1	0	7	0	0	0	2	0	0	0	0	0
Elife	2022-04-01	8798043	162961	16771	0	13	3	1	0	0	0	0	0	0	4	3	0	0	1	0	15	0	0	1	0	0	0	0	0	0	0	0	0	0	0	0	0	0
Elife	2022-04-01	8789258	67293	5931	0	0	0	0	0	0	0	1	0	0	1	0	0	0	0	0	1	0	0	0	0	0	0	0	0	0	0	0	0	0	0	0	0	0
Elife	2022-04-01	8789283	313386	30144	0	10	0	1	0	0	0	0	0	0	2	20	0	0	0	0	70	0	0	0	0	0	0	0	0	0	0	0	0	0	0	0	0	0
Elife	2022-04-01	8798036	6652	472	0	0	0	0	0	0	0	0	0	0	0	0	0	0	0	0	1	0	0	0	0	0	0	0	0	0	0	0	0	0	0	0	0	0
Elife	2022-04-01	8824472	171327	15819	0	11	1	6	0	0	1	0	0	0	11	12	0	0	2	0	58	0	0	2	0	0	4	0	0	0	0	0	0	0	0	0	0	1
Elife	2022-04-01	8846592	242174	23825	0	21	1	6	0	0	1	1	0	0	20	4	0	0	0	0	37	0	1	3	0	0	4	0	0	0	0	0	0	0	0	0	0	0
Elife	2022-04-01	8846588	208511	23082	0	9	1	2	0	7	0	0	0	15	2	11	0	0	2	0	16	0	0	0	0	0	0	0	1	0	0	0	0	0	0	0	0	0
Elife	2022-04-01	8824471	227820	25533	0	8	3	0	0	0	7	2	0	0	0	0	0	0	7	0	17	0	0	2	0	0	0	0	0	0	0	0	0	1	0	0	0	0
Elife	2022-04-01	8853661	296228	27448	0	19	1	1	0	0	1	9	0	2	1	0	0	0	0	0	74	0	1	1	0	0	0	0	0	0	0	0	0	0	0	0	0	0
Elife	2022-04-01	8789316	207943	18167	0	9	3	14	1	0	2	10	0	0	11	0	0	0	0	0	93	0	0	0	0	0	0	0	0	0	0	0	0	0	0	0	1	0
Elife	2022-04-01	8791633	221432	20432	0	0	4	5	0	0	3	2	0	4	2	0	0	0	0	0	40	0	0	1	0	0	0	0	0	0	0	0	0	0	0	0	0	0
Elife	2022-04-01	8806180	52826	4438	0	1	0	0	0	1	1	1	0	0	0	0	0	0	1	0	5	0	0	0	0	0	0	0	1	0	0	0	0	0	1	0	0	0
Elife	2022-04-01	8871351	284657	18906	0	4	0	0	0	0	9	4	0	0	1	15	0	0	0	0	19	0	1	1	0	0	1	0	0	0	0	0	1	1	0	0	0	0
Elife	2022-04-01	8846585	182331	20453	0	39	0	0	0	0	0	0	0	2	2	21	0	0	2	0	26	0	0	0	0	0	0	2	4	0	0	0	0	0	0	0	0	0
Elife	2022-04-01	8846587	176566	19961	0	4	0	2	0	1	0	0	0	0	0	1	0	0	2	0	20	0	0	1	0	0	2	0	0	0	0	0	0	0	0	2	0	0
Elife	2022-04-01	8824481	240345	22976	0	5	0	4	0	0	2	2	0	4	0	2	0	0	0	0	28	0	1	1	0	0	0	0	0	0	0	0	0	0	0	0	0	0
Elife	2022-04-01	8798051	355201	26992	0	8	1	0	0	0	4	1	0	1	4	4	0	0	3	0	39	0	0	11	0	0	0	0	0	0	0	0	0	9	0	0	0	0
Elife	2022-04-01	8884723	304742	31462	0	19	0	7	0	1	12	5	0	1	2	5	0	1	0	0	43	0	1	6	0	0	2	0	0	0	0	0	0	0	0	0	0	0
Elife	2022-04-01	8794467	207046	19984	0	36	1	2	0	0	1	8	0	3	2	1	0	0	0	0	34	0	0	3	0	0	1	0	0	0	0	0	0	0	0	0	0	0
Elife	2022-04-01	8849328	270891	25505	0	13	1	2	0	1	3	6	0	0	1	18	0	0	0	0	56	0	2	11	0	0	1	1	0	0	0	0	0	0	0	0	1	0
Elife	2022-04-01	8794465	7900	534	0	0	0	0	0	0	0	0	0	0	0	0	0	0	0	0	0	0	0	0	0	0	0	0	0	0	0	0	0	0	0	0	0	0
Elife	2022-04-01	8853665	316737	33072	0	51	1	2	0	1	2	0	0	6	1	3	0	0	1	0	13	0	0	1	0	0	1	0	0	0	0	0	0	0	0	1	0	0
Elife	2022-04-01	8887901	178540	15477	0	8	1	0	0	0	5	11	0	3	2	3	0	0	0	0	33	0	0	3	0	0	0	0	0	0	0	0	0	0	0	0	0	0
Elife	2022-04-01	8789317	496867	43518	0	37	6	0	0	0	4	0	0	0	89	3	0	0	6	0	46	0	0	1	0	0	0	0	0	0	0	0	0	0	0	0	0	0
Elife	2022-04-01	8820732	222053	22380	0	9	0	1	0	0	15	9	0	1	0	9	0	0	3	0	39	0	0	1	0	0	1	0	0	0	0	0	0	0	0	0	0	0
Elife	2022-04-01	8798040	192001	17598	0	5	0	1	0	0	1	2	0	0	8	5	0	1	2	0	42	0	0	2	0	0	2	0	0	0	0	0	2	0	0	0	0	0
Elife	2022-04-01	8937235	231542	25636	0	12	0	1	0	2	8	0	0	2	0	9	0	0	0	0	5	0	0	4	0	0	4	0	4	0	0	0	0	0	0	4	0	0
Elife	2022-04-01	8860436	197196	21744	0	5	0	2	0	0	1	1	0	1	2	2	0	0	1	0	35	0	0	0	0	0	0	0	1	0	0	0	0	0	0	0	0	0
Elife	2022-04-01	8824469	24914	2127	0	0	1	0	0	0	0	0	0	2	0	1	0	0	0	0	0	0	0	0	0	0	0	0	0	0	0	0	0	0	0	0	0	0
Elife	2022-04-01	8846583	157118	17102	0	20	1	6	0	0	3	0	0	1	3	1	0	0	0	0	24	0	0	0	0	0	0	0	2	0	0	0	0	0	0	0	0	0
Elife	2022-04-01	8824475	267174	25362	0	31	1	5	0	0	1	6	0	0	1	1	0	0	0	0	23	0	0	2	0	0	0	0	0	0	0	0	0	0	0	0	0	0
Elife	2022-04-01	8816384	284037	26159	0	3	0	1	0	1	0	4	0	0	0	2	0	0	0	0	9	0	0	3	0	0	1	0	1	0	0	0	0	0	0	0	0	0
Elife	2022-04-01	8843090	390427	38241	0	71	0	8	0	0	0	2	0	0	5	48	0	0	1	0	31	0	0	1	0	0	1	0	0	0	0	0	1	0	0	0	0	0
Elife	2022-04-01	8865848	209107	20764	0	4	0	3	0	0	0	2	0	0	10	7	0	0	0	0	22	0	0	2	0	0	0	0	0	0	0	0	0	0	0	1	0	1
Elife	2022-04-01	8846594	308127	31109	0	36	3	49	0	2	0	4	0	21	0	2	0	0	0	0	57	0	0	0	0	0	6	0	0	0	0	0	2	0	0	0	0	0
Elife	2022-04-01	8816380	350298	29298	0	17	0	2	0	0	1	2	0	0	0	2	0	0	2	0	27	0	0	6	0	0	0	0	0	0	0	0	0	1	0	0	0	0
Elife	2022-04-01	8820729	23215	2128	0	1	0	0	0	0	0	0	0	0	0	0	0	0	0	0	4	0	0	0	0	0	0	0	0	0	0	0	0	0	0	0	0	0
Elife	2022-04-01	8896831	489166	43487	0	7	1	8	0	0	0	0	0	0	3	17	0	0	0	0	76	0	0	0	0	0	1	0	0	0	0	0	0	0	0	0	0	0
Elife	2022-04-01	8853659	317112	31969	0	51	3	2	0	0	2	2	0	0	23	4	0	0	2	0	21	0	2	1	0	0	6	0	1	0	0	0	0	1	0	0	0	2
Elife	2022-04-01	8816381	199995	20644	0	15	0	0	0	0	0	11	0	0	0	7	0	1	0	0	17	0	0	9	0	0	0	0	0	0	0	0	0	0	0	3	0	0
Elife	2022-04-01	8824463	206578	20599	0	10	2	1	0	2	1	5	0	0	0	2	0	0	0	0	25	0	0	3	0	0	2	0	0	0	0	0	0	0	0	0	0	0
Elife	2022-04-01	8890752	297496	30094	0	19	1	8	0	1	5	4	0	2	0	13	0	0	0	0	36	0	0	0	0	1	2	0	0	0	0	0	0	0	0	0	0	0
Elife	2022-04-01	8824479	193145	20722	0	18	0	3	0	2	1	4	0	0	0	3	0	0	0	0	59	0	0	1	0	0	0	0	0	0	0	0	0	0	0	0	0	0
Elife	2022-04-01	8880996	296197	27905	0	15	0	3	0	3	3	2	0	4	1	5	0	0	0	0	20	0	0	2	0	0	3	0	2	0	0	0	0	0	0	1	0	0
Elife	2022-04-01	8865849	204153	19162	0	5	1	0	0	0	4	0	0	0	5	5	0	0	0	0	13	0	1	7	0	0	0	0	0	0	0	0	0	0	0	0	0	0
Elife	2022-04-01	8846582	131560	12130	0	2	4	2	0	0	0	0	0	0	1	6	0	0	0	0	34	0	0	0	0	0	1	0	0	0	0	0	0	0	0	0	0	0
Elife	2022-04-01	8824476	245769	25181	0	8	3	2	0	0	2	3	0	19	3	8	0	1	0	0	21	0	0	1	0	0	2	0	0	0	0	2	0	0	0	0	0	0
Elife	2022-04-01	8884728	222729	23697	0	12	0	0	0	0	8	2	0	0	29	1	0	0	3	0	26	0	0	5	0	0	1	0	0	0	0	0	1	0	0	0	0	2
Elife	2022-04-01	8816379	159760	16231	0	27	0	0	0	0	0	9	0	0	0	2	0	0	0	0	46	0	1	1	0	0	1	0	0	0	0	0	0	0	0	0	0	0
Elife	2022-04-01	8860446	189314	20412	0	18	0	0	0	0	2	11	0	5	0	3	0	0	1	0	33	0	0	0	0	0	2	0	0	0	0	0	0	0	0	0	0	0
Elife	2022-04-01	8809893	262296	28235	0	23	0	6	0	0	2	2	0	0	13	5	0	0	4	0	34	0	1	4	0	0	0	0	0	0	0	0	0	0	0	0	0	0
Elife	2022-04-01	8849334	213112	19742	0	4	1	3	0	0	1	2	0	0	1	10	0	0	0	0	55	0	0	4	0	0	0	0	0	0	0	0	0	0	0	0	0	0
Elife	2022-04-01	8884727	237792	22424	0	30	0	6	0	0	1	0	0	28	0	0	0	0	0	0	24	0	0	2	0	0	4	4	1	0	0	0	0	0	0	0	0	0
Elife	2022-04-01	8865847	199392	20480	0	3	0	3	0	0	1	10	0	0	0	2	0	0	0	0	47	0	0	1	0	0	0	0	0	0	0	0	0	0	0	0	0	0
Elife	2022-04-01	8887892	212327	20526	0	9	0	0	0	0	0	0	0	4	0	0	0	0	0	0	15	0	0	1	0	0	4	0	2	0	0	0	0	0	0	0	0	0
Elife	2022-04-01	9018074	443797	44008	0	31	3	2	0	0	7	0	0	0	5	3	0	3	4	0	81	0	1	3	0	0	1	5	2	0	0	0	1	0	0	0	0	0
Elife	2022-04-01	8937233	230361	22075	0	6	2	0	0	0	3	4	0	0	1	0	0	0	2	0	51	0	0	1	0	0	0	0	0	0	0	0	0	0	0	0	0	0
Elife	2022-04-01	8843093	213716	19692	0	34	0	6	0	0	0	2	0	5	0	2	0	0	1	0	23	0	0	3	0	0	0	0	2	0	0	0	0	0	0	0	0	0
Elife	2022-04-01	8849342	240059	25946	0	9	2	3	0	0	5	0	0	3	4	6	0	0	0	0	23	0	0	0	0	0	1	4	1	0	0	0	0	0	0	0	0	1
Elife	2022-04-01	8884725	157663	13266	0	42	0	1	0	1	0	1	0	0	10	3	0	0	1	0	46	0	0	1	0	0	0	0	1	0	0	0	0	0	0	0	0	0
Elife	2022-04-01	8828047	27161	2479	0	0	0	0	0	0	0	1	0	1	0	0	0	0	0	0	2	0	0	0	0	0	0	0	0	0	0	0	0	0	0	0	0	0
Elife	2022-04-01	8863375	276236	28019	0	7	0	0	0	0	1	5	0	2	0	6	0	0	5	0	40	0	0	3	0	0	0	0	1	0	0	0	2	0	0	0	0	0
Elife	2022-04-01	8828051	258557	27647	0	28	0	0	0	0	13	18	0	0	0	5	0	0	0	0	14	0	0	3	0	0	2	0	0	0	0	0	0	0	0	0	0	0
Elife	2022-04-01	8979589	731641	62509	0	16	4	4	0	1	17	9	0	0	110	16	0	0	9	0	120	0	1	4	0	0	7	0	0	0	0	0	1	0	0	2	0	2
Elife	2022-04-01	8830892	186144	20387	0	22	0	0	0	0	13	1	0	0	9	0	0	0	2	0	95	0	0	4	0	0	1	0	0	0	0	0	0	0	0	0	0	0
Elife	2022-04-01	8830886	218295	20257	0	12	0	0	0	0	0	7	0	2	2	3	0	0	0	0	19	0	0	4	0	0	0	0	0	0	0	0	0	0	0	0	0	0
Elife	2022-04-01	8893723	356019	35489	0	49	5	4	0	0	1	16	0	0	2	4	0	0	2	0	57	0	0	3	0	0	5	0	0	0	0	0	0	0	0	0	0	2
Elife	2022-04-01	8846593	203870	20410	0	17	0	13	0	0	0	0	0	30	0	4	0	0	1	0	45	0	1	2	0	0	0	0	0	0	0	0	0	0	0	0	0	0
Elife	2022-04-01	8983043	210839	22500	0	2	0	0	0	0	1	0	0	0	1	1	0	0	3	0	28	0	0	0	0	0	3	0	0	0	0	0	0	0	0	0	0	0
Elife	2022-04-01	8856651	131983	11686	0	4	3	2	0	0	3	1	0	1	1	2	0	0	0	0	23	0	0	3	0	0	0	1	0	0	0	0	0	0	0	0	0	0
Elife	2022-04-01	9020823	203370	18823	0	30	0	1	0	1	6	0	0	0	0	4	0	0	2	0	22	0	0	0	0	0	0	0	6	0	0	0	0	0	0	1	0	0
Elife	2022-04-01	8828050	202280	21028	0	26	0	4	0	1	1	13	0	0	1	1	0	0	0	0	34	0	0	1	0	0	0	0	0	0	0	0	0	0	0	0	0	0
Elife	2022-04-01	8853662	277483	29282	0	29	0	20	0	0	2	7	0	2	0	2	0	0	0	0	32	0	1	3	0	0	1	0	0	0	0	0	0	0	0	0	0	0
Elife	2022-04-01	8929929	229157	25111	0	18	0	3	0	2	7	19	0	1	0	1	0	0	0	0	44	0	0	2	0	0	0	0	0	0	0	0	0	0	0	0	0	0
Elife	2022-04-01	8947764	509703	32094	0	25	0	2	0	0	3	16	0	0	3	4	0	0	1	0	26	0	0	6	0	0	1	0	0	0	0	0	0	2	0	0	0	0
Elife	2022-04-01	8884722	171643	16426	0	18	3	2	0	0	0	0	0	0	3	17	0	0	1	0	35	0	0	1	0	0	0	0	0	0	0	0	0	0	1	0	0	0
Elife	2022-04-01	8893722	265709	25542	0	6	0	1	0	0	0	3	0	0	2	3	0	0	0	0	14	0	1	0	0	0	1	0	0	0	0	0	0	0	1	1	0	0
Elife	2022-04-01	9154746	680532	31616	0	13	2	0	0	0	4	0	0	0	6	7	0	0	2	0	44	0	0	9	0	0	0	0	0	0	0	0	2	0	0	0	0	0
Elife	2022-04-01	8906805	131918	13583	0	0	0	0	0	0	0	3	0	0	0	0	0	0	1	0	15	0	0	1	0	0	0	0	0	0	0	0	0	0	0	0	0	0
Elife	2022-04-01	8860447	294303	25224	0	41	1	5	0	0	0	2	0	0	0	4	0	0	0	0	13	0	0	1	0	0	0	0	0	0	0	0	2	0	0	0	0	0
Elife	2022-04-01	8912925	294163	26673	0	19	0	0	0	1	5	9	0	1	8	3	0	0	1	0	19	0	0	1	0	0	0	4	0	0	0	0	0	0	0	0	0	0
Elife	2022-04-01	8860445	338206	28802	0	2	0	3	0	0	2	4	0	0	12	17	0	0	0	0	18	0	1	2	0	0	1	0	0	0	0	0	1	0	0	0	0	0
Elife	2022-04-01	8912922	198292	19074	0	17	0	7	0	0	3	4	0	2	16	2	0	0	2	0	23	0	0	4	0	1	1	0	0	0	0	0	0	0	0	0	0	0
Elife	2022-04-01	8884724	203458	18791	0	39	0	0	0	0	7	1	0	0	2	0	0	0	0	0	69	0	0	3	0	0	0	0	0	0	0	0	0	0	0	0	0	0
Elife	2022-04-01	8896832	268487	25496	0	6	1	0	0	4	0	15	0	0	3	3	0	0	0	0	39	0	0	0	0	0	1	0	0	0	0	0	0	0	0	0	0	0
Elife	2022-04-01	8893718	298026	28701	0	30	5	5	0	1	0	9	0	0	0	3	0	0	0	0	45	0	0	5	0	0	2	0	0	0	0	0	0	0	0	0	0	0
Elife	2022-04-01	8853655	145093	15961	0	15	1	1	0	0	0	2	0	0	1	0	0	0	0	0	20	0	0	10	0	0	1	0	0	0	0	0	0	0	0	0	0	1
Elife	2022-04-01	8896828	247065	22671	0	18	2	3	0	0	0	9	0	1	0	1	0	0	0	0	23	0	2	0	0	0	0	0	0	0	0	0	0	0	0	2	0	0
Elife	2022-04-01	8860450	23262	1968	0	0	0	0	0	0	0	0	0	0	0	0	0	0	0	0	2	0	0	0	0	0	0	0	0	0	0	0	0	0	0	0	0	0
Elife	2022-04-01	8929931	268197	26528	0	39	1	11	0	7	0	1	0	5	0	2	0	0	0	0	26	0	1	4	0	0	3	0	0	0	0	0	0	0	0	0	0	0
Elife	2022-04-01	8853657	20449	1789	0	1	0	0	0	0	0	0	0	0	0	0	0	0	0	0	0	0	0	2	0	0	0	0	0	0	0	0	0	0	0	0	0	0
Elife	2022-04-01	8871352	163923	14631	0	26	1	2	0	0	3	11	0	1	0	0	0	0	0	0	17	0	0	1	0	0	0	0	0	0	0	0	0	0	0	0	0	0
Elife	2022-04-01	8853654	9844	1124	0	0	2	0	0	0	0	0	0	1	0	0	0	0	0	0	0	0	0	0	0	0	0	0	0	0	0	0	0	0	0	0	0	0
Elife	2022-04-01	8880992	245002	23804	0	12	1	2	0	0	2	0	0	0	2	4	0	0	2	0	13	0	1	1	0	0	2	0	0	0	0	0	0	0	0	0	1	0
Elife	2022-04-01	8863376	285417	30491	0	35	0	15	0	9	3	12	0	90	1	23	0	0	0	0	42	0	0	0	0	0	0	0	0	0	0	0	1	0	0	0	0	0
Elife	2022-04-01	8901173	296694	29246	0	28	2	8	0	2	9	0	0	1	0	15	0	0	0	0	33	0	0	1	0	0	0	3	0	0	0	0	0	0	0	0	0	0
Elife	2022-04-01	8860443	259354	28011	1	6	0	7	0	1	4	4	0	5	2	6	0	0	2	0	20	0	0	0	0	0	2	0	0	0	0	0	0	0	0	0	0	1
Elife	2022-04-01	9106334	409041	38292	0	108	1	4	0	0	1	8	0	0	4	3	0	0	8	0	105	0	0	1	0	0	5	1	0	0	0	0	4	0	0	0	0	0
Elife	2022-04-01	8863368	25808	2114	0	1	0	0	0	0	1	0	0	0	0	0	0	0	0	0	1	0	0	0	0	0	0	0	0	0	0	0	0	0	0	0	0	0
Elife	2022-04-01	8890751	277060	28001	0	81	3	3	0	0	2	3	0	0	74	16	0	3	1	0	16	0	0	5	0	0	1	0	0	0	0	0	0	0	0	0	0	8
Elife	2022-04-01	8860444	240607	22637	0	18	3	3	0	0	0	0	0	4	0	22	0	0	0	0	29	0	0	0	0	0	0	0	0	0	0	0	2	0	0	0	0	0
Elife	2022-04-01	8871353	148730	15609	0	17	0	0	0	0	0	0	0	0	1	3	0	0	0	0	13	0	0	1	0	0	0	0	0	0	0	0	0	0	0	1	0	0
Elife	2022-04-01	8912926	312220	32167	0	62	0	7	0	2	5	5	0	0	0	6	0	0	2	0	46	0	0	6	0	0	4	0	2	0	0	0	0	0	2	0	0	0
Elife	2022-04-01	8871371	287633	28364	0	20	2	2	0	0	1	4	0	0	13	1	0	1	1	0	35	0	0	5	0	0	5	0	0	0	0	0	0	0	0	0	0	0
Elife	2022-04-01	8920506	324005	32146	0	13	3	3	0	1	2	3	0	1	7	3	0	0	2	0	19	0	0	3	0	0	4	0	0	0	0	0	0	0	0	1	0	0
Elife	2022-04-01	8916774	189846	16963	0	13	0	0	0	0	0	4	0	0	0	2	0	0	1	0	12	0	0	1	0	0	0	0	0	0	0	0	0	0	0	0	0	0
Elife	2022-04-01	8916773	201295	18780	0	2	0	1	0	4	0	8	0	3	0	0	0	0	0	0	5	0	0	3	0	0	2	0	0	0	0	0	0	0	0	0	0	0
Elife	2022-04-01	8896827	205796	20728	0	8	1	7	0	5	3	1	0	2	0	2	0	0	0	0	42	0	0	0	0	0	0	0	0	0	0	0	0	0	0	0	0	0
Elife	2022-04-01	8993220	212609	20985	0	8	0	0	0	3	0	0	0	2	2	4	0	0	0	0	3	0	0	0	0	0	3	0	0	0	0	0	0	0	0	0	1	0
Elife	2022-04-01	8901171	247122	27474	0	6	0	5	0	0	2	19	0	0	7	7	0	0	3	0	42	0	0	6	0	0	3	0	0	0	0	0	4	0	4	0	0	0
Elife	2022-04-01	8903838	247747	28339	0	37	6	6	0	1	0	13	0	0	3	8	0	0	2	0	47	0	2	2	0	0	4	0	0	0	0	0	0	0	0	1	0	0
Elife	2022-04-01	9038191	241813	24264	0	4	2	6	0	0	8	3	0	0	4	3	0	1	3	0	44	0	0	4	0	0	0	0	0	0	0	0	0	0	0	0	0	0
Elife	2022-04-01	8865843	129931	14384	0	6	0	0	0	0	8	0	0	0	4	2	0	1	0	0	15	0	0	0	0	0	2	0	0	1	0	0	4	0	0	3	0	0
Elife	2022-04-01	8970586	256298	26013	0	17	0	1	0	1	0	0	0	0	1	2	0	0	0	0	10	0	0	2	0	0	1	0	0	0	0	0	0	0	0	0	0	0
Elife	2022-04-01	8887895	161573	16826	0	4	1	12	0	7	3	3	0	3	1	3	0	0	0	0	54	0	1	2	0	0	1	0	0	0	0	0	0	0	0	0	0	0
Elife	2022-04-01	8926403	286252	27822	0	25	0	1	0	0	0	17	0	0	0	0	0	0	2	0	49	0	0	5	0	0	0	1	0	0	0	0	1	0	0	0	0	0
Elife	2022-04-01	8871372	230424	22876	0	11	1	2	0	0	0	3	0	1	0	6	0	1	2	0	17	0	0	0	0	0	1	0	0	0	0	0	0	0	0	0	0	0
Elife	2022-04-01	8871386	134156	14459	0	5	0	4	0	0	2	2	0	0	13	1	0	0	0	0	4	0	0	1	0	0	1	1	0	0	0	0	0	0	0	0	0	0
Elife	2022-04-01	8916770	146989	14627	0	19	0	9	0	1	0	3	0	0	2	1	0	0	1	0	22	0	0	2	0	0	3	0	0	0	0	0	0	0	0	1	0	0
Elife	2022-04-01	8887899	212727	20946	0	4	0	3	0	0	5	2	0	1	2	7	0	0	3	0	23	0	2	8	0	0	0	0	0	0	0	0	0	0	1	0	0	0
Elife	2022-04-01	8912918	312336	29103	0	7	0	1	0	0	4	1	0	10	12	11	0	0	0	0	65	0	0	3	0	0	3	0	0	0	0	0	0	1	0	0	0	0
Elife	2022-04-01	8916777	232521	22387	0	5	1	1	0	0	0	5	0	1	3	0	0	0	0	0	15	0	0	8	0	0	0	0	0	0	0	0	0	0	0	0	0	0
Elife	2022-04-01	8903837	239772	26825	0	8	0	3	0	3	3	16	0	0	2	3	0	0	0	0	50	0	0	4	0	0	5	0	0	0	0	0	0	0	0	0	0	0
Elife	2022-04-01	8887896	243406	24535	0	16	0	4	0	0	4	5	0	0	7	8	0	2	2	0	112	0	0	2	0	0	0	0	1	0	0	0	0	0	1	0	0	0
Elife	2022-04-01	8865851	232563	22922	0	10	0	2	0	0	0	4	0	0	0	8	0	0	0	0	23	0	0	1	0	0	2	0	0	0	0	0	0	0	0	0	0	0
Elife	2022-04-01	9007587	293912	28592	0	13	1	13	0	9	3	9	0	0	0	15	0	0	0	0	54	0	0	3	0	0	0	0	0	0	0	0	0	0	0	0	0	0
Elife	2022-04-01	8903828	184143	20197	0	16	0	0	0	8	7	7	0	13	0	9	0	0	2	0	38	0	1	2	0	0	0	0	1	0	0	0	0	0	0	0	0	0
Elife	2022-04-01	8956289	164168	15987	0	7	4	0	0	0	0	2	0	9	0	5	0	0	0	0	18	0	0	0	0	0	3	0	0	0	0	0	0	0	0	0	0	0
Elife	2022-04-01	8926401	202090	20042	0	16	0	0	0	1	4	4	0	0	0	1	0	0	0	0	29	0	0	0	0	0	0	0	1	0	0	0	0	0	0	0	0	0
Elife	2022-04-01	8912919	139578	14162	0	9	0	1	0	1	2	3	0	2	2	2	0	0	0	0	22	0	0	4	0	0	0	0	0	0	0	0	0	0	0	0	0	0
Elife	2022-04-01	8903829	266533	27488	0	11	1	12	0	0	3	5	0	2	0	0	0	0	0	0	40	0	0	1	0	0	2	1	1	0	0	0	0	0	0	0	0	0
Elife	2022-04-01	8923662	206556	21269	2	12	0	5	0	0	7	2	0	4	1	6	0	0	0	0	35	0	1	1	0	0	0	0	0	0	0	0	0	0	0	0	0	0
Elife	2022-04-01	8903832	291120	23701	0	7	2	0	0	0	4	6	0	5	7	9	0	0	0	0	33	0	0	2	0	0	1	0	1	0	0	0	0	0	0	0	0	0
Elife	2022-04-01	8903831	180271	18108	0	11	0	3	0	0	4	0	0	2	1	2	0	0	0	0	45	0	0	0	0	0	0	0	0	0	0	0	0	0	0	0	0	0
Elife	2022-04-01	8920504	123848	11682	0	1	0	4	0	0	1	1	0	1	0	11	0	0	0	0	21	0	0	0	0	0	1	0	0	0	0	0	0	0	0	0	0	0
Elife	2022-04-01	8923660	107472	11958	0	21	1	1	0	0	0	3	0	0	2	4	0	2	0	0	25	0	0	0	0	0	2	0	0	0	0	0	0	0	1	0	0	0
Elife	2022-04-01	9023059	159588	15125	0	2	1	0	0	0	3	3	0	0	1	5	0	2	0	0	16	0	0	0	0	0	0	0	0	0	0	0	0	0	0	7	2	0
Elife	2022-04-01	8942471	196312	21278	0	35	2	1	0	0	0	6	0	0	4	13	0	0	0	0	70	0	0	17	0	0	0	0	0	0	0	0	0	0	0	0	0	0
Elife	2022-04-01	8956288	185184	19799	0	15	0	3	0	3	0	6	0	0	0	5	0	0	0	0	23	0	0	0	0	0	0	0	0	0	0	0	0	0	0	0	0	0
Elife	2022-04-01	8983049	273227	26777	0	15	3	1	0	0	0	1	0	2	1	0	0	0	0	0	10	0	1	5	0	0	0	4	0	0	0	0	0	0	0	0	0	0
Elife	2022-04-01	8933001	230134	23077	0	14	0	1	0	1	0	5	0	0	3	5	0	0	0	0	25	0	0	3	0	0	1	0	0	0	0	0	0	0	0	0	0	0
Elife	2022-04-01	8937217	223282	26586	1	20	6	5	0	0	4	2	0	1	0	12	0	0	2	1	42	0	0	0	0	0	0	0	0	0	0	0	0	0	0	0	0	0
Elife	2022-04-01	8901172	321894	31070	0	14	0	0	0	0	3	4	0	0	7	3	0	0	0	0	25	0	0	3	0	0	1	0	1	0	0	0	2	0	0	0	0	0
Elife	2022-04-01	8903834	240666	23246	0	18	0	15	0	0	0	0	0	3	0	6	0	0	0	0	27	0	2	2	0	0	2	0	0	0	0	0	0	0	0	0	0	0
Elife	2022-04-01	8903835	222080	20854	0	7	0	1	0	1	3	0	0	3	0	10	0	0	0	0	51	0	0	3	0	0	0	0	0	0	0	0	0	0	0	0	0	0
Elife	2022-04-01	8923664	148095	12905	0	20	0	5	0	0	0	1	0	1	0	0	0	0	0	0	20	0	0	1	0	0	0	0	0	0	0	0	0	0	0	0	0	0
Elife	2022-04-01	9010020	213812	21754	0	32	1	1	0	1	9	5	0	0	3	5	0	0	1	0	31	0	0	16	0	0	1	0	0	0	0	0	0	0	0	0	0	0
Elife	2022-04-01	8937304	215934	24896	0	42	0	4	0	0	2	2	0	4	0	5	0	0	1	0	57	0	0	3	0	0	0	0	1	0	0	0	0	0	0	0	0	0
Elife	2022-04-01	9094745	93995	8302	0	3	0	4	0	0	1	0	0	0	0	0	0	0	0	0	22	0	0	0	0	0	0	0	0	0	0	0	0	1	0	0	0	0
Elife	2022-04-01	8903836	235931	23204	0	23	0	6	0	0	1	8	0	0	1	6	0	1	0	0	21	0	0	3	0	0	0	0	0	0	0	0	0	0	0	0	0	0
Elife	2022-04-01	8947763	212340	20665	0	3	0	1	1	1	0	2	0	0	10	0	1	0	0	0	16	0	2	1	0	0	1	0	0	0	0	0	0	0	0	0	0	0
Elife	2022-04-01	8920508	372672	34323	0	13	0	0	0	0	1	22	0	0	0	0	0	0	2	0	133	0	0	2	0	0	2	0	0	0	0	0	0	0	0	0	0	0
Elife	2022-04-01	8956283	270925	27203	0	5	0	0	0	1	1	12	0	2	0	10	0	0	2	0	61	0	0	0	0	0	7	0	1	0	0	0	0	0	0	1	0	0
Elife	2022-04-01	8923659	22983	2115	0	0	0	0	0	1	2	1	0	0	0	0	0	0	0	0	2	0	0	0	0	0	0	0	0	0	0	0	0	0	0	0	0	0
Elife	2022-04-01	8906804	274187	27129	0	70	0	0	0	0	1	2	0	4	0	4	0	1	1	0	44	0	1	5	0	0	0	0	1	0	0	0	2	0	0	0	0	0
Elife	2022-04-01	8956285	187933	17847	0	2	2	2	0	0	9	0	0	2	4	5	0	0	0	0	39	0	0	10	0	0	2	0	0	0	0	0	0	0	1	0	0	0
Elife	2022-04-01	8916772	269069	25068	0	31	0	16	0	7	1	5	0	1	1	2	0	0	3	1	18	0	0	0	0	0	0	0	0	0	0	0	0	0	0	0	0	0
Elife	2022-04-01	8967382	201660	20587	0	5	0	1	0	0	3	1	0	1	0	2	0	0	0	0	12	0	1	0	0	0	0	0	0	0	0	0	0	0	0	0	0	0
Elife	2022-04-01	8983044	347858	27444	0	11	0	1	0	1	7	1	0	0	5	3	0	0	0	0	14	0	0	7	0	0	0	0	0	1	0	0	0	0	0	0	0	0
Elife	2022-04-01	8923670	267475	22609	0	3	1	1	0	1	1	3	0	4	4	2	0	0	0	0	31	0	0	2	0	0	0	1	1	0	0	0	0	0	0	0	0	0
Elife	2022-04-01	8959600	211266	20504	1	11	0	7	0	1	2	0	0	0	5	0	0	0	1	0	29	0	0	0	0	0	1	0	0	0	0	0	0	1	0	0	0	0
Elife	2022-04-01	9033267	556071	33813	0	11	3	0	0	0	5	1	0	0	7	5	0	0	1	0	23	0	0	8	0	0	4	0	0	0	0	0	3	0	0	0	0	0
Elife	2022-04-01	8947765	257790	24105	0	5	1	7	0	1	1	1	0	1	1	7	0	0	0	0	36	0	0	0	0	0	3	0	0	0	0	0	0	0	0	0	0	0
Elife	2022-04-01	8906809	519667	59739	0	78	21	4	0	10	8	42	0	1	5	19	0	0	9	0	69	0	1	3	0	0	10	0	0	0	0	0	0	0	0	0	0	0
Elife	2022-04-01	9005192	245443	25742	0	16	0	3	0	0	0	10	0	0	63	6	0	0	4	0	20	0	0	6	0	0	0	0	0	0	0	0	0	0	0	2	0	0
Elife	2022-04-01	8923665	159955	14873	0	15	0	1	0	0	0	1	0	0	12	6	0	0	2	0	88	0	0	0	0	0	0	1	0	0	0	0	0	0	0	0	0	0
Elife	2022-04-01	8963876	227833	23178	0	9	0	7	0	1	4	0	0	0	0	6	0	0	0	0	24	0	0	1	0	0	1	0	0	0	0	0	0	0	0	1	0	0
Elife	2022-04-01	8947767	205670	20336	0	5	0	0	0	4	7	4	0	3	1	0	0	0	0	0	13	0	0	7	0	0	0	0	0	0	0	0	0	0	1	0	0	0
Elife	2022-04-01	8923661	225405	19446	0	20	0	3	0	1	1	37	0	0	8	0	0	0	0	0	21	0	0	0	0	0	0	0	0	0	0	0	0	0	0	0	0	0
Elife	2022-04-01	8923669	286381	32496	0	9	1	4	0	0	5	4	0	4	6	16	0	0	4	0	42	0	0	5	0	0	1	0	0	0	0	0	0	0	0	0	0	0
Elife	2022-04-01	9038195	400272	30982	0	12	0	5	0	0	0	3	0	0	9	0	0	0	0	0	32	0	0	3	0	0	0	0	0	0	0	0	0	0	0	0	0	0
Elife	2022-04-01	8937231	141956	16075	0	5	0	9	0	0	1	9	0	5	1	2	0	0	0	0	26	0	0	2	0	0	0	0	1	0	0	0	0	0	0	0	0	0
Elife	2022-04-01	9098223	215379	22468	0	6	0	1	0	0	2	5	0	0	2	6	0	0	0	0	21	0	0	0	0	0	1	0	2	0	0	0	0	0	0	0	0	0
Elife	2022-04-01	8920503	200499	19961	0	15	1	1	0	0	0	15	0	1	0	11	0	0	0	0	30	0	2	0	0	0	2	0	0	0	0	0	0	0	0	0	0	0
Elife	2022-04-01	8937232	210813	21935	0	17	0	3	0	2	1	6	0	0	2	1	0	0	0	0	42	0	0	3	0	0	0	0	0	0	0	0	0	0	0	0	0	0
Elife	2022-04-01	8929930	247771	25670	0	17	0	0	0	0	0	0	0	3	3	1	0	0	1	0	11	0	0	0	0	0	2	0	0	0	0	0	0	0	0	1	0	0
Elife	2022-04-01	8940172	6852	545	0	0	0	0	0	0	0	0	0	0	0	0	0	0	0	0	0	0	0	0	0	0	0	0	0	0	0	0	0	0	0	0	0	0
Elife	2022-04-01	9020819	186140	19570	0	58	0	1	0	0	3	14	0	0	21	2	0	0	1	0	39	0	0	8	0	0	1	0	0	0	0	0	0	0	0	0	0	0
Elife	2022-04-01	8959601	184542	16509	0	4	0	1	0	3	3	15	0	0	0	2	0	0	0	0	31	0	0	2	0	0	2	0	0	0	0	0	0	0	0	0	0	0
Elife	2022-04-01	8937216	238413	26124	0	35	0	2	0	0	4	37	0	0	13	1	0	0	0	0	44	0	2	5	0	0	0	5	0	0	0	0	2	0	0	0	0	0
Elife	2022-04-01	8933004	296281	27570	0	30	9	16	0	0	8	0	0	0	4	3	0	0	1	0	84	0	0	1	0	0	1	8	0	0	0	0	0	0	0	2	0	0
Elife	2022-04-01	8979586	153770	12950	0	2	0	0	0	0	1	1	0	0	2	5	0	0	0	0	47	0	0	12	0	1	1	0	0	0	0	0	0	0	0	0	0	0
Elife	2022-04-01	8940177	305259	28924	0	11	2	4	0	0	1	1	0	0	0	0	0	0	0	0	47	0	5	4	0	0	3	1	0	0	0	0	0	0	0	0	0	0
Elife	2022-04-01	9020820	388963	33042	0	21	0	3	0	0	2	9	0	3	10	7	0	2	1	0	23	0	0	1	0	0	1	0	0	0	0	0	0	0	0	1	0	0
Elife	2022-04-01	8986315	261360	19780	0	1	0	0	0	0	9	0	0	0	2	1	0	0	0	0	17	0	0	1	0	0	2	0	0	0	0	0	0	0	1	0	0	0
Elife	2022-04-01	9005190	357693	36674	0	6	2	5	0	0	4	2	0	1	1	4	0	0	0	0	51	0	3	0	0	0	1	0	0	0	0	0	0	0	0	1	0	0
Elife	2022-04-01	9000962	346974	36101	0	23	2	0	0	0	0	1	0	0	7	2	0	3	5	0	41	0	0	5	0	0	8	0	2	0	0	0	1	0	0	2	23	0
Elife	2022-04-01	8929928	258687	26535	0	6	0	2	0	0	6	7	0	2	4	6	0	0	0	0	30	0	0	4	0	0	0	0	1	0	2	0	0	0	0	0	0	0
Elife	2022-04-01	8933005	256462	27857	0	48	0	1	0	3	0	1	0	2	1	9	0	0	0	0	29	0	0	0	0	0	0	0	0	0	0	0	0	0	0	0	0	0
Elife	2022-04-01	8933000	21945	1917	0	0	0	0	0	0	0	0	0	0	0	1	0	0	0	0	2	0	0	0	0	0	0	0	0	0	0	0	0	0	0	0	0	0
Elife	2022-04-01	8940175	164884	16927	0	4	1	4	0	0	3	0	0	1	1	5	0	0	0	0	34	0	0	3	0	0	0	0	0	0	0	0	0	0	0	0	0	0
Elife	2022-04-01	8970587	271603	24585	0	8	0	4	0	2	0	2	0	0	0	1	0	0	0	0	17	0	1	0	0	0	0	0	2	0	0	0	0	0	0	0	0	0
Elife	2022-04-01	8942470	148706	14797	0	7	0	0	0	0	5	2	0	0	40	3	0	0	4	0	33	0	0	0	0	0	3	1	0	0	0	0	1	0	0	0	0	0
Elife	2022-04-01	8956287	257115	23617	0	5	0	0	0	0	0	9	0	3	0	2	0	0	2	0	10	0	0	1	0	0	0	0	0	0	0	0	0	0	0	0	0	0
Elife	2022-04-01	8959599	283987	27391	0	18	0	6	0	0	5	10	0	0	0	12	0	0	0	0	56	0	1	1	0	0	0	0	2	0	0	0	0	3	0	0	0	0
Elife	2022-04-01	9042226	219267	20613	0	10	0	7	0	2	0	2	0	1	0	4	0	0	0	0	21	0	10	2	0	0	0	0	0	0	0	0	0	0	0	0	0	0
Elife	2022-04-01	9122497	314398	32254	0	18	2	8	0	3	11	3	0	1	10	4	0	0	5	0	61	0	0	1	0	0	4	0	0	0	0	0	0	0	0	0	0	0
Elife	2022-04-01	8970585	190228	19242	0	2	0	1	0	0	0	4	0	1	3	2	0	0	0	0	23	0	0	8	0	0	0	0	1	0	0	0	0	0	0	0	0	0
Elife	2022-04-01	8940181	344681	29225	0	39	1	1	0	0	6	0	0	0	13	0	0	0	0	0	45	0	0	9	0	0	1	0	0	0	0	0	0	0	0	2	0	0
Elife	2022-04-01	8989416	171621	17992	0	22	0	10	0	0	3	3	0	0	1	18	0	0	1	0	21	0	1	3	0	0	3	0	3	0	0	0	0	0	0	0	0	0
Elife	2022-04-01	9042233	368467	33718	0	22	1	1	3	2	2	3	0	0	49	16	0	0	0	0	31	0	1	1	0	0	1	0	1	0	0	0	0	0	0	0	0	0
Elife	2022-04-01	8942472	196615	22247	0	7	0	0	0	0	5	2	0	0	2	5	0	0	0	0	34	0	0	0	0	0	0	0	0	0	0	0	0	0	0	0	0	1
Elife	2022-04-01	9068220	329679	25541	0	3	0	0	0	0	4	10	0	0	24	15	0	0	0	0	37	0	1	8	0	0	0	0	0	0	0	0	1	3	0	0	0	0
Elife	2022-04-01	8979587	250561	21968	0	6	2	0	0	0	0	4	0	1	7	4	0	0	0	0	15	0	0	1	0	0	0	0	0	1	0	0	1	0	0	0	0	0
Elife	2022-04-01	9110027	932288	80544	0	32	0	0	0	0	0	0	0	11	5	3	0	0	0	0	79	0	0	1	0	0	4	0	0	0	0	0	0	1	0	0	0	0
Elife	2022-04-01	8986314	202456	18924	0	4	1	3	0	0	6	1	0	0	24	2	0	1	1	0	20	0	0	4	0	0	0	0	2	0	0	0	3	0	0	0	0	0
Elife	2022-04-01	8947762	246063	25367	1	29	0	4	0	0	1	6	0	1	0	5	0	0	0	0	60	0	2	1	0	0	1	1	1	0	0	0	0	0	0	0	0	0
Elife	2022-04-01	9023055	218210	23775	0	4	3	0	0	0	0	1	0	0	0	0	0	0	6	0	23	0	0	7	0	1	5	0	0	0	0	2	0	1	0	0	0	1
Elife	2022-04-01	8967384	208914	22148	0	2	1	2	0	1	0	10	0	1	0	3	0	0	1	0	26	0	0	3	0	0	1	0	0	0	0	0	2	0	0	0	0	0
Elife	2022-04-01	9132574	481490	44752	0	51	1	3	0	0	12	2	0	0	8	9	0	0	0	0	18	1	2	9	0	0	1	8	0	0	1	0	3	0	0	0	0	0
Elife	2022-04-01	9183235	479283	35981	0	87	0	1	0	0	5	4	0	0	19	2	0	0	1	0	25	0	0	2	0	0	5	0	0	0	0	0	1	1	0	0	0	0
Elife	2022-04-01	9000953	170911	17029	0	9	0	0	0	0	1	0	0	2	7	0	0	0	0	0	14	0	0	1	0	0	0	0	0	0	0	0	0	0	2	0	0	0
Elife	2022-04-01	8975554	237143	25873	0	21	4	4	0	0	1	7	0	0	1	9	0	0	0	0	19	0	0	5	0	0	0	0	0	0	0	0	0	0	0	0	0	0
Elife	2022-04-01	8963880	281245	26276	0	14	0	2	0	2	4	1	0	4	0	9	0	0	0	0	46	0	0	3	0	0	0	0	0	0	0	0	0	0	0	0	0	0
Elife	2022-04-01	8942469	273648	22939	0	2	0	2	0	0	6	2	0	3	1	5	0	0	0	0	40	0	0	3	0	0	0	2	0	0	0	0	0	0	0	0	0	0
Elife	2022-04-01	9068221	236213	24463	0	11	0	1	1	1	6	1	0	25	2	0	0	0	0	0	59	0	0	2	0	0	0	0	0	0	0	0	0	0	0	0	0	0
Elife	2022-04-01	8947770	296397	29502	0	89	0	2	0	0	1	7	0	2	1	5	0	0	0	0	58	0	0	1	0	0	0	0	0	0	0	0	0	0	0	0	0	0
Elife	2022-04-01	8963885	294641	28713	0	13	0	0	0	0	6	10	0	4	1	6	0	0	2	0	48	0	1	13	0	2	0	0	0	0	0	0	0	0	0	0	0	0
Elife	2022-04-01	8983046	173712	18783	0	24	0	1	0	0	1	13	0	0	1	9	0	0	0	0	36	0	0	4	0	0	1	0	0	0	0	0	0	0	0	0	0	0
Elife	2022-04-01	8983040	238842	25913	0	39	1	0	0	0	1	7	0	1	0	2	0	1	1	0	12	0	0	0	0	0	0	0	0	0	0	0	0	1	0	0	0	0
Elife	2022-04-01	8959596	26427	2132	0	0	0	0	0	0	0	0	0	0	1	1	0	0	0	0	2	0	0	0	0	0	1	0	0	0	0	0	0	0	0	0	0	0
Elife	2022-04-01	8947768	215258	22868	0	8	0	2	0	2	0	7	0	0	0	5	0	2	0	0	28	0	0	0	0	0	0	0	1	0	0	0	0	0	0	0	0	0
Elife	2022-04-01	9018072	187756	20536	0	11	0	8	0	0	0	2	0	0	7	5	0	0	2	0	44	0	0	0	0	0	3	0	1	0	0	0	0	0	0	0	0	0
Elife	2022-04-01	9075957	266097	21916	0	6	0	2	0	0	2	1	0	0	33	1	0	0	0	0	18	0	0	0	0	0	1	0	0	0	0	0	0	0	0	0	0	0
Elife	2022-04-01	8975552	533701	47954	0	3	2	0	0	1	14	3	0	15	0	2	0	0	5	0	31	0	0	6	0	0	3	0	2	0	0	0	0	1	0	2	0	2
Elife	2022-04-01	9033302	237536	21036	0	21	1	0	0	0	4	1	0	0	3	3	0	0	1	0	57	0	2	1	0	0	0	0	1	0	0	0	2	0	0	3	0	0
