journal	date	pmc_id	Nchars	Nwords	delve	analyse	acknowledge	assess	appraise	dissect	explore	examine	extricate	expose	estimate	investigate	inquire	inspect	interpret	scrutinise	study	unearth	uncover	understand	ponder	research	reason	retrieve	avoid	discount	disregard	dismiss	ignore	neglect	overlook	omit	skip	reject
Elife	2024-04-01	10945508	263232	26578	0	52	1	0	0	0	7	4	0	4	1	7	1	0	0	0	36	0	0	0	0	0	0	0	0	0	0	0	0	0	0	0	0	0
Elife	2024-04-01	10963025	192431	19988	0	2	0	0	0	0	2	5	0	0	50	3	0	0	0	0	40	0	0	0	0	0	1	0	0	0	0	0	0	1	0	0	0	0
Elife	2024-04-01	10890785	175841	15783	0	4	0	8	0	1	3	7	0	0	0	5	0	0	2	0	56	0	0	5	0	0	0	0	0	0	0	0	0	0	0	0	0	0
Elife	2024-04-01	10942766	191368	19537	0	8	0	0	0	0	3	1	0	0	1	2	0	0	0	0	9	0	1	4	0	0	0	0	0	0	0	0	0	0	0	0	0	0
Elife	2024-04-01	10764005	18152	1656	0	0	0	0	0	0	1	0	0	0	0	2	0	0	0	0	2	0	0	0	0	0	0	0	0	0	0	0	0	0	0	0	0	0
Elife	2024-04-01	10945307	343235	33718	0	41	1	9	0	0	2	6	0	0	0	1	0	0	0	0	21	0	0	1	0	0	5	0	4	0	0	0	0	0	0	0	0	0
Elife	2024-04-01	10807864	473070	35664	0	8	0	1	0	0	6	7	0	0	2	5	0	0	2	0	31	0	3	3	0	0	0	0	1	0	0	0	1	0	0	2	0	0
Elife	2024-04-01	10803022	323089	33440	0	17	1	5	0	0	0	0	0	1	0	14	0	0	0	0	24	0	0	4	0	0	1	0	1	0	0	0	0	0	0	1	0	1
Elife	2024-04-01	10945439	203971	19656	0	31	0	3	0	1	3	1	0	9	1	4	0	0	0	0	50	0	1	9	0	0	0	0	0	0	0	0	0	0	0	0	0	0
Elife	2024-04-01	10805384	369767	30984	0	30	4	14	0	0	4	2	0	0	33	5	0	4	0	0	40	0	0	2	0	0	2	0	2	0	0	0	0	0	0	0	0	0
Elife	2024-04-01	10945504	209425	18186	0	1	1	0	0	0	2	0	0	7	8	0	0	0	0	0	21	0	0	4	0	0	3	0	1	0	0	0	1	2	0	0	0	0
Elife	2024-04-01	10766347	24697	2069	0	0	0	0	0	0	0	0	0	0	0	1	0	0	0	0	2	0	0	1	0	0	0	0	0	0	0	0	0	0	0	0	0	0
Elife	2024-04-01	10942767	229286	22741	0	3	4	1	0	1	4	1	0	1	0	2	0	0	0	0	12	0	0	2	0	0	1	0	0	0	0	0	0	0	0	0	0	0
Elife	2024-04-01	10869138	238371	24278	0	21	0	1	0	0	0	8	0	0	1	1	0	1	0	0	30	0	0	0	0	0	2	0	0	0	0	0	0	0	0	0	0	0
Elife	2024-04-01	10764006	5166	351	0	0	0	0	0	0	0	0	0	0	0	0	0	0	0	0	0	0	0	0	0	0	0	0	0	0	0	0	0	0	0	0	0	0
Elife	2024-04-01	10836832	205681	20113	0	12	1	2	0	0	0	3	0	1	4	2	0	0	0	0	19	0	0	2	0	0	1	0	0	0	0	0	0	0	0	0	0	0
Elife	2024-04-01	10945474	251613	23925	0	7	0	4	0	1	9	2	0	0	23	0	0	1	1	0	37	0	1	4	0	0	2	0	0	0	0	0	0	0	0	1	0	0
Elife	2024-04-01	10945472	255210	25686	2	12	2	0	0	0	2	6	0	5	2	3	0	0	3	0	40	0	0	5	0	0	4	0	0	0	0	0	0	0	0	0	0	0
Elife	2024-04-01	10942768	226239	22353	0	26	3	1	0	0	3	7	0	0	11	14	0	0	0	0	52	0	0	2	0	0	0	0	0	7	0	0	0	0	0	0	0	0
Elife	2024-04-01	10945470	175332	17247	0	5	0	2	0	1	9	3	0	1	0	2	0	0	0	0	32	0	0	4	0	0	2	1	1	0	0	0	0	0	0	0	0	0
Elife	2024-04-01	10963026	543963	23659	0	2	2	1	0	1	2	0	0	0	1	1	0	0	0	0	8	0	0	5	0	0	0	0	1	0	0	0	2	6	0	0	0	0
Elife	2024-04-01	10942650	298172	26484	0	12	0	4	0	3	0	12	0	2	4	3	0	0	1	0	44	0	0	2	0	0	0	0	1	0	0	0	0	0	0	0	0	0
Elife	2024-04-01	10945473	190732	17892	0	5	1	0	0	0	1	0	0	0	3	3	0	0	0	0	31	0	1	6	0	0	0	0	0	0	0	0	0	0	0	0	0	0
Elife	2024-04-01	10945505	121771	11553	0	1	0	3	0	0	2	2	0	1	1	0	0	0	0	0	23	0	0	1	0	0	0	0	0	0	0	0	0	0	0	0	0	0
Elife	2024-04-01	10945580	253651	25106	0	36	0	2	0	0	7	1	0	0	4	1	0	0	1	0	33	0	0	4	0	0	2	0	0	0	0	0	0	0	0	0	3	1
Elife	2024-04-01	10945583	158183	15856	0	6	1	4	0	0	2	3	0	14	0	7	0	0	0	0	45	0	0	6	0	0	0	0	2	0	0	0	0	0	0	0	0	0
Elife	2024-04-01	10948143	306404	32303	0	87	1	6	0	0	3	22	0	0	1	7	0	1	10	0	76	0	0	1	0	0	2	1	2	0	0	0	0	0	0	0	0	1
Elife	2024-04-01	10963032	330013	32975	0	15	0	10	0	0	0	4	0	4	4	8	0	1	0	0	31	0	0	2	0	0	1	0	0	0	0	0	0	0	0	2	0	0
Elife	2024-04-01	10830129	198759	18475	2	25	1	9	0	0	5	2	0	0	7	6	0	0	2	0	18	0	0	6	0	0	0	7	0	0	0	0	0	0	0	0	0	0
Elife	2024-04-01	10789488	219894	20462	0	41	2	2	0	0	1	14	0	1	7	3	0	0	0	0	56	0	0	2	0	0	1	0	0	0	0	0	0	0	0	0	0	0
Elife	2024-04-01	10945582	215820	19918	0	13	0	15	0	1	3	7	0	3	1	1	0	0	0	0	38	0	0	0	0	0	0	0	0	0	0	0	0	0	0	1	0	0
Elife	2024-04-01	10945586	193987	19328	0	8	0	9	0	0	1	2	0	1	1	1	0	0	0	0	14	0	1	2	0	0	0	0	0	0	0	0	0	0	0	0	0	0
Elife	2024-04-01	10783869	217259	17414	0	0	0	0	0	0	6	0	0	0	1	3	0	0	0	0	24	0	0	3	0	0	0	0	0	0	0	0	0	0	0	0	0	0
Elife	2024-04-01	10830130	221788	22921	0	43	1	0	0	0	2	19	0	0	0	7	0	0	1	0	26	0	0	2	0	0	1	0	0	0	0	0	0	0	0	0	0	0
Elife	2024-04-01	10834026	205459	22841	0	12	0	2	0	11	6	0	0	0	0	7	0	0	1	0	16	0	0	3	0	0	2	0	0	0	0	0	0	0	0	0	0	0
Elife	2024-04-01	10945509	212594	19858	0	2	2	2	0	6	8	2	0	1	0	1	0	0	0	0	8	0	0	0	0	0	1	0	0	0	0	0	0	0	2	0	0	0
Elife	2024-04-01	10789490	495141	36571	0	7	1	0	0	0	5	25	0	5	8	12	0	0	0	0	35	0	1	9	0	0	8	0	0	3	0	0	0	0	1	0	0	0
Elife	2024-04-01	10945585	172063	17122	0	22	0	0	0	0	5	5	0	0	0	5	0	0	0	0	37	0	2	1	0	0	1	0	0	0	0	0	0	0	0	0	0	0
Elife	2024-04-01	10945578	258255	24018	0	55	1	1	0	0	20	4	0	0	4	7	0	0	3	0	42	0	2	5	0	0	5	0	0	0	0	0	0	0	0	1	0	0
Elife	2024-04-01	10945558	206088	21839	0	9	2	0	0	3	7	0	0	22	1	1	0	0	0	0	33	0	0	6	0	0	0	0	1	0	0	0	0	0	0	0	0	0
Elife	2024-04-01	10945624	156212	15256	0	6	0	3	0	0	3	3	0	0	12	0	0	0	0	0	92	0	0	1	0	0	0	0	0	0	0	0	0	0	0	0	0	0
Elife	2024-04-01	10776086	227867	25475	0	3	6	2	0	0	12	5	0	0	47	4	0	0	3	0	53	0	6	0	0	0	0	0	0	0	1	0	2	2	0	0	0	0
Elife	2024-04-01	10830131	285605	27249	0	19	4	5	0	1	3	1	0	0	0	8	0	0	0	0	40	0	1	2	0	0	0	0	0	0	0	0	0	0	0	0	0	1
Elife	2024-04-01	10786458	260246	27162	0	5	9	6	0	2	2	0	0	1	13	9	0	0	0	0	51	0	0	3	0	0	1	0	0	0	0	2	0	0	0	0	0	0
Elife	2024-04-01	10945507	150585	14973	0	3	1	2	0	0	1	3	0	0	0	0	0	0	0	0	26	0	0	4	0	0	0	0	0	0	0	0	0	0	0	0	0	0
Elife	2024-04-01	10945503	410707	39431	0	13	2	5	0	1	0	2	0	4	5	3	0	0	1	0	93	0	0	4	0	1	0	0	0	1	0	0	1	1	0	0	0	0
Elife	2024-04-01	10789494	315084	27314	0	27	3	4	0	0	3	4	0	5	57	4	1	0	1	0	154	0	0	1	0	0	0	0	0	0	0	0	0	0	0	0	0	0
Elife	2024-04-01	10776088	236580	24936	0	38	6	0	0	0	1	0	0	1	8	10	0	1	3	0	79	0	0	13	0	0	0	0	0	0	0	0	1	0	0	0	0	0
Elife	2024-04-01	10803041	192598	18323	0	5	0	0	0	0	1	1	0	3	1	2	0	0	0	0	16	0	0	0	0	0	1	0	0	0	0	0	0	0	0	0	0	0
Elife	2024-04-01	10945604	341624	17927	0	5	1	0	0	0	7	0	0	0	6	2	0	0	2	0	11	0	1	1	0	0	2	0	1	0	0	0	0	2	0	0	0	0
Elife	2024-04-01	10794066	205107	19264	0	23	0	1	0	1	2	16	0	0	1	2	0	0	0	0	37	0	0	2	0	0	0	2	0	0	0	0	0	0	0	0	0	1
Elife	2024-04-01	10945598	385231	33293	0	7	0	0	0	7	0	2	0	0	3	3	0	0	0	0	44	0	1	6	0	0	0	0	0	0	0	0	0	0	0	1	0	0
Elife	2024-04-01	10945584	300852	31344	0	25	4	8	0	1	0	1	0	1	0	5	0	0	1	0	45	0	0	2	0	0	0	0	0	0	0	0	0	0	0	0	0	0
Elife	2024-04-01	10846857	113685	10545	0	2	0	0	0	0	2	10	0	0	0	2	0	0	0	0	20	0	0	0	0	0	0	0	0	0	0	0	0	0	0	0	0	0
Elife	2024-04-01	10945690	323599	24054	0	14	1	6	0	0	1	16	0	0	42	15	0	1	2	0	19	0	0	3	0	0	0	0	1	0	0	0	0	1	0	0	0	0
Elife	2024-04-01	10945599	161100	17268	0	17	1	0	0	0	4	29	0	0	0	0	0	0	2	0	14	0	0	3	0	0	3	0	0	0	0	0	0	0	0	0	0	0
Elife	2024-04-01	10863985	256169	24749	0	5	5	1	0	0	5	2	0	1	2	6	0	0	0	0	48	0	1	13	0	0	3	8	0	0	1	0	0	0	0	0	0	0
Elife	2024-04-01	10945591	171110	16544	0	9	0	1	0	0	5	5	0	0	6	3	0	0	0	0	17	0	0	3	0	0	1	0	0	0	0	0	1	0	0	0	0	0
Elife	2024-04-01	10945602	168350	15755	0	3	1	0	0	0	0	0	0	0	3	3	0	2	0	0	32	0	0	3	0	0	0	0	0	0	0	0	0	0	0	0	0	0
Elife	2024-04-01	10945596	175453	15533	0	13	1	0	0	0	1	1	0	0	0	6	0	0	1	0	30	0	0	8	0	0	2	0	0	0	0	0	0	0	1	1	0	0
Elife	2024-04-01	10945581	296388	29588	0	10	3	5	0	13	9	0	0	2	0	4	0	0	0	0	46	0	1	4	0	0	0	0	0	0	0	0	1	0	0	0	5	0
Elife	2024-04-01	10903991	239124	21248	0	2	4	3	0	0	3	0	0	1	0	4	0	0	0	0	8	0	0	3	0	0	0	0	0	0	0	0	0	0	0	0	0	0
Elife	2024-04-01	10945601	208460	19690	0	37	0	2	0	1	0	7	0	69	0	2	0	0	0	0	32	0	0	0	0	0	0	0	1	0	0	0	0	0	0	0	0	0
Elife	2024-04-01	10945605	227462	20681	0	7	2	5	0	0	4	1	0	0	0	0	0	0	0	0	32	0	0	2	0	0	0	0	0	0	0	0	0	0	0	0	0	0
Elife	2024-04-01	10945577	184585	18251	0	8	2	0	0	0	6	9	0	10	0	0	0	0	4	0	40	0	0	6	0	0	1	1	0	0	0	0	0	0	0	0	0	0
Elife	2024-04-01	10945576	152204	13034	0	5	0	0	0	1	12	0	0	0	2	7	0	0	6	0	5	0	0	4	0	0	0	0	0	0	0	0	0	0	0	0	0	0
Elife	2024-04-01	10803004	12513	1418	0	0	0	0	0	0	0	0	0	0	0	0	0	0	0	0	0	0	0	0	0	0	0	0	0	0	0	0	0	0	0	0	0	0
Elife	2024-04-01	10846858	344687	33158	0	8	1	5	0	5	0	3	0	0	3	0	0	0	0	0	60	0	0	3	0	0	3	0	0	0	0	0	0	0	0	0	0	0
Elife	2024-04-01	10791129	227223	21968	0	7	1	0	0	1	1	2	0	0	0	9	0	0	1	0	29	0	0	2	0	0	0	0	0	0	0	0	0	0	0	1	0	0
Elife	2024-04-01	10945575	170784	16315	0	33	1	5	0	0	7	5	0	0	5	6	0	0	1	0	56	0	0	2	0	1	2	0	0	0	1	0	0	0	0	1	0	0
Elife	2024-04-01	10945681	157612	16206	0	31	0	2	0	1	1	0	0	1	0	0	0	0	0	0	45	0	0	4	0	0	1	1	3	0	0	0	0	0	0	0	0	0
Elife	2024-04-01	10834027	328888	35657	1	35	8	0	0	0	0	16	0	4	2	21	1	0	0	0	73	0	3	7	0	0	2	1	1	0	0	0	0	3	0	0	0	0
Elife	2024-04-01	10796144	27712	2311	0	0	0	0	0	0	0	0	0	0	0	1	0	0	0	0	3	0	0	1	0	0	0	0	0	0	0	0	0	0	1	0	0	0
Elife	2024-04-01	10945656	181966	18609	0	8	1	3	0	3	0	2	0	0	2	2	0	0	0	0	45	0	0	0	0	0	1	0	0	0	0	0	0	0	0	0	0	0
Elife	2024-04-01	10945695	176196	16001	0	3	2	0	0	0	1	0	0	5	15	11	0	0	0	0	28	0	0	2	0	0	0	0	0	0	0	0	0	0	0	0	0	0
Elife	2024-04-01	10945733	150887	15203	0	12	2	6	0	0	11	2	0	2	14	1	0	0	2	0	22	0	0	2	0	0	2	0	2	0	0	0	0	0	1	0	0	1
Elife	2024-04-01	10945517	207522	19443	0	19	2	0	0	1	4	1	0	0	11	1	0	0	0	0	38	0	0	2	0	0	0	0	0	0	0	0	0	0	0	0	0	0
Elife	2024-04-01	10945699	189843	21381	0	3	0	0	0	0	1	7	0	0	11	9	0	0	0	0	19	0	0	13	0	0	8	0	0	0	0	0	0	0	0	0	0	0
Elife	2024-04-01	10945522	308756	25354	1	1	1	0	0	0	7	5	0	0	21	3	0	0	2	0	52	0	2	4	0	0	0	0	0	0	0	0	0	0	0	0	0	0
Elife	2024-04-01	10945705	224005	26822	0	12	0	2	0	0	1	1	0	0	49	12	0	0	6	0	62	0	0	3	0	0	1	0	0	0	0	0	3	0	2	0	0	0
Elife	2024-04-01	10945689	209357	20233	0	3	2	0	0	0	1	0	0	0	0	3	0	0	0	0	19	0	0	3	0	0	1	0	1	0	0	0	0	0	0	0	0	0
Elife	2024-04-01	10863984	237170	23153	0	70	0	2	0	0	2	12	0	3	0	2	0	0	0	0	44	0	0	0	0	0	1	1	0	0	0	0	0	0	0	0	0	0
Elife	2024-04-01	10945520	182078	18229	0	10	1	0	0	0	2	2	0	0	9	2	0	0	0	0	10	0	0	2	0	0	0	0	0	0	1	0	0	0	0	1	0	0
Elife	2024-04-01	10945554	213193	21282	0	8	1	3	0	0	0	4	0	2	1	6	0	0	0	0	26	0	0	2	0	0	0	0	0	0	0	0	0	0	0	0	0	0
Elife	2024-04-01	10810605	26067	2188	0	0	0	0	0	0	0	0	0	0	0	0	0	0	0	0	2	0	0	1	0	0	0	0	0	0	0	0	0	0	0	0	0	0
Elife	2024-04-01	10817719	333092	25238	0	5	1	2	0	0	1	3	0	2	1	8	0	0	1	0	75	0	0	9	0	0	0	0	0	0	0	0	0	0	0	0	0	0
Elife	2024-04-01	10945696	150297	12763	0	3	0	3	0	0	1	5	0	0	3	3	0	0	0	0	31	0	0	2	0	0	0	0	0	0	0	0	0	0	0	0	0	0
Elife	2024-04-01	10945702	179015	17260	0	24	0	0	0	0	2	5	0	0	0	2	0	0	0	0	18	0	0	1	0	0	3	0	0	0	0	0	0	0	0	2	0	0
Elife	2024-04-01	10945567	245848	23463	0	6	1	0	0	3	2	4	0	1	0	2	0	0	0	0	30	0	1	1	0	0	3	0	0	0	0	0	0	0	0	0	0	0
Elife	2024-04-01	10876213	239451	24384	3	78	1	3	0	1	6	9	0	0	4	7	0	0	7	0	37	0	0	5	0	0	0	0	0	0	0	0	0	0	0	0	0	0
Elife	2024-04-01	10945698	231473	23415	0	1	1	0	0	0	0	3	0	10	2	4	0	0	0	0	33	0	0	4	0	0	6	0	1	0	0	0	0	0	0	0	0	0
Elife	2024-04-01	10945697	191660	19877	0	2	2	5	0	0	3	3	0	3	5	10	0	0	0	0	13	0	1	3	0	0	0	0	1	0	0	0	0	0	0	1	1	0
Elife	2024-04-01	10945708	294544	31357	0	51	2	3	0	1	1	0	0	0	19	21	0	0	2	0	62	0	0	4	0	0	0	0	2	0	0	0	0	0	0	0	0	0
Elife	2024-04-01	10945688	222460	20380	0	13	0	1	0	0	0	2	0	0	1	4	0	0	0	0	17	0	2	7	0	0	0	4	0	0	0	0	0	0	0	0	0	0
Elife	2024-04-01	10945703	117816	12428	0	9	0	0	0	0	1	9	0	0	0	0	0	0	0	0	31	0	0	0	0	0	0	0	0	0	0	0	0	0	0	0	1	0
Elife	2024-04-01	10945563	236688	21655	0	8	5	1	0	0	16	6	0	0	0	2	0	0	0	0	59	0	1	7	0	0	0	0	0	0	0	0	0	0	0	0	0	0
Elife	2024-04-01	10942592	257092	24236	0	7	2	7	0	0	3	10	0	5	2	8	0	0	0	0	25	0	0	3	0	0	0	0	1	0	0	0	0	0	0	0	0	0
Elife	2024-04-01	10883674	209396	19456	0	7	0	0	0	0	0	1	0	1	2	2	0	0	0	0	27	0	0	2	0	0	0	0	0	0	0	0	0	0	0	0	0	0
Elife	2024-04-01	10959524	255617	25145	0	21	0	1	0	4	3	9	0	0	0	8	0	0	2	0	22	0	0	1	0	0	1	0	1	0	0	0	0	0	0	0	0	0
Elife	2024-04-01	10849674	67432	6265	0	2	0	0	0	0	0	0	0	0	1	0	0	0	0	0	24	0	0	1	0	0	0	0	0	0	0	0	2	0	0	0	0	0
Elife	2024-04-01	10945549	85438	7454	0	3	0	1	0	0	10	0	0	1	0	2	0	0	0	0	3	0	0	5	0	0	0	0	0	0	0	0	0	0	0	0	0	0
Elife	2024-04-01	10945526	417355	40124	0	57	2	14	0	0	2	2	0	0	33	0	0	1	0	0	40	0	0	4	0	0	4	0	0	0	0	0	0	0	0	0	0	0
Elife	2024-04-01	10849676	258665	25197	0	20	0	3	0	0	0	2	0	1	1	0	0	0	3	0	9	0	0	1	0	0	0	0	2	0	0	0	1	0	0	0	0	0
Elife	2024-04-01	10945527	151720	15366	0	2	0	2	0	0	2	0	0	0	7	3	0	0	0	0	55	0	0	2	0	0	1	0	1	0	0	0	0	1	0	0	0	0
Elife	2024-04-01	10919898	290037	28503	0	15	3	0	0	1	4	11	0	3	2	4	0	0	6	0	64	0	0	2	0	0	0	0	0	0	0	0	0	0	0	0	0	0
Elife	2024-04-01	10942541	164060	17590	0	17	0	1	0	0	5	6	0	4	15	3	0	1	1	0	55	0	0	2	0	0	2	0	2	0	0	0	0	0	0	0	0	1
Elife	2024-04-01	10945528	212962	20123	0	12	2	1	0	2	3	8	0	7	2	8	0	0	0	0	53	0	0	0	0	0	0	0	0	0	0	0	0	0	0	0	0	0
Elife	2024-04-01	10846855	8224	574	0	0	0	0	0	0	0	0	0	0	0	0	0	0	0	0	0	0	0	0	0	0	0	0	0	0	0	0	0	0	0	0	0	0
Elife	2024-04-01	10906995	253082	25256	0	11	0	36	0	0	6	10	0	9	1	7	0	0	0	0	45	0	0	4	0	0	0	0	0	0	0	0	0	0	0	0	0	0
Elife	2024-04-01	10849672	103725	11229	0	2	2	14	0	0	1	2	0	0	7	0	0	0	0	0	80	0	0	1	0	0	1	0	0	0	0	0	0	0	0	0	0	0
Elife	2024-04-01	10957170	438083	31092	0	7	4	2	0	0	10	1	0	3	49	0	0	0	3	0	26	0	0	1	0	0	2	0	0	0	0	0	1	1	0	3	0	0
Elife	2024-04-01	10945524	252022	23653	0	16	0	6	0	4	1	6	0	0	1	9	0	0	0	0	43	0	0	1	0	0	1	0	0	0	0	0	1	0	0	0	0	0
Elife	2024-04-01	10945306	173401	18471	0	9	0	3	0	0	2	1	0	0	8	1	0	0	4	0	20	0	0	2	0	0	0	0	0	0	0	0	0	0	0	0	0	0
Elife	2024-04-01	10876215	281359	24379	0	6	1	1	0	0	5	3	0	0	0	9	0	0	3	0	34	0	1	2	0	0	0	0	0	0	0	0	2	0	2	0	0	0
Elife	2024-04-01	10883672	132445	13925	0	14	0	5	0	0	0	4	0	3	0	0	0	4	0	0	35	0	0	3	0	0	0	0	0	0	0	0	0	0	0	0	0	0
Elife	2024-04-01	10945551	136398	11988	0	2	3	7	0	1	0	0	0	0	0	8	0	0	0	0	24	0	4	3	0	0	0	0	0	0	0	0	0	0	0	1	0	0
Elife	2024-04-01	10863986	881026	41327	0	10	4	0	0	0	0	5	0	0	7	17	0	3	0	0	63	0	0	7	0	0	5	0	0	0	0	0	0	2	0	0	0	0
Elife	2024-04-01	10945525	188863	21311	0	9	1	1	0	0	3	1	0	0	7	5	0	0	0	0	8	0	0	3	0	0	0	0	1	0	0	0	0	0	0	0	0	0
Elife	2024-04-01	10942611	391004	38364	0	17	0	4	0	10	4	7	0	0	38	3	0	1	2	0	28	0	0	6	0	0	4	0	0	0	0	0	0	0	0	1	0	0
Elife	2024-04-01	10942540	255876	24381	0	14	0	4	0	1	1	0	0	0	1	8	0	0	0	0	27	0	2	5	0	0	2	0	0	0	0	0	0	0	0	0	0	0
Elife	2024-04-01	10942587	302776	27051	0	20	5	8	0	1	14	17	0	4	1	5	0	0	0	0	82	0	3	7	0	0	1	0	0	0	0	1	0	0	0	0	0	0
Elife	2024-04-01	10945523	155607	15882	0	9	0	0	0	0	0	6	0	0	4	4	0	0	0	0	35	0	0	1	0	0	0	0	0	0	0	0	0	0	0	1	0	0
Elife	2024-04-01	10843267	10817	418	0	0	0	0	0	0	0	0	0	0	0	0	0	0	0	0	0	0	0	0	0	0	0	0	0	0	0	0	0	0	0	0	0	0
Elife	2024-04-01	10857787	462363	33005	4	0	0	0	0	0	12	0	0	2	13	0	0	0	0	0	46	0	0	5	0	0	5	0	8	1	0	0	2	0	0	0	0	0
Elife	2024-04-01	10869136	21927	1895	0	0	0	0	0	0	0	0	0	0	1	0	0	0	0	0	1	0	0	2	0	0	0	0	0	0	0	0	0	1	0	0	0	0
Elife	2024-04-01	10857789	243826	22306	0	3	0	4	0	1	1	0	0	0	0	7	0	0	0	0	29	0	0	0	0	0	0	0	0	0	0	0	0	0	0	0	0	0
Elife	2024-04-01	10857791	239931	23165	0	28	0	5	0	1	3	3	0	0	1	4	0	0	0	0	26	0	0	3	0	0	2	0	0	0	0	0	0	0	0	2	0	0
Elife	2024-04-01	10942593	277679	25813	0	7	0	0	0	0	0	3	0	0	3	2	0	0	1	1	34	0	0	9	0	0	0	1	0	0	0	0	0	0	0	3	0	0
Elife	2024-04-01	10942577	249136	26346	0	17	1	1	0	1	0	11	0	0	8	6	0	0	3	0	30	0	0	3	0	0	3	0	0	0	0	0	0	0	0	0	0	0
Elife	2024-04-01	10901513	356267	35360	0	43	0	2	0	3	0	27	0	0	0	9	0	0	0	0	57	0	0	0	0	0	1	0	0	0	0	0	0	0	0	0	0	0
Elife	2024-04-01	10942544	266143	22202	0	8	0	0	0	0	3	0	0	1	9	6	0	0	0	0	13	0	0	0	0	0	1	0	0	0	0	0	0	0	0	0	0	0
Elife	2024-04-01	10857786	27987	947	0	0	0	0	0	0	0	0	0	0	0	0	0	0	0	0	0	0	0	0	0	0	0	0	0	0	0	0	0	0	0	2	0	0
Elife	2024-04-01	10942596	199712	18402	2	19	0	3	0	0	0	2	0	2	1	5	0	0	2	0	22	0	0	4	0	0	4	1	0	0	0	0	0	0	0	2	0	0
Elife	2024-04-01	10942594	431103	37193	0	7	6	2	0	0	12	3	0	0	2	18	0	0	0	0	55	0	0	4	0	0	0	0	0	0	0	0	0	1	0	0	0	0
Elife	2024-04-01	10942583	186704	18747	0	16	0	3	0	1	3	7	0	2	0	2	0	0	0	0	31	0	1	3	0	0	0	0	0	0	1	0	0	0	0	0	0	0
Elife	2024-04-01	10942597	203087	20316	2	14	2	5	0	0	1	2	0	0	1	7	0	0	0	1	75	0	1	6	0	0	0	0	0	0	0	1	0	0	0	0	0	0
Elife	2024-04-01	10901511	274192	22815	0	14	1	1	0	1	0	2	0	7	3	25	0	0	3	0	60	0	2	5	0	0	1	0	0	0	0	0	0	0	0	0	0	0
Elife	2024-04-01	10942642	268295	26099	0	8	6	3	0	0	0	2	0	1	8	1	0	1	0	0	14	0	0	3	0	0	2	0	2	0	0	1	0	0	0	1	0	0
Elife	2024-04-01	10863983	281328	30352	0	8	4	0	0	0	0	4	0	3	15	4	0	0	1	0	19	0	0	3	0	0	0	0	2	0	0	0	0	0	0	0	0	0
Elife	2024-04-01	10942542	136786	15015	0	3	0	2	0	0	1	2	0	0	1	6	0	0	0	0	41	0	0	5	0	0	0	0	0	0	0	0	0	0	1	0	0	0
Elife	2024-04-01	10857785	19914	1670	0	0	0	0	0	0	0	0	0	0	0	0	0	0	0	0	1	0	0	0	0	0	0	0	0	0	0	0	0	0	0	0	0	0
Elife	2024-04-01	10942578	227679	22272	0	17	5	11	0	0	5	20	0	0	32	3	0	0	2	1	75	0	0	2	0	0	1	0	0	1	1	0	2	0	0	0	0	0
Elife	2024-04-01	10942543	291719	25265	0	6	0	1	0	5	5	3	0	7	2	7	0	0	0	0	46	0	0	4	0	0	1	0	0	0	0	0	0	1	0	1	0	0
Elife	2024-04-01	10942601	238856	20663	0	14	0	4	0	0	5	6	0	0	8	13	0	0	1	0	35	0	0	8	0	0	1	0	1	0	0	0	0	0	0	0	0	0
Elife	2024-04-01	10942608	331711	33107	2	10	4	3	0	0	9	8	0	0	21	19	0	1	1	0	60	0	1	6	0	0	2	2	4	0	0	0	0	0	0	1	0	2
Elife	2024-04-01	10942545	269167	25832	0	8	2	1	0	0	3	1	0	14	0	1	0	0	0	0	40	0	2	4	0	0	2	0	0	0	0	0	0	0	0	0	0	0
Elife	2024-04-01	10876214	317204	31333	2	17	3	5	0	0	5	5	0	0	3	3	0	1	6	0	115	0	0	2	0	0	3	0	0	0	0	0	0	0	0	1	0	1
Elife	2024-04-01	10942603	346260	32997	0	23	3	2	0	0	2	2	0	0	0	2	0	0	0	0	31	0	0	4	0	0	4	0	0	0	0	0	0	0	0	2	0	0
Elife	2024-04-01	10942588	137588	13020	1	1	1	2	0	0	1	8	0	1	3	2	0	0	1	0	26	0	4	1	0	0	0	0	0	0	0	0	0	0	0	1	0	0
Elife	2024-04-01	10942782	211962	21647	0	2	2	3	0	0	8	4	0	2	10	4	0	1	1	0	35	0	0	6	0	0	2	0	2	0	0	0	0	0	0	0	0	0
Elife	2024-04-01	10878691	232670	19394	0	3	0	4	0	0	1	1	0	0	0	2	0	0	0	0	18	0	1	3	0	0	0	0	0	0	0	0	0	0	1	0	0	0
Elife	2024-04-01	10942612	287250	32421	0	20	8	1	0	0	2	0	0	0	26	2	0	0	1	0	92	0	0	12	0	0	6	0	1	0	0	0	0	0	0	0	0	0
Elife	2024-04-01	10942607	397039	36493	0	4	3	3	0	0	2	1	0	0	47	3	0	1	2	0	45	0	0	3	0	0	1	0	4	0	0	0	1	1	0	0	0	0
Elife	2024-04-01	10942616	312336	30332	0	12	5	3	0	1	3	0	0	0	19	3	0	0	0	0	26	0	1	3	0	0	1	0	0	0	0	0	1	0	0	1	0	0
Elife	2024-04-01	10942580	275618	19207	0	1	0	0	0	0	0	0	0	0	8	1	0	0	1	0	41	0	0	4	0	0	2	0	0	0	0	0	0	5	0	0	0	0
Elife	2024-04-01	10942595	285185	24823	0	6	2	2	0	0	2	2	0	0	9	2	0	0	0	0	11	0	0	2	0	0	0	0	0	0	0	0	0	0	0	0	0	0
Elife	2024-04-01	10942584	205916	20565	0	19	0	3	0	0	1	4	0	43	0	8	0	0	0	0	26	0	0	1	0	0	1	0	0	0	0	0	2	0	0	0	0	0
Elife	2024-04-01	10942617	265596	26659	0	16	0	3	0	3	0	4	0	0	5	15	0	0	1	0	34	0	0	3	0	0	2	0	0	0	0	0	1	0	0	0	0	0
Elife	2024-04-01	10942585	212274	21441	0	11	6	7	0	0	5	5	0	0	0	7	0	0	1	0	30	0	1	4	0	0	1	0	0	0	0	0	0	0	0	0	0	0
Elife	2024-04-01	10948144	313377	34485	2	40	0	2	0	0	0	3	0	0	1	7	0	1	0	0	37	0	0	5	0	0	3	2	0	0	0	0	1	0	1	0	0	0
Elife	2024-04-01	10883673	337413	41563	0	10	0	1	0	3	8	22	0	30	3	2	0	0	2	0	21	0	0	4	0	0	4	0	0	0	0	0	0	0	0	0	0	0
Elife	2024-04-01	10942610	181260	17398	0	7	3	0	0	0	2	0	0	1	0	1	0	0	0	0	9	0	1	0	0	0	1	0	0	0	0	0	0	0	0	3	0	0
Elife	2024-04-01	10928508	363414	43028	0	44	0	4	0	0	0	13	0	37	0	10	0	1	0	0	50	0	0	2	0	0	0	0	1	0	0	0	0	0	0	0	0	0
Elife	2024-04-01	10942599	188159	18371	0	8	0	14	0	1	1	0	0	2	0	3	0	0	0	0	34	0	0	1	0	0	0	0	0	0	0	0	0	0	0	1	0	0
Elife	2024-04-01	10883675	302386	27497	0	0	0	1	0	0	7	1	0	0	23	4	0	0	0	0	63	0	0	6	0	0	0	3	1	0	0	0	3	0	0	0	0	0
Elife	2024-04-01	10942605	240821	22907	1	16	3	1	0	0	9	2	0	0	0	8	0	0	0	0	17	0	0	3	0	0	0	0	0	0	0	0	0	0	1	0	0	0
Elife	2024-04-01	10942604	482449	33901	0	7	2	0	0	0	14	1	0	1	6	11	0	2	0	0	19	0	0	1	0	0	1	0	0	0	0	0	0	0	1	0	0	0
Elife	2024-04-01	10942582	297151	27191	0	9	3	0	0	0	5	4	0	0	17	0	0	0	0	0	38	0	0	4	0	0	1	0	1	0	0	0	0	0	0	0	0	11
Elife	2024-04-01	10881119	42532	4157	0	0	0	0	0	0	4	0	0	0	0	1	0	0	0	0	1	0	0	2	0	0	0	0	0	0	0	0	0	0	0	0	0	0
Elife	2024-04-01	10878690	5414	379	0	0	0	0	0	0	0	0	0	0	0	0	0	0	0	0	0	0	0	0	0	0	0	0	0	0	0	0	0	0	0	0	0	0
Elife	2024-04-01	10942618	228249	23571	0	14	3	4	0	0	4	8	0	0	1	4	0	0	1	0	58	0	0	1	0	0	0	0	0	0	0	0	0	0	0	0	0	0
Elife	2024-04-01	10942606	274907	28991	0	28	0	1	0	0	3	2	0	1	4	8	0	0	0	0	23	0	1	6	0	0	2	2	0	0	0	0	0	0	0	1	0	0
Elife	2024-04-01	10942579	190213	19144	0	8	2	1	0	0	5	6	0	2	0	2	0	0	0	0	14	0	0	12	0	0	0	0	0	0	0	0	0	0	0	0	0	0
Elife	2024-04-01	10903989	12898	1585	1	0	1	0	0	0	1	1	0	0	0	1	0	0	0	0	4	0	0	0	0	0	0	0	0	0	0	0	1	0	0	0	0	0
Elife	2024-04-01	10942620	341994	31524	0	38	2	4	0	0	2	5	0	1	0	8	0	0	0	0	31	0	2	2	0	0	6	0	1	0	0	0	0	0	0	0	0	0
Elife	2024-04-01	10911395	352500	31026	0	3	0	0	0	0	33	0	0	0	1	0	0	1	0	0	7	0	0	6	0	0	3	0	2	2	0	0	0	1	0	0	0	0
Elife	2024-04-01	10942622	254143	27995	0	4	0	4	0	2	0	3	0	5	7	12	0	0	0	0	23	0	0	5	0	0	0	0	1	0	0	0	0	0	0	0	0	0
Elife	2024-04-01	10942591	173746	16371	0	8	0	1	0	0	7	1	0	1	1	0	0	0	0	0	20	0	0	0	0	0	0	0	1	0	0	0	0	0	0	0	0	0
Elife	2024-04-01	10942627	147542	14556	0	9	3	1	0	0	0	1	0	0	59	0	0	0	0	0	52	0	0	4	0	0	0	1	0	0	0	0	1	2	1	0	0	0
Elife	2024-04-01	10942623	239846	20868	0	18	1	4	0	2	6	2	0	0	3	5	0	0	0	0	40	0	0	5	0	0	0	0	0	0	0	0	0	0	0	0	0	0
Elife	2024-04-01	10901505	20884	1836	0	0	0	0	0	0	1	0	0	0	0	0	0	0	0	0	1	0	0	1	0	0	1	0	0	0	0	0	0	0	0	0	0	0
Elife	2024-04-01	10959529	391266	28982	0	19	2	3	0	0	12	11	0	0	71	2	0	0	3	0	15	0	1	4	0	0	1	0	2	0	0	0	3	0	0	4	0	0
Elife	2024-04-01	10942590	182317	17933	0	3	2	1	0	0	0	0	0	0	5	1	0	1	0	0	15	0	0	3	0	0	1	0	0	0	0	0	0	0	0	1	0	0
Elife	2024-04-01	10942621	186755	19316	0	1	0	0	0	0	0	3	0	0	0	4	0	0	0	0	14	0	0	4	0	0	0	0	0	0	0	0	0	0	0	0	0	0
Elife	2024-04-01	10942630	188739	18555	0	9	1	5	0	0	0	1	0	2	1	17	0	0	1	0	52	0	0	2	0	0	0	0	0	0	0	0	0	0	0	0	0	0
Elife	2024-04-01	10942634	162486	14611	0	9	4	0	0	0	1	2	0	0	0	1	0	0	0	0	8	0	0	2	0	0	0	0	0	0	0	0	0	0	0	0	0	0
Elife	2024-04-01	10911584	229600	23203	0	21	0	0	0	5	11	2	0	0	0	5	0	0	2	0	88	0	5	7	0	0	1	0	0	0	0	0	0	0	0	0	0	0
Elife	2024-04-01	10911398	366859	34048	0	5	2	7	0	0	0	2	0	0	13	6	0	0	0	0	29	0	0	4	0	0	4	0	0	0	0	0	0	0	0	0	0	1
Elife	2024-04-01	10942631	208829	20261	0	7	1	2	0	7	0	3	0	55	3	5	0	0	0	0	31	0	0	2	0	0	1	0	0	0	0	0	0	0	0	0	0	0
Elife	2024-04-01	10942619	221859	19842	0	20	1	3	0	0	2	6	0	0	1	12	0	0	0	0	34	0	1	3	0	0	0	0	0	0	0	0	0	0	0	0	0	0
Elife	2024-04-01	10942624	498236	33007	0	17	2	0	0	0	2	9	0	0	9	2	0	0	3	0	47	0	0	15	0	0	0	0	0	0	0	0	1	0	0	0	0	1
Elife	2024-04-01	10901504	139095	14471	0	16	1	6	0	0	0	0	0	1	3	6	0	0	1	0	52	0	0	4	0	0	4	0	3	0	0	0	0	0	0	0	0	0
Elife	2024-04-01	10911583	249641	24881	0	5	0	0	0	1	4	3	0	0	28	10	0	2	1	0	32	0	1	5	0	0	1	1	0	0	0	0	0	0	0	0	0	0
Elife	2024-04-01	10942614	137055	11613	1	12	5	0	0	0	15	0	0	0	1	2	0	0	0	0	35	0	0	16	0	0	1	0	0	0	0	0	0	0	0	0	0	0
Elife	2024-04-01	10901506	172865	18833	0	9	1	2	0	0	0	3	0	2	0	6	0	0	0	0	36	0	0	9	0	0	0	0	0	0	0	0	0	0	0	0	0	0
Elife	2024-04-01	10939502	276249	27362	0	19	1	0	0	1	1	5	0	1	0	9	0	0	1	0	36	0	1	5	0	0	0	0	0	0	0	0	0	0	0	0	0	0
Elife	2024-04-01	10906994	24115	2198	0	0	1	0	0	0	0	0	0	0	4	0	0	0	1	0	1	0	0	3	0	0	0	0	0	0	0	0	0	0	0	0	0	0
Elife	2024-04-01	10942632	143807	14230	1	14	2	0	0	0	4	6	0	0	0	2	0	0	1	0	47	0	0	0	0	0	0	0	0	0	0	0	1	0	0	0	0	0
Elife	2024-04-01	10977965	166905	17236	0	7	1	6	0	0	0	0	0	9	0	0	0	0	1	0	21	0	0	2	0	0	1	0	0	0	0	0	0	0	0	0	0	0
Elife	2024-04-01	10942633	196850	21219	0	1	0	2	0	0	7	0	0	0	4	18	0	0	0	0	12	0	0	0	0	0	0	1	0	0	0	0	0	0	0	0	0	0
Elife	2024-04-01	10954309	290521	30995	0	4	5	3	0	1	13	9	0	1	0	3	0	0	0	0	40	0	0	3	0	0	0	6	0	0	0	0	2	0	0	0	0	0
Elife	2024-04-01	10962400	154521	15935	0	5	2	4	0	0	2	5	0	2	0	2	0	0	0	0	66	0	0	0	0	0	1	0	0	0	0	0	0	0	0	0	0	0
Elife	2024-04-01	10911750	185660	17941	0	16	0	9	0	0	18	4	0	8	0	0	0	0	0	0	16	0	0	1	0	0	0	0	0	0	0	0	0	0	0	0	0	0
Elife	2024-04-01	10942647	171647	16748	0	8	0	3	0	0	5	1	0	3	1	9	0	0	0	0	55	0	0	1	0	0	2	0	0	0	0	0	0	0	0	0	0	0
Elife	2024-04-01	11001298	254327	28613	0	9	2	3	0	0	14	0	0	5	45	3	0	0	4	0	15	0	0	3	0	1	2	0	0	0	0	0	0	0	0	0	0	0
Elife	2024-04-01	10942638	176195	16893	0	7	1	0	0	0	0	8	0	0	0	2	0	0	2	0	14	0	0	2	0	1	0	0	0	0	0	0	0	0	0	0	0	0
Elife	2024-04-01	10919899	333735	31733	0	15	0	1	0	0	6	4	0	0	5	0	0	0	6	0	46	0	0	3	0	0	2	0	0	1	0	0	0	0	0	0	0	0
Elife	2024-04-01	10942649	297931	29107	0	21	1	3	0	0	2	4	0	0	0	11	0	0	0	0	26	0	0	6	0	0	1	1	0	0	0	0	0	0	0	1	0	0
Elife	2024-04-01	10959526	327983	32913	0	30	3	21	0	13	6	8	0	1	0	5	0	1	1	0	43	0	1	4	0	0	4	0	0	0	0	0	0	0	0	4	0	0
Elife	2024-04-01	10923560	535936	31822	0	4	5	4	0	0	8	2	0	13	18	7	0	0	0	0	47	0	0	6	0	0	0	0	0	0	0	0	0	0	0	0	0	0
Elife	2024-04-01	10917420	205619	22680	0	33	2	3	0	0	1	0	0	0	0	4	0	0	0	0	27	0	0	0	0	0	2	0	0	0	0	0	0	0	0	0	0	0
Elife	2024-04-01	10942651	383200	38509	0	30	0	9	0	0	2	2	0	0	1	1	0	0	1	0	50	0	0	2	0	0	2	0	0	0	0	0	0	0	0	0	0	0
Elife	2024-04-01	10942643	185070	16374	0	15	0	1	0	0	2	7	0	58	0	7	0	0	0	0	42	0	3	7	0	0	0	0	0	0	0	0	0	0	0	0	0	0
Elife	2024-04-01	10923558	22411	1907	0	0	0	0	0	0	1	0	0	1	0	1	0	0	1	0	0	0	0	1	0	0	0	0	0	0	0	0	0	0	0	0	0	0
Elife	2024-04-01	10948142	127273	12174	0	10	0	0	0	1	1	5	0	0	0	0	0	0	0	0	14	0	0	1	0	0	0	0	0	0	0	0	0	0	0	0	4	1
Elife	2024-04-01	10911749	37952	2908	0	2	0	0	0	0	0	0	0	0	0	1	0	0	0	0	7	0	0	0	0	0	0	0	0	0	0	0	0	0	0	0	0	0
Elife	2024-04-01	10942640	250795	23005	0	15	0	13	0	1	0	6	0	1	0	3	0	0	3	0	39	0	0	0	0	0	1	0	0	0	0	0	0	0	0	0	0	0
Elife	2024-04-01	10942644	120102	11665	0	11	4	4	0	0	0	4	0	0	1	8	0	0	0	0	80	0	0	3	0	0	0	1	0	0	0	0	0	0	0	0	0	0
Elife	2024-04-01	10942586	327152	27690	0	33	0	12	0	0	2	5	0	1	22	6	0	0	2	0	79	0	0	4	0	0	3	0	0	0	0	0	0	0	0	1	0	0
Elife	2024-04-01	10959528	228265	22763	0	12	0	1	0	0	0	10	0	1	0	14	0	0	0	0	29	0	0	0	0	0	1	0	0	0	0	0	0	0	0	0	0	0
Elife	2024-04-01	10942641	230304	24720	0	19	13	23	0	0	8	3	0	0	4	5	0	0	3	0	66	0	0	14	0	0	0	3	5	0	0	0	0	2	0	0	0	0
Elife	2024-04-01	10942278	204326	17943	0	14	2	1	0	0	4	4	0	0	18	2	0	0	0	0	39	0	0	4	0	0	0	0	1	0	0	0	0	0	0	0	0	0
Elife	2024-04-01	10942645	282223	29301	1	32	3	1	0	0	7	11	0	0	22	7	0	0	0	0	61	0	0	2	0	0	0	0	0	0	0	0	3	0	0	1	0	0
Elife	2024-04-01	10932545	195979	20341	0	13	0	1	0	1	5	13	0	0	0	3	0	0	0	0	39	0	0	3	0	0	1	0	0	0	0	0	0	0	0	0	1	0
Elife	2024-04-01	10939500	218429	20705	0	6	1	0	0	0	0	9	0	0	2	1	0	1	2	0	31	0	1	5	0	0	0	0	0	0	0	0	0	0	1	0	0	0
Elife	2024-04-01	10942788	191658	19086	0	13	0	10	0	0	8	12	0	0	1	2	0	0	0	0	44	0	0	0	0	0	0	1	0	0	0	0	0	0	0	0	0	0
Elife	2024-04-01	10928511	195626	20595	0	9	0	5	0	0	7	6	0	2	0	8	0	0	0	0	31	0	0	2	0	0	0	0	0	0	0	0	0	0	0	0	0	0
Elife	2024-04-01	10942784	387524	32989	0	20	1	2	0	0	9	5	0	0	3	16	0	0	0	0	53	0	0	10	0	0	3	0	0	0	0	0	0	0	0	0	3	0
Elife	2024-04-01	10937036	256539	25947	0	40	0	22	0	2	1	2	0	9	9	6	0	0	0	0	33	0	0	2	0	0	4	0	1	2	0	0	0	0	0	0	0	0
Elife	2024-04-01	10939501	205271	17922	0	8	0	0	0	1	1	0	0	1	0	1	0	0	0	0	21	0	0	2	0	0	3	0	1	0	0	0	0	0	0	0	0	0
Elife	2024-04-01	10942786	162807	16552	0	4	1	0	0	7	4	0	0	3	1	0	0	0	1	0	11	0	0	5	0	0	0	0	0	0	1	1	1	0	0	2	0	0
Elife	2024-04-01	11021049	264334	26162	0	6	3	3	0	0	0	1	0	1	1	4	0	0	3	0	70	0	0	1	0	0	3	0	0	0	0	0	0	0	2	0	0	0
Elife	2024-04-01	10932544	238976	22761	0	45	0	1	0	0	1	1	0	0	20	7	0	0	4	0	47	0	0	2	0	0	1	1	0	0	0	0	0	0	0	0	2	0
Elife	2024-04-01	10957169	257438	18039	0	7	2	3	0	0	2	11	0	0	19	1	0	0	0	0	21	0	1	1	0	0	2	0	0	0	0	0	1	0	0	0	0	3
Elife	2024-04-01	10932547	266527	26097	0	7	2	0	0	0	1	2	0	1	11	8	0	0	0	0	53	0	0	5	0	0	0	0	0	0	0	0	0	0	0	1	0	0
Elife	2024-04-01	10942777	22667	1952	0	0	0	0	0	0	1	1	0	0	0	0	0	0	0	0	0	0	0	1	0	0	0	0	0	0	0	0	0	0	0	0	0	0
Elife	2024-04-01	10990490	282637	27147	0	16	0	7	0	0	0	3	0	1	1	2	0	0	1	0	25	0	0	4	0	0	1	0	0	0	0	0	0	0	0	0	0	0
Elife	2024-04-01	10939499	235930	23475	2	16	0	7	1	0	0	3	0	1	0	3	0	0	0	0	15	0	2	3	0	0	0	0	0	0	0	0	0	0	0	0	0	0
Elife	2024-04-01	10928493	190489	20501	0	30	2	4	0	0	3	7	0	0	5	2	0	0	0	0	66	0	0	2	0	0	2	0	0	0	0	0	0	0	0	0	0	0
Elife	2024-04-01	10994666	306149	33347	0	12	2	11	0	0	5	1	0	1	8	10	0	2	0	0	48	0	0	0	0	0	0	0	3	2	0	0	0	0	1	1	0	0
Elife	2024-04-01	10942785	332158	27700	0	19	1	2	0	0	1	2	0	1	4	0	0	0	0	0	58	0	1	9	0	0	0	0	0	0	0	0	0	0	0	0	0	0
Elife	2024-04-01	10928510	245749	24181	0	8	9	6	0	0	1	2	0	0	0	9	1	0	0	0	11	0	0	3	0	0	1	0	0	0	0	0	0	0	0	0	0	0
Elife	2024-04-01	10942778	121151	11461	0	1	0	1	0	0	0	1	0	0	1	1	0	0	0	0	4	0	0	1	0	0	0	0	0	0	0	0	0	0	0	1	0	0
Elife	2024-04-01	10932539	65036	6070	0	1	1	1	0	0	4	2	0	1	0	0	0	0	0	0	8	0	1	2	0	0	1	0	0	0	0	0	0	0	0	0	0	0
Elife	2024-04-01	10942787	123956	13439	0	14	1	3	0	0	4	0	0	0	2	1	0	0	2	0	36	0	1	0	0	0	3	0	0	0	0	0	2	0	0	0	0	0
Elife	2024-04-01	10939498	146829	13459	1	7	4	14	0	0	2	2	0	0	3	2	0	0	0	0	46	0	0	3	0	0	0	0	0	0	0	0	0	0	0	0	0	0
Elife	2024-04-01	10942781	139885	13552	0	0	0	1	0	0	0	2	0	0	1	2	0	0	0	0	16	0	0	0	0	0	1	0	0	0	0	0	0	0	0	0	0	0
Elife	2024-04-01	10932542	218943	20927	0	12	0	0	0	0	4	3	0	4	0	6	0	0	1	1	30	0	2	4	0	0	0	0	0	0	0	0	0	0	0	0	0	0
Elife	2024-04-01	10957171	216051	22749	1	19	1	0	0	1	4	6	0	0	1	2	0	0	2	0	33	0	0	2	0	0	1	0	1	0	0	0	0	0	1	0	0	0
Elife	2024-04-01	10957172	248325	25123	0	10	0	6	0	0	0	7	0	1	8	8	0	0	0	0	49	0	0	2	0	0	1	0	0	4	0	0	0	0	1	1	0	3
Elife	2024-04-01	10959527	184363	18162	0	5	1	1	0	0	2	16	0	0	0	6	0	0	0	0	36	0	1	7	0	0	0	0	0	0	0	0	0	0	0	0	0	0
Elife	2024-04-01	10959531	301923	27493	0	6	0	0	0	2	1	0	0	1	1	2	0	0	2	0	14	0	0	4	0	0	3	0	0	0	0	0	0	2	0	0	0	0
Elife	2024-04-01	10957174	190126	18119	0	33	0	1	0	3	0	4	0	32	0	2	0	0	1	0	33	0	2	2	0	0	1	0	0	0	0	0	0	0	0	0	0	0
Elife	2024-04-01	10950331	293091	28143	0	38	4	0	0	1	0	10	0	1	0	0	0	0	1	0	71	0	1	4	0	0	0	0	0	0	0	0	0	0	0	0	0	0
Elife	2024-04-01	10957177	187249	18119	0	21	0	1	0	0	1	4	0	1	0	6	0	0	0	0	36	0	3	10	0	0	0	0	0	0	0	0	0	0	0	0	0	0
Elife	2024-04-01	10959523	262093	25156	0	4	0	4	0	0	1	2	0	1	3	4	0	1	0	0	24	0	0	11	0	0	2	0	0	0	0	0	0	0	0	0	0	0
Elife	2024-04-01	10954308	268508	27342	0	21	1	8	0	0	2	7	0	16	1	5	0	0	0	0	35	0	0	2	0	0	0	0	0	0	0	0	0	0	0	0	0	0
Elife	2024-04-01	10948146	209725	20491	0	10	0	6	0	0	0	1	0	0	3	4	0	0	0	0	30	0	0	2	0	0	0	0	0	0	0	0	0	0	0	1	0	0
Elife	2024-04-01	10959525	273351	26504	0	11	1	0	0	0	1	0	0	0	22	12	0	0	1	0	20	0	0	1	0	0	3	0	0	0	0	0	0	0	0	0	0	0
Elife	2024-04-01	10950329	325854	31131	0	30	0	0	0	1	0	4	0	0	0	3	0	0	1	0	32	0	0	3	0	0	2	1	0	0	0	0	0	0	0	0	0	0
Elife	2024-04-01	10948147	205609	20842	0	12	0	8	0	0	2	0	0	0	18	15	0	0	1	0	118	0	0	8	0	0	2	0	1	0	0	0	0	0	0	0	0	0
Elife	2024-04-01	10948151	356403	33103	2	37	6	7	0	1	11	5	0	0	4	22	0	1	2	0	95	0	0	3	0	0	2	0	1	0	0	0	1	0	0	0	0	0
Elife	2024-04-01	10948145	209169	19883	0	6	4	0	0	0	1	0	0	2	3	0	0	0	0	0	27	0	0	7	0	0	2	0	2	0	0	0	0	0	0	0	0	0
Elife	2024-04-01	10959535	297607	28261	0	40	0	15	0	0	0	3	0	1	3	3	0	0	3	0	56	0	2	3	0	0	1	0	1	0	0	0	0	0	0	0	2	0
Elife	2024-04-01	10950328	37130	3676	0	0	0	0	0	0	1	0	0	0	0	0	0	0	0	0	1	0	0	1	0	0	0	0	0	0	1	0	1	0	0	0	0	0
Elife	2024-04-01	10948141	20275	1835	0	2	0	1	0	0	2	3	0	1	0	2	0	0	0	0	10	0	0	0	0	0	0	0	0	0	0	0	0	0	0	0	0	0
Elife	2024-04-01	10948150	255078	24227	1	20	1	4	0	1	2	5	0	3	1	5	0	0	2	1	29	1	0	6	0	0	0	0	1	0	0	0	0	0	0	0	0	0
Elife	2024-04-01	10957176	245208	26187	0	6	0	0	0	0	9	6	0	1	3	1	0	0	0	0	47	0	0	8	0	0	1	0	1	0	0	0	0	0	0	1	0	0
Elife	2024-04-01	10954307	170793	17958	0	2	0	0	0	0	0	5	0	0	1	0	0	0	0	1	43	0	0	1	0	0	2	0	2	0	0	0	3	0	0	0	0	0
Elife	2024-04-01	10957173	241736	18640	0	15	2	3	0	0	2	4	0	1	8	2	0	0	0	0	42	0	1	3	0	0	0	0	0	0	0	0	0	0	0	0	0	0
Elife	2024-04-01	10948148	249287	24924	0	8	1	7	0	0	1	0	0	1	1	4	0	4	0	0	15	0	2	3	0	0	1	0	0	0	0	0	0	0	0	1	0	0
Elife	2024-04-01	10957178	379095	30667	0	35	4	7	0	0	5	6	0	1	7	30	0	0	3	0	89	0	0	12	0	0	6	0	0	0	0	0	0	0	0	1	0	0
Elife	2024-04-01	10954306	199622	19753	0	13	1	7	0	0	1	1	0	4	1	8	0	1	0	0	44	0	0	3	0	0	0	1	0	0	0	0	0	0	0	0	0	0
Elife	2024-04-01	10977971	325483	24534	0	12	0	0	0	0	1	6	0	0	14	11	0	0	1	0	36	0	1	4	0	0	0	0	1	0	0	0	0	0	1	0	0	0
Elife	2024-04-01	10972561	238765	20353	0	19	3	3	0	0	7	1	0	0	22	6	0	0	1	0	77	0	1	8	0	0	2	0	1	0	0	0	0	0	2	0	0	0
Elife	2024-04-01	10972556	20332	1712	1	0	0	0	0	0	0	0	0	0	0	1	0	0	0	0	3	0	1	1	0	0	0	0	0	0	0	0	0	0	0	0	0	0
Elife	2024-04-01	10972562	201824	20074	0	10	0	0	0	1	7	12	0	2	0	4	0	0	0	0	45	0	2	1	0	1	1	0	0	0	0	0	0	0	0	0	0	0
Elife	2024-04-01	10972566	184109	18021	0	11	0	3	0	0	0	2	0	0	0	5	0	0	0	0	24	0	0	0	0	0	2	0	0	0	0	0	0	0	0	0	1	3
Elife	2024-04-01	10972559	185118	17505	0	16	3	2	0	0	1	2	0	2	2	4	0	0	0	0	31	0	1	4	0	0	0	1	0	0	0	0	0	0	0	0	0	0
Elife	2024-04-01	10977966	179155	18419	0	13	0	2	0	0	1	5	0	1	1	8	0	0	0	0	39	0	0	6	0	0	0	0	0	0	0	0	0	0	0	0	0	0
Elife	2024-04-01	10972563	357995	35807	0	14	1	3	0	3	3	1	0	0	8	5	0	0	1	0	43	0	2	1	0	0	3	0	0	0	0	0	0	1	0	0	0	0
Elife	2024-04-01	10963028	266410	27456	0	12	0	1	0	0	0	2	0	1	1	3	0	0	0	0	14	0	0	0	0	0	1	0	1	0	0	0	0	0	0	0	0	0
Elife	2024-04-01	10977970	259247	29221	0	36	0	2	0	0	1	2	0	1	19	5	0	0	5	0	39	0	2	4	0	0	3	0	1	0	0	0	1	0	0	2	0	0
Elife	2024-04-01	10965224	223524	22481	0	16	4	2	0	0	11	4	0	1	1	5	0	0	0	0	42	0	2	2	0	0	1	0	0	0	0	0	0	0	0	0	0	0
Elife	2024-04-01	10972557	170068	16923	0	3	1	0	0	0	0	2	0	0	0	3	0	0	1	0	14	0	0	4	0	0	0	0	0	0	0	0	0	0	0	0	0	0
Elife	2024-04-01	10977968	200516	18513	0	6	2	3	0	0	2	1	0	0	4	16	0	0	3	0	131	0	0	4	0	0	8	4	1	0	0	0	6	0	0	0	0	0
Elife	2024-04-01	10972564	221764	21232	0	7	0	0	0	0	1	8	0	2	5	0	0	1	0	0	26	0	0	3	0	0	0	0	0	0	0	0	0	0	0	0	0	0
Elife	2024-04-01	11003747	336129	31476	0	33	1	8	0	1	1	4	0	2	0	3	0	0	0	0	107	0	5	4	0	0	1	0	0	0	0	0	0	0	0	0	0	0
Elife	2024-04-01	10963029	302435	30108	2	11	0	0	0	0	4	4	0	0	7	2	0	0	0	0	29	0	0	6	0	0	1	0	0	0	0	0	0	0	1	0	0	0
Elife	2024-04-01	10972565	250343	21877	0	12	1	0	0	0	5	5	0	0	1	1	0	0	2	0	55	0	0	4	0	0	0	0	0	0	0	0	0	0	0	0	1	0
Elife	2024-04-01	10965221	135157	11807	0	8	1	0	0	0	1	7	0	0	0	3	0	0	0	0	42	0	1	0	0	0	0	0	0	0	0	0	0	0	0	0	0	0
Elife	2024-04-01	10972560	177780	15816	0	12	0	0	0	0	2	6	0	0	0	7	0	0	0	0	31	0	1	1	0	0	1	0	0	0	0	0	0	0	0	0	0	0
Elife	2024-04-01	10965222	227507	14615	1	2	0	0	0	0	0	0	0	0	3	1	0	0	0	0	9	0	0	1	0	0	0	0	5	0	0	0	0	1	0	0	0	0
Elife	2024-04-01	10987089	288084	32513	0	26	8	3	0	0	8	18	0	0	13	10	1	0	7	0	128	0	0	16	0	0	0	0	1	0	0	0	0	0	1	0	0	1
Elife	2024-04-01	11006421	294942	27776	0	49	0	4	0	2	4	3	0	0	1	17	0	1	2	0	32	0	2	2	0	0	0	1	0	0	0	0	0	0	0	0	0	0
Elife	2024-04-01	10963027	143589	15196	0	5	0	1	0	0	1	11	0	0	0	0	0	0	0	0	60	0	0	0	0	0	2	0	0	0	0	0	0	0	0	2	0	0
Elife	2024-04-01	10977967	176642	17946	0	18	1	5	0	0	6	22	0	1	2	8	2	0	4	0	147	0	0	2	0	0	2	0	1	0	0	0	0	1	1	1	0	0
Elife	2024-04-01	10977969	281557	25916	0	41	10	3	0	0	4	9	0	1	4	3	1	1	2	1	24	0	1	5	0	0	2	1	0	0	0	0	0	1	0	0	0	0
