journal	date	pmc_id	Nchars	Nwords	delve	analyse	acknowledge	assess	appraise	dissect	explore	examine	extricate	expose	estimate	investigate	inquire	inspect	interpret	scrutinise	study	unearth	uncover	understand	ponder	research	reason	retrieve	avoid	discount	disregard	dismiss	ignore	neglect	overlook	omit	skip	reject
Elife	2023-01-01	9584609	241687	23705	0	14	0	0	0	0	4	0	0	0	2	2	0	0	0	0	17	0	0	3	0	0	2	0	2	0	0	0	0	0	0	3	0	0
Elife	2023-01-01	9545527	283996	27850	0	15	1	12	0	0	2	1	0	0	2	5	0	0	0	0	74	0	2	1	0	0	1	0	1	0	0	0	0	0	0	1	0	0
Elife	2023-01-01	9560160	197876	19692	0	36	0	3	0	0	0	4	0	0	0	7	0	0	2	0	34	0	0	7	0	0	1	0	0	0	0	0	0	0	0	0	0	0
Elife	2023-01-01	9531947	238032	23744	0	6	0	3	0	0	1	10	0	4	1	1	0	0	1	0	16	0	1	0	0	0	0	1	0	0	0	0	0	0	0	0	0	0
Elife	2023-01-01	9625087	278262	27155	0	17	0	4	0	0	1	8	0	0	1	3	0	0	2	0	20	0	0	10	0	0	0	0	0	0	0	0	0	1	0	0	0	0
Elife	2023-01-01	9662830	313316	33791	0	13	4	1	0	2	2	4	0	3	2	1	0	0	0	0	25	0	0	2	0	0	9	0	2	0	0	0	0	0	0	3	0	0
Elife	2023-01-01	9581533	238608	24459	0	19	5	2	0	0	3	4	0	0	1	11	0	0	1	0	36	0	0	4	0	0	4	0	1	0	0	0	0	0	0	0	0	0
Elife	2023-01-01	9545521	24255	2053	0	0	0	0	0	0	0	0	0	0	0	0	0	0	0	0	0	0	0	1	0	0	0	0	0	0	0	0	0	0	0	0	0	0
Elife	2023-01-01	9668337	330679	31507	0	28	0	4	0	0	4	12	0	0	35	10	0	0	2	0	72	0	0	4	0	0	0	1	0	1	0	0	3	0	0	0	0	0
Elife	2023-01-01	9581534	341996	31430	0	53	0	7	0	5	5	9	0	0	6	4	0	0	0	0	38	0	0	3	0	0	0	0	0	0	0	0	0	0	0	0	0	0
Elife	2023-01-01	9678358	253277	26453	0	5	1	2	0	1	11	7	0	2	0	6	0	0	1	0	61	0	0	10	0	0	3	0	0	0	0	0	0	0	0	3	0	0
Elife	2023-01-01	9581529	254318	24418	0	23	2	0	0	0	0	8	0	1	0	3	0	0	7	0	17	0	1	1	0	0	4	0	1	0	0	0	0	0	0	0	0	0
Elife	2023-01-01	9545536	325932	20276	0	58	0	0	0	0	3	1	0	0	53	10	0	0	0	0	38	0	0	6	0	0	0	0	0	0	0	0	0	0	0	0	0	0
Elife	2023-01-01	9534549	380251	31537	0	40	4	1	0	0	0	0	0	0	23	0	0	0	5	0	156	0	0	4	0	0	0	0	2	0	0	0	0	0	0	0	0	0
Elife	2023-01-01	9605691	277342	25890	0	3	0	0	0	0	1	1	0	0	3	3	0	0	0	0	48	0	2	3	0	0	1	0	1	0	0	0	0	0	0	0	0	0
Elife	2023-01-01	9576272	137086	13500	0	8	0	0	0	4	0	0	0	1	1	2	0	0	0	0	24	0	0	6	0	0	0	0	0	0	0	0	0	0	0	0	0	0
Elife	2023-01-01	9531945	319461	31759	0	15	0	0	0	3	1	4	0	0	0	5	0	0	0	0	15	0	0	3	0	0	1	1	0	0	2	0	0	0	0	0	0	0
Elife	2023-01-01	9566863	241455	24868	0	15	0	3	0	2	4	2	0	1	0	2	0	0	5	0	75	0	5	1	0	0	2	0	0	0	0	0	0	0	0	0	0	0
Elife	2023-01-01	9566859	169081	14998	0	22	0	0	0	0	2	7	0	0	0	2	0	0	0	0	9	0	0	0	0	0	1	0	0	0	0	0	0	0	0	0	0	0
Elife	2023-01-01	9629832	141503	15260	0	4	1	0	0	0	0	1	0	0	1	0	0	0	0	0	14	0	0	1	0	0	0	0	0	0	0	0	0	0	0	0	0	1
Elife	2023-01-01	9536838	230107	22137	0	9	0	5	0	0	1	7	0	0	4	2	0	0	0	0	34	0	0	3	0	0	0	0	0	0	0	0	0	0	0	0	0	0
Elife	2023-01-01	9545519	20797	1986	0	0	0	0	0	0	0	0	0	0	0	0	0	0	0	0	3	0	0	2	0	0	0	0	0	0	0	0	0	0	0	0	0	0
Elife	2023-01-01	9529249	213434	18375	0	15	0	4	0	1	5	8	0	0	11	5	0	0	0	0	9	0	0	1	0	0	0	0	0	0	0	0	1	0	0	0	0	0
Elife	2023-01-01	9578700	278096	26965	0	14	1	0	0	0	0	9	0	6	0	6	0	1	0	0	79	0	2	6	0	0	1	0	0	0	0	0	0	0	0	0	0	0
Elife	2023-01-01	9566870	198333	19585	0	16	2	0	0	4	2	2	0	1	1	4	0	0	0	0	24	0	1	3	0	0	0	0	2	0	0	0	0	0	0	0	0	0
Elife	2023-01-01	9645810	305365	31517	0	28	1	1	0	0	4	4	0	0	23	1	0	0	5	0	48	2	1	10	0	0	2	1	2	0	0	0	1	0	0	0	0	0
Elife	2023-01-01	9555859	158093	19602	0	10	2	4	0	1	1	12	0	2	7	1	0	1	0	0	42	0	1	2	0	0	0	0	0	0	0	0	0	0	2	0	0	0
Elife	2023-01-01	9596164	212239	20921	0	25	0	4	0	1	0	0	0	2	2	2	0	0	1	0	36	0	0	2	0	0	0	0	0	0	0	0	0	0	1	0	0	1
Elife	2023-01-01	9596163	324596	29430	0	24	0	8	0	4	3	0	0	0	2	5	0	0	0	0	31	0	0	2	0	0	0	0	1	0	0	0	0	0	0	0	0	0
Elife	2023-01-01	9553210	238296	21665	0	10	1	7	0	0	8	0	0	0	1	0	0	0	0	0	32	0	1	3	0	0	1	0	0	0	0	0	0	0	0	0	0	0
Elife	2023-01-01	9581527	264767	25288	0	8	0	1	0	1	0	0	0	0	3	5	0	0	0	0	20	0	0	0	0	0	0	0	0	0	0	0	0	0	0	2	0	0
Elife	2023-01-01	9584611	224103	23600	0	36	0	2	0	0	0	0	0	1	1	2	0	0	1	0	47	0	1	0	0	0	2	0	2	0	0	0	0	0	1	0	0	0
Elife	2023-01-01	9553209	221143	22647	0	62	0	7	0	0	0	2	0	0	41	24	0	0	1	0	83	0	1	3	0	0	0	0	0	0	0	0	0	0	0	0	0	0
Elife	2023-01-01	9629839	275675	24553	0	12	0	0	0	1	0	0	0	0	2	3	0	2	2	0	11	0	2	1	0	0	0	0	0	0	0	0	0	0	0	0	0	0
Elife	2023-01-01	9555864	216353	20434	0	49	0	4	0	0	1	2	0	1	1	13	0	0	0	0	20	0	0	1	0	0	0	2	0	0	0	0	0	0	0	0	0	0
Elife	2023-01-01	9633061	214679	24192	0	16	2	4	0	0	1	6	0	2	17	3	0	0	1	0	47	0	0	1	0	0	3	0	0	0	0	0	0	0	0	0	0	0
Elife	2023-01-01	9662819	243116	25427	0	7	1	3	0	2	4	5	0	1	1	6	0	0	0	0	16	0	0	5	0	0	1	0	0	0	0	0	1	0	0	0	1	0
Elife	2023-01-01	9581530	290382	27608	0	28	5	3	0	4	2	20	0	2	0	3	0	0	2	0	39	0	0	2	0	0	1	0	0	0	0	0	3	0	0	0	0	0
Elife	2023-01-01	9560148	19056	1907	0	1	0	0	0	0	0	0	0	0	0	1	0	0	0	0	2	0	0	0	0	0	0	0	0	0	0	0	0	0	0	0	0	0
Elife	2023-01-01	9596161	215718	22161	0	7	0	5	0	0	2	5	0	0	28	0	0	0	3	0	53	0	0	3	0	0	2	0	1	1	0	0	0	0	0	1	1	0
Elife	2023-01-01	9562144	416569	40074	0	52	3	5	0	15	5	5	0	2	3	1	0	5	0	0	15	0	0	6	0	0	1	0	2	0	0	0	0	0	0	0	0	0
Elife	2023-01-01	9651953	271352	25677	0	39	0	1	0	0	1	2	0	0	2	3	0	0	0	0	12	0	0	2	0	0	0	0	0	0	0	0	0	0	0	0	0	0
Elife	2023-01-01	9629834	393673	35037	0	18	0	3	0	2	1	11	0	0	4	11	0	1	0	0	51	0	1	6	0	0	1	1	0	0	0	0	0	0	0	0	0	0
Elife	2023-01-01	9584605	318491	29040	0	17	0	1	0	0	1	2	0	2	30	0	0	0	4	0	18	0	0	2	0	0	2	0	1	0	0	0	0	0	0	0	1	0
Elife	2023-01-01	9550224	344802	34772	0	12	2	3	0	1	10	5	0	1	6	6	0	0	2	0	28	0	0	1	0	0	3	0	0	0	0	0	0	0	0	0	0	0
Elife	2023-01-01	9578706	231584	21191	0	12	0	3	0	5	3	2	0	0	2	2	0	1	0	0	25	0	1	1	0	0	4	0	0	0	0	0	0	0	0	0	0	0
Elife	2023-01-01	9648975	276283	29991	0	4	0	2	0	0	6	0	0	0	0	3	0	0	2	0	11	0	0	5	0	0	2	0	0	0	1	0	4	0	0	0	0	0
Elife	2023-01-01	9612916	235355	22669	0	7	2	1	0	0	3	0	0	1	5	17	0	1	1	0	8	0	0	1	0	0	1	0	0	0	0	0	0	0	0	1	0	0
Elife	2023-01-01	9581535	256477	26116	0	8	3	8	0	0	5	1	0	2	0	2	0	0	0	0	23	0	2	2	0	0	2	0	0	0	0	0	0	0	0	0	0	0
Elife	2023-01-01	9550222	17914	432	0	0	0	0	0	0	0	0	0	0	0	0	0	0	0	0	0	0	0	0	0	0	0	0	0	0	0	0	0	0	0	0	0	0
Elife	2023-01-01	9645811	228623	22795	0	19	0	0	0	0	5	11	0	0	0	8	0	0	0	0	46	0	0	3	0	0	0	0	0	0	0	0	0	0	0	0	0	0
Elife	2023-01-01	9640192	245426	19938	0	14	3	1	0	0	1	1	0	0	15	6	0	0	0	0	19	0	0	0	0	0	3	0	0	0	0	0	0	0	0	0	0	0
Elife	2023-01-01	9584606	192717	17875	0	12	0	2	0	0	0	7	0	0	0	2	0	0	0	0	12	0	0	3	0	0	0	0	0	0	0	0	0	0	0	0	0	0
Elife	2023-01-01	9584601	6334	517	0	0	0	0	0	0	0	0	0	0	0	0	0	0	0	0	0	0	0	0	0	0	0	0	0	0	0	0	0	0	0	0	0	0
Elife	2023-01-01	9578711	185549	18376	0	12	1	6	0	0	6	4	0	0	7	1	0	0	1	0	24	0	1	2	0	0	0	0	0	0	0	0	0	0	0	0	0	0
Elife	2023-01-01	9678364	295590	21921	0	1	1	0	0	1	10	5	0	0	3	1	0	0	0	0	8	0	0	0	0	0	2	0	0	0	0	0	2	0	0	0	0	0
Elife	2023-01-01	9642993	271872	28718	0	12	0	12	0	0	3	1	0	6	0	4	0	0	0	0	51	0	0	3	0	1	2	0	0	0	0	0	0	0	2	0	0	0
Elife	2023-01-01	9578701	149743	12568	0	7	0	0	0	0	2	2	0	0	0	10	0	0	0	0	43	0	0	4	0	0	0	0	0	0	0	0	0	0	0	0	0	0
Elife	2023-01-01	9581526	23909	2242	0	0	0	0	0	0	0	0	0	0	0	0	0	0	0	0	0	0	0	0	0	0	0	0	0	0	0	0	0	0	0	0	0	0
Elife	2023-01-01	9584610	212430	21300	0	12	1	1	0	3	4	22	0	1	1	1	0	0	0	0	106	0	2	5	0	0	4	0	0	0	0	0	0	0	0	0	0	0
Elife	2023-01-01	9635879	335168	35944	0	16	4	1	0	5	0	1	0	9	2	0	0	0	0	0	66	0	0	3	0	0	0	0	0	0	0	0	0	0	0	0	0	15
Elife	2023-01-01	9629831	237336	23413	0	19	0	1	0	1	3	5	0	1	0	7	0	3	0	0	9	0	2	2	0	0	3	0	0	0	0	0	0	0	0	0	0	1
Elife	2023-01-01	9635874	219325	23892	0	13	1	3	0	1	1	2	0	0	0	1	0	1	0	0	64	0	0	1	0	0	1	0	0	0	0	0	0	0	0	0	0	0
Elife	2023-01-01	9576267	5800	422	0	1	0	0	0	0	0	0	0	0	0	0	0	0	0	0	0	0	0	0	0	0	0	0	0	0	0	0	0	0	0	0	0	0
Elife	2023-01-01	9651946	332059	28548	0	4	2	0	0	3	0	2	0	0	5	5	0	0	0	0	22	0	5	10	0	0	1	0	2	0	0	0	0	0	0	2	0	0
Elife	2023-01-01	9747151	274585	30492	0	39	0	12	0	0	2	3	0	9	1	1	0	0	0	0	57	0	0	1	0	0	0	0	1	0	0	0	0	0	0	1	0	0
Elife	2023-01-01	9643008	233238	21186	0	8	0	0	0	0	0	0	0	2	4	0	0	1	0	0	15	0	0	1	0	0	0	0	0	0	0	0	0	0	0	0	0	0
Elife	2023-01-01	9681205	230826	22250	0	3	0	5	0	0	0	2	0	4	3	3	0	0	0	0	17	0	1	2	0	0	0	0	0	0	0	0	0	0	0	2	0	0
Elife	2023-01-01	9625086	196538	20919	0	20	3	2	0	0	1	5	0	0	0	5	0	0	0	0	23	0	0	3	0	0	0	0	0	0	1	0	0	0	0	0	13	0
Elife	2023-01-01	9629833	255209	26967	0	45	4	6	0	1	2	2	0	0	0	14	0	0	2	0	51	0	1	1	0	0	0	0	0	0	0	0	0	0	0	0	0	0
Elife	2023-01-01	9733945	321712	34824	0	15	6	7	0	2	0	0	0	18	5	21	0	0	0	0	40	0	4	4	0	0	5	0	0	0	0	0	0	0	0	0	0	0
Elife	2023-01-01	9718522	156336	15572	0	13	1	1	0	0	1	0	0	10	17	5	0	0	1	0	75	0	0	1	0	0	1	2	0	0	0	0	2	0	0	0	0	0
Elife	2023-01-01	9592081	189928	19565	0	10	3	5	0	0	3	14	0	0	9	1	0	0	6	0	42	0	0	2	0	0	2	0	0	0	0	0	0	0	0	0	0	0
Elife	2023-01-01	9642998	293220	27733	0	7	1	6	0	7	1	16	0	0	3	2	2	0	0	0	49	0	5	3	0	0	1	0	0	0	0	0	0	0	0	0	0	0
Elife	2023-01-01	9640188	259722	29880	0	21	0	0	0	0	10	4	0	7	4	5	0	0	0	0	45	0	0	1	0	0	0	2	0	0	0	0	1	0	0	1	0	0
Elife	2023-01-01	9596157	180753	18410	0	5	0	0	0	14	1	3	0	0	2	3	0	1	0	0	15	0	0	0	0	0	0	0	0	0	0	0	0	1	0	1	0	0
Elife	2023-01-01	9596158	305685	30606	0	6	0	0	0	0	14	0	0	0	4	12	0	0	0	0	87	0	0	4	0	0	0	0	1	0	0	0	4	0	0	0	0	0
Elife	2023-01-01	9605692	262274	26729	0	40	2	1	0	0	1	4	0	2	2	10	0	0	0	0	35	0	1	3	0	0	2	2	3	0	0	0	0	0	0	0	0	0
Elife	2023-01-01	9668338	384588	38289	0	60	5	5	0	0	6	5	0	1	46	5	0	2	1	0	164	0	0	8	0	0	0	1	0	0	0	0	1	0	2	0	0	0
Elife	2023-01-01	9643001	336463	40846	0	17	0	2	0	0	2	13	0	4	0	2	0	0	8	0	41	0	0	11	0	0	7	0	0	0	0	0	4	0	1	1	0	0
Elife	2023-01-01	9678368	417053	40448	0	7	0	2	0	4	7	0	0	0	0	13	0	0	3	0	34	0	0	2	0	0	1	0	0	0	0	0	0	0	0	1	0	1
Elife	2023-01-01	9678362	222220	21974	0	13	0	0	0	2	3	0	0	0	1	4	0	0	0	0	35	0	1	1	0	0	1	0	0	0	0	0	0	0	0	0	0	0
Elife	2023-01-01	9596154	256322	26584	0	24	0	4	0	0	0	8	0	1	16	2	0	0	0	0	41	0	0	5	0	0	2	0	0	1	0	0	0	0	3	0	0	0
Elife	2023-01-01	9643005	218450	19058	0	17	0	1	0	0	0	4	0	0	0	4	0	0	1	0	24	0	0	2	0	0	0	0	0	0	0	0	0	0	0	0	0	0
Elife	2023-01-01	9754640	410972	46012	0	38	0	13	0	0	1	33	0	7	4	25	0	0	2	0	71	1	5	5	0	0	13	0	3	0	0	0	8	0	1	0	0	0
Elife	2023-01-01	9671501	293410	30172	2	12	0	1	0	0	6	4	0	3	17	6	0	0	0	0	36	0	0	5	0	0	3	0	2	1	0	0	2	0	1	1	0	0
Elife	2023-01-01	9625083	270836	20486	0	35	0	0	0	0	2	7	0	1	66	1	0	0	0	0	18	0	0	1	0	0	4	0	0	0	0	0	0	0	0	0	0	0
Elife	2023-01-01	9683782	83101	8624	0	3	0	0	0	0	0	5	0	0	5	0	0	1	0	0	10	0	0	6	0	0	0	0	0	0	0	0	0	0	0	0	0	1
Elife	2023-01-01	9642991	147351	15984	0	9	0	1	0	0	0	6	0	0	16	5	0	0	0	0	21	0	0	0	0	0	1	0	1	0	0	0	2	0	0	1	0	0
Elife	2023-01-01	9596153	22419	2042	0	0	0	0	0	1	0	1	0	0	0	1	0	0	0	0	1	0	0	0	0	0	0	0	0	0	0	0	0	0	0	0	0	0
Elife	2023-01-01	9674343	218832	18807	0	21	0	0	0	0	4	3	0	0	2	6	0	0	0	0	55	0	3	2	0	0	1	0	0	0	0	0	0	0	0	0	0	0
Elife	2023-01-01	9767458	272483	25553	0	18	1	4	0	3	2	5	0	0	1	5	0	0	0	0	16	0	0	2	0	0	2	1	0	0	0	0	0	0	0	0	0	0
Elife	2023-01-01	9648966	250706	27405	0	20	2	7	0	0	4	0	0	5	0	7	0	0	0	0	48	0	0	0	0	0	0	0	1	0	0	0	0	0	0	0	0	0
Elife	2023-01-01	9714966	156785	15916	0	2	0	0	0	0	0	0	0	0	4	0	0	0	0	0	2	0	0	1	0	0	0	0	3	0	0	0	0	0	0	0	0	0
Elife	2023-01-01	9665850	260233	28781	0	11	0	8	0	0	2	25	0	0	0	2	0	0	0	0	49	0	0	2	0	0	0	0	0	0	0	0	0	0	0	0	0	0
Elife	2023-01-01	9714970	349287	32101	0	7	0	1	0	3	2	22	0	3	3	4	0	1	0	0	46	0	1	0	0	0	1	0	0	0	0	0	0	0	0	0	0	0
Elife	2023-01-01	9596155	166926	15950	0	3	0	0	0	0	2	10	0	0	0	3	0	0	0	0	34	0	0	4	0	0	0	0	1	0	0	0	0	0	0	0	0	0
Elife	2023-01-01	9640190	235545	25392	0	26	0	5	0	1	1	3	0	0	0	11	0	0	2	0	52	0	0	2	0	0	3	0	0	0	0	0	0	0	0	0	0	0
Elife	2023-01-01	9651947	262318	26344	0	7	1	1	0	0	11	13	0	0	13	1	0	0	0	0	16	0	1	4	0	0	1	0	0	0	0	0	0	0	0	0	0	0
Elife	2023-01-01	9674349	243186	23573	0	9	0	2	0	1	4	7	0	0	3	2	0	0	0	0	32	0	1	8	0	0	0	0	0	0	0	0	0	0	2	0	0	1
Elife	2023-01-01	9671503	201163	19764	0	2	1	1	0	0	1	1	0	7	2	0	0	0	0	0	11	0	0	1	0	0	0	0	0	0	0	0	0	0	0	0	0	0
Elife	2023-01-01	9665843	136026	13298	0	16	0	2	0	0	0	14	0	0	1	0	0	0	0	0	8	0	0	2	0	0	1	0	0	0	1	0	0	0	0	0	0	0
Elife	2023-01-01	9691005	297154	24427	0	2	1	5	0	0	1	4	0	0	1	17	0	0	0	0	148	0	0	4	0	0	4	0	0	0	0	0	0	0	0	0	0	0
Elife	2023-01-01	9643007	201229	17387	0	1	0	6	0	0	5	2	0	0	9	4	0	0	0	0	16	0	0	2	0	0	0	1	0	0	0	0	3	0	0	0	0	0
Elife	2023-01-01	9642999	285900	31670	0	60	2	7	0	0	7	10	0	3	0	14	0	0	7	0	78	0	0	3	0	0	3	0	1	0	0	0	0	0	0	0	0	1
Elife	2023-01-01	9635876	537655	47243	0	28	3	13	0	0	1	4	0	0	31	8	0	0	14	0	81	0	1	8	0	0	10	0	2	0	0	0	3	1	0	0	0	0
Elife	2023-01-01	9708081	265708	26433	0	16	0	2	0	0	0	18	0	0	44	4	0	0	0	0	15	0	0	6	0	0	2	0	1	0	0	0	0	0	0	1	0	0
Elife	2023-01-01	9633062	26995	2392	0	1	0	0	0	0	0	0	0	0	0	1	0	0	0	0	3	0	0	3	0	0	0	0	0	0	0	0	0	0	0	0	0	0
Elife	2023-01-01	9681208	241857	22573	0	11	0	4	0	0	4	7	0	0	0	8	0	0	0	0	62	0	0	2	0	0	0	0	0	0	0	0	0	0	0	0	0	0
Elife	2023-01-01	9674345	216537	21100	0	27	0	1	0	1	0	0	0	2	0	0	0	0	1	0	28	0	0	3	0	0	1	0	0	0	0	0	0	0	0	0	4	0
Elife	2023-01-01	9674348	305546	29389	0	14	0	2	0	6	8	2	0	0	5	0	0	0	0	0	45	0	0	2	0	0	1	0	0	0	0	0	0	0	0	0	0	0
Elife	2023-01-01	9629825	28050	2374	0	0	0	0	0	0	0	0	0	0	0	0	0	0	0	0	2	0	0	0	0	0	0	0	0	0	0	0	0	0	0	0	0	0
Elife	2023-01-01	9803358	224188	20902	0	39	0	1	0	0	2	0	0	1	2	6	0	0	1	0	24	0	3	5	0	0	2	0	1	0	0	0	0	0	1	0	0	0
Elife	2023-01-01	9643003	429676	35226	0	35	0	1	0	0	4	0	0	0	96	6	0	0	6	0	20	0	0	3	0	0	0	0	1	0	0	0	3	1	0	2	0	0
Elife	2023-01-01	9643004	256261	24977	0	4	4	8	0	0	2	1	0	0	9	1	0	1	0	0	64	0	0	1	0	0	3	0	0	0	0	0	0	0	0	1	0	0
Elife	2023-01-01	9640191	364901	35505	1	2	0	1	0	0	4	2	0	0	1	7	0	1	0	1	11	0	0	3	0	0	2	0	0	0	0	0	0	1	0	2	0	0
Elife	2023-01-01	9643000	23883	2181	0	1	0	0	0	0	0	0	0	0	1	0	0	0	0	0	9	0	0	1	0	0	0	0	0	0	0	0	0	0	0	0	0	0
Elife	2023-01-01	9635877	206509	20050	0	8	0	0	0	0	0	4	0	0	0	1	0	0	1	0	21	0	0	0	0	0	1	0	0	0	0	0	2	0	0	0	0	0
Elife	2023-01-01	9671502	371586	46617	0	38	11	1	0	0	1	1	0	0	8	2	0	2	7	0	152	0	0	2	0	0	3	0	2	0	0	4	0	0	0	0	0	1
Elife	2023-01-01	9681212	250714	26704	0	17	0	3	0	2	3	4	0	0	22	4	0	0	0	0	23	0	1	1	0	0	0	0	0	0	0	0	0	0	0	0	0	0
Elife	2023-01-01	9708074	223071	21492	0	17	0	10	0	6	2	0	0	0	4	1	0	0	0	0	28	0	1	7	0	0	1	0	0	0	0	0	0	0	0	0	0	0
Elife	2023-01-01	9747152	220302	23367	0	13	0	6	0	1	1	0	0	0	0	12	0	0	0	0	49	0	0	4	0	0	0	2	0	0	0	0	0	0	0	0	0	1
Elife	2023-01-01	9642997	271008	26208	0	3	0	2	0	0	8	14	0	0	52	11	0	0	2	0	42	0	0	2	0	0	4	0	1	0	0	0	0	0	1	1	0	1
Elife	2023-01-01	9678359	301684	34548	0	61	1	3	0	0	13	12	0	0	20	4	0	1	0	0	76	0	0	4	0	0	1	0	0	2	0	0	0	0	0	4	0	4
Elife	2023-01-01	9662816	316052	27676	0	12	1	9	0	0	0	18	0	1	13	4	0	0	5	0	61	0	0	2	0	0	0	0	2	0	0	0	0	0	0	0	0	0
Elife	2023-01-01	9704803	98464	9632	0	9	0	0	0	0	17	2	0	0	1	0	0	0	0	0	3	0	0	0	0	0	0	0	1	0	0	0	0	0	0	0	0	0
Elife	2023-01-01	9665847	274853	30741	0	13	5	1	0	0	4	4	0	0	0	9	0	0	3	0	37	0	0	1	0	0	0	0	0	0	0	0	0	0	0	0	0	0
Elife	2023-01-01	9711524	179553	19687	0	13	0	0	0	1	3	0	0	1	0	1	0	0	0	0	23	0	0	0	0	0	3	0	0	0	0	0	0	0	0	0	0	0
Elife	2023-01-01	9645806	238339	22393	0	16	0	2	0	1	3	17	0	2	1	9	0	0	0	0	109	0	3	0	0	0	0	0	0	0	0	0	0	0	0	0	0	0
Elife	2023-01-01	9822260	499378	26725	0	12	0	0	0	0	6	0	0	0	9	3	0	1	1	0	14	0	0	0	0	0	0	0	2	0	0	0	2	1	0	0	0	0
Elife	2023-01-01	9665848	235284	22050	0	10	0	0	0	0	0	4	0	0	1	3	0	0	0	0	20	0	0	1	0	0	1	0	0	0	0	0	0	0	0	0	0	0
Elife	2023-01-01	9651949	238682	27760	0	3	0	2	0	0	0	1	0	4	1	2	0	0	0	0	5	0	0	3	0	0	3	0	2	0	0	0	0	0	0	0	0	0
Elife	2023-01-01	9708086	328387	31631	0	15	1	1	0	0	2	2	0	2	2	2	0	0	0	0	16	0	0	6	0	0	3	0	0	0	0	0	0	0	0	3	0	0
Elife	2023-01-01	9844987	338835	29221	0	11	1	1	0	0	0	0	0	0	4	4	0	0	1	0	14	0	1	2	0	0	1	3	0	0	0	0	0	0	0	0	0	0
Elife	2023-01-01	9662831	293879	29764	0	8	2	1	0	2	13	10	0	0	9	1	0	0	2	0	23	0	6	5	0	0	2	0	0	0	0	0	1	0	0	0	0	0
Elife	2023-01-01	9662827	344034	43189	0	7	8	0	0	0	2	17	0	0	1	7	0	0	2	0	64	0	0	20	0	0	0	0	0	0	0	0	0	0	0	2	0	0
Elife	2023-01-01	9708072	197479	18940	0	22	0	2	0	0	7	13	0	0	6	1	0	2	0	0	213	0	0	0	0	0	6	1	2	0	0	0	0	0	2	0	0	0
Elife	2023-01-01	9683793	192684	19016	0	11	2	3	0	3	3	0	0	8	0	0	0	0	1	0	26	0	0	2	0	0	0	0	1	0	0	0	0	0	0	1	0	0
Elife	2023-01-01	9683791	144329	14453	0	2	0	2	0	0	0	4	0	0	3	2	0	0	1	0	14	0	2	5	0	0	1	0	0	0	0	0	0	0	0	0	0	0
Elife	2023-01-01	9681210	179248	19157	0	15	0	1	0	0	2	1	0	0	0	4	0	0	0	0	14	0	1	0	0	0	2	0	0	0	0	0	0	0	0	2	0	0
Elife	2023-01-01	9665852	230437	20484	0	4	0	0	0	1	0	16	0	1	0	0	0	0	0	0	18	0	1	1	0	0	1	0	0	0	0	0	0	0	0	0	0	0
Elife	2023-01-01	9645807	14785	1798	0	0	0	0	0	0	2	0	0	0	0	0	0	0	0	0	3	0	0	1	0	0	0	0	0	0	0	0	1	0	0	0	0	0
Elife	2023-01-01	9767467	217435	23110	0	31	1	0	0	0	20	0	0	0	11	0	0	0	1	0	31	0	0	0	0	0	0	0	0	0	0	0	0	0	0	0	0	0
Elife	2023-01-01	9678356	218845	24587	0	38	0	3	0	0	1	2	0	5	29	8	0	0	2	0	46	0	2	5	0	0	2	0	0	0	0	0	0	0	0	1	0	0
Elife	2023-01-01	9665846	203025	20069	0	26	0	0	0	0	5	3	0	0	17	0	0	0	3	0	48	0	1	0	0	0	9	2	1	0	0	0	3	0	1	0	0	1
Elife	2023-01-01	9665844	298983	28604	0	17	3	0	0	0	27	1	0	0	18	10	0	0	3	0	80	0	0	9	0	0	1	0	0	0	0	0	1	0	0	0	0	0
Elife	2023-01-01	9683788	223491	19315	0	15	1	0	0	0	7	4	0	2	4	12	0	0	0	0	43	0	1	5	0	0	0	0	0	0	0	0	0	0	0	0	0	0
Elife	2023-01-01	9651944	33936	2497	0	3	0	0	0	0	0	0	0	0	0	0	0	0	0	0	1	0	0	1	0	0	0	0	0	0	0	0	1	0	0	0	0	0
Elife	2023-01-01	9699695	197558	18851	0	3	0	0	0	0	0	0	0	3	1	0	0	0	0	0	17	0	0	2	0	0	1	0	0	0	1	0	0	0	0	0	0	0
Elife	2023-01-01	9671496	223308	22530	0	13	1	3	0	1	0	0	0	3	0	10	0	0	2	0	22	0	1	6	0	0	0	0	0	0	0	0	0	0	0	0	0	0
Elife	2023-01-01	9674340	190566	18949	0	11	1	1	0	4	2	10	0	2	3	6	0	0	0	0	36	0	0	0	0	0	0	0	1	0	0	0	0	0	0	0	0	0
Elife	2023-01-01	9671495	257642	29512	0	78	2	2	0	0	0	2	0	0	10	12	0	2	1	0	47	0	0	2	0	0	11	7	0	0	0	0	0	0	0	0	0	1
Elife	2023-01-01	9681199	228898	23107	0	24	8	8	0	0	3	0	0	3	3	2	0	0	0	0	96	0	0	7	0	0	1	0	0	0	0	0	0	0	0	4	0	0
Elife	2023-01-01	9718526	276297	25119	0	14	0	1	0	2	0	18	0	0	0	1	0	0	3	0	7	0	1	1	0	0	0	0	0	0	0	0	0	0	0	0	0	0
Elife	2023-01-01	9668334	300640	27877	0	99	5	1	0	2	1	5	0	0	3	2	0	0	0	0	49	0	0	4	0	0	0	2	0	0	0	0	0	0	0	0	0	0
Elife	2023-01-01	9681201	209237	18764	0	10	0	11	0	0	0	2	0	0	2	0	0	0	0	0	63	0	0	0	0	0	1	0	0	0	0	0	0	0	0	0	0	0
Elife	2023-01-01	9711528	307574	32221	0	19	2	1	0	0	0	3	0	5	0	12	0	0	0	0	78	0	1	2	0	0	0	0	0	0	0	0	0	0	0	3	0	0
Elife	2023-01-01	9671500	262049	27827	0	13	2	0	0	0	2	7	0	1	5	2	0	0	0	0	52	0	2	7	0	0	6	0	2	0	0	0	2	0	0	0	0	0
Elife	2023-01-01	9708071	245676	23096	0	11	1	11	0	0	0	2	0	1	3	10	0	0	0	0	12	0	2	8	0	0	0	1	0	0	0	0	0	0	0	0	0	0
Elife	2023-01-01	9859037	297817	29887	1	31	2	6	0	1	15	2	0	0	9	15	0	0	2	0	48	0	0	6	0	0	0	0	0	0	0	0	0	0	0	0	0	0
Elife	2023-01-01	9681209	328691	32367	0	23	3	6	0	0	2	0	0	0	6	4	0	0	0	0	33	0	0	5	0	1	6	0	0	0	1	0	0	0	0	0	0	0
Elife	2023-01-01	9721615	342789	37719	0	88	3	3	0	0	4	22	0	0	9	19	0	1	3	0	169	0	0	18	0	0	2	0	2	0	0	0	0	0	0	0	0	0
Elife	2023-01-01	9803359	366531	37213	0	27	0	5	0	0	2	5	0	1	1	3	0	0	1	0	51	0	2	2	0	0	2	0	0	0	0	0	0	0	2	0	18	0
Elife	2023-01-01	9731570	219473	20993	0	8	0	0	0	0	0	4	0	0	1	3	0	0	0	0	18	0	0	7	0	0	0	0	0	0	0	0	0	1	0	0	0	0
Elife	2023-01-01	9674344	210606	23091	0	19	0	0	0	0	0	1	0	0	6	11	0	0	0	0	44	0	0	0	0	0	0	0	0	0	0	0	0	0	0	0	0	0
Elife	2023-01-01	9668335	219211	20883	0	20	0	5	0	0	7	0	0	0	0	3	0	0	0	0	66	0	3	1	0	0	2	0	0	0	0	0	0	0	0	0	0	0
Elife	2023-01-01	9711519	152338	15071	0	14	0	3	0	0	1	1	0	2	0	11	0	0	0	0	22	0	0	4	0	0	0	0	0	0	0	0	0	0	0	0	0	0
Elife	2023-01-01	9674341	296528	29181	0	13	0	3	0	1	8	12	0	0	0	7	0	0	0	0	37	0	2	1	0	0	0	0	0	0	0	0	0	0	0	0	0	0
Elife	2023-01-01	9711523	154586	14973	0	2	0	0	0	0	0	0	0	2	3	0	0	0	0	0	20	0	1	1	0	0	1	0	0	0	0	0	0	0	0	0	0	0
Elife	2023-01-01	9704804	271026	26962	0	15	3	0	0	0	0	4	0	1	17	0	0	7	5	0	27	0	0	2	0	0	3	0	0	0	0	0	0	0	0	0	0	0
Elife	2023-01-01	9815822	494928	55184	0	30	6	8	0	0	7	15	0	0	3	1	0	0	0	0	98	0	2	6	0	0	3	0	1	0	0	0	0	2	0	5	0	0
Elife	2023-01-01	9725749	284916	22664	0	2	0	17	0	0	7	0	0	0	7	3	0	0	4	0	63	0	1	1	0	0	3	0	1	0	0	0	3	0	0	0	0	0
Elife	2023-01-01	9678355	25597	2192	0	0	0	0	0	0	0	0	0	0	0	0	0	0	0	0	4	0	0	0	0	0	0	0	0	0	0	0	0	0	0	0	0	0
Elife	2023-01-01	9718523	277597	27967	0	12	1	0	0	1	0	0	0	2	1	4	0	0	2	0	26	0	4	0	0	0	0	0	0	0	0	0	1	0	0	0	3	0
Elife	2023-01-01	9674339	214421	19792	0	32	0	0	0	0	2	10	0	0	4	2	0	0	0	0	14	0	0	2	0	0	0	0	0	0	0	0	0	1	0	0	0	0
Elife	2023-01-01	9836392	259097	23759	0	8	0	10	0	1	1	0	0	0	0	0	0	0	0	0	51	0	0	9	0	0	4	0	0	0	0	0	0	0	0	0	0	0
Elife	2023-01-01	9714968	266108	26735	0	19	3	19	0	0	2	1	0	1	2	6	0	0	0	0	67	0	0	6	0	0	0	0	2	0	0	0	0	1	0	0	0	0
Elife	2023-01-01	9817179	244116	21093	0	8	0	1	0	0	0	5	0	1	0	5	0	0	2	0	31	0	2	2	0	0	0	0	0	0	0	0	0	0	0	0	0	0
Elife	2023-01-01	9708070	261866	23315	0	21	1	1	0	0	3	5	0	0	29	28	0	0	5	0	39	0	0	2	0	0	0	0	0	0	0	0	1	0	0	0	0	0
Elife	2023-01-01	9711522	390240	36346	0	6	0	0	0	0	0	1	0	0	24	0	0	0	2	0	12	1	0	2	0	0	2	0	0	0	0	0	0	0	0	0	0	0
Elife	2023-01-01	9731574	251302	29403	0	39	1	1	0	0	0	1	0	0	12	7	0	1	10	0	35	0	0	2	0	0	1	3	0	0	0	0	0	0	0	0	0	4
Elife	2023-01-01	9754632	203816	19427	0	3	4	1	0	0	7	0	0	0	3	2	0	0	1	0	12	0	0	2	0	0	1	0	0	0	0	0	0	0	0	0	0	0
Elife	2023-01-01	9690984	15106	1374	0	0	0	0	0	0	0	0	0	0	0	0	0	0	0	0	4	0	0	2	0	0	0	0	0	0	0	0	0	0	0	0	0	0
Elife	2023-01-01	9708085	228913	21422	0	16	0	0	0	0	3	11	0	0	2	1	0	0	5	0	14	0	0	0	0	0	0	0	0	0	1	0	2	0	0	1	0	0
Elife	2023-01-01	9691009	357477	26575	0	1	0	1	0	0	0	6	0	2	0	4	0	0	0	0	35	0	0	6	0	0	0	0	2	0	0	0	0	0	0	1	0	0
Elife	2023-01-01	9750174	213486	19574	0	4	2	11	0	0	0	0	0	1	1	5	0	0	0	0	54	0	0	3	0	0	2	6	0	0	0	0	0	0	1	0	0	0
Elife	2023-01-01	9711518	171465	19019	0	17	0	3	0	0	2	2	0	0	3	1	0	0	2	0	25	0	0	1	0	0	2	0	1	0	0	0	0	0	0	0	0	0
Elife	2023-01-01	9708084	211451	21046	0	39	0	0	0	0	0	8	0	0	7	0	0	0	0	0	7	0	0	1	0	0	0	0	0	0	0	0	0	0	0	0	0	0
Elife	2023-01-01	9714964	15195	2012	0	0	1	0	0	0	1	0	0	0	0	0	0	0	0	0	1	0	0	0	0	0	0	0	0	0	0	0	0	0	0	0	0	0
Elife	2023-01-01	9691020	238504	24912	0	5	0	0	0	0	1	45	0	0	4	3	0	0	1	0	51	0	0	3	0	0	3	0	0	0	0	0	0	0	0	0	0	0
Elife	2023-01-01	9754634	272755	28333	0	31	1	2	0	0	0	0	0	0	6	1	0	2	1	0	53	0	0	6	0	0	0	0	0	0	0	0	0	0	0	1	0	0
Elife	2023-01-01	9714967	173283	17279	0	24	0	7	0	0	0	0	0	5	0	3	0	0	0	0	16	0	0	2	0	0	1	0	0	0	0	0	0	0	0	0	0	1
Elife	2023-01-01	9714965	189371	17913	0	6	0	11	0	0	0	3	0	3	4	7	0	0	0	0	14	0	0	0	0	0	1	0	0	0	0	0	0	0	0	0	0	0
Elife	2023-01-01	9754631	345076	31289	0	17	0	2	0	1	3	7	0	2	0	2	0	0	0	0	21	0	1	4	0	0	1	0	0	0	0	0	0	0	0	0	0	0
Elife	2023-01-01	9708082	267936	31241	1	46	0	8	0	0	3	0	0	0	8	2	0	0	1	0	49	0	0	2	0	0	2	0	0	0	0	0	2	0	0	1	0	0
Elife	2023-01-01	9725753	267600	27092	1	18	0	5	0	0	1	0	0	1	0	1	0	0	0	0	27	0	0	1	0	0	1	0	0	0	0	0	0	0	0	0	0	0
Elife	2023-01-01	9797189	142669	14031	0	2	0	4	0	0	3	5	0	1	8	1	0	0	0	0	1	0	0	6	0	0	0	0	0	0	0	0	0	0	0	1	0	0
Elife	2023-01-01	9721619	169390	19073	0	11	0	0	0	0	0	3	0	5	5	2	0	0	0	0	6	0	0	0	0	0	2	0	0	0	0	0	2	0	0	1	0	0
Elife	2023-01-01	9683786	236562	17461	0	6	1	0	0	0	6	0	0	2	4	0	0	0	0	0	9	0	0	1	0	0	0	0	0	0	0	0	0	0	0	0	0	0
Elife	2023-01-01	9711526	231820	21354	0	12	0	6	0	0	3	0	0	0	0	9	0	1	2	0	80	0	5	3	0	0	2	0	0	0	0	0	0	1	3	0	0	0
Elife	2023-01-01	9833826	358850	31092	0	30	0	6	0	2	2	0	0	0	7	7	0	0	2	0	66	0	0	2	0	0	0	4	0	0	0	0	0	0	0	0	0	0
Elife	2023-01-01	9873254	212312	22256	0	7	0	0	0	0	0	3	0	0	0	2	0	0	1	0	20	0	2	1	0	0	0	0	0	0	0	0	0	0	0	0	0	0
Elife	2023-01-01	9725751	600631	29906	0	16	0	3	0	0	0	4	0	2	8	1	0	0	1	0	20	0	1	9	0	0	0	0	0	0	0	0	2	0	0	0	0	0
Elife	2023-01-01	9728996	308469	32717	0	95	1	0	0	0	6	2	0	2	0	2	0	0	0	0	22	0	3	0	0	0	6	0	0	0	0	0	0	0	0	0	0	0
Elife	2023-01-01	9831607	420759	43801	0	20	1	5	0	0	3	6	0	7	4	9	0	0	0	0	39	0	0	0	0	0	2	0	2	0	0	0	0	0	0	0	0	0
Elife	2023-01-01	9754625	243903	27189	0	14	5	6	0	2	3	2	0	0	1	5	0	0	0	0	41	0	0	7	0	0	0	0	0	0	0	0	0	0	0	0	0	0
Elife	2023-01-01	9788829	213961	20195	0	22	0	4	0	3	0	3	0	0	1	1	0	0	1	0	14	0	0	0	0	0	0	0	0	0	0	0	0	0	0	1	0	0
Elife	2023-01-01	9771359	285274	29946	0	24	0	2	0	4	3	4	0	6	1	17	0	0	0	0	52	0	0	3	0	0	4	0	0	0	0	0	0	0	1	0	0	0
Elife	2023-01-01	9815824	424945	48291	0	200	5	3	0	0	11	39	0	0	16	30	0	0	3	0	199	0	0	6	0	0	2	0	2	0	0	0	0	0	0	2	0	1
Elife	2023-01-01	9803354	218320	24554	1	3	0	3	0	0	3	10	0	3	0	0	0	0	0	0	38	0	0	3	0	0	0	0	1	0	0	0	0	0	0	1	0	0
Elife	2023-01-01	9718521	21818	1816	0	1	0	0	0	0	0	0	0	0	0	0	0	0	0	0	14	0	0	1	0	0	0	0	0	0	0	0	0	0	0	0	0	0
Elife	2023-01-01	9747160	255728	24970	0	19	0	2	0	1	2	5	0	2	2	7	0	0	1	0	41	0	1	2	0	0	0	0	0	0	0	0	0	0	0	0	0	0
Elife	2023-01-01	9718532	324632	33053	0	12	1	4	0	7	8	7	0	1	2	2	0	0	1	0	27	0	0	3	0	0	5	1	0	0	0	0	0	0	0	0	0	0
Elife	2023-01-01	9725750	219323	21045	0	18	0	3	0	0	6	1	0	1	41	2	0	2	3	0	75	0	0	0	0	0	2	0	0	0	0	0	2	0	2	0	0	0
Elife	2023-01-01	9728992	26141	2297	0	3	0	0	0	0	1	2	0	0	2	0	0	0	0	0	4	0	0	0	0	0	0	0	0	0	0	0	0	0	0	0	0	0
Elife	2023-01-01	9718529	291836	28917	0	34	0	11	0	1	0	1	0	2	0	10	0	0	0	0	36	0	1	4	0	0	3	0	0	0	0	0	0	0	0	7	0	0
Elife	2023-01-01	9767473	215485	20303	0	1	0	7	0	0	1	4	0	1	0	4	0	0	0	0	31	0	0	1	0	0	1	0	0	0	0	0	0	0	0	0	0	0
Elife	2023-01-01	9731567	57152	4990	0	0	0	0	0	0	0	0	0	0	0	0	0	0	0	0	0	0	0	0	0	0	1	0	1	0	0	0	0	0	0	0	0	0
Elife	2023-01-01	9810329	284840	18194	0	3	1	0	0	0	0	2	0	0	1	13	0	0	0	0	24	0	0	4	0	0	0	0	17	0	0	0	0	1	0	0	0	0
Elife	2023-01-01	9771369	220068	18410	0	22	0	1	0	2	1	0	0	0	3	1	0	0	0	0	36	0	0	0	0	0	1	0	0	0	0	0	0	0	0	0	0	0
Elife	2023-01-01	9718525	179647	18133	0	15	0	1	0	0	0	0	0	0	1	6	0	0	1	0	40	0	0	3	0	0	1	0	0	0	0	0	0	0	0	2	0	0
Elife	2023-01-01	9822246	268651	28946	0	6	2	0	0	0	32	0	0	3	0	20	0	0	0	0	21	0	0	1	0	0	1	0	0	1	0	0	0	0	0	0	0	0
Elife	2023-01-01	9810331	339502	25737	0	26	0	17	0	1	0	8	0	0	59	4	0	0	0	0	24	0	0	2	0	0	4	6	3	0	0	0	0	0	0	0	0	0
Elife	2023-01-01	9917439	344553	32935	0	47	0	2	0	4	0	11	0	2	3	0	0	0	0	0	10	0	1	3	0	0	1	1	0	0	0	0	0	0	0	0	0	0
Elife	2023-01-01	9721616	165904	16103	0	4	0	0	0	0	1	0	0	0	1	0	0	0	1	0	15	0	0	6	0	0	4	0	0	0	0	0	0	0	1	0	0	0
Elife	2023-01-01	9829412	425673	40740	0	31	1	6	0	4	2	4	0	4	2	2	0	0	0	0	35	0	1	5	0	0	0	0	0	0	0	0	0	0	0	0	0	0
Elife	2023-01-01	9750172	5231	370	0	0	0	0	0	0	0	0	0	0	0	0	0	0	0	0	0	0	0	0	0	0	0	0	0	0	0	0	0	0	0	0	0	0
Elife	2023-01-01	9797190	254275	28983	0	35	1	4	0	0	8	8	0	0	2	10	0	1	0	0	50	0	0	0	0	0	3	0	0	0	0	0	0	0	0	0	0	0
Elife	2023-01-01	9797186	245906	25900	0	38	1	0	0	0	3	3	0	0	1	5	0	0	0	0	28	0	0	0	0	0	0	0	0	0	0	0	0	0	0	0	0	0
Elife	2023-01-01	9747153	174593	16866	0	16	0	4	0	2	3	7	0	0	0	12	0	0	0	0	56	0	0	1	0	0	0	0	0	0	0	0	0	0	0	0	0	0
Elife	2023-01-01	9747157	235033	25009	0	9	0	2	0	0	3	14	0	0	0	22	0	0	0	0	30	0	0	2	0	0	0	0	0	0	0	0	0	0	0	0	0	0
Elife	2023-01-01	9771341	99068	10699	0	8	1	0	0	0	0	0	0	0	2	5	0	0	0	0	22	0	0	7	0	2	0	0	0	0	0	0	0	0	0	0	0	0
Elife	2023-01-01	9873255	212817	21562	0	5	0	12	0	2	5	2	0	2	1	8	0	0	0	0	49	0	2	4	0	0	1	0	2	0	0	0	0	0	0	0	0	0
Elife	2023-01-01	9747154	251274	26478	0	35	2	0	0	1	4	3	0	2	0	15	0	0	0	0	29	0	0	3	0	0	1	0	0	0	0	0	2	1	0	0	0	0
Elife	2023-01-01	9859039	274825	31524	0	6	0	4	0	0	1	3	0	0	2	6	0	0	0	0	55	0	1	2	0	0	0	0	0	0	0	0	2	2	0	0	0	0
Elife	2023-01-01	9917455	401618	44932	0	2	1	5	0	0	8	3	0	1	23	1	0	0	1	0	23	0	0	0	0	0	0	0	2	0	0	0	1	3	0	1	0	0
Elife	2023-01-01	9799979	260462	22951	0	9	0	1	0	1	0	4	0	0	1	0	0	0	3	0	26	0	0	2	0	0	0	0	0	0	0	0	0	0	0	2	0	0
Elife	2023-01-01	9747158	314073	29202	0	9	0	0	0	1	1	6	0	0	0	11	0	0	0	0	46	0	0	4	0	0	0	0	0	0	0	0	0	0	0	0	0	0
Elife	2023-01-01	9836395	468575	33939	0	10	2	1	0	2	2	6	0	0	3	1	0	0	1	0	22	0	0	9	0	0	2	0	0	0	0	0	3	0	0	0	5	0
Elife	2023-01-01	9844990	434292	44154	0	41	1	0	0	4	1	4	0	3	6	0	0	0	0	0	64	0	0	3	0	0	10	0	8	0	0	0	1	0	0	0	0	0
Elife	2023-01-01	9812405	191627	17125	0	3	0	1	0	0	2	5	0	0	7	3	0	0	0	0	9	0	0	2	0	0	2	2	0	0	0	0	0	0	0	1	5	1
Elife	2023-01-01	9754628	303659	29520	0	22	0	3	0	0	0	4	0	0	2	1	0	0	0	0	37	0	1	3	0	0	2	0	1	0	0	0	0	0	1	0	0	0
Elife	2023-01-01	9822292	324266	32695	1	61	2	11	0	3	0	1	0	3	0	2	1	0	0	0	40	0	1	2	0	1	3	0	0	0	0	0	0	0	0	0	0	0
Elife	2023-01-01	9797187	179842	21317	0	9	1	0	0	1	4	0	0	0	9	8	0	1	0	0	35	0	0	3	0	1	2	0	0	0	0	0	2	0	0	0	0	1
Elife	2023-01-01	9750176	299752	28976	0	31	2	16	0	1	1	3	0	1	0	6	0	0	0	0	86	0	0	4	0	0	2	0	1	0	0	0	0	1	0	1	0	0
Elife	2023-01-01	9754624	11455	1029	0	0	0	0	0	0	0	0	0	0	0	0	0	0	0	0	0	0	0	0	0	0	0	0	0	0	0	0	0	0	0	2	0	0
Elife	2023-01-01	9788831	247205	25346	0	22	2	2	0	0	1	3	0	0	1	7	0	1	2	0	40	0	0	1	0	0	5	2	0	0	0	0	0	0	0	0	0	0
Elife	2023-01-01	9839348	195281	20259	0	9	0	0	0	0	4	2	0	0	1	0	0	0	1	0	11	0	1	4	0	0	0	0	0	0	0	0	0	1	0	0	0	0
Elife	2023-01-01	9797192	218154	20353	0	3	0	0	0	2	5	7	0	1	0	3	0	0	4	0	40	0	0	2	0	0	0	0	0	0	0	0	0	0	0	0	0	0
Elife	2023-01-01	9803349	199663	19349	0	6	0	0	0	0	0	17	0	0	0	3	0	2	0	0	9	0	0	3	0	0	0	0	2	0	0	0	0	0	0	0	0	0
Elife	2023-01-01	9788806	125328	11980	0	13	1	3	0	0	0	0	0	0	1	0	0	0	0	0	38	0	0	0	0	0	0	0	0	0	0	0	0	0	1	0	0	0
Elife	2023-01-01	9767459	284017	26055	0	21	0	11	0	0	0	1	0	0	32	9	0	0	0	0	127	0	0	1	0	0	1	0	0	0	0	0	0	0	0	0	0	0
Elife	2023-01-01	9815809	123848	11971	0	16	0	0	0	1	2	6	0	4	0	2	0	0	0	0	14	0	1	0	0	0	0	0	0	0	0	0	0	0	0	0	0	0
Elife	2023-01-01	9767461	175699	16154	0	1	0	3	0	0	0	2	0	1	3	0	0	1	3	0	13	0	0	5	0	0	4	0	0	0	0	0	0	0	0	0	0	0
Elife	2023-01-01	9799971	186529	17567	0	17	0	10	0	0	0	7	0	0	34	2	0	0	0	0	46	0	0	0	0	0	3	0	0	0	0	0	1	0	0	0	0	0
Elife	2023-01-01	9767474	357172	29601	0	6	0	3	0	0	11	0	0	0	147	6	0	0	3	0	27	0	0	9	0	0	0	2	3	0	0	0	0	0	0	0	0	0
Elife	2023-01-01	9937657	267319	24517	0	6	0	3	0	0	0	3	0	0	4	0	0	1	0	0	35	0	0	0	0	0	1	0	0	0	0	0	0	0	0	0	0	0
Elife	2023-01-01	9767454	454574	40187	0	36	1	1	0	0	7	1	0	0	142	4	0	0	2	0	84	0	0	1	0	0	2	0	2	0	0	0	0	0	0	0	0	0
Elife	2023-01-01	9833825	237493	26015	0	13	0	0	0	0	0	1	0	0	7	2	0	0	1	1	39	0	2	1	0	0	2	0	0	0	0	0	0	0	0	0	0	0
Elife	2023-01-01	9810332	343297	29052	0	6	1	0	0	0	3	0	0	0	45	4	0	0	6	0	37	0	0	1	0	0	0	0	0	0	0	0	2	0	0	0	0	0
Elife	2023-01-01	10065802	519662	46389	0	4	0	2	0	0	1	23	0	0	0	7	0	1	0	0	26	0	3	1	0	0	6	0	0	0	0	0	1	0	0	1	9	0
Elife	2023-01-01	9771365	276517	27058	0	26	1	19	0	5	4	3	0	0	0	8	0	0	0	0	27	0	0	1	0	0	1	1	0	0	0	0	0	0	0	0	0	0
Elife	2023-01-01	9799981	346288	35792	0	35	0	4	0	0	0	0	0	1	0	7	0	0	0	0	33	0	1	0	0	0	1	0	0	0	0	0	0	0	0	0	0	0
Elife	2023-01-01	9812409	312451	33688	0	14	2	2	0	3	0	21	0	0	1	1	0	0	0	0	53	0	0	4	0	0	1	0	0	0	0	0	0	0	0	0	0	1
Elife	2023-01-01	9762703	389515	38313	0	57	0	4	0	0	6	2	0	1	2	14	0	1	4	0	46	0	2	2	0	0	5	3	7	0	0	0	0	0	0	0	0	2
Elife	2023-01-01	9757829	304376	26951	0	24	0	5	0	0	4	6	0	2	0	3	0	0	1	0	23	0	2	2	0	0	0	0	0	0	0	0	0	0	0	0	0	0
Elife	2023-01-01	9876572	221497	24302	0	30	0	0	0	0	1	0	0	0	0	0	0	0	0	0	9	0	0	11	0	0	0	2	0	0	0	0	0	0	0	1	0	0
Elife	2023-01-01	9833822	224933	25608	0	71	0	1	0	0	7	73	0	0	7	7	0	2	1	0	38	0	0	9	0	0	2	0	0	0	0	0	0	0	0	0	0	6
Elife	2023-01-01	9803351	119206	11594	0	5	1	3	0	0	0	0	0	1	32	0	0	0	0	0	9	0	0	2	0	0	0	1	0	0	0	0	2	0	0	5	0	0
Elife	2023-01-01	9767455	148321	13433	1	21	0	0	0	0	0	4	0	0	1	2	0	0	0	0	18	0	0	0	0	0	1	0	0	0	0	0	0	0	0	0	0	0
Elife	2023-01-01	9779784	159766	17609	0	12	8	0	0	0	9	1	0	1	3	4	0	1	0	0	34	0	0	0	0	0	0	0	0	0	0	0	0	0	0	0	0	0
Elife	2023-01-01	9799973	325098	36200	0	10	2	4	0	4	1	17	0	0	1	8	0	0	0	0	51	0	0	10	0	0	2	0	0	0	0	0	0	0	0	0	0	0
Elife	2023-01-01	9771370	296414	27381	0	32	0	3	0	0	0	9	0	3	1	2	0	0	0	0	14	0	0	0	0	0	1	0	0	0	0	0	0	0	0	0	0	0
Elife	2023-01-01	9904761	293109	29480	0	14	0	0	0	1	4	0	0	2	0	4	0	0	0	0	44	0	2	2	0	0	0	0	0	0	0	0	0	0	0	0	0	0
Elife	2023-01-01	9904757	136761	14489	0	4	1	4	0	0	2	0	0	37	0	1	0	1	0	0	24	0	0	0	0	0	0	0	0	0	0	0	2	0	0	0	0	0
Elife	2023-01-01	9910829	171840	16503	0	7	0	0	0	3	0	6	0	2	0	0	0	0	0	0	9	0	0	1	0	0	0	0	0	0	0	0	0	0	0	0	0	0
Elife	2023-01-01	9803347	14997	1383	0	3	0	0	0	0	0	0	0	0	0	1	0	0	0	0	2	0	1	0	0	0	0	0	0	0	0	0	0	0	0	0	0	0
Elife	2023-01-01	9803353	183462	18829	0	15	2	0	0	0	3	2	0	1	12	19	0	0	0	0	68	0	1	5	0	0	1	1	0	0	0	0	0	0	0	0	0	0
Elife	2023-01-01	9833827	283712	25844	0	5	2	0	0	0	0	0	0	0	0	2	0	0	0	0	44	0	0	0	0	0	0	0	0	0	0	0	0	0	0	0	0	0
Elife	2023-01-01	9937654	318621	31389	0	44	3	18	0	8	0	0	0	0	5	2	0	0	1	1	47	0	0	2	0	0	6	0	0	0	0	0	0	0	0	0	0	0
Elife	2023-01-01	9934862	265908	25437	0	25	4	0	0	1	2	0	0	0	5	3	0	1	0	0	54	0	0	0	0	0	2	0	0	0	0	0	0	0	1	0	0	0
Elife	2023-01-01	9788804	37496	2952	0	0	0	0	0	0	1	0	0	0	0	0	0	0	1	0	13	0	0	0	0	0	0	0	0	0	0	0	0	0	0	0	0	0
Elife	2023-01-01	9831604	222451	19295	0	11	0	0	0	5	0	2	0	5	0	7	0	0	0	0	21	0	2	0	0	0	0	0	0	0	0	0	0	0	0	0	0	0
Elife	2023-01-01	9799970	180053	17622	0	4	0	0	0	0	3	2	0	0	35	3	0	0	0	0	24	0	0	5	0	0	1	0	0	0	0	0	0	0	0	0	0	0
Elife	2023-01-01	9803348	162463	21292	0	0	1	0	0	0	0	0	0	0	1	2	0	0	5	0	5	0	0	4	0	0	0	0	3	0	0	0	0	0	0	1	0	0
Elife	2023-01-01	9836393	258620	25867	0	11	0	8	0	0	4	5	0	0	41	8	0	1	1	1	43	0	0	0	0	0	6	0	1	0	0	0	0	0	0	0	0	0
Elife	2023-01-01	9797193	230836	22314	0	3	0	0	0	0	1	3	0	2	18	2	0	2	0	0	34	0	0	0	0	0	2	0	1	0	0	0	0	0	0	0	0	0
Elife	2023-01-01	9822265	247625	25540	0	18	0	0	0	0	1	5	0	1	7	0	0	0	0	0	11	0	0	2	0	0	0	0	0	0	0	0	0	0	1	0	0	0
Elife	2023-01-01	9797188	165134	16178	0	2	0	0	0	0	3	0	0	1	2	2	0	0	0	0	32	0	0	0	0	0	2	1	1	0	0	0	4	0	1	2	1	0
Elife	2023-01-01	9803350	197378	22699	0	4	0	1	0	0	2	0	0	4	6	0	0	0	3	0	32	0	0	2	0	0	0	0	0	0	0	0	0	0	0	0	0	0
Elife	2023-01-01	9803357	225160	24576	0	24	4	5	0	0	6	5	0	0	31	4	0	1	0	0	49	0	0	1	0	0	1	0	2	0	0	0	0	0	0	0	0	1
Elife	2023-01-01	9829409	305410	28006	0	8	1	2	0	1	0	0	0	0	3	0	0	0	0	0	4	0	3	0	0	0	3	0	0	0	0	0	0	0	0	1	3	0
Elife	2023-01-01	9886279	314321	31262	0	17	1	4	0	0	3	4	0	0	3	3	0	0	1	0	35	0	1	2	0	0	7	1	0	0	0	0	0	0	0	0	1	0
Elife	2023-01-01	9908081	425445	42654	0	29	0	3	0	4	0	1	0	1	17	3	0	0	1	0	83	0	1	0	0	0	4	0	0	0	0	0	0	0	0	0	0	0
Elife	2023-01-01	9788811	218722	22064	0	13	0	3	0	1	0	0	0	0	0	1	0	0	0	0	11	0	0	1	0	0	1	0	0	0	0	0	0	0	0	2	0	0
Elife	2023-01-01	9831606	332695	31441	0	10	0	13	0	2	7	6	0	2	3	0	0	2	0	0	26	0	0	0	0	0	5	0	0	0	0	0	0	0	0	0	0	0
Elife	2023-01-01	9803355	169770	17783	0	12	1	0	0	0	0	5	0	4	0	1	0	0	1	0	7	0	1	0	0	0	0	0	0	0	0	0	0	0	0	0	0	0
Elife	2023-01-01	9788805	24983	2068	0	0	0	0	0	0	0	0	0	0	0	1	0	0	0	0	15	0	0	0	0	0	0	0	0	0	0	0	0	0	0	0	0	0
Elife	2023-01-01	9822262	295880	22658	0	6	0	0	0	1	2	1	0	0	18	4	0	0	0	0	15	0	0	2	0	0	1	0	2	0	0	0	0	0	0	0	0	0
Elife	2023-01-01	9799969	152437	14515	0	6	1	3	0	0	0	1	0	0	0	2	0	0	0	0	6	0	0	0	0	0	0	0	0	0	0	0	0	0	0	0	0	0
