journal	date	pmc_id	Nchars	Nwords	delve	analyse	acknowledge	assess	appraise	dissect	explore	examine	extricate	expose	estimate	investigate	inquire	inspect	interpret	scrutinise	study	unearth	uncover	understand	ponder	research	reason	retrieve	avoid	discount	disregard	dismiss	ignore	neglect	overlook	omit	skip	reject
Elife	2024-10-01	11219034	8178	686	0	0	0	0	0	0	0	0	0	0	0	0	0	0	0	0	1	0	0	0	0	0	0	0	0	0	0	0	0	0	0	0	0	0
Elife	2024-10-01	11226228	218212	20040	0	7	1	1	0	0	2	1	0	0	12	7	0	3	1	0	44	0	0	2	0	0	0	0	0	0	0	0	0	1	0	0	1	0
Elife	2024-10-01	11223767	226595	21836	1	23	1	5	0	0	2	11	0	0	1	12	0	0	0	0	20	0	0	3	0	0	0	0	0	0	0	0	0	0	0	0	2	0
Elife	2024-10-01	11230627	282867	27329	0	6	0	5	0	0	3	13	0	0	3	4	0	0	1	0	73	0	2	1	0	0	6	0	0	0	0	0	0	0	1	0	0	1
Elife	2024-10-01	11219037	354205	29303	0	13	5	4	0	0	5	18	0	0	20	4	0	1	3	0	92	0	1	3	0	0	1	0	0	1	0	0	0	0	0	3	0	0
Elife	2024-10-01	11223763	7351	558	0	1	0	0	0	0	0	0	0	0	0	0	0	0	0	0	1	0	0	0	0	0	0	0	0	0	0	0	0	0	0	0	0	0
Elife	2024-10-01	11219040	241473	23942	0	10	0	1	0	0	0	1	0	0	0	11	0	0	0	0	79	0	0	0	0	0	0	0	0	0	0	0	0	0	0	0	0	0
Elife	2024-10-01	11221835	188238	19030	0	27	0	10	0	0	2	13	0	2	3	3	0	0	0	0	26	0	0	1	0	0	0	0	0	0	0	0	0	0	0	0	0	0
Elife	2024-10-01	11245306	101911	9697	0	4	0	0	0	0	0	1	0	1	0	1	0	0	0	0	19	0	0	6	0	0	0	0	0	0	0	0	0	0	0	1	0	0
Elife	2024-10-01	11226230	259229	27444	0	13	1	1	0	0	0	1	0	2	4	1	0	1	1	0	18	0	0	3	0	0	1	0	0	0	0	0	0	0	0	1	0	0
Elife	2024-10-01	11230626	212921	20867	0	11	0	1	0	0	0	2	0	2	0	0	0	0	0	0	16	0	0	6	0	0	2	0	0	0	0	0	0	0	0	0	0	0
Elife	2024-10-01	11231812	143918	13203	0	17	0	2	0	0	1	0	0	0	2	0	0	0	4	0	12	0	0	4	0	0	0	0	0	0	0	0	0	0	0	0	0	0
Elife	2024-10-01	11219035	28808	2246	0	0	0	0	0	0	1	0	0	2	0	0	0	0	0	0	2	0	0	1	0	0	0	0	0	0	0	0	0	0	0	0	0	0
Elife	2024-10-01	11219033	22278	2757	0	8	0	0	0	0	0	1	0	0	0	0	0	0	0	0	0	0	0	0	0	0	0	0	0	0	0	0	0	0	0	0	0	0
Elife	2024-10-01	11226229	181310	18822	0	19	0	8	0	0	5	2	0	0	4	3	0	0	1	0	29	0	2	13	0	0	0	0	3	0	0	0	1	0	1	0	0	0
Elife	2024-10-01	11219041	204646	19526	0	8	2	5	0	0	11	18	0	0	8	7	0	0	1	0	71	0	0	12	0	0	16	0	0	0	0	0	0	0	0	0	0	0
Elife	2024-10-01	11230624	174600	16205	0	14	0	3	0	2	1	9	0	1	2	4	0	0	0	0	44	0	0	4	0	0	1	0	0	0	0	0	0	0	0	0	0	0
Elife	2024-10-01	11219036	191040	18565	0	4	0	0	0	0	1	0	0	0	1	8	0	0	0	0	12	0	1	2	0	0	0	0	2	0	0	0	0	1	0	0	0	0
Elife	2024-10-01	11221833	164602	16539	0	7	0	3	0	0	3	0	0	3	1	0	0	5	1	0	14	0	0	0	0	0	0	0	0	1	0	0	0	0	0	0	0	0
Elife	2024-10-01	11223764	20726	1773	0	0	0	0	0	0	0	1	0	3	0	1	0	0	0	0	2	0	0	0	0	0	0	0	0	0	0	0	0	0	0	0	0	0
Elife	2024-10-01	11221834	178103	18325	0	10	0	1	0	0	2	0	0	1	0	0	0	0	1	0	29	0	0	2	0	0	2	0	0	0	0	0	0	0	0	0	0	0
Elife	2024-10-01	11219043	238130	24087	0	12	1	7	0	0	2	3	0	0	0	3	0	0	0	0	50	0	0	6	0	0	0	0	0	0	0	0	0	0	0	0	0	0
Elife	2024-10-01	11221836	228056	23829	0	21	2	1	0	1	6	8	0	0	3	8	0	0	0	0	34	0	2	6	0	0	0	0	0	0	0	0	0	0	0	1	0	0
Elife	2024-10-01	11230625	192391	20146	0	9	6	1	0	0	1	4	0	2	13	11	0	2	2	0	69	0	1	1	0	0	0	0	3	0	0	0	0	0	0	0	0	0
Elife	2024-10-01	11223768	407442	39183	0	3	6	3	0	0	4	6	0	0	86	5	0	0	1	1	125	0	0	10	0	0	6	0	2	2	0	0	17	1	4	0	0	0
Elife	2024-10-01	11233132	179165	18423	0	8	0	1	0	0	1	0	0	0	19	2	0	0	1	0	38	0	0	3	0	0	6	0	0	0	0	0	1	0	0	0	1	0
Elife	2024-10-01	11236418	219841	20743	0	17	5	0	0	0	3	3	0	3	1	7	0	0	0	0	34	0	0	2	0	0	0	0	0	0	0	0	0	0	0	0	0	0
Elife	2024-10-01	11299979	224941	22800	0	8	2	0	0	0	2	0	0	4	4	4	0	0	1	0	65	0	0	6	0	0	1	2	0	0	0	0	0	0	0	1	0	0
Elife	2024-10-01	11236416	170200	15000	0	7	0	0	0	0	0	1	0	0	34	0	0	0	1	0	7	0	0	3	0	0	0	2	0	0	0	0	0	0	0	0	0	0
Elife	2024-10-01	11236415	23739	1972	0	0	0	0	0	0	0	0	0	0	0	0	0	0	0	0	6	0	0	3	0	0	0	0	0	0	0	0	0	0	0	0	0	0
Elife	2024-10-01	11233133	128386	12093	0	21	0	5	1	0	11	0	0	0	12	6	0	0	1	0	46	0	0	0	0	0	0	0	1	0	1	0	0	0	0	0	0	0
Elife	2024-10-01	11239177	186562	19916	0	13	0	2	0	0	1	1	0	0	2	10	0	0	0	0	39	0	0	6	0	0	2	0	0	0	0	0	0	0	0	0	0	1
Elife	2024-10-01	11245307	163730	15243	0	22	0	4	0	3	3	3	0	0	1	2	0	0	0	0	13	0	0	2	0	0	0	0	0	0	0	0	0	0	0	0	0	0
Elife	2024-10-01	11249735	209154	20045	0	42	2	2	0	0	0	7	0	4	1	2	0	0	2	0	24	0	0	4	0	0	0	0	2	0	0	0	0	0	0	0	0	0
Elife	2024-10-01	11236420	319208	24984	0	6	0	0	0	0	1	2	0	0	22	3	0	0	0	0	27	0	0	4	0	0	1	0	0	0	0	0	0	1	1	1	0	1
Elife	2024-10-01	11239179	256273	26100	0	2	0	21	0	0	7	4	0	19	0	3	0	0	0	0	22	0	0	0	0	0	3	0	1	0	0	0	1	0	0	0	0	0
Elife	2024-10-01	11245308	197767	19649	0	22	0	4	0	0	3	16	0	0	0	3	0	0	0	0	28	0	3	4	0	0	0	0	0	0	0	0	0	0	0	0	19	0
Elife	2024-10-01	11245309	251122	24050	0	10	3	3	0	1	2	3	0	0	2	10	0	0	0	0	23	0	0	0	0	0	2	0	1	0	0	0	0	0	0	0	0	0
Elife	2024-10-01	11233135	306178	31240	0	32	0	5	0	0	1	17	0	8	1	13	0	1	0	0	51	0	1	3	0	0	0	0	0	0	0	0	0	0	0	0	0	0
Elife	2024-10-01	11249761	217467	20680	0	15	1	5	0	1	2	3	0	1	0	5	0	0	0	0	24	0	0	2	0	0	0	0	1	0	0	1	0	0	1	1	0	0
Elife	2024-10-01	11239178	242615	24887	0	14	0	6	0	0	4	1	0	4	1	7	0	0	3	0	52	0	1	6	0	0	0	0	0	0	0	0	0	0	0	0	0	0
Elife	2024-10-01	11236417	285801	27461	0	21	4	1	0	0	1	2	0	0	24	8	0	0	1	0	73	0	0	8	0	0	4	0	0	0	0	0	2	0	0	2	0	0
Elife	2024-10-01	11249736	258455	22562	0	18	2	2	0	0	12	1	0	0	1	5	0	0	0	0	23	0	0	1	0	0	0	0	0	0	0	0	0	0	0	0	1	0
Elife	2024-10-01	11236414	21744	1980	0	0	0	1	0	0	1	0	0	0	0	1	0	0	0	0	2	0	0	1	1	0	0	0	0	0	0	0	0	0	0	0	0	0
Elife	2024-10-01	11333041	204302	22810	0	7	0	2	0	1	6	4	0	13	21	7	0	0	2	0	23	0	0	5	0	0	1	0	0	0	0	0	0	0	0	1	0	0
Elife	2024-10-01	11239181	214111	19983	0	10	1	0	0	0	0	3	0	0	0	10	0	0	1	0	27	0	0	6	0	0	2	0	1	0	0	0	0	0	0	0	0	0
Elife	2024-10-01	11233136	346794	33869	0	40	4	16	0	0	7	15	0	6	0	16	0	0	2	0	43	0	0	1	0	0	1	0	0	0	0	0	0	0	0	0	0	0
Elife	2024-10-01	11239180	195591	19191	0	8	4	1	0	0	7	5	0	0	1	10	0	0	0	0	29	0	0	6	0	0	0	0	0	0	0	0	0	0	0	0	0	0
Elife	2024-10-01	11236419	168677	15833	0	7	0	1	0	8	0	1	0	0	0	4	0	0	0	0	23	0	0	6	0	0	0	0	0	0	0	0	0	0	0	0	0	0
Elife	2024-10-01	11249729	138389	15204	0	14	0	0	0	0	1	3	0	0	1	1	0	0	1	0	17	0	0	1	0	0	3	0	0	0	0	0	0	0	0	15	0	2
Elife	2024-10-01	11254381	260944	24114	0	13	1	11	0	0	4	8	0	0	15	14	0	1	0	0	63	0	0	8	0	0	0	0	0	0	0	0	2	0	0	1	0	1
Elife	2024-10-01	11262797	486511	25609	0	5	0	0	0	0	4	1	0	0	0	6	0	0	0	0	23	0	0	6	0	0	0	1	0	0	0	0	2	0	0	0	2	0
Elife	2024-10-01	11262796	336776	35497	2	16	3	2	0	0	2	2	0	0	2	1	0	0	6	0	50	0	0	8	0	0	2	0	5	0	0	0	0	0	0	0	0	0
Elife	2024-10-01	11257680	347308	23773	0	6	4	0	0	0	1	0	0	3	3	2	0	0	8	0	27	0	1	1	0	0	0	0	1	0	0	0	2	0	0	0	0	1
Elife	2024-10-01	11254382	215029	25131	0	17	0	9	0	1	4	3	0	1	0	8	0	0	4	0	98	0	0	9	0	0	0	0	1	0	0	0	0	1	0	0	0	1
Elife	2024-10-01	11262799	253706	26405	4	70	4	6	0	2	12	15	0	0	31	37	0	2	4	0	86	0	0	16	0	0	7	0	1	0	0	1	2	2	2	0	0	1
Elife	2024-10-01	11254379	26941	2408	0	0	0	0	0	0	0	0	0	0	7	0	0	0	0	0	5	0	0	0	0	0	0	0	0	0	0	0	0	0	0	0	0	0
Elife	2024-10-01	11379458	227732	21960	0	11	0	0	0	0	0	0	0	0	23	6	0	1	0	0	20	0	0	2	0	0	1	2	0	0	0	0	0	0	0	0	0	0
Elife	2024-10-01	11259433	341145	33947	0	9	2	0	0	0	21	11	0	0	6	3	0	0	1	0	72	0	0	3	0	0	0	0	0	0	0	0	0	0	0	2	0	0
Elife	2024-10-01	11262794	141958	14135	0	4	0	2	0	2	0	6	0	2	0	4	0	0	0	0	9	0	0	1	0	0	0	0	0	0	0	0	0	0	0	0	0	0
Elife	2024-10-01	11259434	284232	26929	0	29	2	6	0	1	3	6	0	2	7	18	0	0	0	0	11	0	0	0	0	0	3	0	0	0	0	0	0	0	0	0	0	0
Elife	2024-10-01	11262798	215001	22920	0	24	0	0	0	0	2	13	0	1	22	4	0	1	0	0	25	0	0	2	0	0	0	0	0	1	0	0	0	0	0	0	0	0
Elife	2024-10-01	11254380	132942	13226	0	10	0	3	0	0	2	5	0	0	0	8	0	0	0	0	24	0	0	3	0	0	0	0	0	0	0	0	0	0	0	0	0	0
Elife	2024-10-01	11251722	207554	17968	0	13	3	0	0	4	1	4	0	0	9	0	0	0	0	0	20	0	2	0	0	0	1	0	0	0	0	0	0	0	0	0	0	0
Elife	2024-10-01	11254378	17648	1680	0	0	0	0	0	0	0	0	0	0	0	1	0	0	0	0	2	0	0	1	0	0	1	0	0	0	0	0	0	0	0	0	0	0
Elife	2024-10-01	11259430	206259	22277	0	11	0	3	0	0	1	18	0	13	1	2	0	0	0	0	23	0	0	2	0	0	0	0	0	0	0	0	0	0	0	2	0	0
Elife	2024-10-01	11251720	216844	19210	0	12	1	1	0	0	0	2	0	0	4	1	0	0	0	0	43	0	0	0	0	0	0	0	0	0	0	0	0	0	0	1	0	0
Elife	2024-10-01	11364434	164558	17072	1	20	5	3	0	0	5	4	0	0	1	5	0	0	0	0	46	0	0	12	0	0	1	0	0	0	0	0	0	0	0	0	0	0
Elife	2024-10-01	11251724	180696	16598	0	34	3	10	0	0	2	1	0	1	11	1	0	0	3	0	69	0	0	2	0	0	1	1	0	0	0	0	0	0	0	0	0	0
Elife	2024-10-01	11262792	201151	19612	0	9	0	0	0	0	0	1	0	2	1	7	0	0	0	0	56	0	0	3	0	0	1	0	0	0	0	0	0	0	0	0	0	0
Elife	2024-10-01	11251725	328972	28140	0	4	0	13	0	0	3	4	0	20	3	9	0	0	6	0	189	0	0	5	0	0	3	0	0	0	0	0	0	1	0	0	0	0
Elife	2024-10-01	11257686	138346	15016	0	2	1	0	0	0	2	1	0	0	10	7	0	0	0	0	33	0	1	1	0	0	0	0	0	0	0	0	0	0	0	0	0	0
Elife	2024-10-01	11251723	255308	24624	2	7	2	3	0	0	4	1	0	1	1	3	0	0	0	0	45	0	1	10	0	0	0	0	0	0	0	0	0	0	0	0	0	0
Elife	2024-10-01	11257678	341315	30450	0	20	0	2	0	0	2	3	0	0	0	10	0	0	0	0	28	0	0	2	0	0	3	0	0	0	0	0	0	0	0	0	0	0
Elife	2024-10-01	11257694	378763	29903	0	6	0	8	0	0	3	0	0	0	5	6	0	0	1	0	31	0	1	8	0	0	1	0	1	0	0	0	0	0	0	0	0	2
Elife	2024-10-01	11268889	233611	24416	0	19	1	4	0	0	2	10	0	1	25	7	0	1	0	0	36	0	0	7	0	0	2	0	1	0	0	0	0	0	0	0	0	0
Elife	2024-10-01	11268883	209343	20772	2	27	4	24	0	0	0	1	0	1	1	10	0	0	0	0	32	0	2	4	0	0	0	0	0	0	0	0	0	0	0	1	0	0
Elife	2024-10-01	11265795	185883	17698	1	3	1	0	0	0	0	4	0	2	0	1	0	0	0	0	10	0	0	4	0	0	0	0	7	0	0	0	0	0	0	0	0	0
Elife	2024-10-01	11281783	220049	21595	0	5	0	1	0	0	1	0	0	3	6	3	0	0	0	0	8	0	0	0	0	0	0	0	0	0	0	0	0	0	0	1	0	0
Elife	2024-10-01	11290821	8244	809	0	0	0	0	0	0	0	2	0	0	0	0	0	0	0	0	1	0	0	0	0	0	0	0	0	0	0	0	0	0	0	0	0	0
Elife	2024-10-01	11265796	278041	25757	0	28	1	5	0	0	3	2	0	1	11	1	0	0	0	1	39	0	0	1	0	0	1	0	0	0	1	0	0	0	1	0	0	0
Elife	2024-10-01	11272158	34272	2631	0	2	0	0	0	0	0	0	0	0	0	1	0	0	0	0	5	0	0	1	0	0	0	0	0	0	0	0	0	0	0	0	0	0
Elife	2024-10-01	11272161	290672	24324	0	7	1	1	0	5	1	0	0	0	0	2	0	0	1	0	27	0	1	8	0	0	0	0	0	0	0	0	0	0	0	0	0	0
Elife	2024-10-01	11286262	255799	24227	0	21	0	2	0	1	3	2	0	2	2	5	0	0	0	0	18	0	1	7	0	0	4	0	0	0	0	0	0	0	0	0	0	0
Elife	2024-10-01	11268884	211514	19174	0	15	0	3	0	0	0	1	0	0	0	4	0	1	1	0	21	0	0	0	0	0	0	0	0	0	0	0	0	1	0	0	0	0
Elife	2024-10-01	11288629	210269	19359	0	3	0	6	0	1	4	0	0	5	0	0	0	0	0	0	26	0	0	5	0	0	0	0	3	0	0	0	0	0	0	0	0	0
Elife	2024-10-01	11281785	276006	26828	0	12	1	5	0	1	1	26	0	0	7	0	0	0	0	0	34	0	0	8	0	0	0	0	0	0	0	0	0	0	0	0	0	0
Elife	2024-10-01	11288632	156242	17257	0	13	0	0	0	0	2	2	0	0	0	1	0	0	0	0	13	0	0	1	0	0	2	0	1	0	0	0	0	0	0	0	0	0
Elife	2024-10-01	11290822	165311	16459	0	11	0	2	0	0	1	0	0	2	1	1	0	0	0	0	15	0	0	1	0	0	0	0	0	0	0	0	0	0	0	1	0	0
Elife	2024-10-01	11293870	347582	30376	0	28	0	1	0	0	3	5	0	2	0	7	0	0	2	0	27	0	1	11	0	0	0	0	0	0	0	0	0	1	0	0	0	0
Elife	2024-10-01	11272162	251237	21579	0	3	2	0	0	3	3	2	0	0	0	3	0	0	0	0	32	0	1	5	0	0	0	0	0	0	0	0	0	0	0	0	1	0
Elife	2024-10-01	11268885	182021	18716	0	2	3	0	0	0	2	8	0	0	13	8	0	0	0	0	44	0	0	1	0	0	2	0	1	0	0	0	0	0	0	1	0	0
Elife	2024-10-01	11286260	202512	21237	0	3	0	2	2	0	1	9	0	3	0	5	0	0	1	0	28	0	0	0	0	0	0	0	1	0	0	0	0	0	0	0	0	0
Elife	2024-10-01	11265794	217842	24319	0	5	0	0	0	0	2	3	0	0	4	6	0	0	1	0	42	0	2	10	0	0	0	0	0	0	0	0	1	1	0	0	0	1
Elife	2024-10-01	11272160	207446	21710	0	37	0	0	0	1	1	7	0	1	1	3	0	0	0	0	45	0	0	0	0	0	0	0	0	0	0	0	0	0	0	0	0	0
Elife	2024-10-01	11293869	261070	20349	0	0	2	1	0	0	4	6	0	0	3	0	0	0	0	0	14	0	0	18	0	0	48	6	1	0	0	1	0	0	2	0	0	0
Elife	2024-10-01	11268888	178632	16263	0	9	0	0	0	0	0	3	0	10	0	0	0	0	0	0	17	0	0	0	0	0	0	0	0	0	0	0	0	0	0	0	0	0
Elife	2024-10-01	11288631	212094	22701	0	11	0	3	0	3	2	0	0	3	6	0	0	1	1	0	14	0	0	9	0	0	6	0	0	0	0	0	0	0	0	0	0	0
Elife	2024-10-01	11268890	229187	20927	0	7	0	0	0	0	11	5	0	1	0	5	0	0	0	0	57	0	1	1	0	0	0	0	0	0	0	0	0	0	0	0	0	0
Elife	2024-10-01	11272159	208163	21035	0	10	2	0	0	1	0	7	0	0	0	4	0	0	1	0	31	0	1	3	0	0	3	0	0	0	0	0	0	0	0	0	0	0
Elife	2024-10-01	11299978	206349	20791	0	6	7	0	0	0	2	15	0	0	6	16	0	0	2	0	86	0	1	2	0	0	0	0	0	0	0	0	0	0	0	0	0	0
Elife	2024-10-01	11524587	320966	38420	0	38	7	10	0	0	6	1	0	0	0	8	0	0	4	0	82	0	1	11	0	1	2	0	5	0	0	0	0	0	0	11	0	0
Elife	2024-10-01	11302984	231935	21268	1	18	0	0	0	0	0	2	0	1	0	3	0	0	0	0	26	0	3	2	0	0	1	0	0	0	0	0	0	0	0	0	0	0
Elife	2024-10-01	11296704	200002	20092	2	11	3	4	0	0	4	3	0	9	0	6	0	0	0	0	74	0	1	3	0	0	1	0	0	0	0	0	0	0	0	0	0	0
Elife	2024-10-01	11377041	247270	25141	0	12	0	8	0	1	5	0	0	0	0	3	0	0	0	0	24	0	0	6	0	0	3	0	0	0	0	0	0	0	0	1	0	0
Elife	2024-10-01	11305675	414781	44610	0	23	0	0	0	0	2	6	0	0	1	0	0	0	0	0	42	0	1	2	0	0	2	0	0	0	0	0	1	0	0	0	7	0
Elife	2024-10-01	11302983	310745	21962	0	0	1	2	0	0	1	2	0	0	12	2	0	0	4	0	5	0	0	1	0	0	3	0	1	0	0	0	2	0	1	0	0	0
Elife	2024-10-01	11296706	324202	28640	0	9	1	2	0	0	11	14	0	2	1	0	0	0	3	0	42	0	0	3	0	0	0	0	0	0	0	0	0	0	0	0	0	0
Elife	2024-10-01	11368404	397065	41901	0	30	5	14	0	4	0	15	0	7	19	0	0	0	2	0	43	0	1	8	0	0	1	0	4	0	0	0	4	0	0	0	0	0
Elife	2024-10-01	11296705	324528	35128	2	36	4	3	0	0	10	11	0	0	8	10	0	0	1	0	48	0	0	9	0	0	1	0	1	0	0	0	0	0	0	0	0	0
Elife	2024-10-01	11305674	312880	33545	0	14	0	0	0	0	2	8	0	1	2	4	0	0	1	0	57	0	0	4	0	0	0	0	1	0	0	1	0	0	0	0	6	0
Elife	2024-10-01	11521371	276072	25093	0	25	0	7	0	0	0	1	0	0	5	7	0	0	5	0	14	0	0	6	0	0	0	1	0	0	0	0	1	0	0	0	0	3
Elife	2024-10-01	11296703	148338	13367	0	2	1	2	0	1	1	4	0	0	0	2	0	0	0	0	2	0	0	0	0	0	0	0	0	0	0	0	0	0	0	0	0	0
Elife	2024-10-01	11305673	149969	14552	0	9	1	7	0	1	5	2	0	2	0	5	0	1	0	0	18	0	0	1	0	0	0	1	0	0	0	0	0	0	0	0	0	1
Elife	2024-10-01	11299977	181862	17387	0	3	0	4	0	5	1	1	0	0	1	4	0	2	1	0	20	0	0	0	0	0	1	1	0	0	0	0	0	0	0	0	0	0
Elife	2024-10-01	11299980	242665	22205	0	24	2	1	0	4	8	6	0	0	3	1	0	0	1	0	32	0	2	3	0	1	0	3	0	0	0	0	0	0	0	0	0	0
Elife	2024-10-01	11309768	214862	22087	3	8	4	0	0	0	2	0	0	1	0	1	0	0	0	0	48	0	0	1	0	0	0	0	0	0	0	0	0	0	0	4	0	0
Elife	2024-10-01	11405016	194388	18834	0	7	1	2	0	0	0	4	0	1	2	2	0	0	1	0	13	0	0	3	0	0	0	0	0	0	0	0	0	0	0	0	0	0
Elife	2024-10-01	11315450	170354	17874	0	16	2	5	0	1	3	2	0	3	0	1	0	0	0	0	52	0	0	10	0	0	0	1	0	0	0	0	0	0	0	0	0	0
Elife	2024-10-01	11326775	222936	19881	0	21	0	0	0	2	3	2	0	0	3	5	0	0	0	0	37	0	0	2	0	0	0	0	0	0	0	0	0	0	0	0	0	0
Elife	2024-10-01	11377034	231604	21443	0	18	1	0	0	0	4	3	0	0	6	0	0	0	1	0	5	0	0	7	0	0	0	0	0	0	0	0	0	0	0	0	0	0
Elife	2024-10-01	11325842	191894	17987	0	4	0	0	0	1	2	1	0	0	0	7	0	0	0	0	30	0	4	1	0	0	1	0	0	0	0	0	0	0	0	1	0	0
Elife	2024-10-01	11315451	266720	25550	0	6	3	3	0	1	1	0	0	0	0	16	0	0	0	2	37	0	0	8	0	0	1	0	0	0	0	0	1	0	0	0	0	0
Elife	2024-10-01	11324233	228880	22948	0	8	2	1	0	0	1	0	0	1	11	1	0	0	0	0	31	0	0	2	0	0	6	0	1	0	0	0	2	0	0	0	0	0
Elife	2024-10-01	11324234	274955	24655	0	29	1	4	0	0	3	17	0	9	10	2	0	0	0	0	86	0	0	0	0	0	1	0	0	0	0	0	0	0	0	0	0	0
Elife	2024-10-01	11326777	431572	30391	0	5	0	3	0	0	2	0	0	0	1	9	0	0	0	0	56	0	0	4	0	0	0	0	0	0	0	0	0	0	0	0	0	0
Elife	2024-10-01	11321763	495736	49026	0	24	0	11	0	0	1	2	0	1	2	5	0	0	0	0	55	0	1	2	0	0	2	0	0	0	0	0	0	1	1	3	0	0
Elife	2024-10-01	11318972	230593	24597	0	33	0	0	0	2	1	0	0	1	0	6	0	0	1	0	14	0	0	2	0	0	0	0	0	0	0	0	0	0	0	0	0	0
Elife	2024-10-01	11315449	407002	35729	0	26	7	2	0	0	20	5	0	0	9	9	0	0	1	0	50	0	1	9	0	0	5	0	0	0	2	3	6	0	3	1	0	1
Elife	2024-10-01	11326776	425868	44579	0	8	5	2	0	1	0	15	0	4	13	1	0	4	0	0	23	0	0	2	0	0	1	0	0	0	0	0	0	0	0	0	0	0
Elife	2024-10-01	11326774	232529	22907	0	4	2	1	0	2	3	3	0	0	1	8	0	0	0	0	23	0	0	4	0	0	1	0	0	0	0	0	0	0	0	1	0	1
Elife	2024-10-01	11441979	368845	27825	0	2	1	1	0	0	3	2	0	0	43	0	0	0	3	0	22	0	0	2	0	0	0	0	3	0	0	0	0	0	0	0	0	0
Elife	2024-10-01	11321759	22996	1967	0	0	0	0	0	0	2	0	0	2	0	0	0	0	0	0	0	0	0	1	0	0	0	0	0	0	0	0	0	0	0	0	0	0
Elife	2024-10-01	11326778	442516	28386	0	11	0	0	0	0	3	8	0	0	21	6	0	0	4	0	17	0	1	8	0	0	1	0	0	0	0	0	0	0	0	0	0	3
Elife	2024-10-01	11315448	216333	18727	0	6	1	4	0	0	1	0	0	0	11	2	0	0	0	0	26	0	1	6	0	0	0	0	0	0	0	0	0	0	0	0	0	0
Elife	2024-10-01	11321762	196849	18437	0	17	0	2	0	0	2	10	0	0	0	1	0	0	0	0	22	0	0	0	0	0	0	2	0	0	0	0	0	0	0	0	0	0
Elife	2024-10-01	11321760	21747	1983	0	0	0	0	0	0	0	0	0	0	1	0	0	0	0	0	1	0	0	0	0	0	0	0	0	0	0	0	0	0	0	0	0	0
Elife	2024-10-01	11318971	177426	17438	0	15	1	3	0	0	5	8	0	1	0	9	0	0	0	0	47	0	0	4	0	0	0	1	0	0	0	1	0	0	0	0	0	0
Elife	2024-10-01	11321761	207166	19166	0	17	0	4	0	0	0	18	0	1	2	5	0	0	0	0	62	0	0	3	0	0	0	0	0	0	0	0	0	0	0	0	0	0
Elife	2024-10-01	11326773	351590	20124	0	15	1	4	0	0	0	1	0	1	35	4	0	0	1	0	8	0	0	0	0	0	2	0	2	0	0	0	0	1	0	0	0	0
Elife	2024-10-01	11318973	355101	36614	0	48	1	9	0	1	9	3	0	1	0	13	0	0	1	0	76	0	1	6	0	1	4	0	0	0	0	0	0	0	1	2	0	0
Elife	2024-10-01	11335344	150290	12606	0	8	0	2	0	0	1	3	0	9	0	1	0	0	0	0	24	0	0	1	0	0	0	0	0	0	0	0	0	0	0	0	0	0
Elife	2024-10-01	11341091	181173	17993	0	12	0	0	0	0	0	0	0	0	4	2	0	0	1	0	39	0	0	2	0	0	0	0	0	0	0	0	3	0	0	1	0	0
Elife	2024-10-01	11333040	140149	12288	0	4	1	0	0	0	4	2	0	0	3	1	0	0	0	0	25	0	0	1	0	0	0	0	0	0	0	0	0	0	0	0	0	0
Elife	2024-10-01	11329275	145619	14484	0	6	1	0	0	0	0	1	0	0	0	1	0	0	5	0	30	0	0	3	0	0	1	0	0	0	0	0	0	0	0	0	0	0
Elife	2024-10-01	11383528	321135	29053	0	3	0	4	0	0	13	1	0	3	23	1	0	0	0	0	17	0	0	4	0	0	0	0	1	0	0	0	5	0	0	0	0	0
Elife	2024-10-01	11338593	23668	2011	0	0	0	0	0	0	2	0	0	0	0	0	0	0	0	0	2	0	0	0	0	0	0	0	0	0	0	0	0	0	0	0	0	0
Elife	2024-10-01	11335349	345553	33431	2	9	0	0	0	1	4	9	0	6	1	1	0	0	0	0	27	0	0	6	0	0	1	0	1	0	0	0	0	0	0	0	0	0
Elife	2024-10-01	11333042	179681	17584	0	16	2	0	0	0	1	1	0	0	0	6	0	0	0	0	34	0	0	2	0	0	1	0	0	0	0	0	0	0	0	0	0	0
Elife	2024-10-01	11335346	157647	14855	0	13	0	0	0	0	0	0	0	0	0	7	0	0	0	0	18	0	0	5	0	0	2	0	0	0	0	0	0	0	0	0	0	0
Elife	2024-10-01	11335348	289041	26877	0	11	1	30	0	1	4	5	0	1	2	11	0	0	0	0	37	0	0	2	0	0	1	0	0	0	0	0	0	0	0	0	0	0
Elife	2024-10-01	11333044	287314	30896	0	51	0	4	0	0	3	7	0	0	0	9	0	0	2	0	33	0	1	0	0	0	8	0	0	0	0	0	0	0	0	0	0	0
Elife	2024-10-01	11341088	23006	2081	0	0	0	0	0	0	0	1	0	3	0	2	0	0	0	0	1	0	0	1	0	0	0	0	0	0	0	0	0	0	0	0	0	0
Elife	2024-10-01	11333043	183053	18320	0	11	1	2	0	0	0	16	0	1	0	7	0	0	1	0	38	0	0	10	0	0	1	0	0	0	0	0	0	0	0	0	0	0
Elife	2024-10-01	11341090	189246	18702	0	4	0	4	0	1	4	5	0	2	0	3	0	0	0	0	38	0	0	2	0	0	0	0	1	0	0	0	0	0	0	0	0	0
Elife	2024-10-01	11383524	210009	21368	1	4	0	3	0	0	0	1	0	1	0	13	0	0	1	0	29	0	0	4	0	0	0	0	0	0	0	0	0	0	0	0	0	0
Elife	2024-10-01	11333039	18074	1644	0	0	0	0	0	0	0	0	0	0	0	1	0	0	0	0	5	0	0	1	0	0	0	0	0	0	0	0	0	0	0	0	0	0
Elife	2024-10-01	11333046	270848	22462	0	5	1	4	0	0	8	2	0	0	0	2	0	0	0	0	14	0	0	4	0	0	1	0	0	0	0	0	0	0	0	0	0	0
Elife	2024-10-01	11329274	187673	18089	1	9	4	10	0	0	2	4	0	4	0	18	0	0	0	0	88	0	0	3	0	0	2	0	0	0	0	0	0	0	0	0	0	0
Elife	2024-10-01	11335345	198184	18816	0	48	0	10	0	1	1	10	0	0	1	7	0	0	0	0	25	0	0	1	0	0	0	0	0	0	0	0	0	0	0	0	0	0
Elife	2024-10-01	11335347	223205	21573	0	8	0	0	0	1	2	2	0	4	0	1	0	2	0	0	25	0	0	4	0	0	0	0	0	0	0	0	0	0	0	0	0	0
Elife	2024-10-01	11341089	137097	12336	0	30	0	1	0	0	1	2	0	0	5	9	0	0	0	0	62	0	0	2	0	0	0	0	0	0	0	0	0	0	0	0	0	0
Elife	2024-10-01	11349297	303620	24634	0	41	2	8	0	1	7	1	0	0	8	8	0	0	1	0	54	0	0	5	0	0	0	0	0	0	0	0	0	0	0	0	0	0
Elife	2024-10-01	11349299	296049	27415	0	14	1	0	0	0	0	0	0	5	0	5	0	0	0	0	75	0	1	1	0	0	3	0	0	0	0	0	0	1	1	0	0	0
Elife	2024-10-01	11357341	167230	19272	0	13	0	1	0	1	1	5	0	0	0	4	0	0	1	0	32	0	1	9	0	0	1	0	0	0	0	0	0	0	0	0	0	0
Elife	2024-10-01	11349293	174535	17421	0	14	5	3	0	0	1	1	0	0	0	11	0	0	1	0	47	0	0	0	0	0	0	0	2	0	0	0	0	0	0	2	0	0
Elife	2024-10-01	11357351	251666	25815	0	5	0	1	0	3	2	0	0	0	0	1	0	0	3	0	73	0	0	2	0	0	0	0	1	0	0	0	0	0	0	0	0	0
Elife	2024-10-01	11349296	187652	18879	0	6	1	5	0	0	2	7	0	1	0	10	0	0	0	0	20	0	5	3	0	0	2	1	0	0	0	0	2	0	0	0	0	0
Elife	2024-10-01	11361706	190472	16698	0	3	0	1	0	0	0	12	0	0	0	3	0	0	0	0	28	0	0	3	0	0	0	0	0	0	0	0	0	0	0	0	0	0
Elife	2024-10-01	11343563	154016	15280	0	8	0	3	0	0	0	5	0	0	13	2	0	0	2	0	26	0	0	4	0	0	0	0	0	0	0	0	0	0	0	0	0	0
Elife	2024-10-01	11357343	207128	14403	0	6	0	0	0	0	9	0	0	0	1	8	0	0	0	0	11	0	0	1	0	0	1	12	0	0	0	0	2	0	0	0	0	0
Elife	2024-10-01	11357348	240850	25159	0	16	1	0	0	0	2	0	0	0	7	1	0	0	0	0	22	0	0	4	0	0	4	0	0	0	0	0	0	0	0	1	0	0
Elife	2024-10-01	11364439	222347	22636	0	25	0	3	0	0	0	0	0	4	0	3	0	0	0	0	48	0	0	6	0	0	0	0	0	0	0	0	0	1	0	0	0	0
Elife	2024-10-01	11357353	242623	23729	0	14	1	0	0	1	4	1	0	0	1	4	0	0	1	0	24	0	2	8	0	1	0	0	0	0	0	0	0	0	0	0	0	0
Elife	2024-10-01	11349298	247863	23705	0	19	1	6	0	0	5	15	0	2	0	9	0	0	0	0	24	0	0	7	0	0	0	0	1	0	0	0	0	0	0	0	0	0
Elife	2024-10-01	11361708	195128	16613	0	7	2	2	0	2	1	1	0	1	4	6	0	0	1	0	28	0	0	2	0	0	0	1	0	0	0	0	0	0	0	0	0	0
Elife	2024-10-01	11349300	267028	27817	0	8	0	9	0	1	6	1	0	1	19	6	0	0	4	0	76	0	0	2	0	0	3	0	0	0	0	0	1	0	1	0	0	0
Elife	2024-10-01	11364436	624904	37094	0	7	0	2	0	0	2	10	0	0	16	5	0	0	2	0	74	0	0	0	0	0	0	0	0	0	1	0	0	0	0	1	0	0
Elife	2024-10-01	11361709	173745	17030	1	4	1	2	0	0	0	0	0	2	17	4	0	0	0	0	26	0	0	1	0	0	2	0	1	0	0	0	0	0	0	0	0	0
Elife	2024-10-01	11361707	197333	19157	0	5	0	5	0	0	2	8	0	4	0	7	0	0	1	0	29	0	0	5	0	0	3	0	0	0	0	0	0	0	0	0	0	0
Elife	2024-10-01	11349301	335582	35436	0	18	1	0	0	0	8	20	0	1	16	7	0	2	0	0	29	0	1	9	0	0	1	0	1	0	0	0	0	2	0	0	1	0
Elife	2024-10-01	11361705	200494	20748	0	5	1	0	0	0	1	1	0	0	2	2	0	0	0	0	9	0	1	1	0	0	4	0	1	0	0	0	0	0	1	0	0	0
Elife	2024-10-01	11449487	304873	30153	0	8	3	9	0	1	11	1	0	10	2	9	0	0	1	0	19	0	0	0	0	0	0	1	0	0	0	0	0	1	0	0	0	2
Elife	2024-10-01	11357354	202802	19321	0	10	0	5	0	0	3	2	0	2	3	10	0	3	0	0	57	0	0	1	0	0	3	0	0	0	0	0	0	0	0	0	0	0
Elife	2024-10-01	11364437	252046	22587	0	26	3	0	0	0	28	1	0	1	1	4	0	0	0	0	38	0	1	4	0	0	0	2	2	0	0	0	0	0	1	0	0	0
Elife	2024-10-01	11364438	208743	20187	0	26	1	19	0	3	2	11	0	8	0	7	0	0	1	0	32	0	1	4	0	0	1	0	0	0	0	0	0	0	0	0	0	0
Elife	2024-10-01	11343564	338050	32485	0	13	4	7	0	1	3	1	0	0	2	2	0	0	2	0	27	0	1	2	0	0	0	3	0	0	0	0	1	0	0	0	3	0
Elife	2024-10-01	11379454	211787	20228	0	20	10	12	1	0	4	11	0	11	4	10	0	0	3	0	75	0	0	1	0	0	0	0	0	0	0	0	0	0	0	1	0	0
Elife	2024-10-01	11377032	18621	1514	0	0	0	0	0	0	0	0	0	0	0	0	0	0	0	0	2	0	0	0	0	0	0	0	0	0	0	0	0	0	0	0	0	0
Elife	2024-10-01	11466282	291394	28842	0	46	1	0	0	3	1	1	0	0	3	3	0	2	0	0	40	0	2	0	0	0	2	1	0	0	0	0	1	0	0	0	0	0
Elife	2024-10-01	11368401	264787	27476	0	14	3	1	0	0	1	2	0	5	0	1	0	0	1	0	40	0	0	5	0	0	0	0	0	0	0	0	0	0	0	0	0	0
Elife	2024-10-01	11377033	178235	17267	0	12	1	4	0	0	13	12	0	0	3	7	0	0	0	0	34	0	0	4	0	0	4	0	1	1	0	0	0	0	1	1	0	0
Elife	2024-10-01	11426971	234238	21142	0	4	2	1	0	0	1	1	0	5	3	4	0	0	0	0	20	0	0	0	0	0	0	1	0	0	1	0	0	0	0	0	0	0
Elife	2024-10-01	11377061	199503	19287	0	18	2	1	0	0	1	9	0	0	0	0	0	0	0	0	35	0	4	4	0	0	0	0	0	0	0	2	0	0	0	0	0	0
Elife	2024-10-01	11377039	240161	23783	0	18	2	6	0	4	5	8	0	5	0	15	0	0	0	0	57	0	1	8	0	0	1	0	2	0	0	0	0	0	0	0	0	0
Elife	2024-10-01	11379456	172692	17402	0	0	2	0	0	0	15	1	0	0	2	8	0	0	0	0	15	0	0	0	0	0	0	0	1	0	0	0	0	0	1	0	0	0
Elife	2024-10-01	11379460	266071	26558	1	8	0	0	0	4	5	4	0	0	0	1	0	0	0	0	29	0	2	4	0	0	2	0	1	0	0	0	0	0	0	0	0	0
Elife	2024-10-01	11374303	287312	28579	0	22	4	5	0	0	0	3	0	4	2	9	0	0	1	0	25	0	0	1	0	0	1	1	0	0	0	0	0	0	0	4	0	0
Elife	2024-10-01	11371357	192802	18821	0	9	1	8	0	1	0	0	0	0	0	23	0	0	0	0	24	0	0	0	0	0	0	0	0	0	0	0	0	0	0	0	0	0
Elife	2024-10-01	11379461	250451	24925	0	10	2	4	0	0	1	0	0	3	20	18	0	0	3	0	95	0	1	16	0	0	0	0	1	0	0	0	0	0	0	0	0	6
Elife	2024-10-01	11368399	19343	1751	0	0	0	0	0	0	1	0	0	0	0	0	0	0	0	0	6	0	0	1	0	0	0	0	0	0	0	0	0	0	0	0	0	0
Elife	2024-10-01	11368402	206205	20416	0	18	4	2	0	0	6	11	0	0	15	2	0	0	2	0	41	0	1	2	0	0	2	0	1	0	0	0	1	0	0	0	0	0
Elife	2024-10-01	11377035	195072	17641	0	19	0	1	0	0	2	3	0	0	2	6	0	1	1	0	21	0	2	2	0	1	0	0	1	0	0	0	0	0	0	0	0	0
Elife	2024-10-01	11377036	321718	30583	0	19	1	9	0	0	9	22	0	0	12	4	0	0	0	0	81	0	0	8	0	0	1	0	0	0	0	0	0	0	0	0	0	0
Elife	2024-10-01	11368400	125785	14928	0	4	0	2	0	0	1	0	0	0	0	11	0	0	0	0	26	0	0	1	0	0	0	0	1	0	0	0	0	0	0	0	0	2
Elife	2024-10-01	11377060	229088	22059	0	4	0	9	0	0	1	2	0	9	1	9	0	0	0	0	34	0	0	10	0	0	1	0	0	0	0	0	0	0	0	0	0	0
Elife	2024-10-01	11379453	237953	21276	0	9	6	1	0	0	7	18	0	1	48	3	0	0	10	0	55	0	0	0	0	0	1	0	1	0	0	0	0	2	0	2	0	0
Elife	2024-10-01	11368403	209874	21255	0	10	0	4	0	0	2	2	0	0	2	6	0	0	1	0	54	0	0	5	0	0	0	0	1	0	0	0	1	0	0	8	0	0
Elife	2024-10-01	11377038	258462	23851	2	8	1	10	0	1	7	4	0	4	1	15	0	0	0	0	31	0	1	2	0	0	0	0	0	0	0	0	0	0	0	0	0	0
Elife	2024-10-01	11379459	405265	31398	0	28	0	2	0	0	3	1	0	0	21	3	0	0	1	0	39	0	0	5	0	0	2	0	0	2	0	0	7	4	3	0	0	0
Elife	2024-10-01	11379452	15978	1772	0	1	2	0	0	0	0	0	0	0	1	0	0	0	0	0	0	0	0	0	0	0	0	0	0	0	0	0	0	0	0	0	0	0
Elife	2024-10-01	11379457	242586	17845	0	4	4	3	0	0	0	4	0	1	20	2	0	0	2	0	10	0	1	2	0	0	1	0	0	0	0	0	0	0	0	0	0	0
Elife	2024-10-01	11386953	261047	22415	0	14	1	2	0	0	9	10	0	0	27	5	0	0	2	0	24	0	0	8	0	0	1	0	1	0	2	0	6	0	0	0	0	0
Elife	2024-10-01	11386958	319710	27914	1	4	0	0	0	1	3	11	0	5	0	6	0	0	0	0	31	0	3	3	0	0	0	0	0	0	0	0	0	0	0	0	0	0
Elife	2024-10-01	11386954	265774	26459	0	5	0	1	0	0	6	7	0	3	4	1	0	0	0	0	43	0	0	1	0	0	0	0	0	0	0	0	0	0	0	0	0	0
Elife	2024-10-01	11392532	260674	23828	0	17	0	4	0	3	5	2	1	0	1	7	0	0	3	0	54	0	2	1	0	0	0	0	0	0	0	0	0	0	0	0	0	0
Elife	2024-10-01	11392529	239397	25245	0	14	1	3	0	2	2	4	0	1	1	11	0	0	3	0	63	0	2	11	0	0	3	0	0	0	0	0	0	0	0	0	0	0
Elife	2024-10-01	11392533	229673	22362	0	2	0	1	0	0	0	5	0	5	0	4	0	0	0	0	52	0	0	1	0	0	1	0	0	0	0	0	0	1	0	0	0	0
Elife	2024-10-01	11390105	131092	13125	0	17	0	3	0	0	1	3	0	0	0	0	0	0	0	0	27	0	2	0	0	1	2	0	1	0	0	0	0	0	0	0	0	0
Elife	2024-10-01	11398860	8084	714	0	0	0	0	0	0	0	0	0	0	0	0	0	0	0	0	0	0	0	0	0	0	0	0	0	0	0	0	0	0	0	0	0	0
Elife	2024-10-01	11392530	383446	27023	0	8	4	6	0	0	6	0	0	0	87	2	0	0	1	0	23	0	3	3	0	0	1	0	0	0	0	0	10	0	0	0	0	1
Elife	2024-10-01	11398868	257028	26227	0	13	0	4	0	0	4	6	0	3	4	0	0	1	6	0	30	0	2	1	0	0	1	0	0	0	0	0	0	0	0	1	23	0
Elife	2024-10-01	11398863	185526	18562	0	13	0	3	0	0	3	1	0	1	0	4	0	0	0	0	24	0	0	0	0	0	0	0	1	0	0	0	0	0	0	0	0	0
Elife	2024-10-01	11383529	290423	28281	0	27	5	4	0	0	5	20	0	0	3	2	0	0	3	0	119	0	0	4	0	0	3	0	1	0	0	0	0	0	0	0	0	0
Elife	2024-10-01	11390114	244467	22913	0	25	7	4	0	0	5	2	0	0	17	6	0	0	0	0	77	0	0	11	0	1	0	0	1	0	0	0	0	0	0	0	0	0
Elife	2024-10-01	11383526	157657	15262	0	10	2	2	0	1	0	1	0	1	3	9	0	0	0	0	62	0	0	2	0	0	0	0	1	0	0	0	0	0	1	0	0	0
Elife	2024-10-01	11390106	166380	15867	0	14	0	0	0	0	3	6	0	0	0	4	0	0	0	0	32	0	0	1	0	0	4	0	0	0	0	0	0	0	0	0	0	0
Elife	2024-10-01	11398862	185515	21182	0	25	6	0	0	0	3	11	0	3	2	2	0	1	1	0	60	0	0	3	0	0	0	0	0	0	0	0	0	0	1	13	0	0
Elife	2024-10-01	11398861	145082	13689	0	21	0	0	0	0	1	4	0	0	0	1	0	0	0	0	21	0	0	4	0	0	0	0	0	0	0	0	0	0	0	0	0	0
Elife	2024-10-01	11383525	166952	16493	0	6	0	0	0	0	4	5	0	0	0	8	0	0	0	0	22	0	0	0	0	0	0	0	0	0	0	0	0	0	0	0	14	0
Elife	2024-10-01	11398864	346185	27353	0	8	4	2	0	0	4	0	0	0	15	0	0	0	1	0	47	0	0	1	0	0	1	0	0	0	0	0	2	0	0	0	0	0
Elife	2024-10-01	11386965	336212	35525	0	5	1	0	0	0	3	8	0	3	7	9	0	0	2	0	72	0	0	7	0	0	3	0	2	0	0	0	2	0	2	0	0	0
Elife	2024-10-01	11390108	203599	22479	0	42	6	4	0	0	1	2	0	0	0	13	0	0	0	0	43	0	1	2	0	1	0	0	0	0	0	0	0	0	0	0	0	0
Elife	2024-10-01	11392531	210533	20231	0	11	1	5	0	0	16	11	0	2	0	6	0	0	0	0	31	0	0	3	0	0	2	0	0	0	0	0	0	0	0	1	0	0
Elife	2024-10-01	11390111	194508	19465	0	11	2	9	0	0	1	3	0	3	2	15	0	0	1	0	24	0	0	3	0	0	1	0	0	0	0	0	0	0	0	0	0	0
Elife	2024-10-01	11398867	210366	20195	0	9	2	7	0	3	3	3	0	45	2	7	0	0	1	0	70	0	1	3	0	0	1	0	0	0	0	0	0	0	0	1	1	0
Elife	2024-10-01	11386957	185183	18447	0	18	0	0	0	0	0	8	0	0	1	0	0	0	0	0	16	0	2	3	0	0	0	0	0	0	0	0	0	0	0	0	0	0
Elife	2024-10-01	11405012	201567	19786	0	22	1	2	0	0	1	1	0	1	1	0	0	1	0	0	51	0	0	4	0	0	1	0	0	0	0	0	0	0	0	0	0	0
Elife	2024-10-01	11405019	228713	17183	0	11	0	3	0	0	11	0	0	1	0	6	0	0	1	0	18	0	0	0	0	0	0	0	1	0	0	0	0	0	0	0	0	0
Elife	2024-10-01	11581439	575939	56125	0	10	4	3	0	0	12	0	0	8	29	21	0	0	8	0	61	0	0	14	0	0	3	0	0	0	3	0	1	1	3	0	2	0
Elife	2024-10-01	11410369	145995	16485	0	16	0	0	0	1	2	4	0	1	1	2	0	0	0	0	23	0	0	28	0	0	5	0	0	0	0	0	0	0	0	0	0	0
Elife	2024-10-01	11407769	282614	29592	0	29	0	29	0	1	1	3	0	2	6	0	0	1	1	0	74	0	0	5	0	0	0	1	0	0	0	0	0	0	0	0	0	0
Elife	2024-10-01	11407766	203138	18660	0	7	0	0	0	1	2	3	0	2	0	5	0	0	0	0	37	0	1	1	0	0	0	1	0	0	0	0	0	0	0	0	0	0
Elife	2024-10-01	11407767	213406	20686	2	9	0	0	0	2	4	5	0	0	0	6	0	0	0	0	50	0	1	8	0	0	0	0	1	0	0	0	0	0	0	0	0	0
Elife	2024-10-01	11412720	257071	25096	0	33	3	0	0	0	0	0	0	1	1	1	0	0	1	0	22	0	0	3	0	0	0	0	1	0	0	0	0	0	0	0	0	1
Elife	2024-10-01	11405013	178056	16113	0	3	0	2	0	0	6	0	0	0	3	2	0	0	0	0	9	0	1	1	0	0	0	1	0	0	0	0	0	0	0	0	0	1
Elife	2024-10-01	11415074	264538	25019	0	12	7	4	0	0	3	2	0	1	1	10	0	0	1	0	27	0	0	0	0	0	0	0	0	0	0	0	0	0	0	0	0	0
Elife	2024-10-01	11407763	39383	4123	0	0	0	0	0	0	0	2	0	0	0	0	0	0	0	0	2	0	0	0	0	1	0	0	0	0	0	0	0	0	0	0	0	0
Elife	2024-10-01	11407768	232676	25337	0	9	0	3	0	1	10	2	0	0	0	1	0	0	0	0	31	0	0	2	0	0	2	0	0	0	0	0	0	0	0	0	0	0
Elife	2024-10-01	11410372	249279	23638	0	19	0	2	0	5	11	1	0	0	2	31	0	0	0	0	64	0	1	14	0	0	0	0	0	0	0	0	0	0	0	0	0	0
Elife	2024-10-01	11410371	209666	19033	0	6	0	0	0	0	2	3	0	0	0	4	0	0	0	0	27	0	0	4	0	0	0	0	1	0	0	0	0	0	1	0	0	0
Elife	2024-10-01	11410370	265777	29126	0	9	0	0	0	5	11	7	0	0	0	1	0	0	1	0	16	0	0	10	0	0	5	0	0	0	0	0	0	0	1	0	0	0
Elife	2024-10-01	11415076	310880	28853	0	25	2	12	0	0	0	6	0	2	1	1	0	0	1	0	63	0	1	3	0	0	0	0	0	0	0	0	1	0	0	0	0	1
Elife	2024-10-01	11412721	245272	21525	0	44	0	0	0	0	0	0	0	2	0	2	0	0	1	0	12	0	0	1	0	0	0	0	0	0	0	0	0	0	0	0	0	0
Elife	2024-10-01	11407765	171224	17709	0	9	5	0	0	0	0	1	0	1	0	1	0	0	0	0	24	0	1	6	0	0	1	0	0	0	0	0	0	0	0	0	0	0
Elife	2024-10-01	11412693	209463	19482	0	7	0	0	0	1	2	0	0	5	0	3	0	0	0	0	15	0	2	0	0	0	0	0	0	0	0	0	0	0	0	0	0	0
Elife	2024-10-01	11415072	22509	1859	0	0	0	0	0	0	0	0	0	0	0	0	0	0	0	0	2	0	0	1	0	0	0	0	0	0	0	0	0	0	0	0	0	0
Elife	2024-10-01	11415073	181283	16677	0	7	3	5	0	0	2	2	0	0	5	3	0	0	3	0	65	0	0	0	0	0	0	0	3	0	0	0	0	0	0	0	0	0
Elife	2024-10-01	11412690	168224	18357	0	6	3	3	0	1	0	2	0	0	3	2	0	0	2	0	48	0	0	11	0	0	0	0	0	0	0	0	0	0	0	0	0	0
Elife	2024-10-01	11415075	155028	12816	0	1	2	2	0	0	4	0	0	3	0	4	0	0	1	0	36	0	0	7	0	0	0	0	0	0	0	0	0	0	0	0	0	1
Elife	2024-10-01	11412691	166594	16559	0	33	0	1	0	0	0	1	0	0	0	4	0	0	0	0	37	0	0	2	0	0	0	0	0	0	0	0	0	0	0	0	0	0
Elife	2024-10-01	11405014	174605	16690	0	7	1	1	0	1	5	0	0	2	3	3	0	0	0	0	61	0	1	4	0	0	0	0	0	0	0	0	0	0	0	2	0	0
Elife	2024-10-01	11426967	32679	2644	0	1	0	0	0	0	0	0	0	0	0	0	0	0	0	0	4	0	0	0	0	0	0	0	0	0	0	0	0	0	0	0	0	0
Elife	2024-10-01	11424095	354765	41919	0	1	3	2	0	0	14	4	0	3	0	4	0	0	5	0	89	0	0	7	0	0	6	2	0	0	0	0	0	0	0	1	1	0
Elife	2024-10-01	11419669	225053	23364	4	36	0	1	0	0	4	2	0	0	1	3	0	0	0	0	26	0	1	3	0	0	2	0	0	0	0	0	0	0	0	0	0	0
Elife	2024-10-01	11444677	24500	2138	0	2	0	0	0	0	1	2	0	0	0	0	0	0	0	0	3	0	0	2	0	0	0	0	0	0	0	0	0	0	0	0	0	0
Elife	2024-10-01	11434622	186056	18948	0	12	2	1	0	0	2	1	0	1	4	9	0	0	0	0	40	0	0	8	0	0	0	2	0	0	0	0	0	0	0	0	0	0
Elife	2024-10-01	11509677	281548	26668	0	18	0	1	0	2	0	0	0	8	0	1	0	0	1	0	18	0	4	0	0	0	1	3	0	0	1	0	0	0	0	0	0	0
Elife	2024-10-01	11426966	6726	531	0	0	0	0	0	0	0	0	0	0	0	0	0	0	0	0	0	0	0	0	0	0	0	0	0	0	0	0	0	0	0	0	0	0
Elife	2024-10-01	11434637	289275	21556	2	2	2	1	0	1	4	0	0	1	5	6	0	0	6	0	37	0	0	3	0	0	2	0	0	0	0	0	0	1	0	0	0	1
Elife	2024-10-01	11426968	217091	22256	0	16	0	4	0	0	10	25	0	0	0	13	0	0	0	0	70	0	0	3	0	1	0	5	1	0	0	0	0	0	0	0	0	0
Elife	2024-10-01	11441976	195214	20179	1	20	1	2	0	0	10	5	0	0	0	19	0	0	0	0	36	0	0	5	0	0	0	0	0	0	0	0	0	0	0	0	0	0
Elife	2024-10-01	11434609	136194	13679	0	15	2	1	0	1	2	1	0	0	1	5	0	0	0	0	57	0	2	8	0	0	0	0	0	0	0	0	1	0	0	0	0	0
Elife	2024-10-01	11434620	275552	21075	0	5	2	1	0	0	0	0	0	3	0	6	0	0	2	0	18	0	1	1	0	0	0	0	2	0	1	0	0	0	0	0	0	0
Elife	2024-10-01	11419670	200952	18087	0	6	2	7	0	0	2	9	0	0	6	0	0	0	4	0	24	0	0	4	0	0	0	0	0	0	0	0	0	0	0	1	0	0
Elife	2024-10-01	11441978	215758	22108	0	13	2	0	0	0	2	0	0	0	0	5	0	0	0	0	40	0	0	1	0	0	1	0	1	0	0	0	0	0	0	0	0	0
Elife	2024-10-01	11444678	197595	19196	0	8	1	1	0	0	2	1	0	2	0	2	0	0	1	0	4	0	1	2	0	0	1	0	0	0	0	0	0	0	0	0	0	0
Elife	2024-10-01	11421849	261700	26266	0	41	4	0	0	0	6	10	0	0	29	4	0	0	8	0	62	0	0	14	0	0	3	0	0	0	0	0	2	0	2	0	0	0
Elife	2024-10-01	11444679	215988	21360	0	16	5	2	0	0	3	1	0	1	0	3	0	0	0	0	31	0	5	0	0	0	2	3	0	0	0	1	0	0	3	0	0	0
Elife	2024-10-01	11434610	171091	16586	1	17	1	3	0	0	3	4	0	4	2	9	0	0	0	0	29	0	0	2	0	0	0	0	0	0	0	0	0	0	0	0	0	0
Elife	2024-10-01	11419668	9319	735	0	0	0	0	0	0	0	0	0	0	0	0	0	0	0	0	0	0	0	0	0	0	0	1	0	0	0	0	0	0	0	0	0	0
Elife	2024-10-01	11441975	19298	1691	0	0	0	0	0	0	0	0	0	0	0	1	0	0	0	0	0	0	0	0	0	0	0	0	0	0	0	0	0	0	0	0	0	0
Elife	2024-10-01	11424097	625002	55685	0	28	1	6	0	0	13	4	0	1	122	3	0	0	0	0	105	0	0	7	0	0	1	0	1	0	0	0	0	0	0	0	0	0
Elife	2024-10-01	11444681	192683	18336	0	14	0	2	0	0	1	1	0	0	5	4	0	0	0	0	38	0	0	4	0	0	11	0	1	0	0	0	0	0	0	0	0	0
Elife	2024-10-01	11434614	219341	20084	0	1	1	1	0	1	1	4	0	0	7	3	0	0	5	0	25	0	0	1	0	0	2	0	4	0	0	0	1	1	0	0	0	0
Elife	2024-10-01	11421850	256674	26853	0	12	2	10	0	1	11	0	0	9	0	2	0	0	1	0	62	0	0	2	0	0	3	0	1	0	0	0	0	0	0	2	0	0
Elife	2024-10-01	11444680	238078	22657	0	23	5	7	0	0	0	6	0	0	1	7	0	0	0	0	52	0	0	1	0	0	0	1	0	0	0	0	0	0	0	1	0	0
