journal	date	pmc_id	Nchars	Nwords	delve	analyse	acknowledge	assess	appraise	dissect	explore	examine	extricate	expose	estimate	investigate	inquire	inspect	interpret	scrutinise	study	unearth	uncover	understand	ponder	research	reason	retrieve	avoid	discount	disregard	dismiss	ignore	neglect	overlook	omit	skip	reject
Elife	2022-01-01	8570695	221491	21149	0	8	1	0	0	1	3	3	0	0	14	4	0	0	1	2	14	0	0	0	0	0	0	0	0	0	2	0	2	0	0	1	0	0
Elife	2022-01-01	8492060	245233	24615	0	8	1	1	0	2	11	2	0	0	0	6	0	0	1	0	44	0	0	3	0	0	0	0	0	0	0	0	0	0	0	0	0	0
Elife	2022-01-01	8555985	292260	27548	0	27	0	5	0	0	1	3	0	0	0	1	0	0	0	0	29	0	0	1	0	0	0	0	0	0	0	0	0	0	0	0	0	0
Elife	2022-01-01	8555983	321534	24057	0	2	1	0	0	1	2	0	0	0	6	6	0	0	3	0	26	0	0	1	0	0	5	0	0	0	0	0	1	0	0	0	0	0
Elife	2022-01-01	8612705	210880	22762	0	13	0	2	0	1	1	4	0	5	2	1	0	0	0	0	38	0	0	0	0	0	3	0	0	0	0	0	0	0	0	0	0	0
Elife	2022-01-01	8489898	209867	16866	0	1	0	0	0	3	0	1	0	1	0	3	0	0	0	0	27	0	1	4	0	0	0	0	0	0	0	0	0	0	0	0	3	0
Elife	2022-01-01	8530512	254270	25164	0	51	0	0	0	2	0	2	0	0	1	2	0	0	1	0	47	0	0	1	0	0	0	0	0	0	0	0	0	0	0	0	0	0
Elife	2022-01-01	8492064	297494	28248	0	19	0	4	0	0	4	3	0	0	4	1	0	0	0	0	26	0	0	2	0	0	0	0	0	0	0	0	1	0	2	0	0	0
Elife	2022-01-01	8594940	183516	20169	0	5	1	1	0	8	0	17	0	20	0	4	0	0	0	0	26	0	0	0	0	0	0	0	0	0	0	0	4	0	0	0	0	0
Elife	2022-01-01	8523159	300278	31619	0	35	2	5	0	0	0	10	0	0	0	2	0	0	0	0	39	0	4	4	0	0	0	1	0	0	0	0	0	0	0	0	0	0
Elife	2022-01-01	8594941	234902	25799	0	4	0	3	0	2	1	5	0	1	20	1	0	0	8	0	77	0	0	3	0	0	6	0	2	0	0	0	0	0	0	0	0	0
Elife	2022-01-01	8594916	270311	21482	0	6	0	0	0	0	1	0	0	1	12	3	0	0	3	0	11	0	2	0	0	0	1	0	0	0	0	0	0	0	0	0	0	0
Elife	2022-01-01	8516417	274217	27797	0	31	0	27	0	0	2	0	0	2	47	13	0	0	2	0	23	0	0	1	0	0	2	0	0	0	0	0	0	0	1	0	0	0
Elife	2022-01-01	8530509	167435	18255	0	12	0	7	0	0	6	3	0	0	6	4	0	1	0	0	16	0	0	2	0	0	0	3	0	0	1	0	0	0	0	2	1	0
Elife	2022-01-01	8494478	410705	30895	0	7	0	4	0	1	0	3	0	1	31	14	0	0	1	0	45	0	0	5	0	0	0	0	0	0	0	0	2	0	0	0	0	0
Elife	2022-01-01	8570697	257019	27394	0	15	1	2	0	0	2	1	0	43	4	14	0	0	3	0	73	0	1	8	0	0	5	0	0	0	0	0	0	0	0	0	0	0
Elife	2022-01-01	8497053	307174	29865	0	4	3	1	1	0	2	1	0	0	1	15	0	0	0	0	76	0	0	13	0	0	2	0	0	0	0	0	0	0	0	0	0	0
Elife	2022-01-01	8547962	248126	24903	2	17	2	0	0	0	1	0	0	0	1	1	0	0	0	0	66	0	1	3	0	0	2	0	0	0	0	0	0	0	0	0	0	0
Elife	2022-01-01	8577837	507766	28726	0	14	0	0	0	0	1	0	0	0	11	2	0	0	0	0	17	0	0	3	0	0	2	0	0	0	0	0	3	0	0	0	0	0
Elife	2022-01-01	8547949	107691	11513	0	5	0	2	0	0	0	8	0	2	0	2	0	0	0	0	30	0	0	2	0	0	0	0	0	0	0	0	0	0	1	0	0	3
Elife	2022-01-01	8492066	159087	15406	0	7	1	0	0	0	0	0	0	1	2	2	0	0	0	0	20	0	0	5	0	0	0	0	0	0	0	0	0	0	0	1	0	0
Elife	2022-01-01	8523152	254726	26320	0	21	2	5	0	0	4	2	0	0	3	1	0	0	3	0	24	0	1	1	0	0	2	0	0	0	0	0	0	0	0	0	0	1
Elife	2022-01-01	8553336	168426	17971	0	10	1	0	0	2	1	0	0	0	0	0	0	0	0	0	13	0	0	0	0	0	4	0	0	0	0	0	0	0	0	0	1	0
Elife	2022-01-01	8492065	320293	28538	0	22	0	2	0	2	1	4	0	1	4	1	0	1	1	0	19	0	0	1	0	0	1	1	0	0	0	0	0	0	0	0	0	0
Elife	2022-01-01	8612731	302010	27438	0	21	0	4	0	1	4	3	0	0	6	1	0	0	0	0	43	0	0	2	0	0	1	0	0	0	0	0	0	0	0	0	0	1
Elife	2022-01-01	8504966	260814	27545	0	42	0	2	0	9	0	2	0	3	4	11	0	1	0	0	15	0	0	1	0	0	0	1	2	0	0	0	0	0	0	0	0	0
Elife	2022-01-01	8555982	151701	16229	0	24	0	2	0	0	0	11	0	0	0	1	0	0	0	0	46	0	0	1	0	0	4	0	0	2	0	0	0	0	1	0	0	0
Elife	2022-01-01	8550772	204037	21411	0	7	0	0	0	0	0	0	0	0	0	0	0	0	2	0	13	0	1	2	0	0	2	0	0	0	0	0	2	0	0	0	14	0
Elife	2022-01-01	8555986	293131	26687	0	4	1	2	0	20	0	3	0	0	0	1	0	0	1	0	31	0	1	4	0	0	0	0	1	0	0	0	0	0	0	1	0	0
Elife	2022-01-01	8639143	175221	15397	0	9	0	3	0	2	0	5	0	0	0	4	0	0	0	0	17	0	0	1	0	0	1	1	0	0	0	0	0	0	0	0	0	0
Elife	2022-01-01	8536254	174576	18276	0	15	0	1	0	0	0	9	0	0	4	1	0	0	5	0	17	0	0	1	0	0	1	0	0	0	0	0	0	0	0	0	0	0
Elife	2022-01-01	8516414	199529	16211	0	0	0	0	0	0	1	3	0	0	0	0	0	0	0	0	15	0	0	1	0	0	0	1	0	0	0	0	0	0	0	0	14	0
Elife	2022-01-01	8570691	171637	16669	0	21	2	1	0	1	4	12	0	0	0	5	0	0	0	0	12	0	1	1	0	0	0	0	1	0	0	0	0	0	0	0	0	0
Elife	2022-01-01	8545397	250028	24288	0	20	3	17	0	0	1	4	0	3	0	1	0	0	0	0	89	0	0	0	0	0	1	0	0	0	0	0	0	0	0	0	0	0
Elife	2022-01-01	8514239	125725	12629	0	17	1	0	0	0	0	0	0	0	0	0	0	0	0	0	6	0	0	1	0	0	0	0	0	0	0	0	0	0	0	0	0	0
Elife	2022-01-01	8589447	339464	32083	0	27	0	9	0	0	0	0	0	0	1	5	0	0	1	0	21	0	0	4	0	0	5	0	0	0	0	0	0	0	0	0	0	0
Elife	2022-01-01	8553343	155731	15824	0	4	0	3	0	0	1	2	0	1	0	1	0	0	0	0	16	0	0	0	0	2	1	0	0	0	0	0	0	0	1	0	0	0
Elife	2022-01-01	8516411	28894	2245	0	0	0	0	0	0	0	0	0	1	0	1	0	0	0	0	2	0	0	0	0	0	0	0	0	0	0	0	0	0	0	0	0	0
Elife	2022-01-01	8589449	329064	32075	0	12	0	0	0	0	0	20	0	1	0	6	0	0	2	0	40	0	0	2	0	0	2	0	0	0	0	0	0	0	0	0	0	0
Elife	2022-01-01	8568339	168282	17935	0	9	1	0	0	0	8	2	0	1	15	6	0	0	0	0	40	0	1	3	0	0	2	0	0	0	0	0	3	2	1	0	0	0
Elife	2022-01-01	8553340	215293	22748	0	18	0	2	0	0	1	2	0	5	0	4	0	0	0	0	45	0	0	0	0	0	0	1	0	0	0	0	0	0	0	0	0	1
Elife	2022-01-01	8594942	297538	28289	0	21	0	0	0	5	1	0	0	0	1	2	0	0	1	0	64	0	1	3	0	0	1	0	1	0	0	0	0	0	0	0	0	0
Elife	2022-01-01	8580480	284658	19411	0	1	1	2	0	2	0	0	0	0	13	9	0	0	4	0	12	0	0	8	0	0	0	0	0	0	0	0	1	0	0	0	0	0
Elife	2022-01-01	8510582	697886	41758	0	15	1	0	0	0	5	8	0	0	31	8	0	0	2	0	78	0	0	2	0	0	4	0	4	0	0	0	2	0	0	0	0	0
Elife	2022-01-01	8526059	285874	36243	0	17	4	0	0	0	2	7	0	1	42	6	0	0	0	0	53	0	1	12	0	0	1	0	1	0	0	0	0	0	0	0	0	0
Elife	2022-01-01	8510578	342854	29329	0	3	0	1	0	0	7	3	0	8	1	1	0	0	1	0	20	0	0	2	0	0	0	0	11	0	0	0	0	0	0	1	0	0
Elife	2022-01-01	8577847	341873	34605	0	36	0	2	0	0	0	1	0	0	0	6	0	0	2	0	133	0	2	3	0	0	2	0	1	0	0	0	0	0	0	0	0	0
Elife	2022-01-01	8687657	280265	27948	0	18	2	1	0	0	0	3	0	0	3	1	0	2	0	0	16	0	0	4	0	0	1	1	0	0	0	0	0	0	0	0	0	0
Elife	2022-01-01	8553338	320616	24450	0	12	0	2	0	0	0	9	0	0	0	9	0	1	0	1	20	0	1	0	0	0	0	0	0	0	0	0	0	0	0	1	0	2
Elife	2022-01-01	8510577	25998	2195	0	1	0	0	0	0	0	0	0	0	0	0	0	0	0	0	1	0	0	0	0	0	0	0	0	0	0	0	0	0	0	0	0	0
Elife	2022-01-01	8612735	219177	23418	0	15	0	0	0	3	3	1	0	0	7	0	0	0	0	0	31	0	0	1	0	0	2	0	0	0	0	0	0	0	0	0	0	0
Elife	2022-01-01	8555987	243607	23674	0	16	2	5	0	0	3	5	0	0	3	2	0	0	0	0	9	0	0	6	0	0	0	0	0	0	0	0	0	0	0	0	0	0
Elife	2022-01-01	8598165	202228	20556	0	12	1	4	0	0	0	0	0	0	4	12	0	0	0	0	13	0	1	0	0	0	1	0	1	0	0	1	0	0	0	0	0	0
Elife	2022-01-01	8523147	18751	1802	0	0	0	0	0	0	0	0	0	0	0	3	0	0	0	0	3	0	0	3	0	0	0	0	0	0	0	0	0	0	0	0	0	0
Elife	2022-01-01	8592530	239433	23213	0	3	1	3	0	0	0	2	0	4	0	5	0	0	1	0	25	0	0	0	0	0	0	0	0	0	0	0	0	0	0	0	0	0
Elife	2022-01-01	8523168	233934	24792	0	13	0	6	0	0	5	1	0	1	18	1	0	2	6	0	61	0	0	2	0	0	4	0	0	0	0	0	0	2	0	1	0	1
Elife	2022-01-01	8550753	166487	15773	0	12	4	2	0	1	0	5	0	0	0	6	0	0	0	0	18	0	0	0	0	0	2	0	0	0	0	0	0	0	0	0	0	0
Elife	2022-01-01	8523148	18993	1716	0	1	0	0	0	0	2	0	0	4	0	0	0	0	0	0	1	0	0	0	0	1	0	0	0	0	0	0	0	0	0	0	0	0
Elife	2022-01-01	8536253	20977	1974	0	0	0	0	0	0	0	1	0	0	0	2	0	0	0	0	3	0	0	0	0	0	0	0	0	0	0	0	0	0	0	0	0	0
Elife	2022-01-01	8553344	284779	29965	0	45	0	0	0	0	2	13	0	0	5	8	0	1	0	0	19	0	2	6	0	0	0	0	1	0	0	0	0	0	1	0	0	2
Elife	2022-01-01	8545395	185711	21079	0	31	0	0	0	0	1	15	0	3	8	8	0	3	0	0	28	0	0	0	0	0	1	0	0	0	0	0	1	0	0	0	0	0
Elife	2022-01-01	8550758	201436	19788	0	22	0	4	0	1	8	12	0	0	1	4	0	0	0	0	29	0	0	3	0	0	0	0	0	0	0	0	0	0	0	0	0	0
Elife	2022-01-01	8585484	201118	20717	0	8	1	1	0	0	4	1	0	3	0	15	0	0	0	0	21	0	1	0	0	0	3	0	0	0	0	0	0	0	0	0	0	0
Elife	2022-01-01	8560093	138698	13666	0	16	1	1	0	0	1	0	0	0	0	7	0	0	0	0	57	0	0	12	0	0	0	0	0	0	0	0	0	0	0	0	0	0
Elife	2022-01-01	8589446	210858	19487	0	17	0	7	0	0	1	4	0	1	0	1	0	0	0	0	27	0	0	0	0	0	1	0	0	0	0	0	0	0	0	1	0	0
Elife	2022-01-01	8585482	241013	21669	0	4	0	1	0	0	3	3	0	0	2	10	0	0	1	0	22	0	0	5	0	0	0	0	0	0	0	0	0	0	0	0	0	0
Elife	2022-01-01	8530514	361698	26955	0	6	1	4	0	0	0	2	0	1	71	3	0	0	1	0	81	0	0	3	0	0	2	0	0	0	0	0	0	1	0	1	0	0
Elife	2022-01-01	8592574	183324	16031	0	8	1	4	0	0	1	8	0	0	0	9	0	0	2	0	15	0	2	2	1	0	1	0	0	0	0	0	0	0	0	0	0	0
Elife	2022-01-01	8594944	351370	30390	0	4	3	0	0	0	2	3	0	0	1	6	0	0	0	0	77	0	4	6	0	0	1	0	0	0	0	0	0	0	0	0	0	0
Elife	2022-01-01	8575460	259809	26786	0	29	0	13	0	0	3	5	0	1	10	18	0	2	0	0	57	0	0	0	0	0	0	0	0	0	0	2	2	0	0	0	0	0
Elife	2022-01-01	8575461	184198	20357	0	6	0	0	0	0	0	4	0	0	4	3	0	0	2	0	26	0	0	6	0	0	0	0	1	3	2	0	3	0	0	0	0	0
Elife	2022-01-01	8716105	228204	16026	1	5	0	0	0	0	1	0	0	0	0	10	0	0	3	0	12	0	0	2	0	0	0	0	0	0	0	0	4	1	0	0	0	0
Elife	2022-01-01	8616579	268313	28437	0	12	1	11	0	0	5	7	0	2	12	11	0	0	0	0	39	0	0	6	0	0	0	0	2	0	0	0	0	0	0	0	0	0
Elife	2022-01-01	8598233	290908	23471	0	6	3	0	0	0	2	0	0	0	14	5	0	0	0	0	9	0	0	2	0	0	1	0	0	0	0	0	0	0	0	0	0	0
Elife	2022-01-01	8565928	333713	32919	0	42	0	0	0	3	1	5	0	0	4	0	0	0	1	0	28	0	1	7	0	0	4	0	0	1	0	0	3	0	0	0	0	0
Elife	2022-01-01	8654371	256139	27127	0	11	0	2	0	0	0	0	0	4	0	7	0	0	0	0	59	0	0	0	0	0	1	0	0	0	0	0	0	0	0	0	0	0
Elife	2022-01-01	8547948	133858	15171	0	6	0	1	0	0	2	3	0	0	1	0	0	0	1	0	25	0	0	2	0	0	1	0	1	0	0	0	0	0	0	0	0	2
Elife	2022-01-01	8598235	241089	24261	0	21	0	7	0	1	0	3	0	1	2	3	0	0	0	0	21	0	2	3	0	0	0	0	0	0	0	0	0	0	0	0	0	0
Elife	2022-01-01	8570694	131259	13386	0	38	2	0	0	0	1	5	0	14	0	0	0	0	0	0	15	0	0	3	0	0	0	0	0	0	0	0	0	0	0	0	0	0
Elife	2022-01-01	8610492	214213	20480	0	21	0	6	0	0	0	2	0	0	1	2	0	0	0	0	12	0	1	1	0	0	1	0	0	0	0	0	0	0	0	0	0	0
Elife	2022-01-01	8591527	246501	25661	0	19	1	0	0	0	1	3	0	0	27	5	0	2	0	0	24	0	0	1	0	0	0	1	1	0	0	0	0	0	0	0	0	0
Elife	2022-01-01	8547947	31091	2707	0	2	0	0	0	0	0	0	0	0	0	0	0	0	0	0	4	0	0	2	0	0	0	0	0	0	0	0	0	0	0	0	0	0
Elife	2022-01-01	8610418	206372	20295	0	12	0	4	0	0	1	3	0	18	0	2	0	0	0	0	21	0	2	3	0	0	2	0	0	0	0	0	0	0	0	0	0	0
Elife	2022-01-01	8612734	247162	28795	0	59	0	1	0	0	1	1	0	0	4	2	0	0	0	0	9	0	3	1	0	0	0	0	0	0	0	0	0	1	0	0	1	0
Elife	2022-01-01	8716106	460039	37728	0	2	0	0	0	0	5	0	0	1	0	8	0	0	1	0	28	0	1	2	0	0	1	0	2	0	0	0	0	0	0	2	1	0
Elife	2022-01-01	9477501	1360001	128204	1	38	0	2	0	3	13	16	0	4	44	10	0	0	2	0	76	0	2	17	0	0	1	0	2	0	0	0	5	0	0	3	3	0
Elife	2022-01-01	8594917	371202	35561	0	7	6	5	0	0	6	14	0	0	12	3	0	0	2	0	28	0	1	4	0	0	3	0	0	0	0	0	0	0	0	0	0	0
Elife	2022-01-01	8547955	253196	25519	0	7	0	10	0	8	0	2	0	0	0	0	0	0	0	0	20	0	0	1	0	0	0	0	0	0	0	0	0	0	0	0	0	0
Elife	2022-01-01	8594939	148265	14808	0	2	0	0	0	0	0	0	0	0	0	2	0	0	0	0	20	0	0	3	0	0	0	0	0	0	0	0	0	0	0	0	0	0
Elife	2022-01-01	8547959	182603	19437	0	18	0	1	0	0	3	0	0	0	3	1	0	5	2	0	15	0	3	0	0	0	0	0	0	0	0	1	0	0	0	1	0	0
Elife	2022-01-01	8560090	297822	29755	0	4	0	8	0	0	1	2	0	0	10	0	0	0	0	0	9	0	0	4	0	0	2	0	3	0	0	0	0	0	0	3	0	0
Elife	2022-01-01	8592573	194034	19688	0	7	2	0	0	0	0	1	0	1	4	2	0	0	0	0	16	0	0	3	0	0	1	0	0	0	0	0	0	0	0	1	0	0
Elife	2022-01-01	8612732	217040	21637	0	8	0	0	0	7	0	5	0	0	0	1	0	0	0	0	30	0	0	1	0	0	0	0	0	0	0	0	0	0	0	1	0	0
Elife	2022-01-01	8555988	309628	33957	0	45	8	4	0	0	3	41	0	0	44	6	0	0	6	0	71	0	2	4	0	0	5	0	1	3	0	0	0	0	0	0	0	16
Elife	2022-01-01	8555989	201429	18926	0	2	0	4	0	0	1	8	0	3	0	0	0	0	0	0	30	0	0	4	0	0	0	0	1	0	0	0	0	0	0	0	0	0
Elife	2022-01-01	8547952	291126	34976	0	32	6	11	0	1	31	0	0	12	0	8	0	0	0	0	34	0	0	1	0	0	0	0	0	0	0	0	0	0	0	0	0	0
Elife	2022-01-01	8560088	110138	10481	0	4	0	1	0	0	0	0	0	0	0	0	0	0	0	0	16	0	0	3	0	0	0	0	0	0	0	0	0	0	0	2	0	0
Elife	2022-01-01	8631941	276313	27603	0	17	0	0	0	0	1	33	0	0	11	6	0	0	1	0	89	0	0	3	0	0	0	0	0	0	0	0	0	0	0	0	0	0
Elife	2022-01-01	8612706	288485	30997	0	40	3	5	0	0	8	20	0	0	8	0	0	0	1	0	97	0	1	1	0	1	3	0	0	0	0	0	0	0	0	0	0	0
Elife	2022-01-01	8598168	226406	24150	0	10	1	0	0	0	2	1	0	2	14	1	0	0	0	0	16	0	0	3	0	0	1	0	1	0	0	0	1	0	0	0	0	2
Elife	2022-01-01	8585485	182387	16633	0	26	0	0	0	0	0	4	0	0	2	1	0	0	0	0	25	0	0	1	0	0	1	0	0	0	0	0	1	1	3	0	0	0
Elife	2022-01-01	8651296	231611	24248	0	9	0	2	0	0	0	4	0	2	2	0	0	1	1	0	23	0	0	2	0	0	0	0	1	0	0	0	0	0	0	0	0	1
Elife	2022-01-01	8608386	227858	22114	0	4	3	0	0	2	3	0	0	1	34	3	0	0	0	0	43	0	0	0	0	0	1	2	0	0	0	0	0	0	1	1	0	0
Elife	2022-01-01	8563000	380394	29276	0	11	3	0	0	0	2	2	0	0	4	17	0	0	0	0	66	0	0	5	0	0	0	0	2	0	0	0	0	3	0	0	0	0
Elife	2022-01-01	8570689	19672	1877	0	1	0	0	0	0	0	0	0	0	0	0	0	0	0	0	1	0	0	0	0	0	0	0	0	0	0	0	0	0	0	0	0	0
Elife	2022-01-01	8562998	11176	1176	0	5	0	0	0	0	0	1	0	0	0	0	0	0	0	0	1	0	0	0	0	0	0	0	0	0	0	0	0	0	0	0	0	0
Elife	2022-01-01	8631942	228579	22962	0	8	1	0	0	3	1	5	0	0	1	5	0	0	0	0	44	0	1	1	0	0	0	0	0	0	0	0	0	0	0	0	0	0
Elife	2022-01-01	8598164	328386	29607	0	16	0	11	0	0	0	3	0	0	1	4	0	0	6	0	27	0	1	0	0	0	2	0	0	0	0	0	0	0	0	0	0	0
Elife	2022-01-01	8562996	273399	24873	0	15	0	0	0	0	0	2	0	1	3	6	0	0	0	0	20	0	0	3	0	0	1	2	0	0	0	0	0	0	0	0	0	0
Elife	2022-01-01	8616582	303274	25856	0	6	0	1	0	6	1	11	0	0	2	1	0	2	0	0	53	0	2	0	0	0	3	0	0	0	0	0	0	0	0	0	0	0
Elife	2022-01-01	8598158	186903	19243	0	27	0	9	0	1	1	5	0	3	4	4	0	0	0	0	16	0	0	1	0	0	0	0	0	1	0	0	0	0	0	0	0	0
Elife	2022-01-01	8641951	256372	24179	0	1	0	3	0	0	3	3	0	0	5	5	0	0	0	0	15	0	0	3	0	0	0	0	0	0	0	0	0	0	0	1	0	0
Elife	2022-01-01	8592571	173713	17990	0	5	0	2	0	0	1	6	0	0	0	18	0	0	0	0	22	0	0	2	0	0	1	0	1	0	0	0	0	0	0	0	0	0
Elife	2022-01-01	8670742	216407	22435	0	14	0	3	0	0	9	5	0	0	3	2	0	0	0	0	47	0	0	0	0	0	3	0	0	0	0	0	1	0	0	2	0	0
Elife	2022-01-01	8691841	273642	26450	0	4	0	3	0	0	12	35	0	0	11	2	0	0	4	0	28	0	0	1	0	0	0	0	0	0	0	0	0	0	0	0	0	0
Elife	2022-01-01	8592569	188358	18717	0	6	0	2	0	0	0	3	0	0	0	1	0	0	0	0	43	0	1	1	0	0	0	0	0	0	0	0	0	0	0	0	0	0
Elife	2022-01-01	8598162	254981	26906	0	13	0	5	0	0	1	23	0	2	2	5	0	0	1	0	38	0	5	10	0	0	2	0	0	0	0	0	0	0	2	0	0	1
Elife	2022-01-01	8754431	402580	40841	0	10	0	2	0	0	1	4	0	2	0	4	0	0	1	0	36	0	0	4	0	0	0	0	2	0	0	0	0	0	0	0	0	0
Elife	2022-01-01	8570690	12795	1532	0	0	0	0	0	0	0	0	0	0	0	0	0	0	0	0	0	0	0	0	0	0	0	0	0	0	0	0	0	0	0	0	0	0
Elife	2022-01-01	8670744	333338	20640	0	1	0	0	0	0	0	0	0	0	10	0	0	0	3	0	34	0	0	0	0	0	0	0	0	0	0	0	2	1	0	0	0	0
Elife	2022-01-01	8575459	174477	17985	0	3	0	1	0	0	0	18	0	0	0	1	1	0	0	0	25	0	0	2	0	0	6	0	0	0	0	0	0	0	0	0	0	0
Elife	2022-01-01	8562995	106889	12463	0	40	0	0	0	0	1	4	0	0	4	1	0	0	6	0	73	0	0	1	0	0	0	0	0	0	0	0	2	0	0	2	0	0
Elife	2022-01-01	8631798	213361	22235	0	3	2	1	0	2	0	3	0	1	2	10	0	0	0	0	24	0	0	1	0	0	1	0	0	0	0	0	0	0	0	0	0	0
Elife	2022-01-01	8641953	335308	32715	0	12	0	11	0	0	3	2	0	0	72	9	0	1	2	0	43	0	0	2	0	0	2	0	0	0	0	0	0	0	0	0	0	0
Elife	2022-01-01	8562997	23708	2084	0	11	0	0	0	0	0	5	0	0	0	0	0	0	0	0	9	0	0	3	0	0	0	0	0	0	0	0	1	0	0	0	0	0
Elife	2022-01-01	8612763	309220	27870	0	36	0	5	0	1	5	11	0	2	4	7	0	0	2	0	76	0	3	4	0	0	0	0	0	0	0	0	0	0	0	0	0	0
Elife	2022-01-01	8635984	350735	38268	0	24	0	6	0	0	12	14	0	0	1	9	0	0	0	0	28	0	0	3	0	4	1	0	1	0	0	0	2	2	0	2	0	0
Elife	2022-01-01	8664294	366364	35435	0	23	3	3	0	0	5	2	0	0	8	10	0	0	0	0	26	0	0	8	0	0	2	0	0	0	0	0	0	0	0	1	0	0
Elife	2022-01-01	8629425	258478	28330	0	11	0	1	0	2	0	7	0	2	0	4	0	0	1	0	30	0	0	1	0	0	1	1	0	0	0	0	0	0	0	0	0	0
Elife	2022-01-01	8635973	206643	21300	0	25	0	0	0	0	1	4	0	0	0	0	0	0	0	0	10	0	0	8	0	0	0	0	0	0	0	0	0	0	0	0	0	0
Elife	2022-01-01	8629428	192099	21139	0	21	0	0	0	0	0	0	0	1	4	2	0	0	0	0	24	0	0	1	0	0	0	0	3	0	0	0	0	0	0	0	0	0
Elife	2022-01-01	8635976	268179	27014	0	10	0	2	0	0	1	7	0	4	0	0	0	0	0	0	73	0	0	1	0	0	1	1	0	0	0	0	1	0	0	0	0	1
Elife	2022-01-01	8641947	205226	20144	0	39	0	1	0	0	0	5	0	2	0	7	0	0	0	0	31	0	1	0	0	0	0	0	0	0	0	0	0	0	0	0	0	0
Elife	2022-01-01	8716101	249691	29686	0	41	6	4	0	0	3	48	0	0	10	2	0	1	2	0	45	0	0	6	0	0	1	0	0	0	0	0	0	0	2	0	0	0
Elife	2022-01-01	8577840	220620	21526	0	9	0	15	0	4	1	2	0	3	12	3	0	0	0	0	36	0	0	2	0	0	0	0	0	0	0	0	0	0	0	0	0	0
Elife	2022-01-01	8577836	208435	18694	0	16	0	0	0	0	0	5	0	2	0	2	0	0	0	0	9	0	0	0	0	0	0	0	0	0	0	0	0	0	0	0	0	0
Elife	2022-01-01	8612704	163378	17267	0	9	3	11	0	2	8	0	0	2	1	6	0	0	0	0	36	0	0	0	0	0	1	0	0	0	0	0	0	0	0	0	0	0
Elife	2022-01-01	8577839	151014	15090	0	7	0	0	0	0	0	1	0	0	0	1	0	0	0	0	44	0	0	5	0	0	0	0	0	0	0	0	0	0	0	0	0	0
Elife	2022-01-01	8648301	243438	24942	0	20	1	4	0	0	1	6	0	0	3	5	0	0	4	0	17	0	1	4	0	0	0	0	0	0	0	0	0	0	0	0	0	0
Elife	2022-01-01	8616581	393258	40868	0	18	0	2	0	2	8	2	0	13	6	12	0	0	2	0	33	0	0	0	0	0	2	0	2	0	0	0	1	0	0	0	0	7
Elife	2022-01-01	8691832	242119	22265	0	38	0	1	0	1	2	4	0	0	2	6	0	0	0	0	44	0	0	3	0	0	1	0	0	0	0	0	0	0	0	0	0	0
Elife	2022-01-01	8631940	323697	31008	1	63	2	1	0	0	2	2	0	2	31	5	0	0	6	0	46	0	0	10	0	0	1	0	1	0	1	0	0	0	2	0	0	0
Elife	2022-01-01	8612733	239432	24939	0	21	0	2	0	0	2	7	0	0	1	5	0	0	0	0	34	0	0	1	0	0	2	0	0	0	0	0	0	0	2	0	0	0
Elife	2022-01-01	8616561	285798	26482	0	14	0	4	0	0	2	18	0	4	1	18	0	0	0	0	54	0	1	1	0	0	0	0	0	0	0	0	0	0	0	0	0	0
Elife	2022-01-01	8610422	190800	18950	0	5	0	1	0	0	1	1	0	0	1	1	0	0	1	0	32	0	0	5	0	0	2	0	0	0	0	0	0	0	0	0	0	0
Elife	2022-01-01	8577835	259432	22474	0	8	1	2	0	0	1	10	0	17	0	9	0	0	0	0	154	0	0	3	0	1	1	0	0	0	0	0	0	0	0	2	0	0
Elife	2022-01-01	8580481	224399	22155	0	27	1	7	0	0	2	0	0	0	43	2	0	0	15	0	56	0	1	9	0	0	2	0	1	0	0	0	0	0	0	0	0	4
Elife	2022-01-01	8592572	203234	19468	0	15	5	0	0	0	1	5	0	0	17	9	0	1	0	0	46	0	0	1	0	0	2	0	0	13	0	0	0	0	0	0	0	0
Elife	2022-01-01	8651295	419603	34123	0	12	0	1	0	0	0	0	0	1	2	0	0	0	0	0	7	0	1	4	0	0	1	0	3	0	0	0	0	0	0	0	0	0
Elife	2022-01-01	8585479	354487	35540	0	48	0	3	0	3	1	12	0	0	0	3	0	0	0	0	9	0	0	2	0	0	0	0	0	0	0	0	0	0	0	0	0	0
Elife	2022-01-01	8639146	198789	18622	0	2	0	3	0	3	11	3	0	0	4	0	0	0	2	0	12	0	1	9	0	0	0	2	0	0	0	0	0	0	0	1	0	0
Elife	2022-01-01	8601660	22272	1930	0	0	0	0	0	0	0	1	0	0	0	1	0	0	0	0	2	0	0	0	0	0	0	0	0	0	0	0	0	0	0	0	0	0
Elife	2022-01-01	8843091	383622	36316	0	14	2	0	0	0	0	17	0	0	9	0	0	0	0	0	33	0	1	1	0	0	1	0	0	0	0	0	0	0	0	0	0	0
Elife	2022-01-01	8935353	687729	40477	0	11	2	1	0	0	3	0	0	1	25	6	0	0	3	0	21	0	0	4	0	0	1	0	0	0	0	0	2	2	0	4	0	0
Elife	2022-01-01	8735862	356370	35854	0	6	2	17	0	1	3	0	0	0	0	6	0	0	2	0	75	0	0	3	0	0	3	0	0	0	0	0	0	0	0	1	0	0
Elife	2022-01-01	8598232	105935	11152	0	5	3	7	0	0	0	0	0	0	1	2	0	0	5	0	5	0	0	0	0	0	1	0	1	0	0	0	1	0	0	1	0	1
Elife	2022-01-01	8598234	286021	26752	0	19	0	9	0	2	2	2	0	1	2	0	0	0	0	0	15	0	0	1	0	0	2	0	0	0	0	0	0	0	0	1	0	0
Elife	2022-01-01	8639149	321010	27275	0	18	5	0	0	1	11	2	0	0	22	7	0	0	4	0	49	0	0	0	0	1	1	0	1	0	0	0	0	0	0	0	0	0
Elife	2022-01-01	8651288	155371	14140	0	2	1	0	0	0	2	0	0	0	2	3	0	0	2	0	12	0	0	2	0	0	0	0	0	0	0	0	0	0	0	0	0	0
Elife	2022-01-01	8709578	322736	33894	0	99	0	21	0	0	0	6	0	1	3	5	0	0	1	0	19	0	0	2	0	0	3	1	3	0	0	0	0	0	0	0	0	0
Elife	2022-01-01	8629423	142121	16217	0	3	0	0	0	0	0	7	0	0	7	1	0	0	1	0	11	0	0	0	0	0	1	0	0	0	0	0	0	0	0	0	0	0
Elife	2022-01-01	8716102	266591	28398	0	11	0	3	0	1	7	13	0	0	0	3	0	0	9	0	69	0	1	5	0	0	1	0	1	0	0	2	2	0	1	0	0	1
Elife	2022-01-01	8598159	25138	2225	0	0	0	2	0	0	0	0	0	2	2	0	0	0	0	0	11	0	0	0	0	0	0	0	0	0	0	0	0	0	0	0	0	0
Elife	2022-01-01	8654373	319777	38087	0	41	0	18	0	0	1	27	0	2	1	14	0	1	5	0	24	0	1	2	0	0	3	0	0	0	0	0	0	0	0	2	0	0
Elife	2022-01-01	8604437	143968	13929	0	14	0	4	0	1	0	4	0	0	2	1	0	0	0	0	12	0	1	5	0	0	0	0	0	0	0	0	0	0	1	0	0	0
Elife	2022-01-01	8598160	145355	13460	0	18	1	3	0	0	3	2	0	1	46	0	0	0	0	0	75	0	0	0	0	0	2	2	0	0	0	0	0	0	0	0	0	0
Elife	2022-01-01	8626088	205759	20214	0	3	0	2	0	2	13	0	0	0	1	1	0	1	0	0	34	0	0	5	0	0	0	0	0	0	0	0	0	0	0	0	0	0
Elife	2022-01-01	8654374	235444	21971	0	3	1	0	0	0	4	0	0	1	0	5	0	0	0	0	27	0	1	0	0	0	0	0	0	0	0	0	0	0	0	0	0	0
Elife	2022-01-01	8601661	270596	26383	0	34	0	2	0	0	0	3	0	1	22	3	0	0	0	0	39	0	0	4	0	0	7	0	0	0	0	0	0	0	0	0	0	0
Elife	2022-01-01	8639152	193643	17916	1	16	1	14	0	4	1	9	0	3	1	9	0	0	0	0	21	0	0	4	0	0	0	0	0	0	0	0	0	0	0	0	0	0
Elife	2022-01-01	8635983	140003	14373	0	4	0	1	0	0	1	1	0	2	6	0	0	0	0	0	62	0	0	3	0	0	1	0	0	0	0	0	2	0	0	0	0	0
Elife	2022-01-01	8741214	284900	28565	0	28	0	0	0	0	3	0	0	0	32	5	0	0	9	0	77	0	0	5	0	0	0	1	0	0	0	0	0	0	0	0	0	2
Elife	2022-01-01	8598163	221386	20523	0	10	0	1	0	2	1	7	0	0	4	1	0	0	0	0	10	0	0	3	0	0	2	0	0	0	0	0	1	0	0	2	0	0
Elife	2022-01-01	8660024	305108	24371	0	83	3	10	0	0	6	29	0	0	41	12	0	0	1	0	17	0	0	3	0	0	1	0	1	0	0	0	0	0	0	6	1	0
Elife	2022-01-01	8631797	187209	18470	0	8	0	2	0	1	5	0	0	0	1	5	0	0	0	0	28	0	0	0	0	0	0	0	0	0	0	0	0	0	0	0	0	0
Elife	2022-01-01	8635972	173195	16134	0	23	0	3	0	0	1	13	0	1	4	5	0	0	0	0	33	0	0	1	0	0	1	0	0	0	0	0	0	0	0	0	0	0
Elife	2022-01-01	8741212	276452	17600	0	7	0	0	0	1	1	3	0	0	64	7	0	0	1	0	12	0	0	0	0	0	1	0	2	0	0	0	0	0	0	0	0	0
Elife	2022-01-01	8651286	206375	20457	0	11	0	8	0	0	0	7	0	0	0	2	0	0	1	0	29	0	0	3	0	0	2	0	0	0	0	0	1	0	0	1	0	0
Elife	2022-01-01	8631943	213151	19699	0	11	1	1	0	0	0	3	0	5	0	1	0	0	4	0	24	1	0	2	0	0	0	0	0	0	0	0	0	0	0	0	0	0
Elife	2022-01-01	8791638	402652	26764	0	34	2	6	0	0	4	0	0	0	22	6	0	0	4	0	48	0	0	1	0	0	4	0	0	0	1	0	0	0	0	3	0	0
Elife	2022-01-01	8631939	21516	2039	0	0	0	0	0	0	0	0	0	0	0	0	0	0	0	0	2	0	0	1	0	0	0	0	0	0	0	0	0	0	0	0	0	0
Elife	2022-01-01	8610420	177696	17578	0	12	0	0	0	5	2	3	0	0	1	1	0	0	0	0	14	0	0	1	0	0	2	0	0	0	0	0	0	0	0	0	0	0
Elife	2022-01-01	8626087	307941	31545	0	56	6	2	0	0	2	16	0	0	24	19	0	0	2	0	72	0	0	1	0	0	4	0	0	0	0	0	0	0	0	0	0	0
Elife	2022-01-01	8648302	179633	16799	0	20	2	1	0	0	1	5	0	0	6	3	0	0	0	0	10	0	0	4	0	0	0	0	0	0	0	0	0	0	0	0	0	0
Elife	2022-01-01	8631794	303311	28840	0	8	1	3	0	0	2	1	0	5	17	7	0	1	2	0	23	0	0	7	0	0	0	0	0	0	0	0	0	0	0	1	0	0
Elife	2022-01-01	8676323	240275	30318	0	13	16	0	0	0	1	0	0	0	4	1	0	0	5	0	70	0	0	2	0	0	2	1	2	0	0	0	1	0	0	0	0	0
Elife	2022-01-01	8754433	160405	15894	0	7	0	5	0	0	2	1	0	0	8	3	0	0	2	0	41	0	0	1	0	0	2	4	1	0	0	0	0	0	0	0	0	0
Elife	2022-01-01	8648303	255394	28817	0	11	1	1	0	0	0	13	0	0	1	2	0	0	1	0	57	0	2	2	0	0	2	0	0	0	0	0	2	0	0	0	0	0
Elife	2022-01-01	8629424	14980	1436	0	1	0	1	0	0	0	0	0	0	0	0	0	0	0	0	0	0	0	0	0	0	0	0	0	0	0	0	0	0	0	0	0	0
Elife	2022-01-01	8631793	241365	26941	0	25	0	3	0	0	1	1	0	0	59	6	0	0	3	0	19	0	0	1	0	0	3	0	1	0	0	0	1	0	1	0	0	0
Elife	2022-01-01	8687705	301344	30551	0	14	0	0	0	0	2	8	0	6	1	0	0	2	2	0	27	0	1	8	0	0	0	1	0	0	0	0	0	0	0	0	0	0
Elife	2022-01-01	8700272	280370	27272	0	9	0	0	0	0	6	4	0	3	5	4	0	0	0	0	22	0	1	0	0	0	3	0	0	0	0	0	0	0	0	0	0	1
Elife	2022-01-01	8610417	243573	23664	0	33	4	2	0	4	3	1	0	3	0	9	0	0	0	0	56	0	0	4	0	0	4	0	0	0	0	0	0	0	0	0	0	0
Elife	2022-01-01	8782571	382651	37584	0	73	3	0	0	0	3	6	0	0	0	6	0	0	15	0	77	0	0	4	0	1	5	11	1	0	2	0	0	0	0	0	0	0
Elife	2022-01-01	8631947	229021	24219	0	14	0	4	0	1	0	2	0	3	17	0	0	0	3	0	73	0	0	1	0	0	0	0	0	0	0	0	0	0	0	0	0	0
Elife	2022-01-01	8735999	420000	42158	0	6	3	4	0	0	2	3	0	2	3	2	0	1	2	0	24	0	2	6	0	0	9	1	3	0	0	0	0	0	0	1	0	0
Elife	2022-01-01	8635974	163865	16907	0	12	0	1	0	0	0	1	0	1	1	8	0	0	2	0	20	0	0	2	0	0	0	0	1	0	0	0	0	0	0	0	0	0
Elife	2022-01-01	8626085	251955	27495	0	33	0	3	0	8	1	3	0	3	0	6	0	0	0	0	50	0	0	3	0	0	5	0	0	0	0	0	0	0	7	0	0	0
Elife	2022-01-01	8631944	192896	18327	0	8	3	1	0	0	1	11	0	0	0	8	0	0	0	0	27	0	0	3	0	0	0	0	0	0	0	0	0	0	0	0	0	0
Elife	2022-01-01	8673838	311536	30256	0	28	0	0	0	0	0	1	0	1	1	1	0	0	0	0	15	0	0	2	0	0	1	0	1	0	0	0	0	0	0	0	0	0
Elife	2022-01-01	8641946	18906	1899	0	3	0	0	0	0	0	0	0	0	1	1	0	0	1	0	3	0	0	0	0	0	0	0	0	0	0	0	0	0	0	0	0	0
Elife	2022-01-01	8709572	113030	10464	0	15	0	1	0	0	4	7	0	0	9	6	0	0	2	0	86	0	0	1	0	1	0	0	4	0	0	0	0	0	0	0	0	0
Elife	2022-01-01	8639148	188589	18608	0	0	0	1	0	3	1	2	0	0	1	2	0	0	0	0	13	0	2	0	0	0	0	0	0	0	0	0	0	0	0	0	0	0
Elife	2022-01-01	8651287	194332	18599	0	17	0	0	0	1	0	1	0	0	2	1	0	0	0	0	14	0	0	1	0	0	1	0	0	0	0	0	0	4	0	0	0	0
Elife	2022-01-01	8727025	282198	33867	0	2	5	1	0	0	4	1	0	0	1	4	0	0	0	0	29	0	0	1	0	0	5	0	2	0	1	0	4	0	0	0	0	0
Elife	2022-01-01	8651290	263535	24493	0	11	0	5	0	0	1	1	0	2	11	1	0	0	0	0	98	0	0	4	0	0	3	0	0	0	0	0	0	0	0	0	0	4
Elife	2022-01-01	8651292	651016	57395	0	20	2	3	0	1	7	1	0	8	4	0	0	1	0	0	58	0	0	1	0	0	4	0	2	0	0	0	0	0	0	0	0	0
Elife	2022-01-01	8651283	154471	17488	0	11	7	9	0	0	0	0	0	0	18	1	0	0	8	0	107	0	1	8	0	0	7	0	4	0	0	0	3	1	0	0	0	1
Elife	2022-01-01	8683085	324616	35056	0	64	0	0	0	2	9	1	0	0	2	7	0	0	1	0	44	0	0	5	0	0	3	0	0	0	0	0	0	0	0	0	0	0
Elife	2022-01-01	8660017	227133	27364	0	27	0	1	0	0	0	1	0	0	5	10	0	0	5	0	30	0	0	4	0	0	4	0	0	0	0	0	0	0	0	5	0	0
Elife	2022-01-01	8719877	119519	12984	0	12	0	0	0	0	4	2	0	0	7	6	0	0	2	0	37	0	0	3	0	0	1	0	1	0	0	0	2	0	0	0	0	0
Elife	2022-01-01	8709573	238105	26357	0	6	0	1	0	2	5	0	0	1	1	6	0	0	2	0	42	0	0	10	0	0	4	0	2	0	0	0	0	0	0	0	0	0
Elife	2022-01-01	8782573	248961	27422	0	8	2	12	0	7	5	15	0	0	7	1	0	0	0	0	56	0	2	0	0	0	3	0	3	0	0	0	0	0	0	0	0	0
Elife	2022-01-01	8727026	490822	30134	0	18	1	0	0	0	15	3	0	1	1	5	0	0	6	0	16	0	0	4	0	0	0	0	1	0	0	0	0	0	0	0	0	0
Elife	2022-01-01	8683083	226114	22530	0	24	0	4	0	3	5	0	0	2	0	13	0	0	0	0	18	0	0	0	0	0	0	0	0	0	0	0	0	0	0	0	0	0
Elife	2022-01-01	8654370	105774	10517	0	1	2	0	0	0	0	5	0	2	0	3	0	0	0	0	20	0	1	2	0	0	0	0	0	0	0	0	0	0	0	0	0	0
Elife	2022-01-01	8730724	370283	30109	0	1	0	0	0	1	2	0	0	1	31	14	0	0	1	0	18	0	1	1	0	0	2	0	0	0	0	0	1	0	0	0	0	0
Elife	2022-01-01	8651282	29901	2531	0	1	0	3	0	0	1	0	0	1	1	1	0	0	0	0	11	0	0	0	0	0	0	0	0	0	0	0	0	0	0	0	0	0
Elife	2022-01-01	8754432	249767	24005	0	12	0	19	0	2	3	11	0	0	2	6	0	0	0	0	49	0	0	1	0	0	2	0	0	0	0	0	0	0	0	1	0	0
Elife	2022-01-01	8758145	197627	19454	0	8	1	0	0	2	1	0	0	0	0	2	0	0	0	0	30	0	1	8	0	0	1	0	0	0	0	0	0	0	0	0	0	0
Elife	2022-01-01	8673840	170546	17116	0	7	3	0	0	0	0	1	0	0	17	0	0	0	2	0	45	0	0	4	0	0	2	0	0	0	0	0	0	0	0	0	0	0
Elife	2022-01-01	8654358	162962	16738	0	23	0	7	0	0	1	0	0	4	3	0	0	1	1	0	10	0	1	3	0	0	0	0	0	0	0	0	1	0	0	0	0	0
Elife	2022-01-01	8752092	211101	22244	0	14	2	0	0	1	1	1	0	1	14	3	0	0	0	0	30	0	0	6	0	0	0	0	0	0	0	0	0	0	0	0	0	0
Elife	2022-01-01	8683081	207143	18938	0	19	0	0	0	1	6	4	0	0	5	2	0	0	2	0	40	0	0	3	0	0	0	1	2	0	0	0	0	0	0	0	0	0
Elife	2022-01-01	8639145	222721	22544	0	24	0	1	0	0	1	24	0	0	3	4	0	0	0	0	25	0	0	1	0	0	0	1	0	0	0	0	0	0	0	1	0	0
Elife	2022-01-01	8820736	785206	41242	0	11	3	0	0	0	2	7	0	0	0	6	0	0	0	0	40	0	0	3	0	0	0	0	6	0	0	0	2	0	0	0	0	0
Elife	2022-01-01	8758140	504191	41894	0	8	1	11	0	5	3	6	0	12	0	3	0	0	0	0	34	0	0	1	0	0	2	0	0	0	0	0	2	0	0	0	0	0
Elife	2022-01-01	8719878	307944	27457	0	8	0	0	0	0	4	11	0	0	0	1	0	0	0	0	10	0	0	5	0	0	3	0	0	0	0	0	0	0	0	1	0	0
Elife	2022-01-01	8798053	329179	34130	0	32	1	13	0	1	2	3	0	0	21	7	0	2	0	0	49	0	0	5	0	0	5	0	0	0	0	0	0	0	1	0	0	1
Elife	2022-01-01	8718111	181517	18997	0	39	1	1	0	0	2	0	0	2	0	7	0	1	1	0	13	0	0	0	0	0	1	0	0	0	0	0	0	0	0	0	0	0
Elife	2022-01-01	8763394	198671	19866	0	26	1	4	0	0	0	3	0	0	3	14	0	0	0	0	28	0	0	3	0	0	0	0	2	0	0	0	0	0	1	0	0	1
Elife	2022-01-01	8718113	232791	23912	0	5	0	2	0	0	1	2	0	14	2	18	0	0	0	0	17	0	0	4	0	0	1	0	0	0	0	0	0	0	0	0	0	0
Elife	2022-01-01	8765753	318172	25435	0	2	0	1	0	0	6	1	0	3	61	2	0	0	0	0	18	0	0	7	0	0	0	0	1	0	0	0	0	0	0	0	0	0
Elife	2022-01-01	8719890	253021	24770	0	9	0	0	0	4	4	4	0	0	9	12	0	0	0	0	43	0	0	5	0	2	0	2	0	0	0	0	0	0	0	0	0	0
Elife	2022-01-01	8668185	12612	1620	0	1	0	0	0	1	1	0	0	0	0	0	0	0	0	0	0	0	0	1	0	0	1	0	1	0	0	0	0	0	0	0	0	0
Elife	2022-01-01	8668188	238202	22016	0	34	0	2	0	0	1	0	0	1	1	5	0	0	1	0	20	0	2	0	0	0	2	0	0	0	0	0	0	0	0	0	0	0
Elife	2022-01-01	8776251	108906	13655	0	0	0	1	0	0	0	0	0	0	3	0	0	0	0	0	8	0	0	0	0	0	1	0	1	0	0	0	0	0	0	0	0	0
Elife	2022-01-01	8700290	273696	26265	0	48	0	3	0	1	0	11	0	0	0	5	0	0	2	0	21	0	1	1	0	0	1	0	0	0	0	0	0	0	0	0	0	0
Elife	2022-01-01	8660015	25309	2231	0	1	0	0	0	0	0	0	0	0	0	1	0	0	0	0	3	0	0	1	0	0	2	0	0	0	0	0	0	0	0	0	0	0
Elife	2022-01-01	8673841	308890	30190	0	24	0	2	0	7	0	11	0	1	2	10	0	2	0	0	20	0	1	2	0	0	2	0	0	0	0	0	0	0	0	0	0	0
Elife	2022-01-01	8798046	201529	21463	0	2	0	0	0	1	0	3	0	3	1	0	0	0	3	0	40	0	0	2	0	0	3	0	0	0	0	0	0	0	0	0	0	0
Elife	2022-01-01	8673837	243121	29469	0	16	0	0	0	0	2	9	0	0	5	1	0	0	3	0	54	0	0	4	0	0	0	0	0	0	0	0	0	0	0	0	0	2
Elife	2022-01-01	8691831	140151	15252	0	0	1	0	0	0	2	0	0	0	1	2	0	0	1	0	13	0	0	1	0	0	2	0	0	0	0	0	0	0	0	0	0	0
Elife	2022-01-01	8673833	32820	3267	0	0	1	0	0	0	1	0	0	0	1	0	0	0	0	0	1	0	0	0	0	0	0	0	0	0	0	0	0	0	0	0	0	0
Elife	2022-01-01	8776257	318150	27489	0	5	2	0	0	0	5	3	0	0	5	2	0	0	0	0	5	0	0	1	0	0	1	0	0	0	0	0	0	0	0	0	0	0
Elife	2022-01-01	8673832	8892	711	0	0	0	0	0	0	0	0	0	0	0	0	0	0	0	0	2	0	0	0	0	0	0	0	0	0	0	0	0	0	1	0	0	0
Elife	2022-01-01	8828053	250027	28064	0	8	0	0	0	0	1	5	0	1	1	7	0	0	0	0	34	0	0	0	0	0	1	0	0	0	0	0	0	0	0	0	0	0
Elife	2022-01-01	8735970	321103	30603	0	10	0	0	0	0	1	12	0	21	11	0	0	0	0	0	28	0	0	1	0	0	3	0	0	0	0	0	0	0	0	0	0	0
Elife	2022-01-01	8758138	357138	36612	0	50	2	2	1	1	2	21	0	0	11	0	0	0	1	0	60	0	0	0	0	0	3	2	0	0	0	0	0	0	0	0	0	54
Elife	2022-01-01	8664295	220547	22115	0	20	0	1	0	0	0	21	0	0	2	14	0	0	0	0	35	0	5	3	0	0	0	1	0	0	0	0	0	0	0	0	0	0
Elife	2022-01-01	8683086	298696	32074	0	33	1	2	0	1	1	22	0	0	1	8	0	0	0	0	47	0	2	2	0	0	1	1	0	0	0	0	0	0	0	0	0	0
Elife	2022-01-01	8687663	264599	32218	0	37	0	7	0	1	7	1	0	4	2	0	0	0	0	0	40	0	1	3	0	0	1	0	2	0	0	0	0	0	0	0	0	0
Elife	2022-01-01	8694697	18031	1637	0	0	0	0	0	0	1	0	0	0	0	0	0	0	0	0	3	0	0	0	0	0	0	0	0	0	0	0	0	0	0	0	0	0
Elife	2022-01-01	8824480	335362	28573	0	39	0	0	0	0	0	8	0	0	0	3	0	0	1	0	24	0	0	0	0	0	1	0	0	0	0	0	0	0	0	0	0	0
Elife	2022-01-01	8806189	231536	22883	0	5	0	9	0	1	8	3	0	2	0	4	0	0	0	0	20	0	0	2	0	0	0	0	0	0	0	0	0	0	0	0	0	0
Elife	2022-01-01	8676325	206446	23578	0	15	0	0	0	1	2	7	0	2	4	2	0	0	2	0	22	0	0	5	0	0	2	1	0	0	0	0	0	0	0	8	0	0
Elife	2022-01-01	8716100	127383	11393	0	0	1	0	0	2	3	0	0	0	0	1	0	0	0	0	8	0	0	7	0	0	0	0	0	0	0	0	0	0	0	0	0	0
Elife	2022-01-01	8853658	393853	43330	0	101	1	3	0	0	5	11	0	16	3	15	0	0	0	0	47	0	2	2	0	0	1	1	20	0	0	0	0	0	0	0	0	0
Elife	2022-01-01	8694699	201616	24103	0	10	4	1	0	1	7	5	0	0	5	8	0	0	1	0	23	0	0	6	0	0	1	0	0	0	0	0	0	0	0	0	0	0
Elife	2022-01-01	8691836	199491	19300	0	13	0	0	0	0	0	2	0	0	0	3	0	0	0	0	16	0	0	1	0	0	0	0	0	0	0	0	0	0	0	0	0	0
Elife	2022-01-01	8687659	252795	21662	0	2	0	0	0	0	23	0	0	0	10	7	0	0	0	0	21	0	0	3	0	0	2	0	0	1	0	0	0	1	0	0	0	1
Elife	2022-01-01	8747495	243333	22362	0	20	1	3	0	0	1	2	0	0	1	10	0	0	2	0	15	0	0	2	0	0	2	2	0	0	0	0	0	1	0	0	0	0
Elife	2022-01-01	8683079	258235	31876	0	10	2	6	0	0	2	2	0	9	1	2	0	0	0	0	52	0	0	0	0	0	0	2	0	0	0	0	0	0	0	4	0	0
Elife	2022-01-01	8789284	466212	45958	0	9	0	1	0	1	6	2	0	0	11	0	0	0	0	0	35	0	1	2	0	0	0	0	2	0	0	0	0	0	1	1	0	0
Elife	2022-01-01	8691830	149086	16347	0	6	0	4	0	0	0	3	0	3	7	5	0	0	0	0	15	0	0	2	0	0	0	0	1	0	0	0	0	0	0	0	0	0
Elife	2022-01-01	8741215	159361	13805	0	2	1	0	0	0	0	4	0	0	14	0	0	0	1	0	10	0	0	7	0	0	1	0	1	2	0	0	0	1	0	0	0	0
Elife	2022-01-01	8758146	239906	25514	0	5	3	0	0	1	0	1	0	1	12	3	0	0	1	0	14	0	0	0	0	0	1	0	0	0	0	0	0	0	0	0	0	0
Elife	2022-01-01	8683077	20629	1917	0	0	0	0	0	0	1	0	0	0	0	1	0	0	0	0	1	0	0	0	0	0	0	0	0	0	0	0	0	0	0	0	0	0
Elife	2022-01-01	8691834	182154	20378	0	18	6	4	0	0	2	9	0	1	3	14	0	0	0	0	57	0	0	3	0	0	5	0	4	0	0	0	0	0	0	0	0	0
Elife	2022-01-01	8730727	182179	17838	0	21	0	3	0	0	5	4	0	0	0	2	0	0	0	0	15	0	0	1	0	0	0	0	0	0	0	0	0	0	0	0	0	0
Elife	2022-01-01	8683082	234636	24211	0	11	0	6	0	3	1	0	0	0	3	2	0	0	0	0	97	0	0	4	0	0	2	1	0	0	0	0	1	0	0	1	0	0
Elife	2022-01-01	8691837	209211	21319	0	6	1	0	0	0	2	0	0	0	2	0	0	0	0	0	6	0	0	1	0	0	0	0	0	0	0	0	0	0	1	0	0	0
Elife	2022-01-01	8798050	380844	33281	0	92	2	0	0	0	3	0	0	0	13	1	0	4	3	0	100	0	0	2	0	0	1	0	0	0	1	0	0	0	1	0	0	0
Elife	2022-01-01	8691843	232276	25259	0	23	1	8	0	0	7	4	0	3	7	11	0	0	0	0	32	0	1	0	0	0	2	0	0	0	0	0	0	0	0	0	0	0
Elife	2022-01-01	8741218	346381	33366	0	99	1	3	0	0	5	0	0	2	20	9	0	0	1	0	34	0	1	8	0	0	2	1	1	0	0	0	0	0	0	0	0	1
Elife	2022-01-01	8716107	280604	28370	0	23	2	5	0	2	2	9	0	6	4	5	0	3	1	0	27	0	0	2	0	0	4	0	0	0	0	0	0	0	0	0	0	0
Elife	2022-01-01	8806193	348940	33243	0	30	3	2	0	0	19	6	0	2	96	18	0	0	5	0	29	0	0	2	0	0	1	0	0	1	0	0	0	0	0	1	0	0
Elife	2022-01-01	8860451	438815	49211	0	23	2	8	0	0	5	26	0	1	9	0	0	0	1	0	54	0	0	0	0	0	3	0	0	2	0	0	0	0	0	12	0	0
Elife	2022-01-01	8747500	174665	17695	0	19	0	0	0	1	2	6	0	0	4	9	0	0	2	0	38	0	1	3	0	0	2	0	0	0	0	0	0	0	0	0	0	0
Elife	2022-01-01	8758141	284159	27312	0	26	0	8	0	2	0	9	0	0	0	4	0	0	1	0	25	0	0	2	0	0	1	0	0	0	0	0	0	0	0	0	0	0
Elife	2022-01-01	8716109	219220	22442	0	9	0	0	0	1	0	5	0	0	0	1	0	0	4	0	50	0	1	0	0	0	0	0	0	0	0	0	0	0	0	0	0	0
Elife	2022-01-01	8752091	213548	22059	0	12	2	5	0	0	1	3	0	3	5	6	0	0	0	0	38	0	0	1	0	0	0	0	0	0	0	0	0	0	0	0	0	0
Elife	2022-01-01	8860437	500812	42258	1	41	0	15	0	0	15	3	0	5	129	12	0	0	2	0	461	0	0	2	0	0	4	0	0	0	0	0	0	3	0	0	0	0
Elife	2022-01-01	8820740	275317	28483	0	36	2	3	0	3	2	4	0	0	4	3	0	0	0	0	34	0	0	1	0	0	0	0	0	0	0	2	0	0	0	0	2	0
Elife	2022-01-01	8763402	194939	19427	0	18	0	3	0	0	5	18	0	2	8	6	0	0	1	0	50	0	1	2	0	0	3	0	0	0	0	0	0	1	0	0	0	0
Elife	2022-01-01	8776254	144110	14096	0	1	2	0	0	2	1	1	0	0	2	0	0	0	0	0	10	0	0	1	0	0	1	0	1	0	0	0	0	0	0	0	0	0
Elife	2022-01-01	8880997	229256	21150	0	6	1	8	0	1	2	1	0	5	1	1	0	0	0	0	22	0	1	4	0	0	0	0	0	0	0	0	0	0	0	0	0	0
Elife	2022-01-01	8769651	282317	29807	0	1	7	2	0	1	0	0	0	3	3	1	0	0	2	0	18	0	0	1	0	2	0	0	2	0	0	0	0	0	0	0	0	0
Elife	2022-01-01	8848140	282123	31579	0	19	1	11	0	4	1	7	0	1	0	7	0	0	0	0	52	0	0	4	0	0	1	0	0	0	0	0	0	1	0	0	0	0
Elife	2022-01-01	8754430	166816	17813	0	5	0	1	0	0	0	21	0	4	0	1	0	0	0	0	20	0	0	0	0	0	1	0	1	0	0	0	0	0	0	0	0	0
Elife	2022-01-01	8716104	132406	14589	0	15	0	1	0	0	1	10	0	0	6	2	0	0	0	0	31	0	0	6	0	0	0	0	0	0	0	0	0	0	0	0	0	0
Elife	2022-01-01	8719880	252721	24240	0	16	2	3	0	0	1	12	0	0	0	6	0	0	0	0	36	0	0	2	0	0	1	0	0	0	0	0	0	0	0	0	0	0
Elife	2022-01-01	8849344	170530	15835	0	10	5	8	0	0	4	4	0	0	27	6	0	1	0	0	73	0	0	0	0	0	2	1	3	0	0	0	0	0	0	0	1	0
Elife	2022-01-01	8700262	17041	1580	0	0	0	0	0	0	1	0	0	0	0	0	0	0	0	0	2	0	1	1	0	0	0	0	0	0	0	0	0	0	0	0	0	0
Elife	2022-01-01	8709577	204196	18819	0	29	0	3	0	3	1	2	0	1	4	0	0	0	0	0	31	0	0	0	0	0	1	8	0	0	0	0	0	0	0	0	0	0
Elife	2022-01-01	8786316	208510	23058	0	12	0	2	0	0	1	3	0	2	14	5	0	0	2	0	17	0	0	3	0	0	0	0	2	0	0	0	0	0	0	0	0	0
Elife	2022-01-01	8806182	194253	20237	3	4	0	3	0	2	1	5	0	2	0	2	0	0	0	0	21	0	0	0	0	0	3	0	0	0	0	0	0	0	1	0	0	0
Elife	2022-01-01	8741211	235360	23282	0	7	0	1	0	1	2	1	0	11	0	5	0	0	2	0	5	0	0	1	0	0	1	0	0	0	0	0	0	0	0	0	0	0
Elife	2022-01-01	8719888	467129	42626	0	16	0	15	0	2	3	6	0	0	0	11	0	0	0	0	55	0	2	4	0	0	3	1	1	0	0	0	0	0	2	2	0	2
Elife	2022-01-01	8846589	297932	28686	0	10	0	4	0	0	3	13	0	0	3	5	0	0	0	0	18	0	0	2	0	0	0	2	0	0	0	0	0	0	0	0	0	0
