journal	date	pmc_id	Nchars	Nwords	delve	analyse	acknowledge	assess	appraise	dissect	explore	examine	extricate	expose	estimate	investigate	inquire	inspect	interpret	scrutinise	study	unearth	uncover	understand	ponder	research	reason	retrieve	avoid	discount	disregard	dismiss	ignore	neglect	overlook	omit	skip	reject
Elife	2024-01-01	10558203	125092	11882	0	2	0	0	0	0	0	3	0	0	0	2	0	0	0	0	5	0	0	0	0	0	1	0	1	0	0	0	0	0	0	0	0	0
Elife	2024-01-01	10545429	271645	25563	0	13	0	1	0	0	4	2	0	0	1	5	0	0	1	0	24	0	1	1	0	0	0	0	0	0	0	0	0	0	0	0	0	3
Elife	2024-01-01	10547475	170891	16336	0	26	0	3	0	0	4	5	0	0	1	3	0	0	0	0	29	0	2	0	0	0	2	1	0	0	0	0	0	0	0	0	0	0
Elife	2024-01-01	10550285	260985	20301	0	4	0	0	0	0	4	1	0	0	0	2	0	0	2	0	19	0	0	4	0	0	0	0	0	0	0	0	0	1	1	0	0	0
Elife	2024-01-01	10545428	157284	15626	0	7	0	0	0	0	0	4	0	1	0	2	0	0	0	0	39	0	0	1	0	0	0	0	0	0	0	0	0	0	0	0	0	0
Elife	2024-01-01	10554751	199780	20889	0	8	0	4	0	0	3	2	0	0	2	3	0	0	1	0	19	0	0	2	0	0	2	0	0	0	0	0	0	0	0	1	0	0
Elife	2024-01-01	10581693	255331	24655	0	17	1	4	0	0	2	10	0	0	18	7	0	0	0	0	35	0	0	6	0	0	3	0	0	0	0	0	0	0	0	0	2	0
Elife	2024-01-01	10547476	300214	25810	0	12	0	1	0	3	6	1	0	1	1	0	0	0	0	0	38	0	1	5	0	0	0	0	0	0	0	0	0	0	0	0	0	0
Elife	2024-01-01	10547477	299847	25925	0	23	0	3	0	0	5	2	0	1	3	0	0	0	0	0	34	0	2	5	0	0	1	0	0	0	0	0	1	0	0	1	0	0
Elife	2024-01-01	10545427	59073	5763	0	0	0	0	0	0	0	0	0	0	0	0	0	0	0	0	3	0	0	3	0	0	1	0	0	0	0	0	0	0	0	0	0	0
Elife	2024-01-01	10554735	139219	14273	0	3	0	2	0	0	0	0	0	0	0	6	0	0	1	0	23	0	0	1	0	0	1	0	1	0	0	0	0	0	0	0	0	0
Elife	2024-01-01	10547472	158768	16499	0	7	2	3	0	0	0	0	0	0	1	5	0	0	4	0	65	0	0	0	0	0	1	0	0	0	0	0	1	0	0	0	0	0
Elife	2024-01-01	10569788	208850	23202	0	3	0	7	0	0	0	0	0	2	2	5	0	0	4	0	31	0	0	3	0	0	1	1	0	0	0	0	0	0	0	0	0	1
Elife	2024-01-01	10554733	124608	10522	0	4	0	0	0	0	1	1	0	0	1	4	0	0	2	0	12	0	1	1	0	0	0	0	0	0	0	0	0	0	0	0	0	0
Elife	2024-01-01	10569789	194868	20849	0	3	1	0	0	0	1	1	0	1	20	3	0	0	1	0	49	0	1	1	0	0	8	0	1	0	0	0	0	0	0	0	0	0
Elife	2024-01-01	10569791	269165	24823	0	17	1	2	0	4	2	0	0	0	3	0	0	0	0	0	9	0	0	3	0	0	1	0	0	0	0	0	0	0	0	0	0	1
Elife	2024-01-01	10581687	187456	19554	0	7	1	0	0	0	0	2	0	0	0	7	0	0	0	0	28	0	0	0	0	0	2	0	0	0	0	0	1	0	0	0	0	0
Elife	2024-01-01	10593406	236313	25322	0	21	0	1	0	0	1	8	0	0	4	3	0	0	3	0	64	0	1	0	0	0	0	0	0	0	0	0	0	0	0	0	0	2
Elife	2024-01-01	10584372	229486	21662	0	5	1	0	0	0	7	10	0	4	15	4	0	0	0	0	17	0	0	4	0	0	3	0	0	0	0	0	0	3	0	0	0	0
Elife	2024-01-01	10611432	298378	28841	0	19	0	10	0	2	0	7	0	0	0	1	0	0	0	0	34	0	1	0	0	0	0	0	0	0	0	0	0	0	0	0	0	0
Elife	2024-01-01	10561973	47288	5263	0	6	1	0	0	0	0	0	0	0	1	1	0	0	0	0	10	0	0	1	0	0	1	0	0	0	0	0	0	0	0	0	0	0
Elife	2024-01-01	10718530	260912	26810	0	7	2	1	0	0	0	2	0	0	2	2	0	0	2	0	26	0	0	0	0	0	2	0	3	0	0	0	0	0	0	1	0	0
Elife	2024-01-01	10569790	316515	33278	0	34	2	16	0	0	6	3	0	0	21	16	0	6	2	0	43	0	2	9	0	0	5	0	0	0	0	0	4	0	0	1	0	0
Elife	2024-01-01	10567108	32303	2486	0	0	0	0	0	0	1	0	0	0	0	0	0	0	0	0	2	0	0	0	0	0	0	0	0	0	0	0	0	0	1	0	0	0
Elife	2024-01-01	10567107	20725	1891	0	1	0	0	0	0	0	0	0	0	0	1	0	0	0	0	4	0	0	0	0	0	0	0	0	0	0	0	0	0	0	0	0	0
Elife	2024-01-01	10569785	14831	1925	0	1	1	1	0	0	0	2	0	0	0	0	0	0	0	0	1	0	0	1	0	0	0	0	0	0	0	0	1	0	0	0	0	0
Elife	2024-01-01	10575629	271232	22663	0	19	0	0	0	5	0	2	0	0	4	7	0	0	0	0	19	0	1	5	0	0	0	0	1	0	0	0	0	0	0	0	0	0
Elife	2024-01-01	10567110	155842	15437	0	35	1	1	1	0	0	17	0	0	2	2	0	0	2	0	83	0	0	3	0	0	0	0	2	0	0	0	0	0	0	1	0	0
Elife	2024-01-01	10627510	290569	22668	0	6	4	0	0	1	0	1	0	0	11	10	0	0	0	0	25	0	0	5	0	0	3	0	0	0	0	0	0	0	0	2	0	0
Elife	2024-01-01	10561974	202971	16924	0	5	0	0	0	0	1	1	0	0	0	0	0	0	1	0	25	0	0	0	0	0	1	0	0	0	0	0	0	0	0	0	0	0
Elife	2024-01-01	10624421	256594	23779	0	11	2	0	0	0	2	1	0	0	41	4	0	0	2	0	17	0	0	2	0	0	4	0	0	0	0	0	0	0	0	0	0	0
Elife	2024-01-01	10629822	246443	21914	0	20	0	16	0	2	0	5	0	14	3	2	0	0	0	0	27	0	0	1	0	0	0	0	0	0	0	0	0	0	0	0	0	0
Elife	2024-01-01	10575627	97918	9913	0	0	0	0	0	0	0	0	0	0	27	0	0	0	0	0	13	0	0	0	0	0	0	0	0	0	0	0	0	0	0	0	0	0
Elife	2024-01-01	10567115	450668	39362	0	16	0	14	0	1	4	6	0	2	4	5	0	0	0	0	37	0	0	2	0	0	0	3	6	0	0	0	0	0	0	1	0	0
Elife	2024-01-01	10567114	293910	26911	0	14	0	1	0	0	4	12	0	0	8	4	0	0	0	0	76	0	1	0	0	0	0	2	1	0	0	0	0	0	0	0	0	0
Elife	2024-01-01	10703446	398174	32326	0	7	0	0	0	0	14	2	0	0	22	3	0	0	0	0	16	0	0	2	0	0	4	0	0	0	0	0	1	0	0	0	0	0
Elife	2024-01-01	10564454	236282	21295	0	19	3	7	0	0	2	1	0	0	2	3	0	0	1	0	27	0	1	3	0	0	0	1	1	0	0	0	0	0	0	0	0	0
Elife	2024-01-01	10567111	231983	24187	0	6	0	2	0	0	4	3	0	14	0	6	0	0	0	0	40	0	0	0	0	0	0	0	0	0	0	0	0	0	0	0	0	0
Elife	2024-01-01	10569793	223040	19843	0	21	0	1	0	0	1	0	0	2	0	3	0	0	2	0	8	0	0	0	0	0	0	0	0	0	0	0	0	0	0	0	0	0
Elife	2024-01-01	10564450	178602	16888	0	3	1	4	0	0	1	0	0	0	40	5	0	0	2	0	37	0	0	8	0	1	0	1	0	0	0	1	0	0	0	0	0	0
Elife	2024-01-01	10569786	13227	1725	0	0	0	2	0	0	0	0	0	0	0	0	0	0	0	0	0	0	0	0	0	0	0	0	0	0	0	0	0	0	0	0	0	0
Elife	2024-01-01	10624424	228297	22470	0	16	1	5	0	0	4	7	0	0	11	11	0	0	0	0	68	0	1	10	0	0	2	0	2	0	0	0	0	0	0	4	0	2
Elife	2024-01-01	10564449	253626	29180	0	16	6	2	0	1	3	4	0	2	0	7	0	0	0	0	55	0	0	9	0	0	4	0	0	0	0	1	3	0	0	1	0	0
Elife	2024-01-01	10575631	172009	16587	0	6	0	7	0	1	2	9	0	2	1	2	0	0	1	0	36	0	0	9	0	0	0	0	0	0	0	0	0	1	0	0	0	0
Elife	2024-01-01	10575626	8714	646	0	0	0	0	0	0	0	1	0	0	0	0	0	0	0	0	0	0	0	0	0	0	0	1	0	0	0	0	0	0	0	0	0	0
Elife	2024-01-01	10642969	316168	30687	0	23	1	0	0	3	2	9	0	0	0	12	0	0	0	0	54	0	0	7	0	0	0	0	0	0	0	0	0	0	0	0	0	0
Elife	2024-01-01	10586803	226296	18702	0	26	0	5	0	0	7	2	0	0	3	5	0	0	0	0	32	0	1	1	0	0	0	1	0	0	0	0	1	0	0	0	0	0
Elife	2024-01-01	10578927	206012	18914	0	6	2	2	0	0	0	2	0	0	0	8	0	1	0	0	18	0	2	3	0	0	0	0	0	0	0	0	0	0	0	3	0	0
Elife	2024-01-01	10584368	22833	2050	0	0	0	0	0	0	1	1	0	0	0	0	0	0	0	0	3	0	0	0	0	0	0	0	0	0	0	0	0	0	0	0	0	0
Elife	2024-01-01	10629830	368187	33211	0	3	0	1	0	0	5	7	0	0	21	9	0	0	0	0	18	0	1	1	0	0	1	0	1	0	0	0	0	0	0	0	0	0
Elife	2024-01-01	10588980	8891	673	0	0	0	0	0	0	0	0	0	0	0	0	0	0	0	0	0	0	0	0	0	0	0	0	0	0	0	0	0	0	0	0	0	0
Elife	2024-01-01	10619977	137134	13485	0	4	2	2	0	0	2	2	0	2	2	2	0	0	0	0	10	0	0	0	0	0	2	0	0	0	0	0	0	0	0	0	0	0
Elife	2024-01-01	10688972	250429	24284	0	37	1	3	0	0	3	2	0	0	7	15	0	0	6	0	40	0	0	9	0	0	4	0	0	0	0	0	2	0	0	0	0	0
Elife	2024-01-01	10578925	32222	2550	0	0	0	0	0	0	0	0	0	0	0	0	0	0	0	0	2	0	1	2	0	0	0	1	0	0	0	0	0	0	0	0	0	0
Elife	2024-01-01	10581685	189083	18442	0	18	0	0	0	0	3	7	0	0	0	6	0	0	0	0	57	0	0	1	0	0	1	0	0	0	0	0	0	0	0	0	0	0
Elife	2024-01-01	10617988	225002	23886	0	21	0	0	0	0	0	9	0	0	3	5	0	0	0	0	24	0	1	3	0	0	2	0	0	0	0	0	0	0	0	0	0	0
Elife	2024-01-01	10637775	274086	26517	0	24	0	3	0	5	7	1	0	1	0	0	0	0	0	0	10	0	0	1	0	0	1	0	0	0	0	0	0	0	0	0	0	1
Elife	2024-01-01	10588981	174137	18490	0	15	4	14	0	0	1	8	0	0	0	8	0	0	2	0	29	0	0	2	0	0	0	0	0	0	0	0	0	0	0	0	0	0
Elife	2024-01-01	10637773	312161	37129	0	21	0	9	0	6	8	10	0	8	33	2	0	1	6	0	50	0	0	8	0	0	10	0	1	0	0	0	2	0	1	3	0	0
Elife	2024-01-01	10581686	236027	20338	0	15	4	11	0	0	14	0	0	2	15	3	0	3	2	0	25	0	0	3	0	2	8	10	1	0	0	0	0	1	0	0	0	0
Elife	2024-01-01	10581690	195987	18781	0	16	1	0	0	0	4	1	0	0	0	2	0	0	0	0	14	0	0	6	0	0	0	0	0	0	0	0	0	0	0	0	0	0
Elife	2024-01-01	10578930	185330	19425	0	54	2	0	0	0	0	1	0	0	0	0	0	0	1	0	3	0	0	1	0	0	3	0	5	0	0	0	0	1	0	0	0	0
Elife	2024-01-01	10637772	354565	31699	0	7	1	5	0	0	0	6	0	2	4	0	0	0	0	0	78	0	0	1	0	0	1	0	0	0	0	0	0	0	0	0	0	0
Elife	2024-01-01	10712950	114354	10017	0	13	0	0	0	0	1	6	0	0	4	1	0	0	0	0	6	0	0	0	0	0	0	0	1	0	0	0	0	0	0	0	0	4
Elife	2024-01-01	10584371	151755	15553	0	10	0	1	0	0	0	12	0	0	0	2	1	0	0	0	13	0	0	3	0	0	1	0	0	0	0	0	0	0	0	0	0	0
Elife	2024-01-01	10581689	224172	26349	0	2	1	3	0	0	6	0	0	1	14	0	0	0	1	0	13	0	0	1	0	0	2	0	0	0	0	0	1	2	0	0	0	0
Elife	2024-01-01	10622145	219926	25832	0	24	0	3	0	0	3	10	0	2	8	6	0	1	0	0	27	0	0	3	0	0	5	0	0	0	0	0	0	0	1	1	0	0
Elife	2024-01-01	10642968	236308	21479	0	58	1	0	0	0	5	2	0	0	0	5	0	0	0	0	11	0	1	2	0	0	0	0	1	0	0	0	0	0	0	0	0	0
Elife	2024-01-01	10586805	246684	17162	0	4	0	0	0	0	4	2	0	5	1	12	0	0	2	0	20	0	0	2	0	0	3	0	1	0	0	0	0	0	0	0	0	0
Elife	2024-01-01	10578931	337900	33901	0	26	0	2	0	0	1	15	0	1	0	3	0	0	0	0	85	0	0	0	0	0	1	1	1	0	0	0	0	0	0	0	0	0
Elife	2024-01-01	10599656	211627	19687	0	8	0	4	0	0	1	2	0	1	0	5	0	0	0	0	26	0	0	0	0	0	1	0	0	0	0	0	0	0	1	0	0	0
Elife	2024-01-01	10619979	362080	38341	0	26	1	4	0	0	0	7	0	1	21	21	0	1	2	0	41	0	0	5	0	0	2	0	3	0	0	0	0	0	0	0	0	0
Elife	2024-01-01	10611430	218223	22419	0	3	0	4	0	0	2	18	0	1	1	0	0	0	3	0	6	0	0	5	0	0	2	0	0	0	0	0	0	0	0	0	0	0
Elife	2024-01-01	10619980	263013	28174	1	20	1	3	0	2	0	18	0	10	4	6	0	0	0	0	55	0	8	5	0	0	3	0	0	0	0	0	0	0	1	0	0	0
Elife	2024-01-01	10619982	289858	30631	0	22	1	1	0	0	10	2	0	0	4	8	0	0	1	0	51	0	0	2	0	0	1	0	0	0	0	0	0	0	0	0	0	0
Elife	2024-01-01	10708890	248800	22992	0	16	0	3	0	0	0	2	0	0	4	2	0	0	0	0	16	0	0	2	0	0	1	0	0	0	0	0	0	0	0	0	0	0
Elife	2024-01-01	10672806	278887	24785	0	39	0	4	0	0	2	1	0	1	0	2	0	0	0	0	24	0	0	0	0	0	3	0	0	0	0	0	0	0	0	0	1	0
Elife	2024-01-01	10599655	123382	12787	0	56	0	4	0	0	2	0	0	2	39	12	0	0	3	0	101	0	0	2	0	0	0	0	0	0	0	0	0	0	1	3	0	0
Elife	2024-01-01	10602589	275459	30725	0	25	5	0	0	0	9	17	0	1	17	4	0	0	4	0	24	0	0	1	0	0	4	0	0	3	0	0	3	0	0	0	0	0
Elife	2024-01-01	10637776	337010	35453	0	50	1	7	0	3	3	12	0	2	0	10	0	0	2	0	63	0	6	1	0	0	0	1	0	0	0	0	0	1	0	0	0	0
Elife	2024-01-01	10708889	248015	26854	0	7	5	42	0	0	3	8	0	1	6	0	0	0	0	0	41	0	0	2	0	0	0	0	0	0	0	0	0	0	0	0	0	0
Elife	2024-01-01	10637774	102133	10005	0	2	0	3	0	0	0	0	0	0	0	1	0	0	0	0	22	0	1	0	0	0	0	0	0	0	0	0	0	0	0	0	0	0
Elife	2024-01-01	10617991	323990	25401	0	15	0	3	0	2	7	3	0	8	3	5	0	0	0	0	20	0	0	3	0	0	1	0	0	1	0	0	0	0	0	0	1	0
Elife	2024-01-01	10619978	245068	23222	0	13	0	3	0	1	2	2	0	0	0	1	0	0	0	0	62	0	0	1	0	0	4	0	0	0	0	0	0	0	4	1	0	0
Elife	2024-01-01	10619976	213684	20928	0	7	0	1	0	0	4	0	0	0	2	0	0	0	0	0	33	0	1	7	0	0	0	0	1	0	0	0	0	0	0	5	0	0
Elife	2024-01-01	10617992	341024	32830	0	8	1	0	0	0	3	0	0	2	11	4	0	0	1	0	49	0	0	2	0	0	0	0	0	0	0	0	0	0	0	1	0	0
Elife	2024-01-01	10617993	211163	20782	0	15	0	0	0	1	1	2	0	2	3	2	0	0	0	0	27	0	0	0	0	0	1	0	1	0	0	0	0	0	0	1	0	0
Elife	2024-01-01	10651171	157120	16617	0	19	2	3	0	0	4	3	0	0	1	6	0	2	0	0	51	0	0	8	0	0	0	0	0	0	0	0	0	0	0	0	1	3
Elife	2024-01-01	10699808	357535	38159	0	47	0	6	0	0	9	17	0	11	16	14	0	0	5	0	51	0	0	7	0	0	6	0	0	0	0	0	7	0	0	0	0	0
Elife	2024-01-01	10615369	247719	24236	0	31	2	2	0	0	5	8	0	0	0	7	0	0	0	0	31	0	0	0	0	0	0	0	0	0	0	0	0	0	0	0	0	0
Elife	2024-01-01	10615370	261787	23832	0	3	0	1	0	0	2	14	0	10	0	2	0	0	0	0	39	0	0	1	0	0	0	0	0	0	0	0	0	0	0	0	0	0
Elife	2024-01-01	10642965	265496	28848	0	14	1	4	0	1	2	28	0	1	3	2	0	0	0	0	73	0	2	2	0	0	2	0	1	0	0	0	0	0	0	1	0	0
Elife	2024-01-01	10611429	22757	1978	0	0	0	0	0	0	0	0	0	1	0	1	0	0	0	0	2	0	0	3	0	0	0	0	0	0	0	0	0	0	0	0	0	0
Elife	2024-01-01	10597582	208074	20009	0	1	0	3	0	4	8	2	0	2	0	6	0	0	0	0	6	0	0	6	0	0	0	0	0	0	0	0	0	0	0	0	0	0
Elife	2024-01-01	10602587	226690	21845	0	16	6	2	0	0	3	1	0	0	2	4	0	0	0	0	36	0	1	4	0	0	1	1	0	0	0	0	0	0	0	0	1	0
Elife	2024-01-01	10629816	186357	17810	1	12	0	0	0	1	6	3	0	0	0	6	0	0	0	0	25	0	0	4	0	0	2	0	0	0	0	0	0	0	1	0	1	0
Elife	2024-01-01	10624425	292837	29143	0	21	2	6	0	0	4	16	0	1	20	3	0	0	0	0	53	0	0	2	0	0	2	1	2	0	0	0	1	0	1	0	0	0
Elife	2024-01-01	10666929	429399	36198	0	11	0	9	0	1	0	0	0	1	0	8	0	0	0	0	11	0	0	1	0	0	1	0	0	0	0	0	0	0	0	0	0	0
Elife	2024-01-01	10629825	225930	20857	0	3	0	6	0	0	0	1	0	15	0	7	0	0	0	0	10	0	2	1	0	0	0	1	0	0	0	0	0	0	0	0	0	0
Elife	2024-01-01	10622143	119146	11321	0	25	0	0	0	0	4	1	0	0	7	5	0	0	3	0	58	0	0	2	0	0	1	0	0	0	0	0	0	0	0	0	0	0
Elife	2024-01-01	10631758	162552	16621	0	5	4	30	0	0	0	9	0	0	0	9	0	0	1	0	86	0	1	2	0	0	1	0	0	0	0	0	0	0	0	0	0	0
Elife	2024-01-01	10622144	169992	17584	1	18	8	0	0	0	5	7	0	0	11	1	0	0	2	0	144	0	0	1	0	0	1	0	2	0	0	0	2	0	0	0	0	0
Elife	2024-01-01	10651176	290508	28558	0	35	0	2	0	0	4	12	0	12	0	7	0	1	0	0	67	0	0	3	0	0	0	0	0	0	0	0	0	0	0	0	0	0
Elife	2024-01-01	10764007	231449	23495	0	10	0	2	0	1	3	2	0	1	8	9	0	0	1	0	8	0	1	5	0	0	3	0	0	0	0	0	1	1	0	0	0	0
Elife	2024-01-01	10629824	255932	22288	0	23	0	1	0	3	4	5	0	0	2	3	0	0	0	0	42	0	0	1	0	0	0	0	0	0	0	0	0	0	0	1	0	0
Elife	2024-01-01	10627513	196507	19370	0	37	0	2	0	1	0	5	0	0	6	13	0	0	0	0	25	0	0	2	0	0	2	0	1	0	0	0	0	0	2	0	1	0
Elife	2024-01-01	10631757	118278	12575	0	20	0	0	0	0	4	0	0	2	0	0	0	0	0	0	13	0	0	1	0	0	2	0	0	0	0	0	0	0	2	0	0	0
Elife	2024-01-01	10622141	22995	1973	0	0	0	0	0	0	0	0	0	0	0	3	0	0	1	0	2	0	0	1	0	0	0	0	0	0	0	0	0	0	0	0	0	0
Elife	2024-01-01	10624428	210743	23067	0	12	0	2	0	0	0	1	0	3	0	2	0	0	0	0	30	0	0	1	0	0	1	0	0	0	0	0	0	0	0	0	0	0
Elife	2024-01-01	10629813	214605	21543	0	16	0	0	0	0	3	7	0	0	0	11	0	0	0	0	39	0	2	3	0	0	0	0	0	0	0	0	0	0	0	0	0	0
Elife	2024-01-01	10622142	26130	2163	0	0	0	0	0	0	0	0	0	0	0	0	0	0	0	0	4	0	0	0	0	0	0	0	0	0	0	0	0	0	0	0	0	0
Elife	2024-01-01	10622147	203683	18276	0	16	0	6	0	0	1	13	0	0	2	5	0	0	0	0	36	0	0	1	0	0	1	0	0	0	0	0	0	0	0	0	0	0
Elife	2024-01-01	10624427	369549	34173	0	5	1	2	0	1	3	2	0	0	0	6	0	1	5	0	33	0	3	3	0	0	3	0	0	0	0	0	2	1	0	0	0	0
Elife	2024-01-01	10624422	137049	17039	0	43	8	4	0	0	5	6	0	0	7	6	0	0	1	1	81	0	2	2	0	0	9	0	0	0	0	0	0	0	0	0	0	12
Elife	2024-01-01	10624423	165489	17278	0	8	0	0	0	0	0	2	0	1	0	1	0	0	0	0	15	0	0	0	0	0	0	0	0	0	0	0	0	0	0	1	0	0
Elife	2024-01-01	10631760	246190	23392	0	10	2	2	0	1	4	1	0	1	1	7	0	0	0	0	52	0	0	2	0	0	3	0	0	0	0	0	0	0	0	0	0	0
Elife	2024-01-01	10631759	178847	16172	0	21	1	2	0	1	1	4	0	1	1	1	0	0	2	0	98	0	0	4	0	0	0	0	0	0	0	0	1	0	0	0	0	0
Elife	2024-01-01	10629828	482173	46218	0	25	0	5	0	0	4	7	0	2	1	4	0	1	0	0	37	0	1	6	0	0	2	0	0	0	0	0	0	0	0	1	0	0
Elife	2024-01-01	10712949	267392	28071	0	3	1	6	0	1	0	3	0	8	1	1	0	0	3	0	22	0	0	8	0	0	4	0	0	0	0	0	0	0	0	0	0	0
Elife	2024-01-01	10627512	169159	16299	0	2	0	1	0	1	0	0	0	1	0	1	0	1	0	0	9	0	0	0	0	0	0	0	0	0	0	0	0	0	0	1	0	1
Elife	2024-01-01	10645423	279954	27713	0	4	2	1	0	1	5	3	0	1	0	18	0	0	0	0	79	0	1	3	0	0	2	3	0	0	0	0	0	0	0	1	0	0
Elife	2024-01-01	10635643	129373	10625	0	5	1	0	0	0	1	0	0	1	2	0	0	0	0	0	13	0	0	4	0	0	0	0	0	0	0	0	0	0	0	0	0	0
Elife	2024-01-01	10645416	19706	1702	0	0	0	0	0	0	0	0	0	0	0	0	0	0	0	0	8	0	0	0	0	0	0	0	0	0	0	0	0	0	0	0	0	0
Elife	2024-01-01	10645427	171928	16699	0	2	1	0	0	2	2	3	0	2	0	7	0	1	0	0	22	0	0	6	0	0	0	0	0	0	0	0	0	0	0	0	0	0
Elife	2024-01-01	10642964	234382	24276	0	7	1	4	0	1	4	4	0	0	0	3	0	0	0	0	43	0	0	3	0	0	0	0	0	0	0	0	0	0	0	0	0	0
Elife	2024-01-01	10651175	182144	18542	0	5	0	0	0	0	5	3	0	0	0	1	0	0	0	0	27	0	0	2	0	3	2	0	1	0	0	0	0	0	0	0	0	0
Elife	2024-01-01	10642966	166119	14225	0	3	1	0	0	0	1	8	0	0	1	1	0	0	0	0	30	0	0	4	0	0	1	0	2	0	0	0	0	0	1	0	0	0
Elife	2024-01-01	10645421	238891	23109	0	20	0	19	0	0	0	2	0	2	44	11	0	0	2	0	46	0	0	3	0	0	2	0	11	0	0	0	0	0	0	0	1	0
Elife	2024-01-01	10645426	310370	26291	0	8	0	0	0	0	1	4	0	1	2	5	0	0	1	0	44	0	3	4	0	0	0	2	0	0	0	0	0	0	0	0	0	0
Elife	2024-01-01	10645419	146860	14916	1	7	2	3	0	0	2	6	0	2	0	0	0	0	0	0	26	0	0	1	0	0	3	0	0	0	0	0	0	0	0	0	0	0
Elife	2024-01-01	10642962	240622	22495	0	10	1	2	0	0	2	0	0	1	8	2	0	0	2	0	40	0	0	0	0	0	0	0	0	0	0	0	0	0	0	0	0	0
Elife	2024-01-01	10642963	210927	22678	0	14	0	7	0	0	0	4	0	8	1	7	0	0	0	0	56	0	1	0	0	0	1	0	0	0	0	0	0	0	0	0	0	0
Elife	2024-01-01	10642967	175569	16692	0	10	0	0	0	0	0	1	0	0	0	5	0	0	0	0	11	0	0	7	0	0	0	0	0	0	0	0	0	0	0	0	0	0
Elife	2024-01-01	10635641	26644	2492	0	3	0	2	0	0	0	0	0	0	0	0	0	0	0	0	0	0	0	0	0	0	0	0	0	0	0	0	0	0	0	0	0	0
Elife	2024-01-01	10645425	248194	22327	0	9	0	0	0	0	2	0	0	0	1	11	0	0	0	0	26	0	0	4	0	0	0	0	1	0	0	0	0	1	0	2	0	0
Elife	2024-01-01	10651172	94602	9292	0	7	0	1	0	0	2	1	0	0	1	3	0	0	0	0	20	0	0	1	0	0	0	0	0	0	0	0	0	0	0	0	0	0
Elife	2024-01-01	10651174	242712	26621	0	13	0	9	0	0	8	6	0	3	11	16	0	0	1	0	108	0	0	6	0	0	0	0	2	0	0	0	0	0	0	0	0	3
Elife	2024-01-01	10635642	16060	1525	0	0	0	0	0	0	0	2	0	0	2	1	0	0	0	0	2	0	0	1	0	0	0	0	0	0	0	0	0	0	0	0	0	0
Elife	2024-01-01	10645424	404973	30363	0	36	0	1	0	2	2	9	0	1	7	4	0	0	0	0	116	0	2	7	0	0	5	0	0	0	0	0	2	0	0	0	0	0
Elife	2024-01-01	10645417	7768	614	0	0	0	0	0	0	0	0	0	0	0	0	0	0	0	0	0	0	0	0	0	0	0	0	0	0	0	0	0	0	0	0	0	0
Elife	2024-01-01	10651173	107664	10756	0	7	0	0	0	0	0	2	0	0	0	0	0	0	0	0	28	0	0	3	0	0	0	0	0	0	0	0	0	0	0	0	0	0
Elife	2024-01-01	10637771	27390	2287	0	1	0	0	0	0	0	0	0	1	0	0	0	0	1	0	5	0	0	0	0	0	0	0	0	0	0	0	0	0	0	0	0	0
Elife	2024-01-01	10642970	185110	16610	0	12	3	2	0	1	4	3	0	0	9	8	0	0	1	0	45	0	0	1	0	0	1	3	0	0	0	0	0	0	1	0	0	0
Elife	2024-01-01	10662952	198881	19777	0	24	0	3	0	8	0	9	0	0	0	1	0	0	1	0	13	0	0	2	0	0	1	0	0	0	0	0	0	0	0	1	0	0
Elife	2024-01-01	10645422	168257	16089	0	2	0	0	0	0	0	0	0	0	2	1	0	0	0	0	16	0	0	2	0	0	0	0	1	0	0	0	0	0	0	1	0	0
Elife	2024-01-01	10695562	202095	19535	1	10	0	0	0	0	0	6	0	2	3	8	0	0	0	0	43	0	0	1	0	0	0	1	0	0	0	0	0	0	0	5	0	0
Elife	2024-01-01	10662949	228197	20242	0	7	0	9	0	0	1	0	0	0	0	3	0	0	0	0	19	0	1	3	0	0	0	0	0	0	0	0	2	0	0	0	0	0
Elife	2024-01-01	10656103	271140	29190	1	4	2	0	0	0	4	0	0	1	2	4	0	0	0	0	8	0	0	4	0	0	1	0	1	0	0	0	2	0	1	0	0	0
Elife	2024-01-01	10662951	541547	52928	0	44	1	1	0	0	8	8	0	0	12	7	0	0	0	1	106	0	0	3	0	0	2	2	0	0	0	0	0	0	0	2	0	0
Elife	2024-01-01	10691800	206345	20773	0	8	0	1	0	1	0	4	0	1	0	1	0	0	0	0	19	0	0	3	0	0	0	0	0	0	0	0	0	0	0	0	0	0
Elife	2024-01-01	10849675	251831	27663	0	27	0	2	0	0	1	5	0	0	0	8	0	0	2	0	41	0	0	7	0	0	1	0	0	0	0	0	0	1	0	0	0	0
Elife	2024-01-01	10794065	245583	26749	0	13	0	7	0	0	8	6	0	1	2	12	0	0	2	0	42	0	0	1	0	0	4	0	0	0	0	0	0	0	0	0	0	0
Elife	2024-01-01	10665016	166144	16201	0	29	0	2	0	3	3	0	0	1	2	8	0	0	1	0	29	0	0	1	0	0	1	0	0	0	0	0	0	0	0	1	0	0
Elife	2024-01-01	10656101	284828	26617	0	9	7	0	0	0	7	7	0	1	23	1	0	2	1	0	43	0	0	4	0	0	3	0	1	0	0	0	2	0	0	1	2	0
Elife	2024-01-01	10656102	228504	20991	0	3	0	0	0	0	1	6	0	0	1	0	0	1	2	0	29	0	0	6	0	0	1	0	0	0	0	0	0	0	0	1	0	0
Elife	2024-01-01	10665014	147506	13233	0	6	0	1	0	3	3	3	0	0	2	13	0	0	0	0	44	0	0	3	0	0	0	0	0	0	0	0	0	0	0	0	0	0
Elife	2024-01-01	10659578	154942	16853	0	5	1	0	0	0	0	6	0	1	13	2	0	0	1	0	24	0	0	4	0	0	2	0	0	0	0	0	0	0	0	0	0	0
Elife	2024-01-01	10688969	125121	13494	0	6	0	0	0	0	5	3	0	0	0	5	0	0	0	0	35	0	1	4	0	0	1	0	0	0	0	0	0	0	0	0	0	0
Elife	2024-01-01	10662956	355771	34080	0	2	0	3	0	0	0	6	0	1	2	2	0	0	9	0	109	0	0	1	0	1	0	1	0	0	0	0	0	0	0	0	0	1
Elife	2024-01-01	10791126	479399	46461	0	110	0	6	0	0	1	5	0	10	33	33	0	0	3	0	120	0	0	7	0	0	1	0	0	0	0	0	2	0	0	0	0	0
Elife	2024-01-01	10703442	283663	34260	0	48	0	3	0	0	7	19	0	2	17	3	0	0	2	0	12	0	0	3	0	0	5	0	1	0	0	0	0	0	0	7	0	2
Elife	2024-01-01	10662954	290795	29314	0	5	1	0	0	5	0	0	0	2	0	8	0	1	0	0	47	0	1	1	0	0	3	0	0	0	0	0	0	0	0	0	0	0
Elife	2024-01-01	10718529	269335	28955	0	51	4	1	0	1	11	0	0	0	39	1	0	1	8	0	109	0	1	7	0	0	1	1	4	0	1	0	2	0	0	0	0	0
Elife	2024-01-01	10662948	227822	23376	0	15	0	1	0	0	0	3	0	0	3	12	0	0	0	0	59	0	0	1	0	0	0	0	0	0	0	0	0	0	0	0	0	0
Elife	2024-01-01	10665013	189788	19378	0	31	0	1	0	0	4	5	0	1	0	0	0	0	0	0	19	0	0	1	0	0	0	0	0	0	0	0	0	0	0	0	0	0
Elife	2024-01-01	10662950	295417	27642	0	15	1	3	0	2	3	9	0	0	2	3	0	0	0	0	34	0	0	2	0	0	2	0	0	0	0	0	0	0	0	0	0	0
Elife	2024-01-01	10781423	132137	14529	0	11	0	0	0	0	2	1	0	0	0	3	0	0	0	0	36	0	0	1	0	0	1	0	0	0	0	0	0	0	0	1	0	0
Elife	2024-01-01	10659577	46930	4606	0	7	0	4	0	0	0	0	0	0	3	0	0	0	0	0	10	0	2	0	0	0	0	0	0	0	0	0	0	0	0	0	0	0
Elife	2024-01-01	10665018	158166	15344	0	2	1	0	0	0	2	4	0	0	1	0	0	0	0	0	31	0	0	6	0	0	0	0	0	0	0	0	0	0	0	0	0	0
Elife	2024-01-01	10665017	272388	27315	0	13	2	0	0	0	3	7	0	0	1	2	0	0	0	0	16	0	0	1	0	0	1	0	0	0	0	0	0	0	0	0	0	0
Elife	2024-01-01	10846859	201473	17948	0	5	1	0	0	1	2	1	0	0	0	0	0	0	3	0	18	0	0	0	0	1	0	6	0	0	0	0	0	0	0	0	0	0
Elife	2024-01-01	10681363	148298	15193	0	5	1	5	0	0	2	1	0	0	11	3	0	0	0	0	21	0	0	3	0	0	1	2	5	0	0	0	0	0	0	24	0	0
Elife	2024-01-01	10684155	196993	18140	0	5	0	4	0	1	8	2	0	1	0	2	0	0	0	0	44	0	0	2	0	0	0	1	0	0	0	0	0	0	0	0	0	0
Elife	2024-01-01	10666930	173547	18478	0	2	1	0	0	0	3	2	0	0	9	2	0	0	0	0	40	0	0	1	0	0	0	1	0	0	0	0	0	0	0	0	0	0
Elife	2024-01-01	10691803	297893	28120	0	7	2	11	0	0	0	2	0	0	30	8	0	0	1	0	59	0	0	1	0	1	3	0	0	0	0	0	0	0	0	1	0	2
Elife	2024-01-01	10691798	24817	1990	0	0	0	0	0	0	0	1	0	0	2	0	0	0	0	0	19	0	0	0	0	0	0	0	0	0	0	0	0	0	0	0	0	0
Elife	2024-01-01	10672804	301801	33235	0	85	3	8	0	0	0	12	0	0	18	3	0	0	2	0	35	0	0	3	0	0	4	0	0	0	0	0	0	0	0	2	0	1
Elife	2024-01-01	10672786	25375	2142	0	0	0	0	0	0	0	0	0	0	0	2	0	0	0	0	1	0	0	0	0	0	0	0	0	0	0	0	0	0	0	0	0	0
Elife	2024-01-01	10781421	157764	15680	0	6	1	2	0	0	0	0	0	0	2	7	0	0	0	0	31	0	0	5	0	0	0	1	0	0	0	0	0	0	0	1	0	0
Elife	2024-01-01	10732571	185125	17351	0	25	0	0	0	2	3	5	0	0	0	2	0	0	0	0	22	0	0	0	0	0	2	0	0	0	0	0	0	0	0	0	0	0
Elife	2024-01-01	10666932	169357	18431	0	4	0	0	0	0	9	4	0	0	78	8	0	0	0	0	43	0	0	2	0	0	0	0	1	0	0	0	0	0	0	0	0	0
Elife	2024-01-01	10686622	241212	19020	0	0	1	1	0	0	6	1	0	3	1	7	0	0	0	0	38	0	0	29	0	0	0	0	1	1	0	0	0	0	0	0	0	0
Elife	2024-01-01	10691802	272281	25859	0	30	2	2	0	0	2	0	0	0	14	14	0	1	3	0	33	0	0	2	0	0	2	0	0	0	0	0	4	0	0	0	0	1
Elife	2024-01-01	10871716	148112	13031	0	1	0	2	0	0	1	0	0	0	0	2	0	0	0	0	24	0	0	2	0	0	0	0	0	0	0	0	0	0	0	0	0	0
Elife	2024-01-01	10746138	216312	22397	0	9	0	0	0	0	1	0	0	4	0	6	0	0	2	0	32	0	0	9	0	0	1	0	0	0	0	0	0	0	0	0	0	0
Elife	2024-01-01	10688970	185073	17243	0	9	1	0	0	10	0	2	0	0	0	0	0	0	0	0	12	0	1	0	0	0	0	0	0	0	0	0	0	0	1	0	0	0
Elife	2024-01-01	10666927	183784	14610	0	3	0	3	0	0	2	6	0	0	1	0	0	0	0	0	31	0	0	3	0	0	0	0	0	0	0	0	1	0	0	0	0	0
Elife	2024-01-01	10666931	207273	18456	0	11	1	8	0	0	0	1	0	1	9	1	0	0	0	0	35	0	0	1	0	0	0	1	0	0	0	0	1	0	0	0	0	0
Elife	2024-01-01	10684154	289359	26837	0	111	1	1	0	0	0	1	0	0	26	0	0	0	1	0	47	0	1	6	0	0	3	0	2	0	0	0	1	0	0	0	0	3
Elife	2024-01-01	10803032	363487	38464	0	64	4	9	0	0	4	10	0	1	1	12	0	0	1	0	62	0	0	15	0	0	5	0	0	0	0	0	0	0	0	1	0	0
Elife	2024-01-01	10686620	193277	17156	0	8	1	4	0	0	1	27	0	0	0	3	0	0	0	0	41	0	0	4	0	0	0	0	0	0	0	0	0	0	1	0	0	0
Elife	2024-01-01	10684152	267950	27527	0	38	0	1	0	1	1	2	0	0	0	7	0	0	0	0	31	0	0	2	0	1	1	3	0	0	0	0	0	0	0	6	0	0
Elife	2024-01-01	10686621	230341	22744	0	10	0	1	0	2	0	1	0	5	2	7	0	0	0	0	28	0	0	5	0	0	1	0	0	0	0	0	0	0	0	0	0	0
Elife	2024-01-01	10686618	24459	2159	0	0	0	0	0	0	1	1	0	0	0	2	0	0	0	0	1	0	0	1	0	0	0	0	0	0	0	0	0	0	0	0	0	0
Elife	2024-01-01	10776089	275434	23959	0	19	1	1	0	0	3	1	0	0	37	3	0	0	6	0	19	0	0	4	0	0	1	0	0	0	0	0	0	0	1	0	0	0
Elife	2024-01-01	10703448	355529	36270	0	52	0	1	0	1	3	2	0	16	0	4	0	0	1	0	16	0	0	2	0	0	0	0	1	0	0	0	0	0	0	0	0	0
Elife	2024-01-01	10789491	477830	39457	0	3	1	1	0	0	4	0	0	1	9	2	0	0	1	0	38	0	0	8	0	1	0	0	0	0	0	0	0	0	0	1	0	0
Elife	2024-01-01	10695559	151847	15294	0	14	4	5	0	0	3	6	0	6	2	8	0	0	0	2	33	0	1	14	0	0	0	2	0	0	0	0	0	0	0	0	0	0
Elife	2024-01-01	10703439	164302	17290	0	23	0	0	0	0	0	18	0	1	2	6	0	0	0	0	29	0	0	0	0	0	2	0	0	0	0	0	1	0	0	0	0	0
Elife	2024-01-01	10703443	191198	18025	0	10	2	2	0	1	1	2	0	0	0	3	0	0	0	0	23	0	0	0	0	0	2	0	1	0	0	0	0	0	0	2	0	0
Elife	2024-01-01	10703440	229467	22883	0	43	0	5	0	0	3	4	0	0	27	7	0	0	2	0	66	0	2	3	0	0	5	0	0	0	0	0	1	0	0	0	0	1
Elife	2024-01-01	10699804	240794	24954	0	37	0	4	0	0	4	3	0	0	2	5	0	0	0	0	26	0	0	8	0	0	0	0	1	0	0	0	0	0	0	0	0	0
Elife	2024-01-01	10699806	247697	23032	0	9	1	6	0	0	0	5	0	0	0	8	0	0	1	0	20	0	0	1	0	0	2	0	0	0	0	0	0	0	0	0	0	0
Elife	2024-01-01	10769483	255910	25827	0	28	3	5	0	0	1	0	0	0	2	1	0	0	1	0	29	0	0	2	0	0	0	0	0	0	0	0	0	0	0	0	0	0
Elife	2024-01-01	10754496	225709	26523	0	13	0	3	0	0	7	7	0	2	5	5	0	1	0	1	30	0	0	6	0	0	3	0	0	0	0	0	5	0	0	1	0	1
Elife	2024-01-01	10699809	135858	13128	0	9	0	2	0	0	0	3	0	0	1	2	0	0	0	0	24	0	0	1	0	0	0	0	0	0	0	0	0	0	0	0	0	0
Elife	2024-01-01	10764009	281313	28434	0	25	0	7	0	9	6	5	0	4	3	1	0	0	0	0	42	0	3	0	0	0	0	0	0	0	0	0	0	0	0	0	0	0
Elife	2024-01-01	10695560	191898	21313	0	15	0	0	0	0	2	18	0	0	0	6	0	0	0	0	51	0	0	1	0	0	3	4	0	0	0	0	0	0	0	0	0	0
Elife	2024-01-01	10928513	418215	32927	0	21	1	7	0	1	39	21	0	0	0	9	0	0	0	0	55	0	0	1	0	0	1	0	0	0	0	0	0	0	0	0	0	0
Elife	2024-01-01	10695556	139842	13082	0	11	0	0	0	0	2	1	0	0	2	4	0	0	0	1	28	0	1	0	0	0	1	0	2	0	0	0	0	0	0	0	0	0
Elife	2024-01-01	10695563	171001	19267	0	11	0	1	0	2	7	0	0	0	2	2	0	0	1	0	28	0	0	0	0	0	0	0	31	0	0	0	0	0	0	0	0	0
Elife	2024-01-01	10708888	202898	20003	0	13	3	1	0	0	2	0	0	0	5	4	0	0	0	0	15	0	1	2	0	0	1	0	0	1	0	0	0	0	0	1	0	0
Elife	2024-01-01	10786457	291211	32249	0	18	1	1	0	6	3	11	0	18	3	1	0	0	1	0	37	0	0	3	0	0	4	0	3	0	0	0	1	0	1	0	0	1
Elife	2024-01-01	10703444	188848	17572	0	25	1	4	0	0	0	2	0	0	54	3	0	1	0	0	46	0	0	8	0	0	2	0	0	0	0	0	2	0	0	0	0	0
Elife	2024-01-01	10703438	55317	3884	0	2	0	0	0	0	0	0	0	0	0	0	0	0	0	0	10	0	1	2	0	0	0	0	0	0	0	0	0	0	0	0	0	0
Elife	2024-01-01	10697661	12840	1604	0	0	0	0	0	0	0	0	0	0	0	0	0	0	0	0	2	0	0	0	0	0	0	0	0	0	0	0	0	0	0	0	0	0
Elife	2024-01-01	10703441	245664	21251	0	8	10	2	0	1	1	6	0	0	4	4	0	0	1	0	64	0	7	6	0	0	1	0	1	0	0	0	1	0	0	0	0	0
Elife	2024-01-01	10699805	234554	25916	0	2	3	2	0	0	2	5	0	6	2	1	0	0	3	0	32	0	0	0	0	0	3	0	3	0	0	0	0	0	0	1	0	0
Elife	2024-01-01	10699807	203793	19895	0	2	1	0	0	0	2	4	0	2	5	5	0	0	1	0	20	0	1	3	0	0	3	0	0	0	0	0	0	0	0	0	0	0
Elife	2024-01-01	10699803	146044	13403	0	4	0	3	0	0	3	7	0	2	0	13	0	0	0	0	70	0	0	6	0	0	0	0	0	0	0	0	0	0	0	0	0	0
Elife	2024-01-01	10712946	146076	13288	0	3	1	2	0	0	0	5	0	0	0	3	0	0	0	0	36	0	0	0	0	0	0	0	0	0	0	0	0	0	0	0	0	0
Elife	2024-01-01	10783873	294360	29986	0	18	1	5	0	0	4	0	0	3	2	18	1	1	0	0	54	0	1	3	0	1	0	1	0	0	0	0	0	0	0	0	0	0
Elife	2024-01-01	10723793	179344	17043	0	5	0	1	0	2	0	3	0	0	0	3	0	0	0	0	16	0	0	0	0	0	0	0	0	0	0	0	0	0	0	0	0	0
Elife	2024-01-01	10721218	214969	20111	0	13	0	4	0	0	2	3	0	0	0	4	0	0	2	0	18	0	0	0	0	0	0	0	0	0	0	0	0	0	0	5	0	0
Elife	2024-01-01	10712958	167248	16430	0	37	1	1	0	0	2	16	0	0	0	8	0	0	0	0	29	0	0	0	0	0	3	0	0	0	0	0	0	0	0	0	0	0
Elife	2024-01-01	10721217	281222	30965	0	35	1	5	0	2	0	14	0	0	44	2	0	0	3	0	48	0	0	6	0	0	4	0	2	0	0	0	0	0	0	8	4	0
Elife	2024-01-01	10718527	28143	2382	0	0	0	0	0	0	0	0	0	1	0	0	0	0	0	0	2	0	0	1	0	0	0	0	0	0	0	0	0	0	0	0	0	0
Elife	2024-01-01	10712954	178918	21946	0	13	1	1	0	0	1	7	0	0	2	15	0	0	0	0	83	0	0	1	0	0	1	0	0	0	0	0	0	0	0	0	0	0
Elife	2024-01-01	10712952	133821	12866	0	6	0	3	0	0	0	0	0	0	3	1	0	2	0	0	6	0	0	4	0	0	1	0	0	0	0	0	0	0	0	0	0	0
Elife	2024-01-01	10721221	228425	24065	1	13	2	4	0	1	11	4	0	0	25	7	0	0	1	0	51	0	0	3	0	0	0	0	0	0	0	0	0	0	0	1	0	0
Elife	2024-01-01	10783872	237150	24017	0	29	0	2	0	7	0	2	0	1	3	3	0	0	0	0	60	0	0	0	0	0	0	0	1	0	2	0	0	0	0	0	0	0
Elife	2024-01-01	10715725	175948	18239	0	9	0	0	0	0	3	1	0	0	0	0	0	0	1	0	6	0	0	0	0	0	1	0	0	7	0	0	0	0	0	0	0	0
Elife	2024-01-01	10715729	374178	34525	0	43	0	2	0	1	4	12	0	2	14	1	0	0	0	0	32	0	0	3	0	0	2	4	0	0	0	0	0	0	0	6	0	1
Elife	2024-01-01	10723795	234872	24010	0	6	2	3	0	1	7	2	0	1	1	4	0	0	1	0	62	0	1	5	0	1	2	0	0	0	0	0	0	0	0	0	0	0
Elife	2024-01-01	10715728	321309	29728	0	16	2	7	0	0	7	2	0	1	0	33	0	0	4	0	64	0	0	2	0	0	4	0	0	0	0	0	0	0	0	0	0	0
Elife	2024-01-01	10810607	440320	24556	0	0	0	1	0	0	3	6	0	0	21	5	0	0	2	0	13	0	2	2	0	1	0	0	0	0	0	0	0	0	0	0	0	0
Elife	2024-01-01	10786459	190129	19852	0	39	0	0	0	2	7	0	0	0	0	10	0	0	0	0	26	0	1	3	0	0	2	1	0	0	0	0	0	0	0	1	0	0
Elife	2024-01-01	10723792	43814	4245	0	0	0	2	0	0	6	0	0	0	0	0	0	0	0	0	4	0	0	9	0	0	0	0	0	0	0	0	0	0	0	0	0	0
Elife	2024-01-01	10721215	173760	18236	0	8	0	0	0	0	1	6	0	0	0	3	0	0	0	0	28	0	0	2	0	0	0	0	0	0	0	0	0	0	0	0	0	0
Elife	2024-01-01	10723797	235920	22983	0	4	0	8	0	0	2	0	0	2	0	3	0	0	3	0	31	0	0	1	0	0	3	0	0	0	0	0	0	0	0	2	0	2
Elife	2024-01-01	10723796	234998	21745	0	3	1	2	0	0	1	10	0	1	3	1	0	0	1	0	33	0	3	4	0	0	1	0	0	0	0	0	0	0	0	0	0	0
Elife	2024-01-01	10712951	221771	24752	0	21	1	7	0	0	6	4	0	1	0	4	0	0	0	0	27	0	0	6	0	0	0	2	1	0	0	0	1	0	0	2	0	0
Elife	2024-01-01	10715727	228243	21599	0	1	1	1	0	3	0	3	0	0	0	4	0	0	0	0	10	0	0	3	0	0	0	0	0	0	0	0	0	0	0	0	0	0
Elife	2024-01-01	10712957	195419	18463	0	35	0	0	0	2	2	7	0	0	1	13	0	0	0	0	30	0	0	0	0	0	0	0	0	0	0	0	0	0	0	0	0	0
Elife	2024-01-01	10776087	208205	22749	0	19	1	5	0	2	5	10	0	4	0	1	0	0	0	0	39	0	0	1	0	0	0	0	0	0	0	0	1	0	0	0	0	0
Elife	2024-01-01	10735216	27839	2318	0	0	0	1	0	0	3	0	0	0	0	0	0	0	0	0	0	0	0	0	0	0	0	0	0	0	0	0	0	0	0	1	0	0
Elife	2024-01-01	10807862	267997	26009	0	5	0	2	0	1	3	3	0	3	2	1	0	0	0	0	17	0	0	5	0	0	0	0	0	0	0	0	0	0	0	0	0	0
Elife	2024-01-01	10727499	158797	16552	0	2	1	0	0	0	0	1	0	1	1	13	0	0	0	0	23	0	0	2	0	0	0	0	1	0	0	0	0	0	0	1	0	0
Elife	2024-01-01	10732569	7920	724	0	0	0	0	0	0	0	0	0	0	0	0	0	0	0	0	5	0	0	0	0	0	1	0	0	0	0	0	0	0	0	2	0	0
Elife	2024-01-01	10727500	267700	25155	0	25	6	3	0	0	2	0	0	2	114	1	0	0	2	0	128	0	0	3	0	0	0	0	2	0	0	0	0	0	0	4	0	0
Elife	2024-01-01	10735226	248417	20944	0	11	0	4	0	1	5	3	0	0	5	7	0	0	1	0	22	0	3	0	0	0	0	0	0	0	0	0	0	0	0	0	0	0
Elife	2024-01-01	10735225	189000	17205	0	19	1	2	0	0	9	8	0	0	0	2	0	0	1	0	49	0	0	1	0	0	0	2	0	0	0	0	0	0	0	0	0	0
Elife	2024-01-01	10727502	216304	20701	0	3	0	0	0	0	1	2	0	0	1	7	0	0	0	0	37	0	1	5	0	0	2	0	0	0	0	0	0	0	0	3	0	0
Elife	2024-01-01	10746139	135256	12806	0	3	1	0	0	0	2	7	0	0	1	0	0	1	0	0	18	0	0	3	0	0	4	0	0	0	0	0	0	0	0	0	0	0
Elife	2024-01-01	10746143	197783	18348	0	12	0	3	0	2	4	12	0	6	0	10	0	0	0	0	50	0	0	3	0	0	0	0	1	0	0	0	0	0	0	0	0	0
Elife	2024-01-01	10735218	133591	14386	0	14	2	5	0	0	1	9	0	0	2	2	0	0	2	0	37	0	0	3	0	0	1	0	3	0	0	0	0	0	0	0	0	0
Elife	2024-01-01	10746141	331742	31457	0	31	2	0	0	0	0	30	0	0	16	1	0	0	4	0	152	0	0	3	0	0	0	0	2	0	0	0	0	0	0	0	0	1
Elife	2024-01-01	10735227	279228	23590	0	61	5	2	0	0	1	4	0	0	57	13	0	0	2	0	98	0	0	3	0	0	1	1	0	0	0	0	0	0	0	0	0	0
Elife	2024-01-01	10746137	113183	9589	0	2	0	1	0	0	4	0	0	0	1	3	1	0	0	0	42	0	0	0	0	0	1	0	0	0	0	0	0	0	0	0	0	0
Elife	2024-01-01	10732570	23843	2106	0	0	0	0	0	0	0	0	0	2	0	1	0	0	0	0	5	0	0	0	0	0	0	0	0	0	0	0	0	0	0	0	0	0
Elife	2024-01-01	10796146	391605	34521	1	10	6	1	0	0	4	4	0	2	3	1	0	2	5	0	10	0	0	5	0	0	0	0	0	0	0	0	1	0	0	1	0	0
Elife	2024-01-01	10730117	268915	25013	0	3	1	2	0	0	2	4	0	2	9	0	0	2	0	0	25	0	0	10	0	0	1	0	0	0	0	0	0	0	0	0	0	0
Elife	2024-01-01	10735220	180990	18690	0	9	0	4	0	0	3	0	0	1	0	11	0	0	0	0	21	0	0	2	0	0	7	0	1	0	0	0	0	0	0	0	0	0
Elife	2024-01-01	10727498	152800	16205	0	10	0	6	0	0	2	1	0	0	10	3	0	0	0	0	37	0	0	1	0	0	0	0	0	0	0	0	0	0	0	0	0	0
Elife	2024-01-01	10727506	498990	49542	0	66	2	2	0	3	0	5	0	0	3	3	0	0	1	0	108	0	1	10	0	0	7	0	0	0	0	2	0	0	0	1	0	0
Elife	2024-01-01	10735217	163032	16224	0	6	0	4	0	0	2	2	0	3	0	4	0	0	0	0	39	0	0	2	0	0	0	0	0	0	0	0	1	0	0	0	43	0
Elife	2024-01-01	10735228	426101	37159	0	6	2	1	0	0	1	12	0	0	2	7	0	0	2	0	37	0	0	7	0	0	2	0	1	1	3	2	2	0	0	0	0	0
Elife	2024-01-01	10735224	255486	23384	0	13	3	5	0	0	0	3	0	0	0	10	0	0	0	0	32	0	3	1	0	1	1	0	0	0	0	0	0	0	0	0	0	0
Elife	2024-01-01	10735215	21005	1949	0	0	0	0	0	0	2	0	0	0	0	1	0	0	0	0	2	0	0	0	0	0	0	0	0	0	0	0	0	0	0	0	0	0
Elife	2024-01-01	10796145	193011	21620	0	36	0	2	0	0	0	7	0	0	16	0	0	0	0	0	50	0	0	1	0	0	4	0	0	0	0	0	0	0	0	0	0	1
Elife	2024-01-01	10752591	152475	14878	1	29	4	0	0	0	4	0	0	0	0	5	1	0	0	0	26	0	0	2	0	0	0	1	0	0	0	0	0	0	0	0	0	0
Elife	2024-01-01	10752585	227631	21749	0	17	0	0	0	0	5	7	0	3	0	3	0	0	1	0	20	0	0	2	0	0	0	0	0	0	0	0	0	0	0	0	0	0
Elife	2024-01-01	10754495	144486	13164	0	5	1	7	0	0	0	0	0	0	11	1	0	0	0	0	33	0	0	0	0	0	1	3	1	0	1	0	1	0	0	0	0	3
Elife	2024-01-01	10752589	245767	25231	0	6	4	0	0	0	6	15	0	0	5	17	0	0	1	0	53	0	3	7	0	0	0	0	1	0	0	0	0	0	0	0	0	0
Elife	2024-01-01	10752592	363688	20234	0	9	3	1	0	0	3	0	0	0	51	5	0	0	0	0	29	0	2	1	0	0	0	0	0	0	0	0	0	0	0	0	0	0
Elife	2024-01-01	10752583	154883	15717	0	4	1	4	0	0	1	0	0	1	1	1	0	0	4	0	26	0	0	2	0	0	1	0	0	0	0	0	1	0	0	0	0	0
Elife	2024-01-01	10752586	183766	19526	0	58	0	7	0	3	2	22	0	3	0	4	0	0	1	0	57	0	0	2	0	0	1	0	0	0	0	0	0	0	1	1	0	0
Elife	2024-01-01	10752588	408446	40039	0	37	3	1	0	0	5	15	0	1	7	20	2	0	1	0	67	0	0	2	0	0	3	3	0	0	0	0	0	0	1	4	0	0
Elife	2024-01-01	10754500	244108	23162	0	21	0	1	0	0	4	0	0	1	0	1	0	0	0	0	20	0	1	7	0	0	2	0	0	0	0	0	0	0	0	0	0	0
Elife	2024-01-01	10752587	264941	24132	0	17	0	0	0	0	6	11	0	0	17	5	0	0	0	0	36	0	1	4	0	0	2	0	0	0	0	0	0	1	0	0	0	0
Elife	2024-01-01	10752590	296760	29115	0	12	8	11	0	0	4	6	0	41	0	6	0	0	1	0	59	0	1	2	0	0	2	0	0	0	0	0	0	0	0	0	0	0
Elife	2024-01-01	10752582	250837	27079	1	17	1	1	0	0	3	10	0	11	0	14	0	0	0	0	58	0	0	4	0	0	1	0	0	0	0	0	0	0	0	0	0	0
Elife	2024-01-01	10752584	217812	22612	0	13	2	7	0	0	8	3	0	83	2	7	0	0	0	0	50	0	0	0	0	0	0	0	0	0	0	0	0	0	0	0	0	0
