journal	date	pmc_id	Nchars	Nwords	delve	analyse	acknowledge	assess	appraise	dissect	explore	examine	extricate	expose	estimate	investigate	inquire	inspect	interpret	scrutinise	study	unearth	uncover	understand	ponder	research	reason	retrieve	avoid	discount	disregard	dismiss	ignore	neglect	overlook	omit	skip	reject
Front Neurosci	2021-10-01	8284721	379434	23928	0	2	0	0	0	0	0	4	0	2	1	3	0	0	1	0	29	0	0	7	0	0	0	0	0	0	0	0	0	0	0	0	0	0
Front Neurosci	2021-10-01	8287070	82928	7227	0	0	0	7	0	0	0	0	0	0	0	0	0	0	0	0	33	0	0	1	0	0	0	0	0	0	0	0	0	0	0	0	0	0
Front Neurosci	2021-10-01	8283566	80852	6222	0	1	0	8	0	0	0	0	0	0	0	0	0	0	0	0	32	0	1	0	0	0	0	0	0	0	0	0	0	0	0	0	0	0
Front Neurosci	2021-10-01	8292232	94488	9273	0	2	0	1	0	0	2	2	0	0	3	6	0	0	0	0	5	0	0	1	0	0	0	0	0	0	0	0	0	0	0	0	0	0
Front Neurosci	2021-10-01	8287208	193660	14037	0	17	0	1	0	0	2	1	0	0	4	4	0	0	2	0	132	0	0	0	0	0	0	0	0	0	0	0	0	0	0	0	0	0
Front Neurosci	2021-10-01	8292231	9777	833	0	1	0	0	0	0	0	0	0	0	0	0	0	0	0	0	0	0	0	0	0	0	0	0	0	0	0	0	0	0	0	0	0	0
Front Neurosci	2021-10-01	8287210	202833	12721	0	5	0	4	0	0	0	0	0	0	24	4	0	0	0	0	18	0	0	0	0	0	0	0	0	0	0	0	0	0	0	11	0	0
Front Neurosci	2021-10-01	8290081	91662	8125	0	2	1	2	0	0	0	0	0	1	0	0	0	0	0	0	27	0	0	0	0	1	1	0	0	0	0	0	0	0	0	0	0	1
Front Neurosci	2021-10-01	8292642	108297	8928	0	1	0	0	0	1	0	1	0	0	0	0	0	0	0	0	11	0	0	0	0	0	0	0	0	0	0	0	0	0	0	0	0	0
Front Neurosci	2021-10-01	8292638	95474	9410	0	2	0	6	0	0	0	4	0	0	18	1	0	0	0	0	13	0	0	2	0	0	2	0	0	1	0	0	0	0	0	0	0	0
Front Neurosci	2021-10-01	8282906	97969	10000	0	2	0	0	0	0	1	0	0	0	0	14	0	0	0	0	2	0	0	0	0	0	1	0	0	0	0	0	0	0	0	0	0	0
Front Neurosci	2021-10-01	8283125	108360	7216	0	0	1	0	0	0	2	0	0	0	0	0	0	0	0	0	6	0	0	0	0	0	0	0	0	0	0	0	0	0	0	0	0	0
Front Neurosci	2021-10-01	8282998	88614	8106	0	7	0	2	0	0	0	4	0	4	0	1	0	0	0	0	42	0	0	2	0	0	4	0	0	0	0	0	0	0	0	0	0	0
Front Neurosci	2021-10-01	8288283	107043	7946	0	21	0	1	0	0	0	0	0	1	23	1	0	0	0	0	36	0	1	2	0	0	0	0	0	0	0	0	0	0	0	0	0	0
Front Neurosci	2021-10-01	8314181	132662	11127	0	31	1	1	0	0	0	1	0	0	0	8	0	0	1	0	16	0	0	0	0	0	0	0	0	0	0	0	0	0	0	0	0	0
Front Neurosci	2021-10-01	8287862	121654	9909	0	5	1	1	0	0	2	2	0	1	0	2	0	0	0	0	23	0	0	0	0	0	0	0	0	0	0	0	0	0	0	0	0	0
Front Neurosci	2021-10-01	8291288	134175	12873	0	19	0	6	0	0	1	0	0	4	1	7	0	0	1	0	38	0	0	0	0	0	0	0	0	0	2	0	0	0	0	0	0	0
Front Neurosci	2021-10-01	8287859	107936	10591	0	2	0	0	0	0	11	0	0	1	4	0	0	0	1	0	9	0	0	1	0	0	0	0	0	0	0	0	0	0	0	0	0	0
Front Neurosci	2021-10-01	8297055	142167	11591	0	17	1	0	0	0	0	1	0	1	2	4	0	0	0	0	15	0	0	1	0	0	0	0	0	0	0	0	0	0	0	0	0	0
Front Neurosci	2021-10-01	8287058	101438	9740	0	0	0	1	0	0	5	4	0	0	0	0	0	0	0	0	46	0	0	0	0	0	0	0	1	0	0	0	0	0	0	0	0	0
Front Neurosci	2021-10-01	8282929	111065	7119	0	3	1	0	0	0	0	0	0	0	2	1	0	0	0	0	18	0	0	2	0	0	0	0	0	0	0	0	0	0	0	0	0	0
Front Neurosci	2021-10-01	8287201	135108	11145	0	1	0	3	0	0	0	0	0	0	3	1	0	0	0	0	30	0	0	0	0	0	0	0	0	0	0	0	0	0	0	0	0	0
Front Neurosci	2021-10-01	8282908	98289	8703	0	3	0	0	0	0	4	0	0	0	0	1	0	0	0	0	17	0	0	0	0	0	3	0	0	0	0	0	0	0	0	0	0	0
Front Neurosci	2021-10-01	8294943	122130	10332	0	7	0	1	0	0	10	4	0	0	4	9	0	0	0	0	55	0	0	1	0	0	1	0	0	0	0	0	1	0	0	0	0	0
Front Neurosci	2021-10-01	8296139	89593	7574	0	4	0	0	0	0	3	10	0	0	0	5	0	0	0	0	65	0	0	2	0	0	0	0	0	9	0	0	0	0	0	1	0	0
Front Neurosci	2021-10-01	8312571	114439	9873	0	14	1	2	0	0	4	0	0	0	2	2	0	0	1	0	35	0	0	1	0	0	0	0	0	0	0	0	0	0	0	0	0	0
Front Neurosci	2021-10-01	8317969	52881	4994	0	2	0	1	0	0	1	0	0	0	0	1	0	0	0	0	11	0	0	3	0	0	0	0	0	0	0	0	0	0	0	0	0	0
Front Neurosci	2021-10-01	8302472	10292	843	0	2	0	0	0	0	0	0	0	0	0	0	0	0	0	0	0	0	0	0	0	0	0	0	0	0	0	0	0	0	0	0	0	0
Front Neurosci	2021-10-01	8318040	182469	15427	1	8	1	0	0	0	1	1	0	0	3	3	0	0	0	0	43	0	0	1	0	0	0	0	0	0	0	0	0	0	0	0	0	0
Front Neurosci	2021-10-01	8313871	186421	15492	0	4	0	2	0	0	0	0	0	0	3	0	0	0	0	0	1	0	0	0	0	1	0	0	1	0	0	0	2	2	0	0	0	2
Front Neurosci	2021-10-01	8299722	91991	7544	0	0	1	1	0	0	0	1	0	0	0	4	0	0	0	0	45	0	0	0	0	0	0	0	1	0	0	0	0	0	0	0	0	0
Front Neurosci	2021-10-01	8319621	85682	7645	0	7	0	1	0	0	0	1	0	1	0	2	0	0	2	0	21	0	0	0	0	1	1	0	0	0	0	0	0	0	0	0	0	0
Front Neurosci	2021-10-01	8317221	110762	9448	0	7	0	1	0	0	1	0	0	0	7	2	0	0	0	0	33	0	0	1	0	0	0	0	0	0	0	0	0	0	0	0	0	0
Front Neurosci	2021-10-01	8321434	113690	10108	0	1	0	0	0	0	3	0	0	0	1	0	0	0	2	0	7	0	0	0	0	0	0	0	0	0	0	0	0	0	0	0	2	0
Front Neurosci	2021-10-01	8322975	7195	559	0	0	0	0	0	0	0	0	0	0	0	0	0	0	0	0	0	0	0	0	0	0	0	0	0	0	0	0	0	1	0	0	0	0
Front Neurosci	2021-10-01	8317642	184174	15772	0	1	0	2	0	0	8	1	0	0	0	11	0	0	9	0	26	0	0	8	0	0	0	0	1	0	0	0	0	1	0	0	0	0
Front Neurosci	2021-10-01	8311567	125696	11504	0	3	0	12	0	0	1	1	0	1	4	15	0	0	0	0	44	0	0	2	0	0	0	0	0	0	0	0	0	0	0	0	0	0
Front Neurosci	2021-10-01	8316765	134397	12406	0	5	1	2	0	0	14	3	0	1	0	4	0	0	1	0	90	0	0	1	0	0	0	0	0	0	0	0	0	0	0	0	0	1
Front Neurosci	2021-10-01	8313807	184491	13871	0	4	0	0	0	0	6	8	0	0	0	6	0	0	0	0	90	0	0	0	0	0	0	0	0	0	0	0	0	0	0	0	0	0
Front Neurosci	2021-10-01	8316917	21747	2315	0	0	0	0	0	0	4	0	0	0	0	2	0	0	0	0	14	0	0	2	0	1	0	0	0	0	0	0	0	0	0	0	0	0
Front Neurosci	2021-10-01	8320888	76376	7215	0	1	0	10	0	0	0	1	0	0	11	0	0	0	0	0	27	0	0	1	0	0	0	0	0	0	0	0	0	0	0	0	0	1
Front Neurosci	2021-10-01	8320289	87551	7386	0	2	0	1	0	0	1	2	0	0	1	4	0	0	0	0	22	0	0	2	0	0	0	0	0	0	0	0	0	0	0	0	0	0
Front Neurosci	2021-10-01	8319646	91253	7640	0	2	0	3	0	0	0	3	0	0	2	4	0	0	0	0	25	0	0	0	0	0	0	0	0	0	0	0	0	0	0	0	0	0
Front Neurosci	2021-10-01	8316767	128421	10431	0	12	0	1	0	0	3	1	0	0	0	4	0	0	0	0	22	0	0	0	0	0	0	0	0	0	0	0	0	0	0	0	0	0
Front Neurosci	2021-10-01	8319674	92154	7700	0	4	0	0	0	0	0	0	0	0	4	2	0	0	0	0	61	0	0	0	0	0	0	0	2	0	0	0	0	0	0	0	0	0
Front Neurosci	2021-10-01	8299110	123251	11209	0	4	0	3	0	0	7	0	0	0	0	1	0	0	1	0	52	0	0	0	0	0	0	0	0	0	0	0	0	0	0	0	0	0
Front Neurosci	2021-10-01	8311167	129362	11624	0	12	2	4	0	0	7	0	0	0	4	2	0	1	1	0	50	0	0	0	0	0	0	0	0	0	0	0	0	0	1	0	0	0
Front Neurosci	2021-10-01	8316975	184599	15347	0	11	0	2	0	0	0	1	0	0	0	5	0	0	0	0	69	0	0	2	0	1	2	2	0	0	0	0	0	0	0	0	0	0
Front Neurosci	2021-10-01	8313869	130681	11469	0	10	2	0	0	0	0	0	0	5	0	4	0	0	0	0	10	0	0	0	0	0	0	0	0	0	0	0	0	0	0	0	0	0
Front Neurosci	2021-10-01	8319633	71153	6656	0	4	0	1	0	1	0	3	0	3	1	1	0	0	0	0	23	0	1	0	0	0	0	0	0	0	0	0	0	0	0	0	0	0
Front Neurosci	2021-10-01	8329384	132968	13098	0	4	0	0	0	0	1	2	0	2	0	17	0	0	0	0	36	0	0	0	0	0	2	0	0	0	0	0	0	0	0	0	0	0
Front Neurosci	2021-10-01	8329380	165124	12129	0	5	0	1	0	0	3	2	0	0	0	3	0	0	0	0	62	0	0	1	0	0	0	0	1	0	0	0	1	0	0	0	0	0
Front Neurosci	2021-10-01	8326566	76412	7232	0	5	0	3	0	0	0	1	0	0	6	5	0	1	0	0	38	0	0	0	0	0	2	0	0	0	0	0	0	0	0	0	0	0
Front Neurosci	2021-10-01	8334178	111824	7894	0	5	0	0	0	0	0	0	0	0	0	1	0	0	0	0	19	0	0	2	0	0	0	0	0	0	0	0	0	0	0	0	0	0
Front Neurosci	2021-10-01	8329425	131309	10444	0	4	0	4	0	0	10	2	0	2	0	2	0	0	0	0	31	0	0	1	0	0	0	0	0	0	0	0	0	0	0	0	0	0
Front Neurosci	2021-10-01	8331088	100587	8179	0	1	0	1	0	0	5	1	0	0	1	1	0	0	0	0	36	0	1	0	0	0	0	0	0	0	0	0	1	0	0	0	0	0
Front Neurosci	2021-10-01	8339273	148253	11728	0	3	1	3	0	0	2	0	0	0	3	2	0	1	0	0	36	0	0	1	0	0	0	0	0	0	0	0	0	0	0	1	0	0
Front Neurosci	2021-10-01	8329582	66526	6158	0	3	0	2	0	0	0	2	0	4	0	5	0	0	0	0	19	0	0	0	0	0	0	0	0	0	0	0	0	0	0	0	0	0
Front Neurosci	2021-10-01	8339289	169020	13610	0	5	0	5	0	0	0	2	0	2	0	11	0	0	0	0	36	0	0	1	0	0	0	0	0	0	0	0	1	0	0	0	0	0
Front Neurosci	2021-10-01	8326571	101415	9847	0	4	0	0	0	0	12	0	0	0	2	5	0	0	1	0	13	0	0	1	0	0	0	0	2	0	0	0	1	0	0	0	0	0
Front Neurosci	2021-10-01	8323822	204020	17558	0	16	0	3	0	0	5	0	0	0	37	14	0	0	1	0	23	0	1	3	0	0	0	0	0	0	0	0	0	1	0	0	0	1
Front Neurosci	2021-10-01	8322448	150181	12184	0	4	0	0	0	0	0	0	0	0	0	0	0	0	0	0	7	0	0	0	0	0	0	3	0	0	0	0	1	0	0	0	0	0
Front Neurosci	2021-10-01	8329664	111438	9278	0	14	0	3	0	0	0	0	0	0	0	1	0	0	1	0	23	0	0	3	0	1	0	0	0	0	0	0	0	0	0	0	0	0
Front Neurosci	2021-10-01	8341155	107599	8536	0	2	0	1	0	0	0	0	0	0	0	0	0	0	0	0	22	0	0	0	0	0	0	0	0	0	0	0	0	0	0	0	0	0
Front Neurosci	2021-10-01	8322238	131529	11348	0	10	0	0	0	0	0	1	0	0	12	6	0	0	1	0	32	0	0	1	0	0	0	0	0	0	0	0	0	0	0	3	0	0
Front Neurosci	2021-10-01	8330598	77906	5954	0	4	1	5	0	0	0	1	0	0	1	4	0	0	0	0	57	0	0	0	0	0	1	0	0	0	0	0	0	0	0	0	0	0
Front Neurosci	2021-10-01	8339904	24433	1957	0	0	0	0	0	0	0	1	0	0	1	0	0	0	0	0	4	0	0	1	0	0	0	0	0	0	0	0	0	0	0	0	0	0
Front Neurosci	2021-10-01	8339193	17551	1781	0	0	0	1	0	0	0	1	0	0	0	1	0	0	0	0	15	0	0	0	0	0	0	0	0	0	0	0	0	0	0	0	0	0
Front Neurosci	2021-10-01	8327959	116568	11629	0	40	0	1	0	0	1	9	0	0	35	4	0	0	1	0	49	0	0	0	0	0	1	0	0	0	0	0	1	0	0	0	0	0
Front Neurosci	2021-10-01	8329666	101106	10968	0	0	1	0	0	0	1	0	0	0	4	0	0	0	0	0	1	0	0	1	0	0	0	0	0	0	0	0	0	0	0	0	0	0
Front Neurosci	2021-10-01	8334001	76882	6106	0	0	0	1	0	0	0	0	0	0	1	3	0	0	0	0	44	0	0	0	0	0	0	0	0	0	0	0	0	0	0	0	0	0
Front Neurosci	2021-10-01	8339305	167732	14264	0	1	0	3	0	0	1	4	0	0	17	1	0	0	1	0	10	0	0	4	0	0	1	0	0	0	0	0	3	0	0	0	0	0
Front Neurosci	2021-10-01	8329704	101568	8963	0	5	1	4	0	0	1	1	0	0	0	11	0	0	0	0	46	0	0	2	0	1	1	0	0	0	0	0	0	0	0	0	0	1
Front Neurosci	2021-10-01	8326978	135749	10673	0	3	0	0	0	0	3	0	0	3	0	2	0	0	0	0	35	0	0	2	0	0	0	0	0	0	0	0	0	0	0	0	0	0
Front Neurosci	2021-10-01	8329457	91267	7519	0	3	0	0	0	0	4	3	0	0	0	4	0	0	0	0	17	0	1	3	0	0	0	0	0	0	0	0	0	0	0	0	0	0
Front Neurosci	2021-10-01	8350780	129431	10688	0	2	3	3	0	0	3	1	0	2	7	4	0	0	0	0	23	0	0	2	0	0	0	0	0	0	0	0	0	0	0	0	0	0
Front Neurosci	2021-10-01	8375680	110589	8725	0	1	0	0	0	0	5	0	0	0	0	4	0	0	0	0	44	0	0	0	0	0	0	0	0	0	0	0	0	0	0	0	0	0
Front Neurosci	2021-10-01	8363420	182566	15102	0	4	0	2	0	0	1	11	0	0	1	2	0	0	2	0	59	0	0	4	0	0	1	0	1	0	0	0	1	0	0	0	0	0
Front Neurosci	2021-10-01	8363203	190822	13926	0	1	0	5	0	0	1	0	0	0	25	3	0	0	0	0	35	0	0	0	0	0	1	3	0	0	0	0	0	0	0	0	0	0
Front Neurosci	2021-10-01	8358079	118932	12509	0	3	1	0	0	0	0	0	0	1	0	2	0	0	0	0	2	0	0	0	0	0	0	0	1	0	0	0	0	0	0	0	0	0
Front Neurosci	2021-10-01	8358115	67473	6075	0	6	1	1	0	0	0	0	0	0	0	3	0	0	1	0	36	0	0	1	0	0	0	0	0	0	0	0	0	0	0	0	0	0
Front Neurosci	2021-10-01	8358604	129177	11415	0	2	0	1	0	0	5	1	0	0	1	5	0	1	0	0	25	0	0	2	0	0	0	0	0	0	0	0	0	0	0	0	0	0
Front Neurosci	2021-10-01	8353251	112430	6718	0	1	0	2	0	0	0	0	0	0	0	3	0	0	0	0	16	0	0	2	0	0	0	0	0	0	0	0	0	0	0	0	0	0
Front Neurosci	2021-10-01	8355563	242482	20245	0	1	0	0	0	0	0	0	0	1	2	0	0	0	0	0	3	0	0	1	0	0	0	0	0	0	0	0	0	0	0	0	0	1
Front Neurosci	2021-10-01	8353146	102033	9422	0	0	0	2	0	0	7	2	0	0	2	0	0	0	0	0	4	0	0	2	0	0	0	0	0	0	0	0	0	3	0	0	0	1
Front Neurosci	2021-10-01	8346234	92342	7920	0	3	1	5	0	0	0	1	0	0	0	1	0	0	1	0	27	0	0	0	0	1	0	0	0	0	0	0	0	0	0	0	0	0
Front Neurosci	2021-10-01	8358126	113576	11822	0	0	0	0	0	0	0	2	0	0	80	1	0	0	0	0	28	0	0	0	0	0	2	0	0	0	0	0	0	0	0	0	0	0
Front Neurosci	2021-10-01	8361453	122144	10432	0	7	0	0	0	0	3	0	0	0	0	0	0	0	0	0	2	0	0	0	0	1	0	0	1	0	0	0	0	0	0	0	0	0
Front Neurosci	2021-10-01	8358807	154112	12837	0	3	1	0	0	0	2	0	0	1	10	0	0	0	0	0	3	0	0	1	0	0	0	1	1	0	0	0	1	0	0	0	0	0
Front Neurosci	2021-10-01	8358181	85274	7121	0	5	0	1	0	0	0	0	0	0	0	3	0	0	0	0	18	0	0	0	0	0	0	0	0	0	0	0	0	0	0	0	0	0
Front Neurosci	2021-10-01	8366776	129273	10879	0	3	0	4	0	0	3	0	0	0	0	3	0	0	1	0	66	0	0	0	0	0	1	0	0	0	0	0	0	0	0	0	0	0
Front Neurosci	2021-10-01	8343016	137899	11348	0	1	0	0	0	0	0	2	0	2	1	4	0	0	2	0	28	0	0	3	0	0	1	0	0	0	0	0	0	0	0	0	0	0
Front Neurosci	2021-10-01	8358804	139401	12448	0	14	0	4	0	4	3	0	0	3	1	0	0	0	0	0	14	0	0	1	0	0	0	0	1	0	0	0	0	0	1	0	0	0
Front Neurosci	2021-10-01	8355890	53750	4467	0	1	0	4	0	0	0	1	0	0	0	0	0	0	0	0	22	0	0	0	0	0	1	0	0	0	0	0	0	0	0	0	0	1
Front Neurosci	2021-10-01	8342916	20432	1511	0	0	0	0	0	0	0	4	0	0	0	0	0	0	0	0	4	0	0	0	0	0	0	0	0	0	0	0	0	0	0	0	0	0
Front Neurosci	2021-10-01	8358297	194963	13469	0	9	2	5	0	0	0	1	0	2	7	5	0	1	0	0	53	0	2	1	0	0	0	0	0	0	0	0	0	0	0	0	0	0
Front Neurosci	2021-10-01	8361605	138113	11407	0	4	0	0	0	0	4	1	0	0	1	0	0	0	0	0	32	0	0	0	0	0	0	0	0	0	0	0	0	0	0	0	0	0
Front Neurosci	2021-10-01	8363202	110508	10292	0	11	1	1	0	0	3	1	0	0	2	6	0	0	0	0	17	0	0	0	0	0	0	0	0	0	0	0	0	0	0	0	0	0
Front Neurosci	2021-10-01	8357187	48850	4737	0	1	0	0	0	0	0	1	0	0	0	1	0	0	0	0	14	0	0	1	0	0	2	0	0	0	0	0	0	0	0	0	0	0
Front Neurosci	2021-10-01	8350121	92049	6561	0	0	0	1	0	0	0	0	0	1	0	0	0	0	0	0	13	0	0	4	0	0	0	0	0	0	0	0	0	0	0	0	0	0
Front Neurosci	2021-10-01	8369471	99201	9400	0	10	0	2	0	0	3	6	0	1	3	6	0	0	0	0	44	0	0	0	0	0	1	3	0	0	0	0	0	0	0	0	0	0
Front Neurosci	2021-10-01	8365306	146058	12562	0	2	0	4	0	0	3	2	0	1	6	8	0	0	2	0	35	0	0	2	0	0	0	0	0	0	0	0	0	0	0	0	0	0
Front Neurosci	2021-10-01	8374334	121402	10105	0	3	0	0	0	0	1	0	0	0	16	6	0	0	0	0	28	0	1	2	0	0	0	0	0	0	0	0	4	0	0	0	0	0
Front Neurosci	2021-10-01	8374167	30061	2259	0	0	0	0	0	0	0	0	0	0	0	0	0	0	0	0	2	0	0	0	0	0	0	0	0	0	0	0	0	0	0	0	0	1
Front Neurosci	2021-10-01	8377286	95665	7317	0	4	0	1	0	0	1	0	0	0	1	1	0	0	0	0	17	0	0	0	0	0	0	0	0	0	0	0	0	0	0	0	0	0
Front Neurosci	2021-10-01	8366065	108044	10478	0	7	0	1	0	1	0	2	0	2	3	1	0	0	0	0	28	0	0	0	0	0	0	0	0	0	0	0	0	0	0	0	0	0
Front Neurosci	2021-10-01	8372404	113881	10062	0	10	0	2	0	0	6	2	0	2	0	1	0	0	0	0	17	0	0	0	0	0	0	0	0	0	0	0	0	0	0	3	0	0
Front Neurosci	2021-10-01	8371237	85936	6850	0	4	0	3	0	1	3	4	0	0	1	2	0	0	0	0	46	0	0	1	0	0	1	0	0	0	0	0	0	0	0	0	0	0
Front Neurosci	2021-10-01	8377280	232499	17016	0	8	0	2	0	0	4	1	0	0	1	0	0	0	0	0	54	0	0	2	0	0	0	0	0	0	0	0	2	0	1	0	0	0
Front Neurosci	2021-10-01	8366064	213135	16183	0	3	0	0	0	0	5	2	0	0	0	0	0	0	0	0	47	0	0	0	0	0	1	2	0	0	0	0	0	0	0	0	0	0
Front Neurosci	2021-10-01	8364961	76766	6486	0	5	0	1	0	0	0	3	0	0	0	1	0	0	0	0	17	0	0	2	0	0	1	0	0	0	0	0	0	0	0	0	0	0
Front Neurosci	2021-10-01	8377195	64351	4885	0	0	0	0	0	0	0	0	0	0	1	0	0	0	0	0	6	0	0	0	0	0	0	0	1	0	0	0	0	0	0	0	0	0
Front Neurosci	2021-10-01	8382572	128875	10902	0	4	0	1	0	0	2	4	0	0	5	1	0	0	0	0	31	0	0	1	0	1	0	0	0	0	0	0	0	0	0	0	0	2
Front Neurosci	2021-10-01	8378269	118192	11704	0	3	1	4	0	0	3	1	0	0	5	3	0	0	1	0	25	0	0	1	0	0	0	0	0	0	0	0	0	0	0	0	0	0
Front Neurosci	2021-10-01	8365185	84653	7377	0	2	0	5	0	0	0	7	0	0	0	2	0	0	1	0	41	0	0	0	0	0	1	0	0	0	0	0	0	0	0	0	0	0
Front Neurosci	2021-10-01	8366028	178879	14512	0	5	0	6	0	0	5	1	0	95	2	0	0	0	1	0	30	0	0	1	0	0	1	0	0	0	0	0	0	0	0	0	0	0
Front Neurosci	2021-10-01	8376146	61830	6224	0	3	0	2	0	0	0	0	0	0	0	0	0	1	0	0	13	0	0	0	0	0	0	0	6	0	0	0	0	0	0	0	0	0
Front Neurosci	2021-10-01	8375503	159960	14271	0	14	0	2	0	0	1	4	0	0	5	5	0	0	0	0	19	0	0	3	0	0	0	0	0	0	0	0	0	0	0	0	0	0
Front Neurosci	2021-10-01	8371251	142102	10138	0	2	0	8	0	0	0	2	0	1	0	2	0	0	0	0	45	0	0	0	0	0	0	0	0	0	0	0	0	0	0	0	0	0
Front Neurosci	2021-10-01	8376472	127773	11192	0	12	0	2	0	0	0	4	0	0	18	3	0	0	0	0	9	0	0	1	0	0	0	0	2	0	0	0	0	0	0	0	0	0
Front Neurosci	2021-10-01	8374170	137308	9832	0	3	0	12	0	0	6	2	0	0	0	1	0	0	0	0	52	0	0	2	0	0	0	0	0	0	0	0	0	0	0	0	0	0
Front Neurosci	2021-10-01	8377243	169168	13090	0	2	0	0	0	0	0	0	0	0	2	1	0	0	0	0	6	0	0	1	0	0	0	0	0	0	0	0	0	0	0	0	0	0
Front Neurosci	2021-10-01	8375770	87236	9295	0	5	0	7	0	0	1	1	0	0	2	2	0	0	0	0	27	0	0	1	0	0	1	0	0	0	0	0	0	0	0	0	0	0
Front Neurosci	2021-10-01	8369929	72835	6607	0	13	0	1	0	0	2	3	0	0	1	6	0	0	0	0	12	0	0	0	0	0	0	1	0	0	0	0	0	0	0	0	0	0
Front Neurosci	2021-10-01	8374240	149916	12882	0	4	2	1	0	0	0	2	0	0	9	4	0	0	0	0	38	0	0	0	0	0	0	0	0	0	0	0	0	0	0	0	0	0
Front Neurosci	2021-10-01	8397525	91210	7039	0	3	1	1	0	0	5	2	0	0	2	1	0	0	0	0	52	0	0	0	0	0	0	0	0	0	0	0	0	0	0	0	0	0
Front Neurosci	2021-10-01	8414550	110386	10111	0	11	0	0	0	0	2	5	0	0	1	1	0	0	0	0	51	0	0	0	0	0	0	0	0	0	0	0	0	0	0	0	0	0
Front Neurosci	2021-10-01	8387929	128775	11941	0	6	0	4	0	0	5	2	0	1	0	4	0	0	0	0	57	0	0	1	0	0	1	0	0	0	0	0	0	0	0	0	0	0
Front Neurosci	2021-10-01	8385669	95327	9326	0	8	0	4	0	0	0	0	0	0	3	6	0	0	0	0	26	0	0	1	0	0	0	0	0	0	0	0	0	1	0	0	0	0
Front Neurosci	2021-10-01	8387951	164821	14427	0	10	0	5	0	0	0	1	0	0	3	1	0	0	1	0	56	0	0	0	0	0	0	0	0	0	0	1	0	0	0	0	0	0
Front Neurosci	2021-10-01	8414411	221992	16127	0	8	1	3	0	1	5	0	0	1	0	8	0	0	0	0	41	0	0	7	0	0	0	0	1	0	0	0	0	0	0	0	0	0
Front Neurosci	2021-10-01	8387635	133882	11598	0	6	0	1	0	0	2	2	0	0	0	2	0	0	0	0	35	0	0	0	0	1	0	0	0	0	0	0	0	0	0	0	0	0
Front Neurosci	2021-10-01	8385130	116412	6983	0	10	2	0	0	0	0	2	0	1	2	0	0	0	2	0	25	0	0	0	0	0	0	0	0	0	0	0	0	0	0	0	0	0
Front Neurosci	2021-10-01	8382799	55642	4978	0	0	0	0	0	0	1	0	0	0	0	1	0	0	0	0	7	0	1	1	0	0	0	0	0	0	0	0	0	0	0	0	0	0
Front Neurosci	2021-10-01	8415081	19426	1754	0	0	0	0	0	0	0	0	0	0	0	0	0	0	0	0	0	0	0	0	0	0	0	0	0	0	0	0	0	0	0	0	0	0
Front Neurosci	2021-10-01	8385145	109217	11191	0	2	0	2	0	0	0	0	0	0	1	3	0	0	1	0	25	0	0	1	0	0	0	1	0	0	0	0	0	0	0	0	0	0
Front Neurosci	2021-10-01	8385786	112136	8986	0	2	1	3	1	0	1	0	0	0	0	0	0	0	1	0	24	0	0	0	0	1	0	0	0	0	0	0	0	0	0	0	0	0
Front Neurosci	2021-10-01	8397450	116737	11852	0	15	0	4	0	0	10	3	0	1	2	9	0	0	0	0	12	0	0	0	0	0	0	0	0	0	0	0	1	0	0	0	0	0
Front Neurosci	2021-10-01	8387876	60926	6048	0	3	0	3	0	0	1	0	0	0	10	1	0	0	0	0	22	0	0	0	0	0	0	0	0	0	0	0	0	0	0	0	1	0
Front Neurosci	2021-10-01	8417940	138765	9601	0	0	0	0	0	0	1	0	0	0	0	2	0	0	0	0	30	0	0	0	0	0	0	0	0	0	0	0	0	0	0	0	0	0
Front Neurosci	2021-10-01	8386691	17426	1560	0	0	0	1	0	0	1	0	0	0	0	3	0	0	0	0	1	0	0	1	0	0	0	0	0	0	0	0	0	0	0	0	0	0
Front Neurosci	2021-10-01	8387874	73522	6694	0	5	0	0	0	0	1	2	0	0	0	0	0	0	0	0	29	0	0	1	0	2	0	0	0	0	0	0	0	0	0	0	0	0
Front Neurosci	2021-10-01	8387628	21653	2024	0	0	0	2	0	0	1	6	0	0	0	2	0	0	0	0	5	0	0	0	0	0	0	0	0	0	0	0	0	0	0	0	0	0
Front Neurosci	2021-10-01	8382802	236781	16906	0	1	0	0	0	1	0	1	0	1	2	10	0	0	0	0	60	0	0	5	0	0	1	0	0	0	0	0	0	0	0	0	0	0
Front Neurosci	2021-10-01	8381152	176698	13045	0	10	0	1	0	0	0	1	0	1	32	3	0	0	0	0	19	0	0	1	0	0	1	0	0	0	0	0	0	0	0	0	0	0
Front Neurosci	2021-10-01	8414888	174690	14785	0	19	0	0	0	0	0	0	0	0	6	11	0	0	0	0	62	0	0	1	0	0	0	0	0	0	0	0	1	0	0	1	0	0
Front Neurosci	2021-10-01	8414551	125749	10081	0	6	0	0	0	0	0	0	0	0	3	0	0	0	0	0	21	0	0	0	0	0	1	0	0	0	0	0	0	0	0	0	0	0
Front Neurosci	2021-10-01	8414246	159948	13380	0	2	3	5	1	0	4	9	0	3	0	10	0	0	1	0	83	0	1	7	0	0	2	0	0	0	0	0	0	0	0	0	0	0
Front Neurosci	2021-10-01	8414972	103114	8658	0	2	0	0	0	0	8	1	0	0	0	2	0	0	1	0	6	0	0	1	0	0	0	0	0	0	0	0	0	0	0	0	0	0
Front Neurosci	2021-10-01	8380925	26549	2127	0	0	0	0	0	0	0	0	0	0	0	0	0	0	0	0	2	0	0	0	0	0	0	0	0	0	0	0	0	0	0	0	0	0
Front Neurosci	2021-10-01	8415356	80157	7193	0	3	0	0	0	0	0	1	0	0	0	2	0	0	0	0	23	0	0	1	0	0	0	0	1	0	0	0	0	0	0	0	0	0
Front Neurosci	2021-10-01	8417383	128133	12444	0	3	0	6	0	0	0	0	0	0	6	0	0	0	0	0	30	0	0	1	0	0	2	0	0	0	0	0	0	0	0	0	0	0
Front Neurosci	2021-10-01	8417438	133192	11903	0	5	0	3	0	0	0	3	0	0	1	2	0	0	2	0	46	0	0	1	0	0	0	0	0	0	0	0	0	0	0	0	0	0
Front Neurosci	2021-10-01	8418298	130165	10419	0	7	0	2	0	0	0	1	0	0	0	0	0	1	1	0	44	0	0	2	0	0	0	0	1	0	0	0	0	0	0	0	0	0
Front Neurosci	2021-10-01	8415560	122139	9753	0	5	0	3	0	0	1	0	0	0	2	1	0	0	0	0	68	0	0	0	0	0	1	0	0	0	0	0	0	0	0	0	0	0
Front Neurosci	2021-10-01	8417586	143536	12731	0	13	0	0	0	0	3	2	0	2	0	9	0	0	1	0	100	0	2	0	0	0	0	0	0	0	0	0	0	0	0	0	0	0
Front Neurosci	2021-10-01	8415351	110122	8882	0	2	0	3	0	0	1	0	0	0	1	1	0	0	0	0	21	0	0	2	0	0	1	0	0	0	0	0	0	0	0	0	0	0
Front Neurosci	2021-10-01	8417065	24141	2759	0	2	0	0	0	0	2	0	0	0	0	2	0	0	0	0	11	0	0	1	0	0	1	0	0	0	0	0	0	0	0	0	0	0
Front Neurosci	2021-10-01	8415395	72467	6616	0	4	1	0	0	0	0	1	0	0	0	1	0	0	1	0	24	0	0	0	0	0	0	1	0	0	0	0	0	0	0	0	0	0
Front Neurosci	2021-10-01	8417443	44983	3353	0	0	0	0	0	0	0	1	0	0	0	0	0	0	0	0	9	0	0	1	0	0	1	0	0	0	0	0	0	0	0	0	0	0
Front Neurosci	2021-10-01	8416424	81488	6740	0	8	0	0	0	0	0	0	0	0	0	3	0	0	0	0	20	0	0	0	0	0	1	0	0	0	0	0	0	0	0	0	0	0
Front Neurosci	2021-10-01	8417433	158443	12340	0	7	0	1	0	0	2	0	0	0	8	0	0	0	0	0	31	0	0	0	0	0	1	0	0	0	0	0	0	0	0	0	0	0
Front Neurosci	2021-10-01	8415569	183879	14442	0	3	0	0	0	0	10	2	0	0	1	8	0	0	1	0	74	0	0	0	0	0	0	0	0	0	0	0	0	0	0	0	0	8
Front Neurosci	2021-10-01	8439200	87568	8002	0	1	0	0	0	0	2	0	0	0	2	1	0	0	0	0	21	0	0	3	0	0	0	0	0	0	0	0	0	0	0	0	0	0
Front Neurosci	2021-10-01	8416413	120533	11184	0	7	2	0	0	0	7	2	0	0	2	3	0	0	0	0	50	0	0	2	0	0	0	0	0	1	0	0	0	0	0	0	0	0
Front Neurosci	2021-10-01	8417420	126006	10846	0	0	1	5	0	0	1	13	0	0	3	3	0	0	2	0	74	0	0	2	0	0	2	0	1	0	0	0	0	0	0	1	0	0
Front Neurosci	2021-10-01	8416420	85927	7539	0	4	0	7	0	0	0	1	0	0	4	2	0	1	0	0	27	0	0	6	0	0	1	0	0	0	0	0	0	0	0	0	0	0
Front Neurosci	2021-10-01	8415479	139415	13099	0	8	0	0	0	1	2	1	0	0	2	0	0	0	0	0	3	0	0	0	0	0	0	0	0	0	0	0	0	2	0	0	0	3
Front Neurosci	2021-10-01	8416423	137249	12170	0	7	0	11	0	0	0	0	0	14	0	2	0	0	0	0	21	0	0	1	0	0	0	0	0	0	0	0	0	0	0	0	0	0
Front Neurosci	2021-10-01	8417446	119290	10659	0	3	0	1	0	0	0	0	0	0	9	9	0	0	0	0	35	0	0	0	0	0	1	0	0	0	0	0	0	0	0	1	0	0
Front Neurosci	2021-10-01	8417105	109262	10930	0	0	0	0	0	0	0	4	0	0	0	2	0	0	0	0	14	0	0	0	0	0	0	0	0	0	0	0	0	0	0	0	0	1
Front Neurosci	2021-10-01	8418228	25316	1950	0	1	0	1	0	0	0	0	0	0	0	3	0	0	0	0	5	0	0	0	0	0	0	0	0	0	0	0	0	0	0	0	0	0
Front Neurosci	2021-10-01	8417469	120326	7251	0	0	0	1	0	0	1	0	0	0	0	0	0	0	0	0	13	0	0	0	0	0	0	0	0	0	0	0	0	0	0	0	0	0
Front Neurosci	2021-10-01	8416068	99855	8047	0	6	0	2	0	0	0	0	0	0	1	4	0	0	0	0	36	0	0	2	0	0	0	0	0	0	0	0	0	0	0	0	0	0
Front Neurosci	2021-10-01	8416504	32101	2831	0	0	0	0	0	0	0	0	0	0	0	0	0	0	0	0	7	0	0	0	0	0	0	0	0	0	0	0	0	0	0	0	0	0
Front Neurosci	2021-10-01	8427167	123805	10313	0	9	0	1	0	0	1	2	0	0	0	5	0	0	1	0	57	0	0	0	0	0	0	0	0	0	0	0	0	0	0	0	0	0
Front Neurosci	2021-10-01	8435864	88908	7616	0	4	0	0	0	0	0	1	0	1	6	0	0	0	3	0	32	0	0	0	0	0	0	0	0	0	0	0	0	0	0	0	0	1
Front Neurosci	2021-10-01	8441133	104613	8737	0	4	0	0	0	0	2	0	0	0	1	0	0	0	0	0	23	0	0	1	0	0	0	0	0	0	0	0	0	0	0	0	0	0
Front Neurosci	2021-10-01	8439542	240358	16518	0	0	0	2	0	0	5	0	0	0	4	3	0	0	0	0	30	0	0	3	0	0	0	0	0	0	0	0	0	0	0	0	0	0
Front Neurosci	2021-10-01	8419271	111213	8166	0	4	0	0	0	0	5	0	0	0	14	2	0	0	0	0	6	0	0	0	0	1	0	0	0	0	0	0	0	0	0	0	0	0
Front Neurosci	2021-10-01	8445034	139642	13121	0	10	0	1	0	0	2	0	0	0	0	8	0	0	1	0	59	0	1	2	0	0	6	0	0	0	0	0	0	0	0	0	0	1
Front Neurosci	2021-10-01	8431970	110621	9398	0	7	0	4	0	1	2	2	0	0	0	3	0	0	0	0	21	0	0	0	0	0	0	0	0	0	0	0	0	0	0	0	0	0
Front Neurosci	2021-10-01	8441000	185297	13824	0	18	1	3	0	0	4	1	0	7	4	6	0	1	0	0	53	0	0	3	0	0	1	0	0	0	0	0	1	0	0	0	0	0
Front Neurosci	2021-10-01	8420970	122101	10959	0	9	0	0	0	0	1	2	0	2	4	0	0	0	0	0	20	0	0	0	0	0	0	0	0	0	0	0	0	0	0	0	0	0
Front Neurosci	2021-10-01	8427043	105143	8382	0	19	0	2	0	0	0	1	0	1	2	11	0	0	0	0	30	0	0	1	0	0	6	0	0	0	0	0	0	0	0	0	0	0
Front Neurosci	2021-10-01	8419310	126942	11237	0	1	0	1	0	0	0	0	0	0	0	6	0	0	0	0	30	0	1	2	0	0	0	0	0	0	2	0	0	0	0	0	0	0
Front Neurosci	2021-10-01	8435638	167280	15678	0	6	0	2	0	0	0	4	0	0	28	0	0	0	3	0	13	0	0	2	0	0	0	0	0	0	0	0	2	0	0	1	0	0
Front Neurosci	2021-10-01	8429816	148502	11833	0	2	0	0	0	0	0	7	0	1	0	3	0	0	3	0	38	0	0	0	0	0	0	0	0	0	0	0	0	0	0	0	0	0
Front Neurosci	2021-10-01	8428760	81283	7671	0	0	0	0	0	0	1	0	0	0	1	0	0	0	0	0	11	0	0	1	0	0	0	0	0	0	0	0	0	0	0	3	0	0
Front Neurosci	2021-10-01	8419312	59243	4786	0	1	0	0	0	0	8	0	0	0	0	0	0	0	0	0	30	0	0	0	0	0	0	0	0	0	0	0	0	0	0	0	0	0
Front Neurosci	2021-10-01	8424333	8030	668	0	0	0	0	0	0	0	0	0	0	0	0	0	0	0	0	0	0	0	0	0	0	0	0	0	0	0	0	0	0	0	0	0	0
Front Neurosci	2021-10-01	8430038	75429	6840	0	3	0	1	0	0	0	2	0	2	0	1	0	0	0	0	16	0	0	1	0	0	0	0	0	0	0	0	0	0	0	0	0	0
Front Neurosci	2021-10-01	8427815	113556	10829	0	13	0	1	0	0	15	2	0	0	11	3	0	0	0	0	38	0	0	1	0	0	0	0	0	0	0	0	0	0	0	0	0	2
Front Neurosci	2021-10-01	8421565	89204	7940	0	2	0	0	0	0	0	2	0	0	0	0	0	0	0	0	18	0	0	7	0	0	0	0	0	0	0	0	0	0	0	0	0	1
Front Neurosci	2021-10-01	8439419	109596	7296	0	0	0	1	0	0	0	1	0	1	2	3	0	0	0	0	25	0	1	4	0	0	0	0	0	0	0	0	0	0	0	0	0	0
Front Neurosci	2021-10-01	8427443	154840	12119	0	3	0	3	0	0	0	2	0	0	24	1	0	0	0	0	7	0	0	1	0	0	3	0	1	0	0	0	0	1	0	0	0	0
Front Neurosci	2021-10-01	8427019	93965	9642	0	9	1	0	0	0	3	9	0	0	3	2	0	0	0	0	45	0	0	2	0	0	1	0	0	0	0	0	0	1	0	0	0	0
Front Neurosci	2021-10-01	8419234	90654	7737	0	3	0	0	0	0	16	1	0	0	0	1	0	0	0	0	55	0	1	2	0	0	0	0	0	0	0	0	2	0	0	0	0	0
Front Neurosci	2021-10-01	8419323	118377	9928	0	9	0	0	0	0	2	3	0	3	0	6	0	0	1	0	67	0	0	4	0	0	1	0	0	3	0	0	0	0	0	0	0	1
Front Neurosci	2021-10-01	8440963	69217	6373	0	1	0	1	0	0	2	0	0	0	0	0	0	0	0	0	16	0	0	0	0	0	0	0	0	0	0	0	0	0	0	0	0	0
Front Neurosci	2021-10-01	8455844	61704	6131	0	5	0	2	0	0	0	0	0	0	0	7	0	0	0	0	21	0	0	0	0	0	0	0	1	0	0	0	0	0	0	0	0	0
Front Neurosci	2021-10-01	8453084	76898	5712	0	2	0	0	0	0	6	1	0	0	6	6	0	0	0	0	33	0	1	7	0	0	1	0	0	0	0	0	0	0	0	0	0	0
Front Neurosci	2021-10-01	8455916	82572	6395	0	0	2	0	0	0	0	0	0	1	0	0	0	0	0	0	17	0	0	3	0	0	0	0	0	0	0	0	0	0	0	0	0	0
Front Neurosci	2021-10-01	8480394	267810	20617	0	11	0	5	0	0	0	0	0	0	0	5	0	1	3	0	24	0	0	0	0	0	1	0	0	0	0	0	0	0	0	0	0	0
Front Neurosci	2021-10-01	8451887	127616	8674	0	1	0	1	0	0	5	0	0	0	0	6	0	0	0	0	26	0	0	3	0	0	0	0	0	0	0	0	0	0	0	0	0	0
Front Neurosci	2021-10-01	8446353	124986	9667	0	11	0	0	0	0	5	0	0	0	1	1	0	0	0	0	35	0	0	2	0	0	0	0	0	0	0	0	1	0	0	0	0	0
Front Neurosci	2021-10-01	8456034	65920	5828	0	1	0	1	0	0	1	0	0	1	0	0	0	0	0	0	36	0	0	1	0	0	0	0	0	0	0	0	0	0	0	0	0	0
Front Neurosci	2021-10-01	8452936	83823	7322	0	20	0	7	0	0	1	0	0	0	0	11	0	0	0	0	33	0	0	0	0	0	1	0	1	0	0	1	0	0	0	0	0	0
Front Neurosci	2021-10-01	8450532	75364	7188	0	2	0	0	0	0	4	2	0	0	0	3	0	1	1	0	23	0	0	1	0	0	0	0	0	0	0	0	0	0	0	0	0	4
Front Neurosci	2021-10-01	8455828	135767	12462	0	5	0	0	0	2	0	10	0	0	0	0	0	0	0	0	19	0	0	0	0	0	0	0	0	0	0	0	0	0	0	0	0	0
Front Neurosci	2021-10-01	8453873	131758	10661	0	2	0	0	0	0	1	0	0	0	0	1	0	0	0	0	52	0	0	0	0	0	0	0	0	0	0	0	0	0	0	0	0	0
Front Neurosci	2021-10-01	8450355	235818	17383	0	8	0	0	0	0	2	0	0	0	2	1	0	0	0	0	5	0	0	0	0	0	1	0	0	0	0	0	0	1	0	0	0	1
Front Neurosci	2021-10-01	8455880	111118	10159	0	4	2	2	0	0	1	0	0	3	10	9	0	0	0	0	20	0	0	0	0	0	2	0	0	0	0	0	0	0	0	0	0	0
Front Neurosci	2021-10-01	8455873	149021	12519	0	2	0	0	0	0	0	1	0	5	0	9	0	0	1	0	28	0	0	1	0	0	0	0	2	0	0	0	0	0	0	0	0	0
Front Neurosci	2021-10-01	8446383	93880	6707	0	3	0	4	0	0	1	2	0	1	0	3	0	0	1	0	25	0	0	0	0	0	1	0	0	0	0	0	0	0	0	0	0	0
Front Neurosci	2021-10-01	8446348	51287	4720	0	4	0	0	0	0	1	0	0	0	0	0	0	0	1	0	16	0	0	1	0	0	0	0	1	0	0	0	0	0	0	0	0	0
Front Neurosci	2021-10-01	8446608	99830	7697	0	5	0	0	0	0	1	0	0	2	0	3	0	0	0	0	27	0	0	0	0	1	0	0	0	0	0	0	0	0	0	0	0	0
Front Neurosci	2021-10-01	8446540	143091	12805	0	4	0	3	0	0	2	0	0	0	3	1	0	0	0	0	10	0	0	1	0	0	0	0	0	0	0	0	0	0	0	1	0	0
Front Neurosci	2021-10-01	8452949	96369	7901	0	7	0	2	0	0	0	5	0	0	0	0	0	0	0	0	23	0	0	6	0	0	13	0	0	0	0	0	0	1	0	0	0	0
Front Neurosci	2021-10-01	8446668	270830	18206	0	2	1	12	0	0	0	14	0	0	5	12	0	0	2	0	92	0	1	6	0	0	0	0	0	0	0	0	0	0	0	0	0	0
Front Neurosci	2021-10-01	8454193	8220	668	0	0	0	0	0	0	0	0	0	0	0	0	0	0	0	0	0	0	0	0	0	0	0	0	0	0	0	0	0	0	0	0	0	0
Front Neurosci	2021-10-01	8453169	100179	8295	0	7	0	2	0	0	2	2	0	0	0	2	0	0	0	0	23	0	0	0	0	0	0	0	0	0	0	0	1	0	0	0	0	0
Front Neurosci	2021-10-01	8452874	172601	12976	0	5	1	4	0	0	3	1	0	1	0	12	0	0	0	0	38	0	5	4	0	0	3	0	0	0	0	0	0	0	0	0	0	0
Front Neurosci	2021-10-01	8452974	46311	3767	0	0	2	0	0	0	1	0	0	0	0	1	0	0	1	0	4	0	0	0	0	0	0	0	0	0	0	0	0	0	0	0	0	0
Front Neurosci	2021-10-01	8450330	125430	9947	0	2	0	11	0	0	0	1	0	0	2	2	0	0	1	0	20	0	0	0	0	0	0	0	0	0	0	0	0	0	0	0	0	0
Front Neurosci	2021-10-01	8458941	112492	9487	0	15	1	2	0	0	5	1	0	0	1	0	0	0	0	0	37	0	0	1	0	1	0	0	0	0	0	0	0	0	0	0	0	1
Front Neurosci	2021-10-01	8478287	171950	13665	0	0	0	0	0	0	0	1	0	0	17	1	0	0	2	0	3	0	0	0	0	0	0	0	1	0	0	0	4	0	0	0	0	0
Front Neurosci	2021-10-01	8461068	119988	8624	0	3	0	0	0	0	1	0	0	0	0	1	0	0	0	0	16	0	0	1	0	0	0	0	1	0	0	0	0	0	0	0	0	0
Front Neurosci	2021-10-01	8473742	132902	10576	0	2	0	2	0	0	0	0	0	0	2	5	0	0	0	0	49	0	0	2	0	0	0	0	0	0	0	0	0	0	0	0	0	0
Front Neurosci	2021-10-01	8462357	198924	15199	0	2	0	0	0	0	0	0	0	0	1	0	0	0	0	0	7	0	0	0	0	0	0	0	0	0	0	0	1	0	0	0	0	25
Front Neurosci	2021-10-01	8461018	127531	8522	0	0	0	0	0	0	5	2	0	0	0	1	0	0	0	0	31	0	0	2	0	0	0	0	0	0	0	0	0	0	0	0	0	0
Front Neurosci	2021-10-01	8479468	239916	17424	0	16	1	1	0	0	0	0	0	0	2	10	0	0	1	0	33	0	0	0	0	0	0	0	0	1	0	0	0	0	0	0	0	0
Front Neurosci	2021-10-01	8463658	88360	7742	0	2	0	1	0	1	0	0	0	0	0	5	0	0	0	0	10	0	0	0	0	0	0	0	0	0	0	0	0	0	0	0	0	0
Front Neurosci	2021-10-01	8475186	87771	7158	0	1	0	3	0	0	0	2	0	0	2	0	0	0	1	0	55	0	0	0	0	0	0	0	1	0	0	0	0	0	0	0	0	0
Front Neurosci	2021-10-01	8480265	115150	10278	0	2	0	0	0	0	0	2	0	0	24	5	0	0	3	0	12	0	0	1	0	0	1	1	0	0	0	0	0	0	0	0	0	0
Front Neurosci	2021-10-01	8477003	180696	14168	0	7	0	4	0	0	0	14	0	11	0	5	0	0	1	0	46	0	0	2	0	0	0	0	0	0	0	0	0	0	0	0	0	0
Front Neurosci	2021-10-01	8480393	199541	15801	0	2	1	0	0	0	0	0	0	0	3	2	0	0	0	0	42	0	0	2	0	0	1	0	0	0	0	0	2	0	0	0	0	0
Front Neurosci	2021-10-01	8477011	167600	12668	0	2	0	0	0	0	3	0	0	0	2	1	0	0	2	0	55	0	0	0	0	1	0	0	2	0	0	0	0	0	0	0	0	1
Front Neurosci	2021-10-01	8463659	242897	20531	0	24	1	6	0	0	0	11	0	1	1	2	0	0	0	0	107	0	0	1	0	0	0	0	0	0	0	0	0	0	0	0	0	0
Front Neurosci	2021-10-01	8477582	219408	14232	0	3	0	2	0	0	1	0	0	1	0	2	0	0	0	0	19	0	0	0	0	0	0	0	0	0	0	0	0	0	0	0	0	0
Front Neurosci	2021-10-01	8473899	115659	11028	0	4	0	0	0	0	0	1	0	0	1	3	0	0	1	0	14	0	0	0	0	0	0	0	0	0	0	0	0	1	0	0	0	0
Front Neurosci	2021-10-01	8477014	78746	7464	0	15	0	1	0	0	3	2	0	0	0	0	0	0	0	0	30	0	0	3	0	0	0	0	0	0	0	0	0	0	0	1	0	0
Front Neurosci	2021-10-01	8458632	73972	5489	0	11	0	1	0	0	4	0	0	0	6	2	0	0	0	0	27	0	0	0	0	0	0	0	0	0	0	0	0	0	0	0	0	0
Front Neurosci	2021-10-01	8477009	85369	7103	0	2	0	1	0	0	2	0	0	0	1	3	0	0	0	0	36	0	0	0	0	0	0	0	0	0	0	0	0	0	0	0	0	0
Front Neurosci	2021-10-01	8476998	115665	9646	0	11	1	0	0	0	0	0	0	0	1	0	0	0	0	0	32	0	0	0	0	0	0	0	0	0	0	0	0	0	0	0	0	0
Front Neurosci	2021-10-01	8462298	83118	7420	0	0	0	0	0	0	2	0	0	0	0	1	0	0	0	0	4	0	0	0	0	0	0	0	0	0	0	0	0	0	0	0	0	0
Front Neurosci	2021-10-01	8459906	271549	16922	0	2	1	3	0	0	3	0	0	0	1	1	0	0	0	0	39	0	0	3	0	0	2	0	0	0	0	0	0	0	0	0	0	0
Front Neurosci	2021-10-01	8475516	223817	17030	0	4	1	0	0	0	1	0	0	2	3	1	0	0	0	0	15	0	0	8	0	1	1	0	4	0	0	0	0	0	0	0	0	1
Front Neurosci	2021-10-01	8463657	26471	2268	0	2	0	1	0	0	1	0	0	0	0	4	0	0	0	0	7	0	0	2	0	0	0	0	0	0	0	0	0	0	0	0	0	0
Front Neurosci	2021-10-01	8462509	112857	9564	0	5	0	3	0	0	4	2	0	3	0	6	0	0	1	0	27	0	0	1	0	0	0	0	0	0	0	0	0	0	0	0	0	0
Front Neurosci	2021-10-01	8492895	69438	5574	0	7	1	3	0	0	0	1	0	0	2	0	0	0	0	0	36	0	0	0	0	0	1	0	0	0	0	0	0	0	0	0	0	0
Front Neurosci	2021-10-01	8488100	131873	10883	0	5	0	2	1	0	3	0	0	0	0	8	0	0	0	0	158	0	0	1	0	0	0	1	0	0	0	0	0	0	0	0	0	0
Front Neurosci	2021-10-01	8482874	100135	8399	0	3	0	0	0	0	4	1	0	0	0	1	0	0	0	0	27	0	0	0	0	0	0	0	0	0	0	0	1	0	0	0	0	0
Front Neurosci	2021-10-01	8481628	149539	13659	0	0	0	0	0	0	4	14	0	0	14	1	0	0	1	0	32	0	0	3	0	0	0	0	1	27	0	0	0	0	0	0	0	0
Front Neurosci	2021-10-01	8484641	75739	7374	0	11	0	1	0	0	2	0	0	0	0	1	0	0	0	0	29	0	0	0	0	0	0	0	0	0	0	0	0	0	0	0	0	0
Front Neurosci	2021-10-01	8481598	155121	11203	0	4	0	1	0	0	0	0	0	0	0	1	0	0	0	0	11	0	0	2	0	0	0	0	2	0	0	0	0	0	0	1	0	0
Front Neurosci	2021-10-01	8483716	101984	9399	0	4	0	1	0	0	4	0	0	0	2	0	0	0	0	0	36	0	0	0	0	0	0	0	0	0	0	0	0	0	1	0	0	0
Front Neurosci	2021-10-01	8484329	251118	15281	0	0	0	2	0	0	2	0	0	0	0	3	0	0	0	0	37	0	0	5	0	0	0	0	0	0	0	0	0	1	0	0	0	0
Front Neurosci	2021-10-01	8481607	126719	8698	0	5	0	0	0	0	0	0	0	0	0	0	0	0	0	0	4	0	0	2	0	0	0	0	0	0	0	0	0	0	0	0	0	0
Front Neurosci	2021-10-01	8493953	14469	1440	0	0	0	0	0	0	0	0	0	0	0	1	0	0	0	0	6	0	0	3	0	0	0	0	0	0	0	0	0	0	0	0	0	0
Front Neurosci	2021-10-01	8494131	147452	14501	0	8	0	0	0	0	8	3	0	0	40	1	0	1	2	0	21	0	0	1	0	0	1	0	1	0	0	0	0	1	0	0	0	0
Front Neurosci	2021-10-01	8490647	127104	11420	0	21	1	4	0	2	0	2	0	0	2	4	0	0	0	0	27	0	0	1	0	0	0	0	0	0	0	0	0	0	0	0	0	0
Front Neurosci	2021-10-01	8494006	128080	10117	0	2	0	4	0	0	4	1	0	0	2	0	0	0	0	0	31	0	0	1	0	0	0	0	0	0	0	0	0	0	0	0	0	1
Front Neurosci	2021-10-01	8493598	121330	9714	0	6	0	1	0	0	10	0	0	0	2	1	0	0	0	0	57	0	1	2	0	0	1	0	0	0	0	0	0	0	0	0	0	0
Front Neurosci	2021-10-01	8494030	109261	9108	0	6	0	7	0	0	0	6	0	0	4	0	0	0	0	0	34	0	0	1	0	0	0	0	0	0	0	0	0	0	0	0	0	0
Front Neurosci	2021-10-01	8492970	97728	7746	0	13	0	2	0	0	7	4	0	0	5	7	0	0	0	0	39	0	0	2	0	1	0	0	0	0	0	0	0	0	0	0	0	0
Front Neurosci	2021-10-01	8481633	98245	7767	0	6	0	0	0	0	3	1	0	0	1	2	0	0	0	0	42	0	0	2	0	0	0	0	0	0	0	0	0	0	0	0	0	0
Front Neurosci	2021-10-01	8481584	111493	10577	0	2	0	3	0	0	0	3	0	0	1	24	0	0	0	0	81	0	0	0	0	0	1	0	1	0	0	0	0	0	0	0	0	0
Front Neurosci	2021-10-01	8490611	202201	14581	0	4	0	3	0	0	0	4	0	1	0	5	0	0	0	0	71	0	0	7	0	0	0	0	0	0	0	0	0	0	0	0	0	0
Front Neurosci	2021-10-01	8481819	69350	5980	0	1	0	0	0	0	0	0	0	0	0	0	0	0	0	0	3	0	0	0	0	0	0	0	0	0	0	0	0	0	0	0	0	0
Front Neurosci	2021-10-01	8492915	163088	12717	0	11	1	3	0	0	1	1	0	0	0	4	0	0	0	0	126	0	0	0	0	0	1	2	0	0	0	0	0	0	0	0	0	0
Front Neurosci	2021-10-01	8490874	202089	17751	0	5	0	5	1	0	1	2	0	0	4	13	0	0	2	0	159	0	0	4	0	0	1	0	0	0	0	0	0	0	0	0	0	0
Front Neurosci	2021-10-01	8493243	252865	14092	0	0	0	1	0	0	4	1	0	0	0	4	0	0	0	0	49	0	0	0	0	0	0	0	0	0	0	0	0	0	0	0	0	0
Front Neurosci	2021-10-01	8490679	83165	7733	0	3	1	2	0	0	2	0	0	0	0	0	0	0	0	0	38	0	0	0	0	1	1	0	0	0	0	0	0	0	0	0	0	0
Front Neurosci	2021-10-01	8488335	96042	6888	0	0	0	0	0	0	2	1	0	1	0	5	0	0	0	0	14	0	0	1	0	0	0	0	0	0	0	0	0	0	0	0	0	0
Front Neurosci	2021-10-01	8514662	140846	13338	0	30	0	8	0	0	3	13	0	0	19	1	0	0	0	0	105	0	0	0	0	0	0	0	0	0	0	0	0	0	1	0	0	0
Front Neurosci	2021-10-01	8517269	59055	4847	0	7	0	3	0	0	1	2	0	0	0	3	0	0	0	0	30	0	0	0	0	0	0	0	0	0	0	0	0	0	0	0	0	0
Front Neurosci	2021-10-01	8514188	120157	8988	0	9	0	0	0	0	2	3	0	0	3	3	0	1	1	0	68	0	0	0	0	0	0	0	0	0	0	0	0	0	0	0	0	0
Front Neurosci	2021-10-01	8505668	67390	5971	0	3	0	2	0	0	4	0	0	0	1	2	0	0	0	0	27	0	0	0	0	0	0	0	0	0	0	0	0	0	0	0	0	0
Front Neurosci	2021-10-01	8498040	100943	10090	0	4	0	1	0	0	1	0	0	0	3	3	0	0	0	0	23	0	0	0	0	0	0	0	1	0	0	0	0	0	0	0	0	0
Front Neurosci	2021-10-01	8500181	123401	10509	0	6	0	1	0	0	5	0	0	1	0	1	0	0	0	0	32	0	0	1	0	0	0	0	0	0	0	0	1	0	0	0	0	0
Front Neurosci	2021-10-01	8498217	410500	29356	0	6	0	7	0	0	2	1	0	4	3	15	0	0	0	0	122	0	0	6	0	0	0	0	0	0	0	0	0	0	0	0	0	0
Front Neurosci	2021-10-01	8495629	7416	603	0	0	0	0	0	0	0	0	0	0	0	0	0	0	0	0	0	0	0	0	0	0	0	0	0	0	0	0	0	1	0	0	0	0
Front Neurosci	2021-10-01	8498587	87701	7587	0	0	0	3	0	0	1	0	0	0	0	0	0	0	0	0	8	0	0	0	0	0	0	0	3	0	0	0	0	0	0	0	0	0
Front Neurosci	2021-10-01	8505714	99428	9052	0	4	0	0	0	0	1	1	0	0	0	3	0	0	2	0	29	0	0	0	0	1	0	0	0	0	0	0	1	0	0	0	0	3
Front Neurosci	2021-10-01	8511456	95613	9273	0	1	0	1	0	0	0	10	0	0	0	3	0	0	0	0	15	0	0	1	0	0	0	0	0	0	0	0	0	0	0	0	0	0
Front Neurosci	2021-10-01	8497884	122572	10247	0	6	0	9	0	0	1	1	0	0	17	2	0	0	1	0	38	0	0	0	0	1	4	0	0	0	0	0	0	0	0	0	0	0
Front Neurosci	2021-10-01	8515135	181207	17077	0	21	0	0	0	1	1	1	0	0	0	1	0	0	2	0	99	0	0	4	0	0	1	1	0	0	0	0	0	0	0	0	0	0
Front Neurosci	2021-10-01	8503597	44667	4270	0	0	0	0	0	0	1	0	0	0	0	0	0	0	0	2	10	0	0	0	0	0	0	0	1	0	0	0	0	0	0	0	0	0
Front Neurosci	2021-10-01	8517178	132247	11335	0	2	0	3	0	0	1	0	0	1	0	5	0	0	0	0	53	0	0	0	0	0	0	0	0	0	0	0	0	0	0	0	0	0
Front Neurosci	2021-10-01	8517794	170359	14424	0	11	0	7	0	0	2	8	0	1	2	0	0	0	2	0	54	0	0	10	0	0	1	0	0	0	0	0	1	0	0	0	0	0
Front Neurosci	2021-10-01	8519262	91149	9623	0	19	0	3	0	0	1	2	0	0	1	3	0	0	2	0	23	0	0	0	0	0	0	0	1	0	0	0	0	0	0	0	0	0
Front Neurosci	2021-10-01	8497816	356815	24536	1	6	2	2	0	0	3	1	0	1	23	15	0	0	0	0	120	0	3	2	0	0	0	0	0	0	0	0	0	0	0	1	0	0
Front Neurosci	2021-10-01	8517525	90684	6986	0	4	0	0	0	0	3	1	0	0	0	5	0	0	1	0	36	0	0	1	0	2	0	0	0	0	0	0	0	0	0	0	0	0
Front Neurosci	2021-10-01	8517450	288279	25627	0	7	0	0	0	0	1	4	0	0	3	5	0	0	3	0	37	0	0	1	0	0	0	0	0	0	0	0	0	0	0	0	0	0
Front Neurosci	2021-10-01	8514699	110959	10400	0	5	0	3	0	0	2	5	0	0	0	4	0	1	2	0	33	0	0	1	0	0	1	0	1	0	0	0	0	0	0	0	0	0
Front Neurosci	2021-10-01	8502876	101184	8179	0	0	0	0	0	0	1	0	0	0	0	1	0	0	1	0	3	0	2	1	0	0	1	0	0	0	0	0	0	0	0	0	0	0
Front Neurosci	2021-10-01	8511786	150536	12198	0	0	1	2	0	0	2	0	0	0	0	1	0	0	0	0	53	0	0	0	0	0	0	0	0	0	0	0	0	0	0	0	0	0
Front Neurosci	2021-10-01	8514998	123650	9850	0	5	0	0	0	2	1	2	0	0	0	6	0	0	0	0	20	0	0	2	0	1	0	0	0	0	0	0	0	0	0	0	0	0
Front Neurosci	2021-10-01	8497883	99322	7364	0	1	0	0	0	0	0	0	0	0	1	0	0	0	0	0	12	0	0	0	0	0	4	0	0	0	0	0	1	0	0	0	0	0
