journal	date	pmc_id	Nchars	Nwords	delve	analyse	acknowledge	assess	appraise	dissect	explore	examine	extricate	expose	estimate	investigate	inquire	inspect	interpret	scrutinise	study	unearth	uncover	understand	ponder	research	reason	retrieve	avoid	discount	disregard	dismiss	ignore	neglect	overlook	omit	skip	reject
Front Neurosci	2023-01-01	9583910	106754	8988	0	9	0	0	0	0	0	1	0	0	0	3	0	0	0	0	22	0	0	0	0	0	0	0	0	0	0	0	0	0	0	5	0	0
Front Neurosci	2023-01-01	9583434	144056	12299	0	6	0	0	0	2	0	0	0	1	38	7	0	0	0	0	2	0	0	0	0	0	0	1	0	0	0	0	0	0	0	0	0	0
Front Neurosci	2023-01-01	9576156	368389	28134	0	0	0	1	0	0	0	2	0	0	28	1	0	0	0	0	35	0	0	1	0	1	1	0	0	0	0	0	1	1	0	0	1	0
Front Neurosci	2023-01-01	9581155	110328	9423	0	10	0	5	0	0	5	2	0	0	1	4	0	0	0	0	37	0	0	0	0	0	1	0	0	0	0	0	0	0	0	0	0	0
Front Neurosci	2023-01-01	9577494	135619	12064	0	3	0	0	0	0	1	0	0	0	1	1	0	0	0	0	18	0	0	0	0	0	0	0	0	0	0	0	2	1	0	0	0	0
Front Neurosci	2023-01-01	9577024	139549	10343	0	2	0	2	0	0	0	2	0	0	0	10	0	0	1	0	37	0	0	4	0	0	0	0	0	0	0	0	0	0	0	1	0	0
Front Neurosci	2023-01-01	9580271	90083	7803	0	5	0	0	0	0	1	1	0	0	0	3	0	0	1	0	31	0	0	0	0	0	0	0	1	0	0	0	0	0	0	0	0	0
Front Neurosci	2023-01-01	9581322	67633	6423	0	4	0	0	0	0	9	3	0	2	0	2	0	0	2	0	32	0	2	9	0	0	2	1	0	0	0	0	1	0	0	0	0	0
Front Neurosci	2023-01-01	9582264	76836	6472	0	12	0	1	0	0	0	2	0	2	0	2	0	0	0	0	7	0	0	1	0	0	0	0	0	0	0	0	0	0	0	0	0	0
Front Neurosci	2023-01-01	9577243	127913	10879	0	8	0	0	0	0	10	0	0	0	2	9	0	0	1	0	43	0	0	2	0	0	0	0	0	0	0	0	0	0	0	0	0	0
Front Neurosci	2023-01-01	9577327	95124	7152	0	2	0	2	0	0	4	3	0	0	1	2	0	0	0	0	51	0	0	1	0	0	0	0	0	0	0	0	0	0	0	0	0	0
Front Neurosci	2023-01-01	9584568	187245	14917	0	8	0	4	0	0	0	0	0	0	13	0	0	0	1	0	18	0	0	1	0	0	0	0	0	0	0	0	0	0	0	0	0	3
Front Neurosci	2023-01-01	9583385	88738	7020	0	5	0	1	0	0	1	1	0	0	2	1	0	2	0	0	40	0	0	0	0	0	0	0	0	0	0	0	0	0	0	0	0	0
Front Neurosci	2023-01-01	9577320	97303	8312	0	4	0	2	0	0	1	3	0	0	0	0	0	0	0	0	30	0	0	0	0	0	0	0	0	0	0	0	0	0	0	0	0	0
Front Neurosci	2023-01-01	9582153	75982	6991	0	5	0	0	0	0	1	0	0	0	0	1	0	0	0	0	13	0	0	1	0	1	8	0	0	0	0	0	0	0	0	0	0	0
Front Neurosci	2023-01-01	9579467	238423	16023	0	0	0	7	0	0	1	0	0	0	0	13	0	0	0	0	48	0	1	4	0	0	0	0	0	0	0	0	0	1	1	0	0	0
Front Neurosci	2023-01-01	9577239	102392	10250	0	0	0	2	0	4	1	3	0	0	12	0	0	0	1	0	8	0	1	1	0	0	0	0	0	0	0	0	1	1	0	0	0	0
Front Neurosci	2023-01-01	9577318	130775	11202	0	8	0	0	0	0	1	2	0	0	0	1	0	0	1	0	57	0	0	0	0	0	0	0	0	0	0	0	0	0	0	0	0	0
Front Neurosci	2023-01-01	9583396	106585	9363	0	2	0	0	0	0	4	0	0	0	1	2	0	0	0	0	29	0	0	2	0	0	0	0	0	0	0	0	0	0	0	0	0	0
Front Neurosci	2023-01-01	9582612	138523	12379	0	3	1	0	0	0	2	2	0	1	1	12	0	0	0	0	23	0	0	0	0	0	0	0	0	0	0	0	0	2	0	0	0	0
Front Neurosci	2023-01-01	9583022	258705	16822	0	0	0	0	0	0	0	0	0	1	0	0	0	0	0	0	7	0	0	2	0	0	0	0	0	0	0	0	0	1	0	0	0	0
Front Neurosci	2023-01-01	9583816	89826	10010	0	5	0	0	0	1	0	0	0	0	1	0	0	0	0	0	8	0	0	4	0	0	0	0	1	0	0	0	0	0	0	0	0	0
Front Neurosci	2023-01-01	9581233	143629	12758	0	2	1	7	0	0	0	1	0	0	3	1	0	0	1	0	135	0	0	0	0	0	1	1	0	0	0	0	0	0	0	0	0	0
Front Neurosci	2023-01-01	9583394	151881	12440	0	1	0	1	0	0	2	0	0	0	3	1	0	0	1	0	14	0	0	2	0	0	0	0	0	0	0	0	0	1	0	0	0	0
Front Neurosci	2023-01-01	9578684	168810	13300	0	3	3	1	0	1	1	0	0	0	0	2	0	0	0	0	20	0	0	2	0	0	0	0	0	0	0	0	0	0	0	0	0	0
Front Neurosci	2023-01-01	9606782	133780	9691	0	6	0	15	0	0	2	2	0	0	0	0	0	0	0	0	41	0	0	3	0	0	0	0	1	0	0	0	0	0	0	1	0	0
Front Neurosci	2023-01-01	9599743	112492	9842	0	2	0	3	0	0	0	0	0	0	3	0	0	0	1	0	39	0	0	0	0	0	0	0	0	0	0	0	4	0	0	0	0	0
Front Neurosci	2023-01-01	9597505	182670	15650	0	14	0	4	0	0	4	10	0	0	21	9	0	0	0	0	57	0	0	2	0	0	1	0	0	0	0	0	0	0	0	0	0	0
Front Neurosci	2023-01-01	9606757	70969	5853	0	0	0	0	0	0	0	0	0	1	0	0	0	1	0	0	18	0	0	0	0	0	0	2	0	0	0	0	0	0	0	0	0	0
Front Neurosci	2023-01-01	9608371	154674	13899	0	7	0	3	0	0	8	3	0	0	2	3	0	1	0	0	41	0	0	0	0	0	1	0	0	0	0	0	0	0	0	0	0	0
Front Neurosci	2023-01-01	9589108	156991	14499	0	3	0	0	0	0	0	0	0	0	18	8	0	0	1	0	39	0	0	0	0	0	0	0	0	0	0	0	0	0	0	0	0	1
Front Neurosci	2023-01-01	9589497	84476	6472	0	3	0	1	0	0	0	0	0	0	1	4	0	0	0	0	31	0	0	0	0	0	0	0	0	0	0	0	0	0	0	0	0	0
Front Neurosci	2023-01-01	9610118	149308	12515	0	17	0	8	0	0	5	1	0	0	0	1	1	0	0	0	50	0	0	4	0	0	2	0	0	0	0	0	0	0	2	0	0	0
Front Neurosci	2023-01-01	9589037	141316	12036	0	14	0	0	0	0	2	1	0	3	6	0	0	0	0	0	45	0	0	4	0	0	0	0	0	0	0	0	1	0	0	0	0	0
Front Neurosci	2023-01-01	9597636	131743	10760	0	6	0	6	0	0	0	6	0	0	2	3	0	0	1	0	54	0	0	1	0	0	0	0	0	0	0	0	0	0	0	0	0	0
Front Neurosci	2023-01-01	9611772	9293	845	0	2	0	0	0	0	0	0	0	0	0	0	0	0	0	0	0	0	0	0	0	0	0	0	0	0	0	0	0	0	0	0	0	0
Front Neurosci	2023-01-01	9597077	69385	5698	0	0	0	0	0	0	0	0	0	0	0	0	0	0	0	0	7	0	0	1	0	0	0	0	0	0	0	0	0	0	0	0	0	0
Front Neurosci	2023-01-01	9606748	97961	8503	0	4	0	1	0	0	3	0	0	0	4	3	0	0	0	0	38	0	0	2	0	0	1	0	1	0	0	0	0	0	0	0	0	0
Front Neurosci	2023-01-01	9615471	129214	10811	0	24	0	0	0	0	8	2	0	0	3	2	0	0	3	0	26	0	0	0	0	0	0	0	0	0	0	0	0	0	0	0	0	0
Front Neurosci	2023-01-01	9597189	153456	12929	0	34	0	5	0	0	0	11	0	0	0	1	0	0	0	0	40	0	0	3	0	0	0	0	0	0	0	0	0	0	0	0	0	0
Front Neurosci	2023-01-01	9608187	99789	7238	0	5	0	0	1	0	5	2	0	0	1	5	0	0	0	0	59	0	0	3	0	0	0	0	0	0	0	0	0	0	0	0	0	0
Front Neurosci	2023-01-01	9613112	189610	14233	0	8	1	0	0	4	0	3	0	31	4	0	0	0	0	0	39	0	0	2	0	0	0	0	0	0	0	0	0	0	0	0	0	0
Front Neurosci	2023-01-01	9590607	18584	1464	0	0	0	0	0	0	0	0	0	0	0	1	0	0	0	0	3	0	0	3	0	0	0	0	0	0	0	0	0	0	0	0	0	0
Front Neurosci	2023-01-01	9614053	97071	8101	0	1	0	0	0	0	4	2	0	0	2	1	0	0	0	0	8	0	0	1	0	0	1	0	1	0	0	0	0	0	0	0	0	0
Front Neurosci	2023-01-01	9612920	207572	14369	0	2	0	7	0	0	0	0	0	1	1	2	0	1	1	0	32	0	0	0	0	0	1	0	1	0	0	0	1	0	0	0	0	2
Front Neurosci	2023-01-01	9589430	93319	8439	0	2	0	1	0	3	0	1	0	5	0	2	0	0	2	0	19	0	0	0	0	0	0	0	1	0	0	0	0	0	0	0	0	0
Front Neurosci	2023-01-01	9596984	174726	10105	0	1	0	1	0	1	2	0	0	1	1	3	0	0	0	0	15	0	0	0	0	0	0	0	0	0	0	0	0	0	0	0	0	0
Front Neurosci	2023-01-01	9597461	114797	8712	0	6	0	1	0	0	2	1	0	0	0	1	0	0	1	0	37	0	0	1	0	1	1	0	0	0	0	0	0	0	0	0	0	0
Front Neurosci	2023-01-01	9597483	110414	8317	0	7	0	1	0	0	3	2	0	0	1	5	0	0	0	0	48	0	0	3	0	0	0	0	0	0	0	0	0	0	0	0	0	0
Front Neurosci	2023-01-01	9597447	157303	12476	0	5	0	0	0	0	2	0	0	0	0	0	0	0	0	0	1	0	0	1	0	0	3	0	1	0	0	0	1	0	0	0	0	0
Front Neurosci	2023-01-01	9626512	126265	10059	0	1	0	1	0	0	9	0	0	0	0	1	0	0	0	0	42	0	0	2	0	0	0	0	0	0	0	0	0	0	0	0	0	0
Front Neurosci	2023-01-01	9630463	64666	7114	0	2	0	3	0	0	9	4	0	0	0	7	0	0	0	0	88	0	0	0	0	0	0	0	0	0	0	0	0	0	0	0	0	0
Front Neurosci	2023-01-01	9630831	90066	7493	0	6	0	2	0	0	1	2	0	0	0	0	0	0	0	0	41	0	0	0	0	0	0	0	0	0	0	0	0	0	0	0	0	0
Front Neurosci	2023-01-01	9623252	23112	2421	0	1	0	0	0	0	0	0	0	1	0	1	0	0	0	0	6	0	0	1	0	0	0	0	0	0	0	0	0	0	0	0	0	0
Front Neurosci	2023-01-01	9626994	154434	14181	0	3	0	1	0	0	0	1	0	0	1	2	0	0	0	0	33	0	0	8	0	0	0	0	0	0	0	0	1	0	0	0	0	0
Front Neurosci	2023-01-01	9631818	77343	6202	0	3	0	0	0	0	0	0	0	0	0	2	0	0	0	0	29	0	0	0	0	0	0	0	1	0	0	0	0	0	0	0	0	0
Front Neurosci	2023-01-01	9634260	116723	10252	0	2	1	0	0	0	1	0	0	0	0	5	0	0	1	0	12	0	0	0	0	0	0	0	1	0	0	0	0	0	0	0	0	0
Front Neurosci	2023-01-01	9620478	104584	9649	0	0	0	0	0	0	0	0	0	1	0	0	0	0	0	0	3	0	0	0	0	1	0	0	0	0	0	0	0	0	0	0	0	0
Front Neurosci	2023-01-01	9627281	83643	7954	0	3	1	0	0	0	1	1	0	0	3	8	0	0	0	0	42	0	0	1	0	0	3	0	0	0	0	0	0	1	0	0	0	0
Front Neurosci	2023-01-01	9626759	168096	11442	0	3	0	0	2	0	1	0	0	3	0	0	0	0	0	0	65	0	0	0	0	0	0	0	5	0	0	0	0	0	0	1	0	0
Front Neurosci	2023-01-01	9623180	72629	6397	0	1	0	0	0	0	0	0	0	1	0	0	0	0	0	0	5	0	0	0	0	0	0	0	1	0	0	0	0	0	0	0	0	0
Front Neurosci	2023-01-01	9630591	332552	24878	0	44	0	1	0	0	0	1	0	0	1	15	0	0	0	0	81	0	0	1	0	0	0	1	0	0	0	0	0	0	0	0	0	0
Front Neurosci	2023-01-01	9629862	104494	8491	0	6	0	1	0	0	1	0	0	0	2	1	0	0	0	0	38	0	0	0	0	0	1	0	0	0	0	0	0	0	0	0	0	0
Front Neurosci	2023-01-01	9630472	347781	22382	2	4	0	0	0	0	1	1	0	0	0	8	0	0	0	3	44	0	2	5	0	0	0	0	0	0	0	0	0	0	0	0	0	0
Front Neurosci	2023-01-01	9627315	149686	12541	0	1	0	1	0	0	7	0	0	0	8	9	0	0	1	0	38	0	0	1	0	0	1	0	0	0	0	0	0	0	0	1	0	3
Front Neurosci	2023-01-01	9633952	117445	9844	0	0	0	1	0	0	1	0	0	0	0	2	0	0	0	0	10	0	0	0	0	0	0	0	0	0	0	0	0	0	0	0	0	0
Front Neurosci	2023-01-01	9622753	84329	7933	0	5	0	7	0	0	0	1	0	5	3	7	0	0	1	0	19	0	0	0	0	0	0	0	1	0	0	0	0	0	0	0	0	0
Front Neurosci	2023-01-01	9631829	152885	12119	0	2	0	15	0	0	7	24	0	0	1	3	0	0	0	0	77	0	0	0	0	0	0	0	0	0	0	0	0	0	0	0	1	0
Front Neurosci	2023-01-01	9629840	188579	14147	0	7	0	1	0	0	1	2	0	0	4	0	0	0	1	0	26	0	0	0	0	0	0	1	0	0	0	0	0	0	0	0	0	0
Front Neurosci	2023-01-01	9633989	125196	11108	0	2	0	0	0	0	1	0	0	2	1	2	0	0	0	0	37	0	0	5	0	0	0	0	0	0	0	0	0	0	0	0	0	0
Front Neurosci	2023-01-01	9619081	91146	7913	0	7	0	0	0	0	0	4	0	0	7	1	0	0	0	0	25	0	0	0	0	0	0	0	1	0	0	0	1	0	0	0	0	0
Front Neurosci	2023-01-01	9630740	132284	10279	0	4	0	0	0	0	5	0	0	0	2	0	0	0	0	0	48	0	0	3	0	1	1	0	0	0	0	0	0	0	0	0	0	0
Front Neurosci	2023-01-01	9623178	137584	11890	0	9	0	0	0	0	1	0	0	0	0	0	0	0	0	0	38	0	0	0	0	0	1	0	0	0	0	0	0	0	0	0	0	0
Front Neurosci	2023-01-01	9627486	62978	5930	0	1	0	7	0	0	0	0	0	0	1	2	0	0	0	0	20	0	0	1	0	0	0	0	0	0	0	0	0	0	0	0	0	0
Front Neurosci	2023-01-01	9630324	116786	8703	0	3	0	3	0	0	1	0	0	0	0	3	0	0	1	0	46	0	0	0	0	0	0	0	0	0	0	0	0	0	0	0	0	0
Front Neurosci	2023-01-01	9646406	81487	7096	0	1	0	0	0	0	0	0	0	0	1	2	0	0	0	0	4	0	0	0	0	0	0	0	0	0	0	0	0	0	0	0	0	0
Front Neurosci	2023-01-01	9644938	136727	12085	0	13	0	3	0	0	2	0	0	7	10	1	0	0	6	0	53	0	0	0	0	0	0	0	0	0	0	0	0	0	0	1	0	0
Front Neurosci	2023-01-01	9650396	125472	9474	0	9	0	5	0	0	3	2	0	0	8	2	0	0	0	0	41	0	0	0	0	0	0	0	0	0	0	0	0	0	0	0	0	0
Front Neurosci	2023-01-01	9660267	96411	8504	0	5	0	3	0	0	0	0	0	2	2	2	0	0	0	0	20	0	0	0	0	0	0	0	0	0	0	0	0	0	0	0	0	0
Front Neurosci	2023-01-01	9641178	101470	7729	0	6	0	1	0	0	1	0	0	0	1	2	0	0	0	0	6	0	0	1	0	1	0	0	1	0	0	0	0	0	0	0	0	0
Front Neurosci	2023-01-01	9643735	95558	9600	0	9	0	0	0	0	0	1	0	2	0	1	0	0	0	0	21	0	0	0	0	0	0	0	0	0	0	0	0	0	0	0	0	0
Front Neurosci	2023-01-01	9650529	163915	14336	0	5	0	2	0	0	1	0	1	0	7	3	0	0	0	0	35	0	0	0	0	0	0	0	0	0	0	0	0	0	0	0	0	0
Front Neurosci	2023-01-01	9661920	14418	1373	0	0	0	0	0	0	1	0	0	0	0	0	0	0	0	0	4	0	0	1	0	0	0	0	0	0	0	0	0	0	0	0	0	0
Front Neurosci	2023-01-01	9659747	87347	7333	0	5	0	2	0	0	8	0	0	0	2	2	0	0	0	0	51	0	0	1	0	0	0	0	1	0	0	0	0	1	0	0	0	0
Front Neurosci	2023-01-01	9643433	161499	14640	0	1	0	0	0	0	5	4	0	0	5	0	0	0	0	0	18	0	0	2	0	0	0	1	0	0	0	0	2	0	0	0	0	0
Front Neurosci	2023-01-01	9650933	103799	10486	0	0	0	1	0	0	0	0	0	2	4	6	0	0	3	0	24	0	0	1	0	0	0	0	1	0	0	0	0	0	0	0	0	0
Front Neurosci	2023-01-01	9650390	137708	11890	0	1	0	0	0	0	0	1	0	1	0	0	0	0	0	0	12	0	0	0	0	0	0	0	0	0	0	0	0	0	0	0	0	0
Front Neurosci	2023-01-01	9641372	131305	11498	0	6	0	1	0	0	1	3	0	0	1	6	0	0	0	0	50	0	0	0	0	0	0	0	0	0	0	0	0	0	0	0	0	0
Front Neurosci	2023-01-01	9643713	163722	16085	0	6	0	0	0	0	5	5	0	0	0	5	0	0	0	0	67	0	0	39	0	0	1	1	0	0	0	0	0	0	0	0	0	0
Front Neurosci	2023-01-01	9648353	148906	12304	0	6	0	1	0	0	5	3	0	1	0	1	0	0	3	0	33	0	0	3	0	0	2	1	0	0	0	0	0	0	0	0	0	0
Front Neurosci	2023-01-01	9645020	90760	8907	0	1	0	2	0	0	4	0	0	0	2	4	0	0	2	0	27	0	0	1	0	0	2	0	0	0	0	0	0	0	0	1	0	0
Front Neurosci	2023-01-01	9643707	205279	14058	0	1	0	0	0	0	3	0	0	0	0	0	0	0	0	0	26	0	0	2	0	0	0	1	2	0	0	0	0	0	0	0	0	0
Front Neurosci	2023-01-01	9637833	90890	7368	0	12	0	1	0	0	5	2	0	0	1	0	0	0	0	0	40	0	0	0	0	1	1	0	0	0	0	0	0	0	0	0	0	0
Front Neurosci	2023-01-01	9650395	134410	12074	0	0	1	7	0	0	1	3	0	0	0	11	0	0	1	0	48	0	0	2	0	0	0	0	1	0	0	0	0	0	0	0	0	0
Front Neurosci	2023-01-01	9648366	197814	16891	0	4	0	5	0	0	2	1	0	0	3	3	0	0	2	0	50	0	0	0	0	0	16	0	0	0	0	0	0	0	0	0	0	2
Front Neurosci	2023-01-01	9650064	60516	5442	0	1	0	3	0	0	0	0	0	0	2	0	0	0	1	0	30	0	0	3	0	0	1	0	0	0	0	0	0	0	0	0	0	0
Front Neurosci	2023-01-01	9650127	202659	13629	0	0	0	1	0	0	5	0	0	1	0	3	0	0	0	0	82	0	0	4	0	0	0	0	0	0	0	0	0	0	0	0	0	0
Front Neurosci	2023-01-01	9641121	96809	10263	0	23	0	1	0	0	1	3	0	0	2	0	0	0	5	0	19	0	0	2	0	0	3	0	0	0	0	0	0	0	0	0	0	0
Front Neurosci	2023-01-01	9648407	7829	634	0	0	0	0	0	0	0	0	0	0	0	0	0	0	0	0	1	0	0	0	0	0	0	0	0	0	0	0	0	0	0	0	0	0
Front Neurosci	2023-01-01	9659960	108922	9224	0	13	0	0	0	0	4	5	0	0	2	6	0	0	0	0	56	0	0	0	0	0	0	0	0	0	0	0	0	0	0	0	0	0
Front Neurosci	2023-01-01	9670129	128012	11207	0	6	0	2	0	0	2	1	0	0	0	6	0	0	1	0	58	0	0	1	0	2	1	0	2	0	0	0	0	0	0	0	0	6
Front Neurosci	2023-01-01	9672091	170287	17577	0	4	0	3	0	0	2	0	0	0	9	0	0	0	1	0	27	0	0	0	0	1	0	0	0	0	0	0	0	0	0	0	0	0
Front Neurosci	2023-01-01	9669346	76475	6514	0	3	0	0	0	0	0	3	0	8	0	5	0	0	0	0	19	0	0	0	0	0	0	0	0	0	0	0	0	0	0	0	0	0
Front Neurosci	2023-01-01	9669422	109167	10684	0	4	0	0	0	0	11	0	0	0	1	1	0	0	0	0	49	0	0	0	0	1	0	0	0	0	0	0	0	0	0	0	0	0
Front Neurosci	2023-01-01	9672466	111213	11362	0	6	0	7	0	0	1	7	0	0	13	5	0	2	1	0	30	0	0	2	0	0	0	0	0	0	0	0	0	0	0	0	0	0
Front Neurosci	2023-01-01	9667093	118118	10142	0	10	1	3	0	0	4	1	0	0	2	0	0	0	0	0	43	0	0	0	0	1	1	0	0	0	0	0	0	0	0	0	0	0
Front Neurosci	2023-01-01	9667043	104830	9470	0	1	1	0	0	0	1	0	0	0	0	1	0	0	1	0	2	0	0	0	0	0	1	0	0	0	0	0	0	0	0	0	0	0
Front Neurosci	2023-01-01	9673479	96328	8835	0	3	0	3	0	0	5	1	0	0	1	2	0	0	1	0	55	0	0	0	0	0	0	0	0	0	0	0	0	0	0	0	0	0
Front Neurosci	2023-01-01	9672468	182992	12436	0	2	0	1	0	0	3	0	0	0	1	2	0	0	1	0	44	0	0	1	0	4	0	0	0	0	0	0	0	2	1	0	0	0
Front Neurosci	2023-01-01	9672821	149480	13764	0	4	1	1	0	0	1	0	0	0	2	4	0	0	3	0	51	0	0	3	0	0	1	0	0	0	0	0	0	0	0	1	0	0
Front Neurosci	2023-01-01	9671599	79405	7720	0	6	1	0	0	0	0	1	0	0	1	7	0	0	0	0	14	0	0	2	0	0	3	0	0	0	0	0	0	0	0	0	0	0
Front Neurosci	2023-01-01	9680558	121449	9325	0	6	1	4	0	0	4	0	0	0	1	4	0	0	0	0	64	0	0	2	0	0	1	0	0	0	0	0	0	0	0	0	0	0
Front Neurosci	2023-01-01	9671107	92000	7466	0	3	0	3	0	1	3	1	0	0	0	1	0	0	0	0	49	0	0	1	0	0	0	0	0	0	0	0	1	0	0	0	0	0
Front Neurosci	2023-01-01	9671112	267718	19091	0	0	0	0	0	0	2	0	0	1	0	0	0	0	0	0	18	0	0	3	0	0	1	0	0	0	0	0	0	0	1	0	0	0
Front Neurosci	2023-01-01	9672822	469765	29230	0	1	0	2	0	0	1	2	0	0	4	6	0	0	0	0	76	0	0	4	0	0	1	0	0	0	0	0	0	1	0	0	0	0
Front Neurosci	2023-01-01	9670113	123524	10996	1	1	0	6	0	4	5	1	0	0	0	6	0	0	0	0	21	0	0	1	0	0	1	0	0	0	0	0	0	0	0	0	0	0
Front Neurosci	2023-01-01	9673475	45919	3349	0	3	0	0	0	0	0	0	0	1	0	0	0	0	1	0	6	0	0	0	0	0	1	0	0	0	0	0	0	0	0	0	0	0
Front Neurosci	2023-01-01	9669763	113430	8808	0	2	0	1	0	0	0	5	0	0	0	0	0	0	0	0	6	0	0	0	0	0	1	0	0	0	0	0	0	0	0	0	0	0
Front Neurosci	2023-01-01	9671147	70300	5617	0	0	0	0	0	0	5	3	0	0	0	6	0	0	0	0	19	0	0	3	0	2	1	0	0	0	0	0	0	0	1	0	0	1
Front Neurosci	2023-01-01	9679382	151766	15798	0	32	0	2	0	0	5	11	0	0	39	3	0	0	1	0	18	0	2	6	0	0	1	0	0	0	0	0	0	0	3	0	0	0
Front Neurosci	2023-01-01	9676966	90674	8147	0	5	0	0	0	4	0	0	0	3	0	2	0	0	0	0	49	0	0	5	0	0	1	0	0	0	0	0	0	0	0	0	0	0
Front Neurosci	2023-01-01	9671106	147419	11639	0	15	0	4	0	1	0	1	0	0	0	2	0	0	2	0	28	0	0	2	0	0	0	1	0	0	0	0	0	0	0	1	0	0
Front Neurosci	2023-01-01	9676973	125728	10322	0	5	0	2	0	0	3	2	0	17	0	2	0	0	0	0	23	0	0	0	0	0	0	0	0	0	0	0	0	0	0	0	1	0
Front Neurosci	2023-01-01	9670140	261547	18705	0	0	0	1	0	0	3	0	0	1	0	3	0	0	0	0	38	0	0	1	0	0	0	0	0	0	0	0	0	0	0	0	0	0
Front Neurosci	2023-01-01	9669717	81562	7891	0	2	0	1	0	0	1	3	0	0	0	0	0	0	0	0	35	0	0	0	0	0	1	0	2	0	0	0	0	0	0	0	0	0
Front Neurosci	2023-01-01	9682240	104552	9302	0	5	0	3	0	0	1	0	0	0	3	6	0	0	1	0	35	0	0	4	0	0	0	0	0	0	0	0	0	0	0	0	0	0
Front Neurosci	2023-01-01	9682169	140679	11841	0	2	0	0	0	0	6	0	0	0	0	3	0	0	0	0	53	0	0	1	0	0	1	0	0	0	0	0	1	0	0	0	0	2
Front Neurosci	2023-01-01	9703974	73394	6832	0	9	1	10	0	0	1	0	0	0	2	2	0	0	1	0	52	0	1	0	0	0	1	0	0	0	0	0	0	0	0	0	0	0
Front Neurosci	2023-01-01	9706110	260518	18412	0	5	0	3	0	0	2	5	0	0	1	4	0	0	0	0	121	0	1	1	0	0	1	0	0	0	0	0	0	1	0	0	0	0
Front Neurosci	2023-01-01	9684674	121433	10609	0	7	2	1	0	0	0	3	0	1	3	9	0	0	0	0	41	0	0	4	0	0	0	0	0	0	0	0	0	0	0	0	0	0
Front Neurosci	2023-01-01	9682184	119017	11258	0	2	0	0	0	0	0	2	0	0	0	1	0	0	5	0	31	0	0	0	0	0	0	0	1	0	0	0	0	1	0	0	0	0
Front Neurosci	2023-01-01	9685168	163512	13420	0	1	0	0	0	0	0	1	0	1	0	2	0	0	0	0	3	0	0	0	0	0	1	0	2	0	0	0	0	0	0	0	0	0
Front Neurosci	2023-01-01	9692018	117632	10769	0	3	0	2	0	0	2	3	0	0	3	0	0	0	1	0	29	0	0	4	0	0	0	0	0	0	0	0	0	0	0	2	0	0
Front Neurosci	2023-01-01	9691962	99524	7709	0	13	1	0	0	0	3	0	0	0	0	2	0	0	1	0	24	0	0	0	0	0	0	0	0	0	0	0	0	0	0	0	0	0
Front Neurosci	2023-01-01	9685990	187567	14754	0	12	1	0	0	0	1	1	0	0	1	3	0	0	0	0	31	0	0	2	0	0	0	0	0	0	0	0	1	0	0	0	0	0
Front Neurosci	2023-01-01	9684643	80158	5862	0	3	0	1	0	0	0	0	0	0	1	0	0	0	0	0	20	0	0	1	0	0	0	0	0	0	0	0	0	0	0	0	0	2
Front Neurosci	2023-01-01	9705995	324071	20387	0	5	0	1	0	0	2	3	0	0	2	2	0	0	0	0	55	0	0	0	0	0	1	0	0	0	0	0	0	0	0	0	0	0
Front Neurosci	2023-01-01	9683474	105541	9017	0	4	0	3	0	0	1	0	0	0	8	0	0	0	0	0	33	0	0	0	0	0	1	0	0	0	0	0	0	0	0	0	0	0
Front Neurosci	2023-01-01	9682172	131953	12991	0	4	0	0	0	0	4	2	0	1	0	6	0	0	0	0	24	0	0	0	0	0	1	0	0	0	1	0	0	0	0	0	0	0
Front Neurosci	2023-01-01	9682008	70292	5538	0	10	0	3	0	0	5	1	0	0	1	6	0	1	0	0	38	0	0	0	0	0	0	0	0	0	0	0	0	0	0	0	0	0
Front Neurosci	2023-01-01	9684731	152413	12887	0	9	0	5	0	0	2	1	0	3	2	5	0	0	0	0	31	0	0	0	0	0	0	0	0	0	0	0	0	0	0	0	0	1
Front Neurosci	2023-01-01	9693722	131004	10763	0	10	0	2	0	0	2	0	0	0	0	22	0	0	0	0	25	0	0	1	0	0	0	0	0	0	0	0	0	0	0	0	0	0
Front Neurosci	2023-01-01	9707801	342197	19979	0	0	0	0	0	0	3	2	0	0	2	1	0	0	1	0	41	0	0	3	0	0	0	0	0	0	0	0	0	1	0	0	0	0
Front Neurosci	2023-01-01	9686448	312326	25200	0	12	0	10	0	0	1	2	0	0	2	8	0	0	7	0	113	0	0	1	0	0	0	0	1	0	0	0	0	0	0	0	0	0
Front Neurosci	2023-01-01	9707398	126706	11522	0	2	0	0	0	0	6	3	0	0	0	3	0	0	0	0	38	0	0	0	0	0	0	0	0	0	0	0	2	0	0	0	0	0
Front Neurosci	2023-01-01	9685989	156552	11780	0	5	0	7	0	0	0	2	0	0	2	5	0	0	0	0	44	0	1	1	0	0	3	0	0	0	0	0	0	0	0	0	0	0
Front Neurosci	2023-01-01	9704362	72087	6055	0	5	0	0	0	0	1	1	0	0	0	2	0	0	0	0	45	0	0	0	0	0	0	0	0	0	0	0	0	0	0	0	0	0
Front Neurosci	2023-01-01	9695733	113787	10748	0	5	0	0	0	0	16	2	0	0	0	1	0	0	0	0	75	0	0	0	0	1	0	0	0	0	0	0	0	0	0	0	0	0
Front Neurosci	2023-01-01	9702079	126699	11567	0	9	0	4	0	0	2	10	0	1	2	2	0	0	2	1	37	0	1	2	0	0	0	0	0	0	0	0	0	0	0	0	0	0
Front Neurosci	2023-01-01	9703977	134278	11966	0	2	0	0	0	0	0	0	0	0	9	0	0	0	0	0	10	0	1	3	0	0	1	0	0	0	0	0	0	0	0	0	0	0
Front Neurosci	2023-01-01	9709447	134484	10433	0	6	0	2	0	0	0	5	0	0	0	2	0	0	0	0	24	0	0	0	0	0	0	0	0	0	0	0	0	0	0	0	0	0
Front Neurosci	2023-01-01	9715736	69502	6260	0	4	0	3	0	0	5	1	0	0	0	0	0	0	1	0	17	0	0	0	0	0	0	0	0	0	0	0	0	0	0	0	0	1
Front Neurosci	2023-01-01	9709432	116185	9933	0	14	0	1	0	0	0	3	0	0	0	0	0	0	1	0	11	0	0	0	0	0	10	0	0	1	0	0	0	0	0	0	0	0
Front Neurosci	2023-01-01	9721112	101436	8978	0	5	2	8	0	2	0	1	0	1	0	3	0	0	0	0	32	0	0	0	0	0	0	0	1	0	0	0	0	0	0	0	0	0
Front Neurosci	2023-01-01	9714437	140691	12407	0	9	0	2	0	0	1	0	0	0	0	1	0	0	0	0	127	0	0	0	0	0	2	4	1	0	0	0	0	0	0	0	0	0
Front Neurosci	2023-01-01	9712957	157204	14911	0	2	0	0	0	0	0	0	0	0	23	5	0	0	0	0	30	0	0	0	0	0	1	0	0	0	0	0	0	0	0	0	0	0
Front Neurosci	2023-01-01	9720110	98874	8887	0	6	0	4	0	0	7	0	0	0	0	2	0	0	0	0	43	0	0	1	0	1	0	0	0	0	0	0	0	0	0	0	0	0
Front Neurosci	2023-01-01	9714680	109706	9946	0	10	2	0	0	0	0	1	0	1	10	4	0	0	0	0	20	0	0	1	0	0	0	0	0	0	0	0	0	0	0	0	0	0
Front Neurosci	2023-01-01	9712970	138457	11028	0	3	0	2	0	0	4	0	0	0	0	4	0	0	0	0	44	0	0	0	0	0	1	0	0	0	0	0	0	0	0	0	0	0
Front Neurosci	2023-01-01	9709144	63725	6071	0	0	0	0	0	0	0	0	0	0	1	0	0	0	0	0	36	0	0	0	0	0	0	0	0	0	0	0	0	0	0	0	0	0
Front Neurosci	2023-01-01	9723136	122877	10346	0	3	0	0	0	0	5	0	0	0	0	0	0	0	0	0	14	0	0	0	0	0	0	0	0	0	0	0	1	0	0	0	0	0
Front Neurosci	2023-01-01	9720153	477075	29105	0	1	0	0	0	0	3	0	0	2	0	1	0	0	0	0	42	0	0	5	0	1	0	0	0	0	0	0	0	1	0	0	0	0
Front Neurosci	2023-01-01	9713007	135132	10655	0	14	0	2	0	0	1	1	0	0	3	2	0	0	0	0	46	0	0	0	0	0	0	0	1	0	0	0	0	0	0	0	0	0
Front Neurosci	2023-01-01	9709425	120166	10302	0	10	0	3	0	3	1	1	0	0	0	0	0	0	0	0	28	0	0	2	0	0	0	0	0	0	0	0	0	0	0	0	0	0
Front Neurosci	2023-01-01	9724644	10473	874	0	0	0	0	0	0	0	0	0	0	0	0	0	0	0	0	0	0	0	0	0	0	0	0	0	0	0	0	0	0	0	1	0	0
Front Neurosci	2023-01-01	9714683	211461	14293	0	8	0	0	0	0	2	1	0	1	0	0	0	0	0	0	45	0	0	0	0	1	0	0	0	0	0	0	0	0	0	0	0	0
Front Neurosci	2023-01-01	9709118	108182	9065	0	3	0	0	0	1	2	2	0	0	0	4	0	0	1	0	25	0	0	2	0	0	0	0	0	0	0	0	0	0	0	0	0	0
Front Neurosci	2023-01-01	9717392	328122	26740	0	11	1	10	0	0	1	1	0	0	0	0	0	0	1	0	44	0	0	0	0	0	2	0	0	0	0	0	0	0	0	0	0	0
Front Neurosci	2023-01-01	9708897	203031	15000	0	4	2	3	0	0	3	0	0	1	0	0	0	0	0	0	48	0	0	4	0	0	0	0	1	0	0	0	1	0	0	0	0	0
Front Neurosci	2023-01-01	9721138	111100	9513	0	2	0	5	0	0	0	6	0	2	0	0	0	0	0	0	35	0	1	0	0	0	1	0	0	0	0	0	0	0	0	0	0	0
Front Neurosci	2023-01-01	9713000	103767	8288	0	5	0	10	0	0	0	0	0	0	0	0	0	0	1	0	22	0	0	0	0	0	0	0	0	0	0	0	0	1	0	0	0	0
Front Neurosci	2023-01-01	9714306	261739	19764	0	4	0	1	0	0	6	0	0	0	2	8	0	0	3	0	25	0	0	2	0	0	0	0	0	0	0	0	0	0	1	0	0	0
Front Neurosci	2023-01-01	9723370	21805	1995	0	1	0	0	0	0	0	0	0	0	0	0	0	0	0	0	9	0	0	0	0	0	0	0	0	0	0	0	0	0	0	0	0	0
Front Neurosci	2023-01-01	9731313	302737	27227	0	15	0	8	0	0	1	0	0	0	6	15	0	0	1	0	77	0	0	3	0	0	3	0	0	0	0	0	0	0	0	0	0	0
Front Neurosci	2023-01-01	9720371	11869	1303	0	0	0	0	0	0	0	2	0	0	0	0	0	0	0	0	1	0	0	5	0	0	0	0	0	0	0	0	0	0	0	0	0	0
Front Neurosci	2023-01-01	9731131	199206	15204	0	10	0	1	0	0	6	0	0	0	7	0	0	0	2	0	27	0	0	1	0	0	1	0	0	0	0	0	0	1	0	0	0	0
Front Neurosci	2023-01-01	9728099	91686	7264	0	21	0	4	0	0	5	0	0	0	2	2	0	0	0	0	41	0	0	1	0	0	0	0	0	0	0	0	0	0	0	0	0	0
Front Neurosci	2023-01-01	9753937	15003	1676	0	0	0	0	0	0	3	0	0	0	0	0	0	0	0	0	3	0	0	1	0	0	0	0	0	0	0	0	0	0	0	0	0	0
Front Neurosci	2023-01-01	9742590	29368	2545	0	2	0	0	0	0	6	6	0	0	0	4	0	0	0	0	19	0	0	1	0	0	0	0	0	0	0	0	0	0	0	0	0	0
Front Neurosci	2023-01-01	9727392	133095	11565	0	9	0	2	0	0	5	0	0	2	0	2	0	0	0	0	33	1	0	5	0	0	0	0	0	0	0	0	0	0	0	0	0	0
Front Neurosci	2023-01-01	9731512	81079	7166	0	6	0	1	0	0	0	2	0	0	1	4	0	0	0	0	51	0	0	0	0	0	0	0	0	0	0	0	0	0	0	0	0	0
Front Neurosci	2023-01-01	9729706	107938	8837	0	14	0	1	0	0	3	1	0	0	6	7	0	0	0	0	41	0	0	0	0	1	1	0	0	0	0	0	0	0	0	0	0	0
Front Neurosci	2023-01-01	9726921	258093	19570	0	3	0	1	0	0	1	1	0	0	1	11	0	0	3	0	135	0	1	3	0	0	1	1	0	0	0	0	0	1	0	0	0	0
Front Neurosci	2023-01-01	9748563	87815	8036	1	3	0	0	0	0	1	0	0	0	0	0	0	0	0	0	3	0	0	2	0	1	0	0	1	0	0	0	4	0	0	0	0	0
Front Neurosci	2023-01-01	9729798	153231	13491	0	2	0	10	0	1	0	2	0	2	5	16	0	0	0	0	27	0	0	0	0	0	1	0	0	0	0	0	0	0	0	0	0	0
Front Neurosci	2023-01-01	9745188	68826	6684	0	5	0	0	0	0	2	0	0	0	0	1	0	0	0	0	14	0	0	0	0	0	0	0	0	0	0	0	0	1	0	0	0	0
Front Neurosci	2023-01-01	9742586	34309	2874	0	2	0	2	0	0	1	2	0	3	0	4	0	0	0	0	21	0	0	1	0	0	0	0	0	0	0	0	0	2	0	0	0	0
Front Neurosci	2023-01-01	9749892	172444	14334	0	1	1	0	0	3	1	2	0	5	0	0	0	0	0	0	6	0	0	0	0	0	0	0	0	0	0	0	0	0	0	0	0	0
Front Neurosci	2023-01-01	9727234	103575	8489	0	3	0	0	0	0	2	0	0	0	5	11	0	0	0	0	33	0	0	0	0	0	0	0	0	0	0	0	0	0	0	0	0	0
Front Neurosci	2023-01-01	9730528	102056	8359	0	4	0	8	0	0	0	11	0	5	3	0	0	0	0	0	64	0	0	0	0	0	1	0	0	0	0	0	0	0	1	0	0	0
Front Neurosci	2023-01-01	9732370	114230	10080	0	11	0	1	0	0	2	0	0	0	7	0	0	0	0	0	27	0	0	0	0	0	1	0	1	0	0	0	0	0	0	0	0	0
Front Neurosci	2023-01-01	9745143	128504	10933	0	7	1	2	0	0	2	3	0	0	4	3	0	1	3	0	40	0	0	3	0	0	0	0	0	0	0	0	0	0	0	0	0	0
Front Neurosci	2023-01-01	9728799	80235	7258	0	2	0	1	0	0	0	0	0	1	0	2	0	0	0	0	25	0	0	0	0	0	0	0	0	0	0	0	0	0	0	0	0	0
Front Neurosci	2023-01-01	9726735	87746	7729	0	9	0	0	0	0	3	0	0	1	1	3	0	0	0	0	25	0	0	7	0	1	0	1	0	0	0	0	0	0	0	0	0	0
Front Neurosci	2023-01-01	9729788	616766	33918	0	2	0	0	0	0	1	2	0	3	0	2	0	0	0	0	14	0	0	7	0	0	0	0	0	0	0	0	0	0	0	0	0	0
Front Neurosci	2023-01-01	9731284	93486	7187	0	3	0	2	0	0	1	9	0	0	2	0	0	0	0	0	40	0	0	0	0	0	0	0	0	0	0	0	0	0	0	0	0	0
Front Neurosci	2023-01-01	9745070	69980	6467	0	4	0	2	0	0	1	1	0	0	6	6	0	0	4	0	22	0	1	1	0	0	0	0	0	0	0	0	0	0	0	0	0	0
Front Neurosci	2023-01-01	9752872	196244	15667	0	17	0	16	0	0	7	6	0	2	6	4	0	0	0	0	46	0	0	9	0	2	2	0	0	0	0	0	3	0	0	0	1	0
Front Neurosci	2023-01-01	9729873	118500	10273	0	3	0	0	0	0	1	1	0	0	0	0	0	0	0	0	32	0	0	0	0	0	1	0	0	0	0	0	0	0	0	0	0	0
Front Neurosci	2023-01-01	9731669	71053	6626	0	3	0	0	0	0	0	1	0	0	0	0	0	0	0	0	29	0	0	0	0	0	0	1	0	0	0	0	0	0	0	0	0	0
Front Neurosci	2023-01-01	9768219	107802	9919	0	6	1	5	0	1	0	2	0	0	0	6	0	0	0	0	30	0	0	1	0	0	0	0	0	0	0	0	0	0	0	0	0	0
Front Neurosci	2023-01-01	9768452	94900	10024	0	3	0	1	0	0	0	0	0	0	2	2	0	0	0	0	30	0	0	0	0	0	2	0	0	0	0	0	0	0	0	1	0	0
Front Neurosci	2023-01-01	9768552	121039	10638	0	2	0	4	0	0	0	7	0	0	0	8	0	0	0	0	49	0	1	6	0	0	0	0	0	0	0	0	1	0	0	0	0	0
Front Neurosci	2023-01-01	9756882	24564	1957	0	0	0	0	0	0	0	0	0	0	0	0	0	0	0	0	2	0	0	2	0	0	0	0	0	0	0	0	0	0	0	0	0	0
Front Neurosci	2023-01-01	9775286	30244	2329	0	1	0	1	0	0	0	0	0	0	0	9	0	0	0	0	4	0	0	1	0	0	0	0	0	0	0	0	0	0	0	0	0	0
Front Neurosci	2023-01-01	9755499	116628	9618	0	4	0	2	0	0	3	0	0	0	19	2	0	0	2	0	55	0	0	0	0	1	0	0	0	0	0	0	1	0	0	0	0	0
Front Neurosci	2023-01-01	9831675	52924	4695	0	3	0	0	0	0	3	0	0	0	0	5	0	0	1	0	27	0	1	1	0	0	0	0	0	0	0	0	0	0	0	0	0	0
Front Neurosci	2023-01-01	9768556	164745	14811	0	31	0	1	0	0	5	12	0	0	0	5	0	0	0	0	13	0	0	0	0	0	0	0	0	0	0	0	0	0	0	0	0	0
Front Neurosci	2023-01-01	9773256	89745	8074	0	4	0	1	0	0	5	0	0	1	0	3	0	0	0	0	20	0	0	3	0	0	0	0	1	0	0	0	0	0	0	0	0	0
Front Neurosci	2023-01-01	9762495	106692	8251	0	3	0	0	0	0	0	0	0	0	0	0	0	0	0	0	29	0	0	0	0	0	0	0	0	0	0	0	0	0	0	0	0	0
Front Neurosci	2023-01-01	9755855	102430	8992	0	23	1	3	0	0	0	4	0	0	0	2	0	0	1	0	16	0	0	0	0	0	0	0	0	0	0	0	0	0	0	0	0	0
Front Neurosci	2023-01-01	9775867	14237	1544	0	0	1	0	0	0	1	0	0	0	0	0	0	0	1	0	1	0	0	1	0	0	0	0	0	0	0	0	0	0	0	0	0	0
Front Neurosci	2023-01-01	9746338	50038	4108	0	0	1	1	0	0	3	0	0	0	0	2	0	0	0	0	46	0	0	0	0	0	0	0	0	0	0	0	0	0	0	0	0	0
Front Neurosci	2023-01-01	9775296	146425	10803	0	10	0	2	0	0	2	2	0	0	2	18	0	0	2	0	58	0	0	8	0	0	0	0	0	0	0	1	0	0	0	0	0	0
Front Neurosci	2023-01-01	9757691	87111	7257	0	5	0	1	0	0	0	2	0	0	0	3	0	0	0	0	48	0	0	0	0	0	0	0	0	0	0	0	0	0	1	0	0	0
Front Neurosci	2023-01-01	9779913	87818	7672	0	6	1	3	0	0	1	1	0	2	1	1	0	0	2	0	19	0	0	1	0	0	0	0	0	0	0	0	0	0	0	0	0	0
Front Neurosci	2023-01-01	9762155	70739	6572	0	4	0	0	0	0	2	0	0	0	0	1	0	0	0	0	27	0	0	0	0	0	0	0	0	0	0	0	0	0	0	0	0	0
Front Neurosci	2023-01-01	9760944	68347	6982	0	1	8	0	0	0	0	0	0	0	0	0	0	0	0	0	4	0	0	1	0	0	1	0	0	0	0	0	1	0	0	0	0	0
Front Neurosci	2023-01-01	9755753	69237	5651	0	7	0	0	0	0	2	4	0	1	0	3	0	0	0	0	23	0	0	0	0	0	0	0	0	0	0	0	0	0	0	0	0	0
Front Neurosci	2023-01-01	9773377	126081	10362	0	2	0	1	0	0	0	0	0	0	0	10	0	0	1	0	52	0	0	2	0	0	0	0	0	0	0	0	1	0	0	0	0	1
Front Neurosci	2023-01-01	9768214	159648	15997	0	17	0	0	0	1	1	1	0	0	2	2	0	0	1	0	37	0	0	0	0	0	11	0	2	0	0	0	0	0	0	0	0	0
Front Neurosci	2023-01-01	9769704	84322	7332	0	6	0	1	0	0	0	0	0	1	1	1	0	0	0	0	23	0	0	0	0	0	0	0	0	0	0	0	0	0	0	0	0	0
Front Neurosci	2023-01-01	9774000	121829	9562	0	2	0	0	0	0	0	2	0	0	0	0	0	0	0	0	10	0	0	1	0	0	0	0	0	0	0	0	0	0	0	0	0	0
Front Neurosci	2023-01-01	9772996	176281	14133	0	1	0	0	0	0	0	0	0	1	0	2	0	0	0	0	30	0	0	1	0	0	0	0	0	0	0	0	0	0	0	0	0	0
Front Neurosci	2023-01-01	9760739	79251	7424	0	2	0	0	0	0	0	2	0	0	0	1	0	0	0	0	28	0	0	14	0	0	0	0	0	0	0	0	0	0	0	0	0	0
Front Neurosci	2023-01-01	9812578	137036	10828	0	7	0	0	0	0	3	1	0	0	2	7	0	2	0	0	52	0	0	3	0	0	0	0	0	0	0	0	4	0	0	0	0	5
Front Neurosci	2023-01-01	9793003	253315	23973	0	18	0	2	0	3	1	2	0	0	0	30	0	0	0	0	31	0	0	0	0	0	0	0	0	0	0	0	0	0	0	0	0	0
Front Neurosci	2023-01-01	9794864	142135	13575	0	13	1	3	0	0	9	0	0	2	6	0	0	0	0	0	8	0	1	0	0	0	0	0	1	0	0	0	0	0	0	0	0	0
Front Neurosci	2023-01-01	9780694	166062	13943	0	3	0	30	0	0	5	1	0	0	2	3	0	0	0	0	62	0	0	0	0	0	0	1	1	0	0	0	0	0	0	0	0	0
Front Neurosci	2023-01-01	9795229	282211	23850	0	10	0	6	0	0	3	10	0	0	0	3	0	0	0	0	50	0	2	4	0	0	2	0	0	0	0	0	0	1	0	0	0	0
Front Neurosci	2023-01-01	9797048	171354	14627	0	8	0	5	0	0	1	1	0	0	4	3	0	0	0	0	98	0	0	1	0	0	1	1	0	0	0	0	0	0	0	0	0	0
Front Neurosci	2023-01-01	9795007	104111	8837	0	4	0	1	0	0	2	1	0	0	0	2	0	0	0	0	36	0	0	1	0	0	0	0	0	0	0	0	0	0	0	0	0	0
Front Neurosci	2023-01-01	9780604	173588	15471	0	13	0	18	0	0	1	0	0	1	0	6	0	0	0	0	69	0	0	2	0	0	1	16	1	0	0	0	0	0	0	0	0	0
Front Neurosci	2023-01-01	9780456	148900	14106	0	5	0	1	0	0	8	5	0	1	3	3	0	1	1	0	66	0	0	4	0	0	0	0	0	0	0	0	0	0	0	0	0	0
Front Neurosci	2023-01-01	9791200	252427	14495	0	1	0	0	0	0	0	0	0	1	0	1	0	0	0	0	6	0	0	2	0	0	0	0	0	0	0	0	0	0	0	0	0	0
Front Neurosci	2023-01-01	9783908	5483	433	0	0	0	0	0	0	0	0	0	0	0	0	0	0	0	0	0	0	0	0	0	0	0	0	0	0	0	0	0	0	0	0	0	0
Front Neurosci	2023-01-01	9795064	124437	10030	0	9	0	1	0	0	2	5	0	0	6	9	0	1	1	0	31	0	0	1	0	0	1	0	0	0	0	0	0	0	0	0	0	1
Front Neurosci	2023-01-01	9797806	110905	8499	0	3	0	3	0	0	3	0	0	0	0	2	0	0	0	0	18	0	0	0	0	1	0	0	0	0	0	0	0	0	0	0	0	0
Front Neurosci	2023-01-01	9791929	16742	1549	0	0	0	0	0	0	0	0	0	0	0	0	0	0	0	0	1	0	0	0	0	0	0	0	0	0	0	0	0	0	0	0	0	0
Front Neurosci	2023-01-01	9797129	167447	12014	0	1	0	0	0	0	1	0	0	2	0	1	0	0	0	0	6	0	0	1	0	0	1	0	0	0	0	0	0	0	0	0	0	0
Front Neurosci	2023-01-01	9791038	134121	9478	0	1	0	0	0	0	1	0	0	0	0	0	0	0	0	0	5	0	0	1	0	0	2	0	0	0	0	0	2	0	0	0	0	0
Front Neurosci	2023-01-01	9798325	108674	9850	0	0	0	1	0	0	1	0	0	0	9	0	0	0	0	0	14	0	0	2	0	0	0	0	0	0	0	0	0	0	0	0	0	0
Front Neurosci	2023-01-01	9798222	247570	18490	0	10	0	1	0	0	1	0	0	0	26	1	0	0	0	0	28	0	0	1	0	0	0	0	0	0	0	0	1	1	0	0	0	0
Front Neurosci	2023-01-01	9799057	98659	8569	0	2	0	3	0	0	0	0	0	0	0	0	0	0	0	0	38	0	0	0	0	0	2	1	0	0	0	0	0	0	0	0	0	0
Front Neurosci	2023-01-01	9798127	156806	11505	0	1	0	1	0	0	4	0	0	0	4	3	0	0	1	0	48	0	0	0	0	0	0	0	0	0	0	0	0	0	0	0	0	0
Front Neurosci	2023-01-01	9780693	71481	5337	0	0	0	1	0	0	0	0	0	0	0	0	0	0	0	0	8	0	0	1	0	0	0	0	0	0	0	0	0	0	0	0	0	0
Front Neurosci	2023-01-01	9799059	94780	7406	0	15	1	1	0	0	6	2	0	0	0	4	0	0	1	0	20	0	0	3	0	0	0	0	0	0	0	0	0	0	0	0	0	0
Front Neurosci	2023-01-01	9783913	69299	5556	0	0	0	0	0	0	1	1	0	1	0	0	0	0	0	1	10	0	0	1	0	0	0	0	0	0	0	0	0	0	0	0	0	0
Front Neurosci	2023-01-01	9797719	109910	11638	0	7	0	0	0	4	4	2	0	4	0	0	0	0	0	0	40	0	0	1	0	0	0	0	2	0	0	0	0	0	0	0	0	0
Front Neurosci	2023-01-01	9793772	55207	4801	0	0	1	0	0	0	1	0	0	0	0	7	0	0	0	0	13	0	0	6	0	0	0	0	0	0	0	0	1	0	0	0	0	0
Front Neurosci	2023-01-01	9810273	89825	6968	0	4	0	8	0	0	1	0	0	0	5	1	0	0	0	0	39	0	0	0	0	0	0	0	0	0	0	0	0	0	0	0	0	0
Front Neurosci	2023-01-01	9811171	59391	4510	0	0	0	2	0	0	0	0	0	0	1	0	0	0	0	0	31	0	0	0	0	0	0	0	0	0	0	0	0	0	0	0	0	0
Front Neurosci	2023-01-01	9800937	301418	19919	0	2	1	1	0	0	0	5	0	14	4	2	0	0	0	0	85	0	0	1	0	0	0	0	0	0	0	0	0	0	0	0	0	0
Front Neurosci	2023-01-01	9807925	216536	14761	0	4	0	4	0	0	0	0	0	1	2	0	0	0	0	0	35	0	0	1	0	0	0	0	0	0	0	0	0	0	0	0	0	0
Front Neurosci	2023-01-01	9800932	106053	8553	0	5	0	5	0	0	2	1	0	0	3	5	0	1	0	0	37	0	0	0	0	0	0	0	0	0	0	0	0	0	0	0	0	0
Front Neurosci	2023-01-01	9811148	113835	8263	0	2	0	0	0	0	0	1	0	1	0	7	0	0	0	0	12	0	0	1	0	0	0	0	0	0	0	0	0	0	0	0	0	0
Front Neurosci	2023-01-01	9815760	24629	2388	0	1	0	0	0	0	0	0	0	0	0	1	0	0	0	0	6	0	0	0	0	0	0	0	0	0	0	0	0	0	0	0	0	0
Front Neurosci	2023-01-01	9817144	87428	6013	0	0	0	0	0	0	1	0	0	0	1	0	0	0	0	0	18	0	0	0	0	0	0	0	0	0	0	0	0	0	0	0	0	0
Front Neurosci	2023-01-01	9815455	148831	14542	0	5	0	0	0	0	0	7	0	0	24	1	0	3	0	0	35	0	1	1	0	0	0	0	1	0	0	0	0	0	0	1	0	1
Front Neurosci	2023-01-01	9815545	232302	19962	0	23	0	6	0	0	1	5	0	1	2	5	0	0	0	0	46	0	0	10	0	0	2	0	0	0	0	0	0	0	0	0	0	1
Front Neurosci	2023-01-01	9806170	57466	4401	0	0	0	0	0	0	0	0	0	0	0	0	0	0	0	0	7	0	0	4	0	0	0	0	0	0	0	0	0	0	0	0	0	0
Front Neurosci	2023-01-01	9806357	90565	7188	0	3	0	0	0	0	0	0	0	3	0	0	0	0	0	0	10	0	0	3	0	0	1	0	0	0	0	0	0	0	0	0	0	0
Front Neurosci	2023-01-01	9815535	169991	15212	0	8	0	4	0	1	5	2	0	20	3	4	0	0	0	0	17	0	0	0	0	0	0	0	0	0	0	0	1	0	0	0	0	0
Front Neurosci	2023-01-01	9815451	108889	8540	0	0	0	0	0	0	1	0	0	0	1	1	0	0	0	0	30	0	0	1	0	0	2	0	3	0	0	0	0	0	1	0	0	0
Front Neurosci	2023-01-01	9817147	137645	15745	0	9	0	0	0	0	0	0	0	0	3	6	0	0	2	0	42	0	0	7	0	0	1	0	0	0	0	0	0	2	0	0	0	0
Front Neurosci	2023-01-01	9813496	131029	10271	0	0	0	0	0	0	16	1	0	3	0	1	0	0	0	0	29	0	0	2	0	0	1	0	0	0	0	0	0	0	0	0	0	0
Front Neurosci	2023-01-01	9806211	151717	12644	0	4	0	0	0	0	7	0	0	0	1	0	0	0	0	0	4	0	0	3	0	0	0	0	0	0	0	0	3	1	0	0	0	0
Front Neurosci	2023-01-01	9811191	85499	8880	0	2	1	0	0	0	5	1	0	0	1	5	0	0	0	0	18	0	0	1	0	0	1	0	2	0	0	0	2	0	0	0	0	0
Front Neurosci	2023-01-01	9815444	91732	7645	0	3	0	2	0	0	5	7	0	0	1	5	0	0	1	0	25	0	0	3	0	0	0	0	0	0	0	0	0	0	0	0	0	0
Front Neurosci	2023-01-01	9808079	75655	6313	0	4	0	2	0	0	2	0	0	0	0	0	0	0	1	0	18	0	0	0	0	0	1	0	0	0	0	0	0	0	0	0	0	0
Front Neurosci	2023-01-01	9817150	74892	7154	0	7	0	0	0	0	6	0	0	0	0	0	0	0	0	0	25	0	0	2	0	0	1	0	0	0	0	0	0	0	0	0	0	0
Front Neurosci	2023-01-01	9800799	337367	25047	1	22	0	2	0	0	3	8	0	7	4	4	0	0	2	0	101	0	0	8	0	0	0	0	0	0	0	0	0	0	1	0	0	0
Front Neurosci	2023-01-01	9807247	98742	7870	0	3	0	0	0	0	3	1	0	0	3	4	0	0	0	0	47	0	0	3	0	0	0	0	0	0	0	0	0	0	0	0	0	0
Front Neurosci	2023-01-01	9811205	170635	13748	0	4	0	1	0	0	2	1	0	0	0	4	0	0	0	0	6	0	0	0	0	0	0	0	1	0	0	0	0	0	0	0	0	0
Front Neurosci	2023-01-01	9814123	81026	6875	0	6	1	1	0	1	2	0	0	0	0	4	0	0	0	0	40	0	0	0	0	0	0	0	0	0	0	0	0	0	0	0	0	0
Front Neurosci	2023-01-01	10801007	130452	12251	0	13	0	3	0	0	6	11	0	0	0	11	0	0	0	0	51	0	0	5	0	1	0	0	0	0	0	0	0	0	0	0	0	0
Front Neurosci	2023-01-01	10994152	14932	1380	0	0	0	0	0	0	0	0	0	0	0	0	0	0	0	0	1	0	0	0	0	0	0	0	0	0	0	0	0	0	0	0	0	0
Front Neurosci	2023-01-01	10808518	135567	11942	0	1	0	2	0	1	0	3	0	1	0	2	0	0	0	0	8	0	0	1	0	0	0	1	0	0	0	0	0	0	0	1	0	0
Front Neurosci	2023-01-01	10879281	135738	10978	0	4	0	1	0	0	4	0	0	0	0	7	0	0	0	0	28	0	0	2	0	0	0	2	0	0	0	0	0	0	0	0	0	0
Front Neurosci	2023-01-01	10797776	338517	20408	0	3	0	0	0	0	1	0	0	2	0	2	0	0	0	0	12	0	0	3	0	0	0	0	0	0	0	0	0	0	1	0	0	0
Front Neurosci	2023-01-01	10808780	129864	9979	0	17	1	3	0	0	1	6	0	0	12	4	0	0	0	0	45	0	0	3	0	0	2	0	2	0	0	0	0	0	0	0	0	0
Front Neurosci	2023-01-01	10801793	18754	1982	0	0	0	0	0	0	0	0	0	0	0	0	0	0	0	0	2	0	0	0	0	0	0	0	0	0	0	0	0	0	0	0	0	0
Front Neurosci	2023-01-01	10797904	64653	5498	0	0	0	0	0	0	0	0	0	0	1	1	0	0	0	0	8	0	0	0	0	0	0	0	0	0	0	0	0	0	0	0	0	0
Front Neurosci	2023-01-01	10800753	93741	8271	0	0	1	0	0	0	1	3	0	0	2	0	0	0	0	0	27	0	0	0	0	0	0	0	0	0	0	0	0	0	0	0	0	0
Front Neurosci	2023-01-01	10851877	191004	16692	0	2	0	6	0	0	10	4	0	0	1	9	0	0	0	0	91	0	0	3	0	0	0	0	0	0	0	0	0	0	0	0	0	0
Front Neurosci	2023-01-01	10823003	117696	9589	0	0	0	0	0	0	0	0	0	0	0	2	0	0	0	0	15	0	0	1	0	0	0	0	0	0	0	0	0	0	0	0	0	0
Front Neurosci	2023-01-01	10800617	10034	823	0	0	0	0	0	0	0	0	0	0	0	0	0	0	0	0	2	0	0	0	0	0	0	0	0	0	0	0	0	0	0	0	0	0
Front Neurosci	2023-01-01	10803645	125195	12129	0	5	0	3	0	0	0	4	0	0	5	5	0	1	1	0	35	0	0	1	0	1	3	0	0	1	0	0	0	0	0	0	0	1
Front Neurosci	2023-01-01	10800528	209610	13596	0	10	0	0	0	0	1	1	0	0	0	0	0	0	0	0	33	0	0	1	0	0	1	0	0	0	0	0	0	0	0	0	0	0
Front Neurosci	2023-01-01	10800711	178607	12496	0	1	0	2	0	0	2	2	0	13	2	7	0	0	0	0	36	0	0	1	0	1	0	0	0	0	0	0	0	0	0	0	0	0
Front Neurosci	2023-01-01	10804857	108231	9416	0	7	0	0	0	0	1	0	0	1	5	0	0	0	0	0	33	0	0	2	0	0	0	0	0	0	0	0	0	0	0	0	0	0
Front Neurosci	2023-01-01	10800381	52193	4936	1	5	0	0	0	0	9	4	0	0	0	6	0	0	0	0	38	0	0	7	0	0	0	0	0	0	0	0	0	0	0	0	0	0
Front Neurosci	2023-01-01	10803499	115742	9692	0	15	0	2	0	0	1	1	0	0	3	0	0	0	0	0	43	0	0	1	0	0	0	1	1	0	0	0	0	0	0	0	0	0
Front Neurosci	2023-01-01	10796656	74526	6267	0	1	0	0	0	0	0	0	0	0	3	1	0	0	0	0	13	0	0	0	0	0	0	0	0	0	0	0	0	0	0	0	0	0
Front Neurosci	2023-01-01	10796775	133279	11487	0	7	0	4	0	0	3	1	0	0	0	4	0	0	2	0	41	0	0	0	0	0	2	0	0	0	0	0	0	0	0	0	0	0
Front Neurosci	2023-01-01	10800989	133261	10539	0	4	0	1	0	0	1	0	0	0	2	5	0	0	0	0	33	0	1	4	1	0	0	0	1	0	0	0	0	1	1	0	0	0
Front Neurosci	2023-01-01	10811197	6978	565	0	0	0	0	0	0	0	0	0	0	0	0	0	0	0	0	0	0	0	0	0	0	0	0	0	0	0	0	0	0	0	0	0	0
Front Neurosci	2023-01-01	10861663	88809	7097	0	3	0	3	0	0	1	0	0	0	1	0	0	0	0	0	23	0	0	0	0	0	0	0	1	0	0	0	0	0	0	0	0	0
Front Neurosci	2023-01-01	10825050	278096	20431	2	0	0	1	0	0	5	1	0	1	4	1	0	0	0	0	42	0	0	1	0	3	0	0	2	0	0	0	0	0	0	0	0	0
Front Neurosci	2023-01-01	10803660	24508	1906	0	0	0	0	0	0	0	0	0	0	0	0	0	0	0	0	2	0	0	0	0	0	0	0	0	0	0	0	0	0	0	0	0	0
