journal	date	pmc_id	Nchars	Nwords	delve	analyse	acknowledge	assess	appraise	dissect	explore	examine	extricate	expose	estimate	investigate	inquire	inspect	interpret	scrutinise	study	unearth	uncover	understand	ponder	research	reason	retrieve	avoid	discount	disregard	dismiss	ignore	neglect	overlook	omit	skip	reject
Front Neurosci	2025-01-01	11486766	162454	13926	0	7	0	0	0	0	3	2	0	0	0	2	0	0	0	0	84	0	0	3	0	0	0	0	1	0	0	0	1	0	0	0	0	0
Front Neurosci	2025-01-01	11479976	127971	10557	0	3	0	5	0	0	5	1	0	0	2	4	0	0	0	0	61	0	0	0	0	0	0	0	1	0	0	0	1	0	0	0	0	0
Front Neurosci	2025-01-01	11480033	118980	10590	0	5	0	0	0	0	8	4	0	1	1	10	0	0	0	0	34	0	0	2	0	0	2	0	0	1	0	0	0	0	0	0	0	0
Front Neurosci	2025-01-01	11500614	298259	20926	0	3	1	1	0	0	4	1	0	3	3	4	0	0	0	0	107	0	0	5	0	1	1	0	1	0	0	0	0	0	0	0	0	0
Front Neurosci	2025-01-01	11491425	21632	1903	0	0	0	0	0	0	0	0	0	0	0	0	0	0	0	0	2	0	0	1	0	0	0	0	0	0	0	0	0	0	0	0	0	0
Front Neurosci	2025-01-01	11493690	89619	8124	0	3	0	1	0	0	2	0	0	0	0	0	0	0	0	0	23	0	0	0	0	0	0	0	0	0	0	0	0	0	0	0	0	0
Front Neurosci	2025-01-01	11493687	112001	11080	0	6	1	1	0	0	0	0	0	0	6	30	0	1	7	0	34	0	0	1	0	0	0	0	0	0	1	0	0	3	0	0	0	1
Front Neurosci	2025-01-01	11486763	92656	8158	0	4	0	5	0	0	3	0	0	3	0	1	0	0	1	0	11	0	0	1	0	0	0	0	0	0	0	0	0	0	0	0	0	0
Front Neurosci	2025-01-01	11484041	87237	6548	0	9	0	0	0	0	0	2	0	0	4	3	0	0	1	0	52	0	0	2	0	0	0	0	0	0	0	0	0	0	0	0	0	0
Front Neurosci	2025-01-01	11483322	18246	1485	0	0	0	0	0	0	0	0	0	0	0	0	0	0	0	0	0	0	0	0	0	0	0	0	0	0	0	0	0	0	0	0	0	0
Front Neurosci	2025-01-01	11484047	137077	10610	0	1	1	0	0	0	3	2	0	0	0	1	0	0	0	0	62	0	0	7	0	0	1	0	0	0	0	0	0	0	0	0	0	0
Front Neurosci	2025-01-01	11484056	78536	7140	0	7	0	5	0	0	0	0	0	0	0	0	0	0	0	0	16	0	0	0	0	0	0	0	0	0	0	0	0	0	0	0	0	0
Front Neurosci	2025-01-01	11484034	138627	11801	0	7	2	0	0	0	0	2	0	0	0	0	0	0	0	0	19	0	0	1	0	0	0	0	0	0	0	0	0	0	0	0	0	0
Front Neurosci	2025-01-01	11491432	118998	10003	0	12	0	2	0	0	2	2	0	0	1	6	0	0	0	0	46	0	0	0	0	0	0	0	0	0	0	0	0	0	0	0	0	0
Front Neurosci	2025-01-01	11486764	117876	11337	1	26	0	4	0	0	10	10	0	0	1	15	0	0	0	0	64	0	0	3	0	0	0	0	0	0	0	0	0	0	0	0	0	0
Front Neurosci	2025-01-01	11494033	7539	595	0	0	0	0	0	0	0	0	0	0	0	0	0	0	0	0	0	0	0	0	0	0	0	0	0	0	0	0	0	0	0	0	0	0
Front Neurosci	2025-01-01	11492444	5560	466	0	0	0	0	0	0	0	0	0	0	0	0	0	0	0	0	2	0	0	0	0	0	0	0	0	0	0	0	0	0	0	0	0	0
Front Neurosci	2025-01-01	11480079	78903	6018	0	8	0	3	0	0	0	0	0	0	0	1	0	0	0	0	12	0	0	0	0	0	0	0	0	0	0	0	0	0	0	0	0	0
Front Neurosci	2025-01-01	11480026	202432	17545	0	14	1	14	0	0	0	0	0	0	4	1	0	0	0	0	37	0	0	0	0	0	3	0	0	0	0	0	0	0	0	0	0	0
Front Neurosci	2025-01-01	11483888	97536	8794	0	2	0	0	0	0	6	2	0	5	2	6	0	0	0	0	28	0	0	0	0	0	0	0	0	0	0	0	0	0	0	0	0	0
Front Neurosci	2025-01-01	11493778	141666	11534	0	4	1	1	0	0	0	5	0	0	1	8	0	1	0	0	27	0	0	2	0	0	0	0	0	0	0	0	0	0	0	0	0	0
Front Neurosci	2025-01-01	11480022	480249	30860	0	2	1	1	0	0	1	8	0	1	0	7	0	0	2	0	36	0	0	8	0	0	2	0	0	0	0	0	0	0	0	0	0	0
Front Neurosci	2025-01-01	11491427	20865	1969	0	0	0	0	0	0	5	4	0	0	0	2	0	0	0	0	11	0	0	9	0	0	0	0	0	0	0	0	0	0	0	0	0	0
Front Neurosci	2025-01-01	11502387	94114	9459	0	6	0	0	0	0	0	0	0	0	0	0	0	0	0	0	5	0	0	0	0	0	0	0	0	0	0	0	0	0	0	1	0	0
Front Neurosci	2025-01-01	11502468	127444	11552	0	12	0	4	0	1	0	1	0	1	0	4	0	0	0	0	32	0	0	1	0	0	0	0	0	0	0	0	0	0	0	0	0	0
Front Neurosci	2025-01-01	11499227	154990	13165	0	5	2	2	0	0	1	2	0	0	2	5	0	0	0	0	61	0	0	2	0	2	0	0	0	0	0	0	0	0	0	0	0	0
Front Neurosci	2025-01-01	11513351	192158	15484	0	6	0	0	0	0	5	1	0	0	1	3	0	0	0	0	13	0	0	1	0	1	0	0	0	0	0	0	1	0	0	1	0	0
Front Neurosci	2025-01-01	11502472	104290	9189	0	1	0	1	0	0	2	0	0	0	0	0	0	0	1	0	22	0	0	0	0	0	0	0	0	0	0	0	0	0	0	0	0	0
Front Neurosci	2025-01-01	11502495	139650	10706	0	8	0	1	0	0	2	1	0	0	0	7	0	0	0	0	48	0	0	1	0	1	0	0	0	0	0	0	0	1	0	0	0	0
Front Neurosci	2025-01-01	11499184	110369	7597	0	3	0	0	0	0	0	1	0	0	1	0	0	0	0	0	9	0	0	2	0	0	0	0	0	0	0	0	1	0	0	0	0	0
Front Neurosci	2025-01-01	11519739	125570	10079	0	4	1	1	0	0	1	0	0	0	1	4	0	0	0	0	28	0	0	1	0	0	0	0	0	0	0	0	0	1	0	0	0	0
Front Neurosci	2025-01-01	11496292	167823	15666	0	3	1	1	0	0	1	1	0	2	0	1	0	0	0	0	25	0	0	2	0	0	0	1	0	0	0	0	0	0	0	0	0	0
Front Neurosci	2025-01-01	11496254	113931	9134	0	16	1	2	0	0	3	4	0	0	0	1	0	0	0	0	28	0	0	8	0	0	0	0	0	0	0	0	0	0	0	0	0	0
Front Neurosci	2025-01-01	11496267	143592	12067	1	3	1	1	0	0	3	0	0	1	0	1	0	0	0	0	38	0	0	0	0	1	0	0	0	0	0	0	0	0	0	0	0	0
Front Neurosci	2025-01-01	11514365	140956	11604	0	8	0	1	0	1	0	0	0	5	1	2	0	0	0	0	11	0	0	1	0	0	1	0	0	0	0	0	0	0	0	0	0	0
Front Neurosci	2025-01-01	11520326	207253	17145	0	13	0	4	0	0	1	6	0	0	0	2	0	0	3	0	40	0	1	3	0	0	0	0	0	0	0	0	0	0	0	0	0	0
Front Neurosci	2025-01-01	11496283	136520	11031	0	5	0	8	0	0	3	0	0	0	0	1	0	0	0	0	50	0	0	0	0	0	1	2	0	0	0	0	0	0	0	0	0	0
Front Neurosci	2025-01-01	11534588	140867	11951	0	7	1	2	0	0	2	0	0	1	3	3	0	0	0	0	5	0	0	0	0	0	0	0	1	0	0	0	0	0	1	0	0	0
Front Neurosci	2025-01-01	11521969	132819	9758	0	5	0	4	0	0	9	0	0	0	3	2	0	0	1	0	65	0	0	1	0	0	0	0	0	0	0	0	0	0	0	0	0	0
Front Neurosci	2025-01-01	11532060	60211	5504	1	13	0	0	0	0	5	0	0	0	0	2	0	0	0	0	13	0	0	0	0	0	1	0	0	0	0	0	0	0	0	0	0	0
Front Neurosci	2025-01-01	11532082	141207	12840	0	4	1	0	0	1	8	0	0	0	0	1	0	0	0	0	9	0	0	0	0	1	0	0	0	0	0	0	0	0	0	0	0	0
Front Neurosci	2025-01-01	11532144	191387	14548	0	1	0	0	0	1	3	1	0	0	0	1	0	0	0	0	15	0	0	5	0	0	0	1	0	0	0	0	0	0	0	0	0	0
Front Neurosci	2025-01-01	11524913	89252	9603	0	0	0	0	0	0	0	0	0	2	3	0	0	0	0	0	23	0	0	2	0	0	1	0	1	0	0	0	0	0	0	0	0	0
Front Neurosci	2025-01-01	11521838	174320	11813	0	1	1	0	0	0	2	0	0	0	0	3	0	0	0	0	21	0	1	0	0	0	0	0	0	0	0	0	0	0	1	0	1	0
Front Neurosci	2025-01-01	11532045	89705	7588	0	1	0	3	0	0	0	1	0	1	1	0	0	0	1	0	29	0	0	1	0	0	0	0	0	0	0	0	0	0	0	0	0	0
Front Neurosci	2025-01-01	11543641	100386	9377	0	8	0	8	0	0	1	0	0	0	2	4	0	0	0	0	46	0	0	7	0	0	0	0	1	0	0	0	0	0	0	0	0	0
Front Neurosci	2025-01-01	11535725	193033	16654	0	3	0	5	0	0	2	0	0	0	2	1	0	0	0	0	23	0	0	1	0	0	0	0	0	0	0	0	0	0	0	1	0	0
Front Neurosci	2025-01-01	11521974	128299	11564	0	24	0	5	0	1	0	3	0	1	0	0	0	0	0	0	47	0	0	1	0	0	1	0	0	0	0	0	0	0	0	0	0	0
Front Neurosci	2025-01-01	11522796	6232	528	0	0	0	0	0	0	0	0	0	0	0	0	0	0	0	0	0	0	0	0	0	0	0	0	0	0	0	0	0	0	0	0	0	0
Front Neurosci	2025-01-01	11557557	97411	7377	0	5	0	1	0	0	1	1	0	0	0	2	0	0	0	0	33	0	0	0	0	0	0	0	0	0	0	0	0	0	0	0	0	0
Front Neurosci	2025-01-01	11554652	19223	1639	1	0	0	0	0	0	4	0	0	0	0	1	0	0	0	0	8	0	0	2	0	0	0	0	0	0	0	0	0	0	0	0	0	0
Front Neurosci	2025-01-01	11538026	87699	7283	0	4	1	2	0	0	6	6	0	0	1	4	0	1	0	0	40	0	0	2	0	0	0	0	0	0	0	0	1	0	0	2	0	0
Front Neurosci	2025-01-01	11541598	161634	13630	0	5	0	4	0	0	4	1	0	0	2	5	0	0	0	0	30	0	0	2	0	0	4	0	0	0	0	0	0	0	0	0	0	0
Front Neurosci	2025-01-01	11566139	123493	10473	0	11	0	0	0	0	2	0	0	0	3	3	0	0	0	0	31	0	0	0	0	1	1	6	0	0	0	0	0	1	0	0	0	0
Front Neurosci	2025-01-01	11537953	103503	10077	0	2	0	4	0	0	1	0	0	0	3	12	0	0	2	0	55	0	0	0	0	0	0	0	0	0	0	1	0	0	0	0	0	1
Front Neurosci	2025-01-01	11557544	183641	10185	0	0	0	2	0	0	0	0	0	0	0	0	0	0	0	0	14	0	0	2	0	0	0	0	0	0	0	0	0	0	2	0	0	0
Front Neurosci	2025-01-01	11565701	112295	9504	0	1	0	4	0	0	1	0	0	0	2	0	0	0	0	0	58	0	0	0	0	0	1	0	0	0	0	0	0	0	0	0	0	0
Front Neurosci	2025-01-01	11564164	140759	10623	0	14	0	2	0	2	10	0	0	0	4	6	0	0	0	0	30	0	0	4	0	0	0	0	0	0	0	0	0	0	0	0	0	0
Front Neurosci	2025-01-01	11541346	9015	813	0	0	0	0	0	0	0	0	0	0	0	0	0	0	0	0	0	0	0	0	0	0	0	0	0	0	0	0	0	0	0	0	0	0
Front Neurosci	2025-01-01	11557524	14286	1440	0	0	0	0	0	0	3	0	0	0	0	0	0	0	0	0	0	0	0	0	0	0	0	0	0	0	0	0	0	0	0	0	0	0
Front Neurosci	2025-01-01	11565435	340835	23341	1	4	0	0	0	0	4	0	0	0	0	1	0	0	0	0	13	0	0	1	0	0	1	0	0	0	0	0	2	1	0	0	0	0
Front Neurosci	2025-01-01	11538996	71773	6757	0	4	0	5	0	0	3	0	0	1	0	2	0	0	0	0	17	0	0	20	0	0	0	1	0	3	1	0	0	1	1	0	0	0
Front Neurosci	2025-01-01	11541347	107663	8576	0	4	0	6	0	0	1	3	0	0	1	4	0	0	0	0	29	0	0	2	0	0	0	0	0	0	0	0	0	0	0	0	0	0
Front Neurosci	2025-01-01	11557526	67895	5295	0	5	0	0	0	0	0	0	0	0	0	0	0	0	0	0	17	0	0	1	0	0	0	0	0	0	0	0	0	0	0	0	0	0
Front Neurosci	2025-01-01	11565936	96652	8356	0	8	0	3	0	0	1	2	0	0	3	3	0	0	1	0	13	0	0	0	0	0	1	0	0	0	0	0	0	0	0	0	0	0
Front Neurosci	2025-01-01	11561190	63463	4930	0	0	0	0	0	0	0	0	0	1	0	2	0	0	0	0	10	0	0	3	0	0	0	0	0	0	0	0	0	0	0	0	0	0
Front Neurosci	2025-01-01	11541344	112540	9478	0	9	0	1	0	0	2	1	0	0	0	0	0	0	0	0	38	0	0	1	0	0	1	0	0	0	0	0	0	0	0	0	0	0
Front Neurosci	2025-01-01	11541232	84514	6589	0	0	0	5	0	0	0	1	0	0	1	4	0	0	0	0	35	0	0	0	0	0	1	0	0	0	0	0	0	0	0	0	0	0
Front Neurosci	2025-01-01	11555438	10058	807	0	0	0	0	0	0	0	0	0	0	0	0	0	0	0	0	2	0	0	0	0	0	0	0	0	0	0	0	0	0	0	1	0	0
Front Neurosci	2025-01-01	11554611	145657	10669	0	5	1	3	0	0	13	0	0	0	0	4	0	0	0	0	57	0	0	13	0	0	0	0	0	0	0	0	0	0	0	0	0	0
Front Neurosci	2025-01-01	11558881	98634	8651	0	9	1	2	0	0	3	7	0	0	0	5	0	0	2	0	51	0	0	4	0	0	0	0	0	0	0	0	0	0	0	0	0	0
Front Neurosci	2025-01-01	11551927	23450	1955	0	0	0	0	0	0	1	0	0	0	0	2	0	0	0	0	12	0	0	3	0	0	0	0	0	0	0	0	0	0	0	0	0	0
Front Neurosci	2025-01-01	11557535	144418	10460	1	2	1	0	0	0	4	0	0	0	0	0	0	0	0	0	25	0	0	0	0	0	0	0	1	0	0	0	2	0	0	0	0	0
Front Neurosci	2025-01-01	11541109	156185	13841	2	1	1	1	0	0	1	0	0	0	3	2	0	0	0	0	4	0	0	0	0	0	1	1	0	0	0	0	0	0	0	0	0	0
Front Neurosci	2025-01-01	11578986	130304	12331	0	11	3	5	0	0	4	3	0	14	1	0	0	0	0	0	51	0	0	0	0	0	0	0	0	0	0	0	0	0	0	1	0	0
Front Neurosci	2025-01-01	11576384	127969	10854	0	5	0	0	0	0	3	2	0	0	3	6	0	0	0	0	29	0	0	2	0	0	0	0	2	3	0	0	0	0	0	0	0	0
Front Neurosci	2025-01-01	11573770	171175	14478	0	4	1	6	0	0	0	4	0	0	0	1	0	0	0	0	40	0	0	2	0	1	0	1	0	0	0	0	0	0	0	0	0	0
Front Neurosci	2025-01-01	11573765	243284	17507	0	0	0	0	0	1	3	0	0	4	2	0	0	0	0	0	46	0	0	1	0	0	3	0	0	0	0	0	0	0	0	0	0	0
Front Neurosci	2025-01-01	11574553	8277	706	0	0	0	0	0	0	0	0	0	0	0	0	0	0	0	0	0	0	0	0	0	0	0	0	0	0	0	0	0	0	0	0	0	0
Front Neurosci	2025-01-01	11578994	114624	8573	0	1	0	0	0	0	0	3	0	2	0	1	0	0	0	0	27	0	0	6	0	0	0	0	1	0	0	0	0	1	0	1	0	0
Front Neurosci	2025-01-01	11574344	7599	691	0	0	0	0	0	0	0	0	0	0	0	0	0	0	0	0	0	0	0	0	0	0	0	0	0	0	0	0	0	0	0	0	0	0
Front Neurosci	2025-01-01	11582054	182506	11245	1	1	0	0	0	0	4	0	0	0	0	3	0	0	0	0	10	0	0	9	0	0	0	0	0	0	0	0	0	0	0	0	0	0
Front Neurosci	2025-01-01	11577790	175756	14719	0	28	0	5	0	0	20	19	0	0	8	2	0	0	2	0	44	0	0	8	0	0	1	0	0	0	0	0	0	0	0	0	0	0
Front Neurosci	2025-01-01	11577966	122328	10326	1	13	0	6	0	0	3	0	0	0	36	3	0	1	1	0	21	0	0	0	0	0	0	0	1	0	1	0	33	0	0	1	0	0
Front Neurosci	2025-01-01	11573758	73756	7280	0	3	0	1	0	0	6	0	0	2	0	3	0	0	0	0	27	0	0	2	0	0	0	0	0	0	0	0	0	0	0	0	0	0
Front Neurosci	2025-01-01	11576458	101816	9171	0	12	0	10	0	0	0	0	0	0	8	9	0	0	0	0	40	0	1	3	0	1	0	0	0	0	0	0	1	0	0	0	0	9
Front Neurosci	2025-01-01	11576419	102547	9432	0	35	0	16	0	0	2	0	0	0	1	1	0	0	0	0	118	0	0	0	0	0	3	1	0	0	0	0	0	0	0	0	0	0
Front Neurosci	2025-01-01	11576440	126177	10436	0	9	0	1	0	0	4	4	0	1	0	0	0	0	0	0	27	0	0	5	0	2	0	3	0	0	0	0	0	0	0	0	0	0
Front Neurosci	2025-01-01	11576422	124252	9499	0	1	0	1	0	0	1	7	0	1	0	3	0	0	1	0	26	0	0	0	0	0	0	0	0	0	0	0	0	0	0	0	0	0
Front Neurosci	2025-01-01	11582009	131603	11684	0	12	1	0	0	1	7	1	0	0	1	4	0	0	0	0	5	0	0	3	0	0	0	0	0	0	0	0	2	0	0	0	0	0
Front Neurosci	2025-01-01	11578951	124155	9583	0	3	1	1	0	0	5	2	0	0	1	0	0	0	0	0	29	0	0	0	0	0	0	0	0	0	0	0	0	0	0	0	0	0
Front Neurosci	2025-01-01	11588749	152130	12016	0	0	1	0	0	0	5	0	0	0	0	1	0	0	0	0	15	0	0	1	0	0	0	2	0	0	0	0	0	0	0	0	0	0
Front Neurosci	2025-01-01	11599198	81063	6191	0	0	0	0	0	0	0	0	0	0	0	2	0	0	0	0	10	0	0	2	0	0	0	0	0	0	0	0	0	0	0	0	0	0
Front Neurosci	2025-01-01	11602511	21626	1985	0	3	0	0	0	0	3	0	0	0	0	0	0	0	0	0	10	0	0	2	0	0	0	0	0	0	0	0	0	0	0	0	0	0
Front Neurosci	2025-01-01	11599215	135699	9842	0	6	1	0	0	0	4	0	0	0	21	2	0	0	1	0	31	0	0	0	0	0	1	2	0	0	0	0	0	0	0	0	0	0
Front Neurosci	2025-01-01	11586351	117898	9775	0	8	0	4	0	1	9	0	0	0	1	6	0	0	0	0	12	0	1	0	0	0	0	0	0	0	0	0	0	0	0	0	0	0
Front Neurosci	2025-01-01	11588671	105106	8583	0	2	0	3	0	0	1	0	0	0	1	0	0	0	3	1	27	0	0	0	0	0	0	0	0	0	0	0	0	0	0	0	0	0
Front Neurosci	2025-01-01	11599196	115233	9139	0	2	0	1	0	0	2	2	0	0	0	5	0	0	0	0	21	0	0	0	0	0	0	0	0	0	0	0	0	0	0	0	0	0
Front Neurosci	2025-01-01	11599226	168256	10059	0	2	0	0	0	0	0	1	0	0	0	0	0	0	1	0	6	0	0	0	0	1	0	0	0	0	0	0	0	0	1	0	0	0
Front Neurosci	2025-01-01	11619635	88111	7712	0	8	0	3	0	0	4	0	0	0	0	2	0	0	0	0	30	0	0	0	0	0	0	0	0	0	0	0	0	0	0	0	0	0
Front Neurosci	2025-01-01	11599236	243210	16417	0	0	0	0	0	0	7	0	0	1	0	1	0	0	0	0	29	0	0	1	0	0	0	0	0	0	0	0	0	0	0	0	0	0
Front Neurosci	2025-01-01	11604809	113783	8548	0	27	1	1	0	0	4	4	0	0	0	2	0	0	0	0	60	0	0	6	0	1	0	1	0	0	0	0	0	1	0	0	0	0
Front Neurosci	2025-01-01	11586343	155749	12329	0	0	0	0	0	0	4	0	0	0	0	0	0	0	0	0	5	0	0	1	0	0	0	0	0	0	0	0	0	0	1	0	0	0
Front Neurosci	2025-01-01	11602470	113384	9944	0	8	0	4	0	0	0	7	0	0	2	2	0	0	0	0	28	0	1	3	0	0	0	0	0	1	0	0	0	0	2	0	0	2
Front Neurosci	2025-01-01	11588730	180279	14510	0	7	0	2	0	0	5	3	0	0	1	5	0	0	0	0	73	0	0	6	0	0	0	0	1	0	0	0	0	0	1	0	0	0
Front Neurosci	2025-01-01	11604615	22894	1894	0	0	0	0	0	0	2	0	0	0	0	0	0	0	0	0	8	0	0	3	0	0	0	0	0	0	0	0	0	0	0	0	0	0
Front Neurosci	2025-01-01	11599268	108856	9354	0	11	0	0	0	0	2	4	0	0	1	5	0	0	2	0	35	0	0	5	0	0	0	0	0	0	0	0	0	0	0	0	0	0
Front Neurosci	2025-01-01	11602487	95608	7730	0	1	1	0	0	0	2	0	0	0	0	0	0	0	0	0	17	0	0	0	0	0	0	0	0	0	0	0	0	0	0	0	0	0
Front Neurosci	2025-01-01	11599166	108586	8925	1	6	0	4	0	0	5	2	0	0	1	2	0	0	0	0	41	0	0	1	0	1	0	0	0	0	0	0	0	0	0	0	0	0
Front Neurosci	2025-01-01	11599232	176722	14981	0	2	1	2	0	0	1	2	0	0	1	2	0	0	0	0	105	0	0	1	0	0	0	1	0	0	0	0	0	0	0	1	0	0
Front Neurosci	2025-01-01	11604751	263527	19254	0	8	0	0	0	0	7	0	0	0	0	0	0	0	0	0	15	0	0	1	0	0	0	0	0	0	0	0	0	0	0	0	1	0
Front Neurosci	2025-01-01	11602479	121456	8847	0	3	0	1	0	0	5	1	0	0	1	1	0	0	0	0	20	0	0	7	0	0	0	0	0	0	0	0	0	0	0	0	0	0
Front Neurosci	2025-01-01	11603416	118584	9499	0	4	0	5	0	0	2	3	0	0	0	3	0	0	0	0	37	0	0	1	0	0	0	0	0	0	0	0	0	0	0	0	0	0
Front Neurosci	2025-01-01	11604808	121083	11447	0	6	0	0	0	0	0	0	0	0	0	0	0	0	0	0	24	0	0	0	0	0	0	0	1	0	0	0	0	0	0	0	0	0
Front Neurosci	2025-01-01	11603390	84199	7119	0	0	1	1	0	2	0	0	0	0	2	0	0	0	0	0	20	0	0	3	0	0	0	0	1	0	0	0	0	0	0	0	0	0
Front Neurosci	2025-01-01	11588717	125768	11429	1	8	0	3	0	0	1	2	0	0	3	4	0	0	0	0	31	0	0	1	0	0	1	0	0	0	0	0	4	0	0	0	0	0
Front Neurosci	2025-01-01	11611821	35825	2658	2	2	0	1	0	0	7	1	0	0	1	3	0	0	0	0	6	0	1	1	0	0	0	0	0	0	0	0	0	0	0	0	0	0
Front Neurosci	2025-01-01	11621856	166131	10708	0	0	1	0	0	0	3	0	0	0	1	2	0	0	0	0	10	0	0	1	0	0	1	0	0	0	0	0	0	0	0	0	0	0
Front Neurosci	2025-01-01	11613983	222934	13947	0	0	0	0	0	0	2	0	0	1	0	1	0	0	0	0	27	0	0	1	0	0	0	0	0	0	0	0	0	0	0	0	0	0
Front Neurosci	2025-01-01	11611812	152865	11952	0	7	0	1	0	0	0	9	0	0	0	10	0	0	0	0	39	0	0	1	0	0	1	0	0	0	0	0	0	0	1	0	0	0
Front Neurosci	2025-01-01	11614777	150347	13964	0	16	1	5	0	1	1	1	0	1	0	8	0	0	0	0	30	0	0	0	0	0	0	0	0	0	0	0	0	0	0	0	0	0
Front Neurosci	2025-01-01	11619141	167793	14115	0	2	2	0	0	0	0	5	0	0	3	8	0	1	0	0	26	0	0	7	0	0	0	0	1	0	0	0	0	0	0	0	0	0
Front Neurosci	2025-01-01	11618237	98200	8000	0	3	0	0	0	0	5	3	0	0	0	8	0	0	0	0	52	0	0	1	0	1	0	0	0	0	0	0	0	0	0	0	0	0
Front Neurosci	2025-01-01	11618239	189271	14221	0	1	0	1	0	0	0	0	0	0	1	2	0	0	0	0	28	0	0	1	0	0	0	0	0	0	0	0	0	0	0	0	0	0
Front Neurosci	2025-01-01	11615070	127603	11086	2	4	1	2	0	0	5	3	0	0	0	3	0	0	0	0	25	0	0	4	0	0	0	0	0	0	1	0	0	1	0	0	0	0
Front Neurosci	2025-01-01	11621095	126389	10096	0	2	1	0	0	0	4	2	0	0	0	7	0	0	0	1	46	0	1	0	0	0	0	0	0	0	0	0	0	0	0	0	0	0
Front Neurosci	2025-01-01	11621755	16093	1661	0	0	0	0	0	0	2	0	0	0	0	3	0	0	0	0	4	0	0	0	0	0	0	0	0	0	0	0	0	0	0	0	0	0
Front Neurosci	2025-01-01	11611840	95290	8134	0	4	0	3	0	0	2	1	0	0	0	4	0	0	0	0	67	0	0	0	0	0	1	0	0	0	0	0	0	0	0	0	0	0
Front Neurosci	2025-01-01	11609202	76942	6723	0	13	0	0	0	0	0	0	0	0	0	2	0	0	0	0	23	0	0	0	0	0	0	0	0	0	0	0	0	0	0	0	0	0
Front Neurosci	2025-01-01	11612010	138963	11702	1	10	0	2	0	0	8	0	0	0	1	3	0	0	0	0	25	0	0	1	0	2	0	0	0	0	0	0	0	0	0	0	0	0
Front Neurosci	2025-01-01	11609164	120644	9084	0	2	1	0	0	0	1	0	0	0	1	4	0	0	0	0	10	0	0	0	0	0	0	0	0	0	0	0	0	0	0	0	0	0
Front Neurosci	2025-01-01	11621076	95452	8270	0	5	0	6	0	3	2	1	0	1	1	9	0	0	0	0	36	0	0	0	0	0	0	0	0	0	0	0	0	0	0	0	0	0
Front Neurosci	2025-01-01	11614781	201429	15760	0	5	0	0	0	1	1	0	0	1	0	2	0	0	0	0	56	0	5	9	0	0	0	0	0	0	0	0	0	0	2	0	0	0
Front Neurosci	2025-01-01	11617585	95767	8934	1	15	0	4	0	1	5	1	0	1	0	4	0	0	0	0	11	0	1	3	0	0	0	0	0	0	0	0	0	0	0	0	0	0
Front Neurosci	2025-01-01	11621853	117094	9988	0	4	0	3	0	0	4	3	0	1	0	10	0	0	1	0	51	0	0	3	0	0	0	0	0	0	0	0	0	0	0	0	0	0
Front Neurosci	2025-01-01	11611890	26384	2082	1	1	0	1	0	0	3	1	0	2	0	1	0	0	0	0	6	0	0	3	0	0	0	0	0	0	0	0	0	0	1	0	0	0
Front Neurosci	2025-01-01	11626904	83455	7329	0	2	2	3	0	0	1	1	0	0	2	0	0	0	1	0	17	0	0	0	0	0	0	0	0	0	0	0	0	0	0	0	0	4
Front Neurosci	2025-01-01	11625797	94961	8039	0	3	0	1	0	0	9	2	0	0	0	12	0	0	0	0	77	0	0	3	0	0	0	1	2	0	0	0	0	0	0	0	0	0
Front Neurosci	2025-01-01	11632838	73264	6506	0	6	0	7	0	0	0	1	0	0	1	0	0	0	0	0	34	0	0	0	0	0	1	0	0	0	0	0	0	0	0	0	0	0
Front Neurosci	2025-01-01	11629316	120073	10152	0	16	0	0	0	0	2	1	0	0	0	0	0	0	0	0	30	0	0	3	0	0	0	1	0	0	0	0	2	0	0	0	0	0
Front Neurosci	2025-01-01	11626906	128481	11817	0	1	0	7	0	0	3	2	0	0	5	0	0	0	0	0	39	0	0	2	0	1	1	0	1	0	0	0	0	0	0	0	3	0
Front Neurosci	2025-01-01	11634799	109223	9546	0	5	1	0	0	0	1	1	0	0	2	1	0	3	2	0	33	0	0	1	0	0	0	0	0	0	0	0	0	0	0	0	1	2
Front Neurosci	2025-01-01	11631861	147025	12453	1	3	0	0	0	0	6	6	0	0	1	5	0	0	0	0	53	0	0	2	0	0	0	0	0	0	0	1	0	0	1	0	0	0
Front Neurosci	2025-01-01	11631930	371195	25749	0	5	0	8	0	0	3	1	0	9	0	13	0	0	1	0	64	0	1	8	0	0	1	0	0	0	0	0	0	0	0	0	0	0
Front Neurosci	2025-01-01	11638114	20658	1465	0	0	0	1	0	0	2	1	0	0	0	1	0	0	0	0	4	0	0	0	0	0	0	0	0	0	0	0	0	0	0	0	0	0
Front Neurosci	2025-01-01	11628544	274687	17866	0	1	0	0	0	0	1	0	0	1	0	4	0	0	0	0	28	0	1	9	0	0	1	0	0	0	0	0	0	0	0	0	0	0
Front Neurosci	2025-01-01	11634809	19749	1644	0	0	0	0	0	0	0	1	0	1	0	1	0	0	0	0	1	0	1	4	0	0	0	0	0	0	0	0	0	0	0	0	0	0
Front Neurosci	2025-01-01	11628498	77148	6375	0	0	0	1	0	0	0	0	0	0	1	0	0	0	0	0	24	0	0	1	0	0	0	0	0	0	0	0	0	0	0	0	0	0
Front Neurosci	2025-01-01	11639233	122290	9793	0	5	1	0	0	0	0	1	0	3	1	4	0	0	0	0	26	0	0	0	0	0	0	0	0	0	0	0	0	0	0	0	0	0
Front Neurosci	2025-01-01	11628493	122230	9532	0	6	0	1	0	0	4	0	0	0	0	7	0	0	0	0	27	0	1	0	0	0	1	0	1	0	0	0	0	0	0	0	0	0
Front Neurosci	2025-01-01	11625727	121303	9410	0	11	0	2	1	0	1	2	0	0	1	0	0	0	0	0	75	0	0	0	0	0	0	0	1	0	0	0	0	0	0	1	0	0
Front Neurosci	2025-01-01	11638195	199159	15824	0	16	0	6	0	0	0	6	0	0	1	2	0	0	1	0	160	0	0	1	0	0	0	1	0	0	0	0	0	0	0	0	0	0
Front Neurosci	2025-01-01	11631868	237697	19937	0	9	0	6	0	1	4	1	0	3	0	5	0	0	0	0	57	0	0	0	0	0	0	0	1	0	0	0	1	0	1	2	0	0
Front Neurosci	2025-01-01	11628534	22207	1820	0	1	0	0	0	0	0	2	0	0	0	2	0	0	0	0	2	0	0	1	0	0	0	0	0	0	0	0	0	0	0	0	0	0
Front Neurosci	2025-01-01	11631848	143157	12851	0	2	0	4	0	0	2	1	0	0	57	4	0	0	2	0	29	0	0	1	0	0	0	0	1	0	0	0	0	0	0	0	0	0
Front Neurosci	2025-01-01	11625733	156835	12865	0	3	1	4	0	0	2	3	0	0	3	1	0	0	0	1	26	0	0	1	0	0	1	0	0	0	0	0	0	0	0	0	0	0
Front Neurosci	2025-01-01	11631938	47141	3726	0	0	0	0	0	0	0	0	0	0	0	0	0	0	0	0	8	0	0	0	0	0	0	0	0	0	0	0	2	0	0	0	0	0
Front Neurosci	2025-01-01	11639079	95217	8218	0	2	0	1	0	0	0	0	0	0	0	3	0	0	0	0	35	0	0	0	0	0	0	0	1	0	0	0	0	0	0	0	0	0
Front Neurosci	2025-01-01	11638167	96356	7988	0	0	0	0	0	0	0	0	0	0	0	0	0	0	0	0	3	0	0	1	0	0	0	0	0	0	0	0	0	0	0	0	0	0
Front Neurosci	2025-01-01	11638154	45258	4700	0	0	0	1	0	0	0	0	0	0	1	1	0	0	0	0	14	0	0	0	0	0	0	0	0	0	0	0	0	0	0	0	0	0
Front Neurosci	2025-01-01	11625800	90447	9051	0	8	0	1	0	0	4	4	0	2	0	5	0	0	0	0	15	0	1	1	0	0	0	0	0	0	0	0	0	0	0	0	0	0
Front Neurosci	2025-01-01	11647000	59340	4589	0	3	0	0	0	0	1	0	0	0	0	0	0	0	1	0	18	0	0	3	0	0	0	0	0	0	0	0	0	0	1	1	0	0
Front Neurosci	2025-01-01	11649671	172917	11276	0	3	0	0	0	0	2	3	0	1	2	0	0	0	0	0	22	0	0	2	0	0	0	0	1	0	0	0	0	1	0	0	0	0
Front Neurosci	2025-01-01	11652480	174583	14211	0	8	1	11	0	0	0	9	0	1	1	9	0	0	0	0	49	0	0	5	0	0	0	0	1	0	0	0	1	0	0	0	0	0
Front Neurosci	2025-01-01	11649648	137041	10504	0	1	1	1	0	0	0	0	0	0	1	2	0	0	0	0	34	0	0	0	0	0	0	0	0	0	0	0	1	1	0	0	0	0
Front Neurosci	2025-01-01	11653419	149850	15593	0	6	1	2	0	0	1	1	0	0	7	0	0	0	1	0	26	0	0	0	0	0	1	0	2	0	0	1	0	0	0	0	0	1
Front Neurosci	2025-01-01	11653081	80504	6093	0	1	0	1	0	0	6	0	0	0	0	0	0	0	0	0	8	0	0	4	0	0	0	0	0	0	1	0	0	0	0	0	0	0
Front Neurosci	2025-01-01	11647022	97678	8931	0	6	0	4	0	0	0	5	0	0	3	1	0	0	0	0	55	0	0	1	0	0	3	0	0	0	1	0	0	0	0	0	0	0
Front Neurosci	2025-01-01	11652481	145080	10001	0	3	0	0	0	0	4	2	0	0	0	1	0	0	0	0	32	0	0	1	0	0	0	0	0	0	0	0	0	0	0	0	0	0
Front Neurosci	2025-01-01	11650793	78150	7307	0	2	0	2	0	0	0	0	0	0	1	11	0	0	0	0	42	0	0	0	0	0	0	0	0	0	0	0	0	1	0	0	0	0
Front Neurosci	2025-01-01	11652537	46448	3685	0	2	0	0	0	0	2	0	0	0	0	1	0	0	0	0	3	0	0	2	0	0	0	0	0	0	0	0	0	0	0	0	0	0
Front Neurosci	2025-01-01	11653504	8182	636	0	0	0	0	0	0	0	0	0	0	0	0	0	0	0	0	0	0	0	0	0	0	0	0	0	0	0	0	0	0	0	0	0	0
Front Neurosci	2025-01-01	11655478	125803	12692	0	22	0	4	0	0	0	1	0	0	1	3	0	0	1	0	19	0	0	1	0	0	0	1	0	0	0	0	1	0	0	0	0	0
Front Neurosci	2025-01-01	11653353	19023	1478	0	0	0	0	0	0	0	0	0	0	0	1	0	0	0	0	4	0	0	1	0	0	0	0	0	0	0	0	0	0	0	0	0	0
Front Neurosci	2025-01-01	11665214	116881	9746	0	5	0	4	0	0	1	10	0	1	0	0	0	0	0	0	17	0	0	0	0	0	0	1	0	0	0	0	0	0	0	0	0	0
Front Neurosci	2025-01-01	11652599	92798	8818	0	2	0	3	0	0	0	4	0	0	2	6	0	0	0	0	48	0	0	1	0	0	0	0	0	0	0	0	0	0	0	0	0	0
Front Neurosci	2025-01-01	11659285	51918	4567	0	3	0	2	0	0	1	0	0	0	0	0	0	0	0	0	18	0	0	0	0	0	0	0	0	0	0	0	0	0	0	0	0	0
Front Neurosci	2025-01-01	11647036	211490	16219	0	12	0	9	0	0	4	2	0	1	0	3	0	0	0	0	55	0	0	1	0	0	0	0	1	0	0	0	0	0	0	0	0	0
Front Neurosci	2025-01-01	11655488	206953	12577	1	2	0	0	0	0	3	0	0	1	0	2	0	0	0	0	40	0	1	1	0	0	1	0	0	0	0	0	0	0	0	0	0	0
Front Neurosci	2025-01-01	11659225	162831	12912	0	4	0	7	0	0	5	3	0	0	7	17	0	0	0	1	58	0	0	0	0	0	1	0	0	0	0	0	0	0	0	0	0	0
Front Neurosci	2025-01-01	11652474	66598	4558	1	3	0	1	0	0	1	0	0	0	2	1	0	0	0	0	17	0	0	0	0	0	0	0	0	0	0	0	0	0	0	0	0	0
Front Neurosci	2025-01-01	11659296	134815	10851	0	15	0	4	0	0	2	0	0	0	4	7	0	0	0	0	45	0	0	0	0	0	0	0	0	0	0	0	0	0	0	0	0	0
Front Neurosci	2025-01-01	11653416	83536	6999	0	0	0	1	0	0	0	1	0	0	2	2	0	0	0	0	15	0	0	0	0	0	0	0	0	0	0	0	1	0	0	0	0	0
Front Neurosci	2025-01-01	11662712	104292	9194	0	0	0	6	0	0	0	4	0	2	0	3	0	0	0	0	25	0	0	1	0	0	0	0	0	0	0	0	0	0	0	0	0	0
Front Neurosci	2025-01-01	11668768	93163	7740	0	9	0	0	0	0	1	0	0	0	0	1	0	0	2	0	19	0	0	3	0	0	0	0	0	0	0	0	0	0	0	0	1	0
Front Neurosci	2025-01-01	11668809	127844	9853	0	3	0	7	0	0	4	2	0	0	0	2	0	0	1	0	40	0	0	0	0	1	0	0	0	0	1	0	0	0	1	0	0	0
Front Neurosci	2025-01-01	11668745	231966	17685	0	18	0	1	0	0	4	3	0	0	16	4	0	0	4	0	40	0	1	7	0	0	2	0	1	0	0	0	0	0	0	0	0	0
Front Neurosci	2025-01-01	11666491	148265	11588	0	5	0	1	0	0	4	2	0	0	0	4	0	0	0	0	12	0	1	5	0	0	0	0	0	0	0	0	0	4	1	1	0	0
Front Neurosci	2025-01-01	11665217	322734	21407	0	0	2	8	0	0	0	0	0	0	1	1	0	0	0	0	24	0	0	8	0	1	1	0	1	0	0	0	0	2	0	1	0	0
Front Neurosci	2025-01-01	11669704	14143	1385	1	1	0	0	0	0	2	0	0	0	3	1	0	0	0	0	4	0	0	8	0	0	0	0	0	0	0	0	0	0	0	0	0	0
Front Neurosci	2025-01-01	11663848	74627	6510	0	0	0	0	0	0	1	0	0	0	10	0	0	0	0	0	4	0	0	1	0	0	0	0	0	0	0	0	0	0	0	0	0	0
Front Neurosci	2025-01-01	11663871	159162	11702	0	1	1	0	0	0	3	0	0	0	0	1	0	0	0	1	24	0	0	7	0	0	0	0	2	0	0	0	0	0	0	0	0	0
Front Neurosci	2025-01-01	11667115	109457	8978	0	0	0	2	0	0	1	2	0	0	6	2	0	0	0	0	18	0	0	0	0	0	0	0	0	0	0	0	0	0	0	0	0	0
Front Neurosci	2025-01-01	11663868	89991	7298	0	2	3	0	0	0	2	1	0	0	3	1	0	0	0	0	43	0	0	1	0	0	1	0	0	0	0	0	0	0	0	0	0	0
Front Neurosci	2025-01-01	11669658	144874	11840	0	5	0	0	0	0	0	0	0	2	2	10	0	0	0	0	33	0	0	4	0	0	0	0	0	0	0	0	0	0	0	0	0	0
Front Neurosci	2025-01-01	11671522	584900	37385	0	0	1	1	0	0	13	1	0	19	7	6	0	0	0	1	60	0	0	11	0	1	0	1	0	0	0	0	0	0	0	0	0	0
Front Neurosci	2025-01-01	11668693	105848	8162	0	3	1	2	0	0	4	1	0	2	0	4	0	0	0	0	18	0	1	1	0	0	0	2	0	0	0	0	0	0	0	0	0	0
Front Neurosci	2025-01-01	11668697	179277	14354	1	8	0	1	0	0	8	2	0	0	0	9	0	0	0	0	47	0	1	2	0	0	0	0	0	0	0	0	0	0	1	0	0	0
Front Neurosci	2025-01-01	11663876	176024	14541	0	20	0	7	0	0	3	0	0	14	0	15	0	0	0	0	22	0	0	1	0	0	0	0	1	0	0	0	0	0	0	0	0	0
Front Neurosci	2025-01-01	11671399	123508	10148	0	10	1	5	0	0	1	1	0	0	1	0	0	0	0	0	41	0	0	6	0	0	0	0	0	0	0	0	0	0	0	0	0	0
Front Neurosci	2025-01-01	11670328	122913	10100	0	27	0	4	0	0	7	2	0	1	3	4	0	1	1	0	50	0	0	3	0	0	0	0	2	0	0	0	0	0	0	0	0	0
Front Neurosci	2025-01-01	11671500	192382	13919	0	21	2	3	0	0	8	6	0	0	1	7	0	0	0	0	91	0	0	19	0	3	1	2	0	0	0	0	0	0	2	0	0	0
Front Neurosci	2025-01-01	11668773	113832	9166	0	3	0	0	0	0	0	0	0	0	2	7	0	0	0	0	47	0	0	0	0	0	0	0	0	0	0	0	0	0	0	0	0	0
Front Neurosci	2025-01-01	11667120	156390	10885	0	4	0	0	0	0	3	2	0	0	0	3	0	0	0	0	27	0	0	6	0	0	0	0	0	0	0	0	0	0	0	0	0	0
Front Neurosci	2025-01-01	11669673	151289	12717	0	16	1	2	0	0	0	1	0	0	0	0	0	0	0	0	36	0	1	0	0	0	0	0	0	0	0	0	0	0	1	0	0	0
Front Neurosci	2025-01-01	11668774	92719	6362	0	0	0	0	0	1	3	4	0	0	0	8	0	0	0	0	15	0	0	1	0	0	0	0	0	0	0	0	0	0	0	0	0	0
Front Neurosci	2025-01-01	11693652	132749	10430	0	7	1	1	0	1	1	2	0	0	6	7	0	0	2	0	47	0	0	0	0	0	0	0	0	0	0	0	0	0	0	0	0	1
Front Neurosci	2025-01-01	11683112	223790	15304	0	0	0	0	0	0	0	3	0	1	3	1	0	0	0	0	8	0	0	4	0	0	0	0	0	0	0	0	0	0	0	0	0	0
Front Neurosci	2025-01-01	11683121	163888	13378	0	9	0	8	0	0	2	6	0	19	0	10	0	0	0	0	35	0	0	0	0	0	0	0	0	0	0	0	0	0	0	0	0	0
Front Neurosci	2025-01-01	11683060	164321	14128	0	5	0	3	0	0	2	2	0	4	2	8	0	0	0	0	48	0	0	5	0	0	2	0	1	0	0	0	0	0	0	0	0	0
Front Neurosci	2025-01-01	11685152	57927	5075	0	6	0	1	0	0	5	1	0	0	4	3	0	0	1	0	26	0	1	3	0	0	0	0	0	0	0	0	0	0	0	0	0	0
Front Neurosci	2025-01-01	11695353	174067	13731	0	5	0	5	0	0	6	3	0	0	7	16	0	3	0	0	39	0	1	9	0	0	0	0	4	0	0	0	0	0	0	0	0	0
Front Neurosci	2025-01-01	11685137	131844	10658	0	1	0	0	0	0	0	0	0	0	1	0	0	0	0	0	3	0	0	0	0	0	0	0	0	0	0	0	1	0	0	0	0	0
Front Neurosci	2025-01-01	11697428	279780	23083	0	4	3	4	0	0	1	1	0	1	41	7	0	2	2	0	36	0	0	5	0	0	1	0	0	0	0	0	0	0	0	2	0	0
Front Neurosci	2025-01-01	11695366	57070	4579	0	0	0	2	0	0	0	0	0	0	0	0	0	0	0	0	10	0	0	0	0	0	0	0	0	0	0	0	0	0	0	0	0	0
Front Neurosci	2025-01-01	11688368	145135	14493	1	4	2	2	0	0	10	7	0	0	1	3	0	0	1	0	20	0	0	10	0	0	0	0	0	0	0	0	0	1	2	0	0	0
Front Neurosci	2025-01-01	11694261	106728	10730	3	11	0	6	0	0	4	6	0	0	0	7	0	0	0	0	27	0	1	4	0	0	0	0	0	0	0	0	0	0	0	0	0	1
Front Neurosci	2025-01-01	11695310	107618	9190	0	3	1	1	0	0	7	0	0	3	0	4	0	0	0	0	27	0	0	1	0	0	0	0	0	0	0	0	0	0	0	0	0	0
Front Neurosci	2025-01-01	11683131	100347	8616	0	9	0	3	0	0	1	8	0	0	0	10	0	0	0	0	21	0	0	0	0	0	0	0	0	0	0	0	0	0	0	0	0	0
Front Neurosci	2025-01-01	11695377	23271	2546	0	2	0	0	0	0	0	0	0	0	0	0	0	0	0	0	7	0	0	0	0	0	0	0	0	0	0	0	0	0	0	0	0	0
Front Neurosci	2025-01-01	11685144	19262	1622	0	0	0	1	0	0	3	2	0	0	0	3	0	0	0	0	7	0	0	3	0	0	0	0	0	0	0	0	0	0	0	0	0	0
Front Neurosci	2025-01-01	11782205	139478	11646	0	15	0	2	0	0	3	0	0	0	0	0	0	0	0	0	33	0	0	2	0	0	0	0	0	0	0	0	0	0	0	0	0	0
Front Neurosci	2025-01-01	11701049	173195	13319	1	5	0	2	0	0	5	0	0	0	0	5	0	0	0	0	33	0	0	3	0	1	0	0	0	0	1	0	0	5	0	0	0	0
Front Neurosci	2025-01-01	11701215	191298	15207	0	17	2	1	0	0	5	1	0	1	0	2	0	0	0	0	37	0	2	8	0	0	0	0	0	0	0	0	0	0	0	1	1	0
Front Neurosci	2025-01-01	11703819	74433	6990	0	0	0	0	0	0	2	0	0	0	0	1	0	0	0	0	22	0	0	1	0	0	0	0	0	0	0	0	0	0	0	0	0	0
Front Neurosci	2025-01-01	11782136	78896	6454	0	1	0	1	0	0	0	1	0	0	0	6	0	0	0	0	35	0	0	2	0	0	0	0	1	0	0	0	0	0	0	0	0	0
Front Neurosci	2025-01-01	11794510	170181	10743	0	0	1	1	0	0	3	0	0	0	3	0	0	0	0	0	37	0	0	5	0	0	0	0	0	0	0	0	0	1	0	0	0	0
Front Neurosci	2025-01-01	11703919	116636	8366	0	3	0	0	0	0	1	1	0	0	0	1	0	0	0	0	25	0	0	1	0	0	0	0	0	0	0	0	0	0	0	0	0	0
Front Neurosci	2025-01-01	11701167	85846	6958	0	5	0	1	0	0	1	1	0	0	0	0	0	0	0	0	31	0	0	0	0	0	0	0	0	0	0	0	0	0	0	0	0	0
Front Neurosci	2025-01-01	11790578	124878	9844	0	4	0	3	0	0	0	0	0	0	0	1	0	1	0	0	20	0	0	4	0	0	0	0	0	0	0	0	0	0	0	0	0	0
Front Neurosci	2025-01-01	11794186	89085	7006	0	4	0	3	0	0	0	1	0	0	0	4	0	0	0	0	16	0	0	0	0	0	1	0	0	0	0	0	0	0	0	0	0	0
