journal	date	pmc_id	Nchars	Nwords	delve	analyse	acknowledge	assess	appraise	dissect	explore	examine	extricate	expose	estimate	investigate	inquire	inspect	interpret	scrutinise	study	unearth	uncover	understand	ponder	research	reason	retrieve	avoid	discount	disregard	dismiss	ignore	neglect	overlook	omit	skip	reject
Front Neurosci	2022-01-01	8520989	121117	9724	0	6	0	5	0	0	2	2	0	0	0	9	0	0	0	0	17	0	0	0	0	0	1	0	0	0	0	0	0	0	0	0	0	0
Front Neurosci	2022-01-01	8531652	82741	8016	0	9	0	5	0	1	0	0	0	0	3	3	0	0	0	0	15	0	0	0	0	0	0	0	0	0	0	0	0	0	0	0	0	0
Front Neurosci	2022-01-01	8549605	185637	15416	0	8	0	0	0	0	9	0	0	0	0	10	0	0	3	0	56	0	0	0	0	1	0	0	0	0	0	0	0	1	0	0	0	1
Front Neurosci	2022-01-01	8530108	74534	6956	0	2	1	0	0	0	0	0	0	0	2	0	0	0	0	0	9	0	0	1	0	0	0	0	2	0	0	0	0	0	0	0	0	0
Front Neurosci	2022-01-01	8529211	91951	8557	0	2	0	6	0	0	6	7	0	0	1	2	0	1	0	0	7	0	0	2	0	0	1	0	0	0	0	0	0	0	0	0	0	0
Front Neurosci	2022-01-01	8525539	59556	6105	0	3	0	0	0	0	0	0	0	0	0	1	0	0	0	0	6	0	0	0	0	0	0	0	0	0	0	0	1	0	0	0	0	0
Front Neurosci	2022-01-01	8521016	69377	6704	0	4	0	0	0	0	1	0	0	0	4	1	0	0	2	0	15	0	0	0	0	0	0	0	0	0	0	0	0	0	0	0	0	0
Front Neurosci	2022-01-01	8526798	122709	11394	0	9	0	1	0	0	4	2	0	0	3	1	0	0	0	0	21	0	0	1	0	0	0	0	0	0	0	0	0	0	0	0	0	1
Front Neurosci	2022-01-01	8523779	102413	8041	0	2	2	5	0	0	4	5	0	0	4	5	0	0	0	0	42	0	0	4	0	0	0	0	0	0	0	0	1	0	0	0	0	0
Front Neurosci	2022-01-01	8531650	119378	9451	0	8	1	3	0	0	0	0	0	0	4	1	1	0	0	0	37	0	0	1	0	0	0	0	0	0	0	0	0	0	0	0	0	0
Front Neurosci	2022-01-01	8526730	131290	11546	0	9	2	4	0	0	2	0	0	1	2	12	0	0	4	0	13	0	1	3	0	0	0	0	0	0	0	0	1	0	0	0	0	0
Front Neurosci	2022-01-01	8523842	93132	8479	0	0	0	0	0	0	0	0	0	0	1	0	0	0	0	0	5	0	0	0	0	0	0	0	0	0	0	0	0	0	0	0	0	0
Front Neurosci	2022-01-01	8526791	79736	7450	0	3	0	3	0	0	0	1	0	0	0	5	0	0	0	0	17	0	0	0	0	0	0	0	0	0	0	0	0	0	0	0	0	0
Front Neurosci	2022-01-01	8525610	170964	14488	0	5	0	6	0	0	1	0	0	0	0	2	0	0	0	0	38	0	0	1	0	0	6	0	0	0	0	0	0	0	0	0	0	0
Front Neurosci	2022-01-01	8529329	103282	9099	0	14	0	0	0	1	4	7	0	0	1	4	0	0	0	0	37	0	0	2	0	0	1	0	0	0	0	0	0	0	0	0	0	0
Front Neurosci	2022-01-01	8521095	136083	11277	0	3	0	1	0	0	5	0	0	0	1	4	0	0	1	0	50	0	0	1	0	0	0	0	0	0	0	0	0	0	1	0	0	0
Front Neurosci	2022-01-01	8523788	129579	10944	0	0	0	4	0	0	3	1	0	0	0	5	0	0	0	0	42	0	0	3	0	0	0	0	0	0	0	0	0	1	0	0	0	0
Front Neurosci	2022-01-01	8524001	116472	9898	0	3	0	1	0	2	1	5	0	3	0	4	0	0	0	0	31	0	0	0	0	0	0	1	0	0	0	0	0	0	0	2	0	0
Front Neurosci	2022-01-01	8529029	112636	11096	0	1	0	0	0	0	3	0	0	0	0	0	0	0	0	0	47	0	0	4	0	0	17	0	0	0	0	0	0	0	0	0	0	0
Front Neurosci	2022-01-01	8547518	95599	7691	0	2	0	1	0	0	3	0	0	0	1	2	0	0	0	0	11	0	0	0	0	0	0	0	0	0	0	0	1	0	0	0	0	0
Front Neurosci	2022-01-01	8525883	216116	17058	0	6	0	1	0	0	1	0	0	0	2	2	0	0	0	0	38	0	0	3	0	0	0	1	0	0	0	0	1	0	0	0	0	0
Front Neurosci	2022-01-01	8528199	110868	8975	0	1	0	0	0	0	4	0	0	0	0	9	0	0	0	0	28	0	0	0	0	0	5	0	0	0	0	0	1	0	0	0	0	0
Front Neurosci	2022-01-01	8525628	107512	9218	0	3	0	2	0	0	1	1	0	0	0	0	0	0	0	0	18	0	1	0	0	0	0	0	0	0	0	0	0	0	0	0	0	0
Front Neurosci	2022-01-01	8523683	125673	9586	0	6	1	1	0	0	2	0	0	0	1	3	0	0	0	0	46	0	0	1	0	1	0	0	1	0	0	0	0	0	0	0	0	0
Front Neurosci	2022-01-01	8526795	103637	8280	0	5	0	3	0	0	0	0	0	0	4	0	0	0	0	0	50	0	0	0	0	0	0	0	0	0	0	0	0	0	0	0	0	0
Front Neurosci	2022-01-01	8549653	151863	12640	0	4	1	8	0	2	0	5	0	1	0	1	0	0	0	0	26	0	0	0	0	0	0	0	1	0	0	0	0	0	0	0	0	0
Front Neurosci	2022-01-01	8548611	157414	10043	0	3	0	2	0	0	0	0	0	1	0	14	0	0	0	0	39	0	0	1	0	0	1	0	0	0	0	0	0	0	0	0	0	0
Front Neurosci	2022-01-01	8542703	111100	9906	0	13	0	1	0	0	0	6	0	0	0	1	0	0	0	0	36	0	0	1	0	0	0	0	0	0	0	0	1	0	0	0	0	0
Front Neurosci	2022-01-01	8545143	74295	7455	0	6	0	1	0	0	0	0	0	0	0	5	0	0	0	0	29	0	0	2	0	0	1	0	0	0	0	0	0	0	0	0	0	0
Front Neurosci	2022-01-01	8551391	63655	4065	0	0	0	1	0	0	0	0	0	0	0	0	0	0	0	0	4	0	0	0	0	0	0	0	0	0	0	0	0	0	0	0	0	0
Front Neurosci	2022-01-01	8552063	123834	11806	0	2	0	0	0	0	0	2	0	0	5	5	0	0	0	0	49	0	0	5	0	0	1	1	0	0	0	0	0	0	0	0	0	0
Front Neurosci	2022-01-01	8551808	114418	11217	0	21	1	0	0	0	3	0	0	0	3	2	0	0	1	0	14	0	0	0	0	0	0	0	0	0	0	0	2	0	0	0	0	0
Front Neurosci	2022-01-01	8551456	96058	9961	0	4	0	1	0	0	0	12	0	1	3	0	0	0	2	0	38	0	0	1	0	0	0	0	0	0	0	0	0	0	0	0	0	0
Front Neurosci	2022-01-01	8548729	85775	7188	0	2	0	0	0	0	1	0	0	0	0	1	0	0	2	0	35	0	0	0	0	0	0	0	0	0	0	0	0	0	0	0	0	0
Front Neurosci	2022-01-01	8549820	421125	30593	0	0	2	2	0	0	2	15	0	1	2	1	0	0	0	0	116	0	0	2	0	0	1	0	0	0	0	0	0	0	0	0	0	0
Front Neurosci	2022-01-01	8548409	135748	10855	0	1	0	0	0	0	0	0	0	0	4	1	0	0	0	0	5	0	0	0	0	0	0	0	0	0	0	0	1	0	0	0	0	0
Front Neurosci	2022-01-01	8551454	175857	12257	0	10	0	2	0	0	0	3	0	0	3	1	0	0	0	0	43	0	0	2	0	0	0	0	1	0	0	0	0	0	0	1	0	0
Front Neurosci	2022-01-01	8549691	89338	8319	0	4	0	0	0	1	0	0	0	3	7	4	0	0	0	0	23	0	0	0	0	0	2	0	0	0	0	0	0	0	0	0	0	0
Front Neurosci	2022-01-01	8550077	81100	6924	0	1	0	0	0	0	1	0	0	0	0	0	0	0	0	0	22	0	0	0	0	0	0	1	1	0	0	0	0	0	0	0	0	0
Front Neurosci	2022-01-01	8542932	131900	11093	0	10	0	1	0	1	3	10	0	1	0	7	0	0	0	0	30	0	0	2	0	0	0	0	0	0	0	0	0	0	0	0	0	0
Front Neurosci	2022-01-01	8542683	85986	6100	0	4	0	0	0	0	0	0	0	0	0	0	0	0	0	0	14	0	0	1	0	0	0	0	0	0	0	0	0	0	0	0	0	0
Front Neurosci	2022-01-01	8546107	111401	8912	0	1	1	7	0	0	0	0	0	0	4	6	0	0	1	0	53	0	0	1	0	0	1	0	0	0	0	0	0	0	0	0	0	0
Front Neurosci	2022-01-01	8553992	120041	10030	0	4	0	5	0	1	2	7	0	19	0	0	0	0	0	0	18	0	0	4	0	0	0	0	0	0	0	0	1	0	0	0	0	0
Front Neurosci	2022-01-01	8552996	125235	10358	0	3	1	2	0	0	0	4	0	2	2	3	0	0	3	0	42	0	0	1	0	0	0	0	0	0	0	0	0	0	0	0	0	1
Front Neurosci	2022-01-01	8545895	90554	8214	0	1	0	0	0	0	0	0	0	0	0	15	0	0	1	0	39	0	0	0	0	1	0	0	0	0	0	0	0	0	0	0	0	0
Front Neurosci	2022-01-01	8546178	152771	14170	0	5	1	0	0	2	0	3	0	0	12	0	0	0	0	0	11	0	0	0	0	0	0	0	1	0	0	0	0	0	0	0	0	0
Front Neurosci	2022-01-01	8542930	122104	9737	0	11	0	1	0	0	2	0	0	0	2	4	0	0	0	0	37	0	0	1	0	0	0	0	0	0	0	0	0	0	0	0	0	0
Front Neurosci	2022-01-01	8551377	183899	15814	0	6	0	4	0	0	0	0	0	0	1	1	0	0	1	0	28	0	0	0	0	0	0	0	0	0	0	1	0	0	1	0	0	0
Front Neurosci	2022-01-01	8546168	96738	8045	0	6	0	0	0	0	2	0	0	0	9	0	1	0	0	1	20	0	2	0	0	0	0	0	0	0	0	0	0	0	0	0	0	0
Front Neurosci	2022-01-01	8551919	83424	6901	0	3	0	2	0	0	0	1	0	0	3	4	0	0	0	0	34	0	0	0	0	0	0	0	0	0	0	0	0	0	0	0	0	0
Front Neurosci	2022-01-01	8567076	247943	15058	0	0	0	1	0	0	0	0	0	0	0	1	0	0	0	0	8	0	0	6	0	0	0	0	0	0	0	0	0	0	1	0	0	0
Front Neurosci	2022-01-01	8566745	122898	9986	0	8	0	5	0	0	5	8	0	0	0	3	0	0	2	0	31	0	0	3	0	0	0	0	0	0	0	0	0	0	0	0	0	0
Front Neurosci	2022-01-01	8567959	14624	1511	0	0	0	0	0	0	0	0	0	0	0	0	0	0	0	0	4	0	0	0	0	0	0	0	0	0	0	0	0	0	0	0	0	0
Front Neurosci	2022-01-01	8567038	107177	8325	0	1	1	0	0	0	5	1	0	0	2	5	0	0	0	0	50	0	1	0	0	0	1	0	0	0	0	0	0	0	0	0	0	0
Front Neurosci	2022-01-01	8566764	250093	17858	0	5	0	0	0	0	0	2	0	1	0	2	0	0	0	0	30	0	0	8	0	0	1	0	1	0	0	0	0	0	0	0	1	0
Front Neurosci	2022-01-01	8566666	131648	10252	0	2	0	0	0	0	0	0	0	0	4	6	0	0	0	0	14	0	0	0	0	1	0	0	0	0	0	0	0	0	0	0	0	0
Front Neurosci	2022-01-01	8558241	25081	2100	0	0	0	0	0	0	0	0	0	0	0	2	0	0	1	0	3	0	0	1	0	0	0	0	0	0	0	0	0	0	0	0	0	0
Front Neurosci	2022-01-01	8569250	126219	10738	0	5	1	4	0	0	1	0	0	0	0	20	0	1	2	0	54	0	0	2	0	0	0	0	0	0	0	0	0	0	0	0	0	0
Front Neurosci	2022-01-01	8558558	148612	10072	0	1	0	8	0	0	4	2	0	2	7	2	0	0	0	0	43	0	0	0	0	0	0	0	0	0	0	0	0	0	0	0	0	0
Front Neurosci	2022-01-01	8564011	32959	3194	0	1	0	0	0	0	3	0	0	0	0	2	0	0	1	0	12	0	0	0	0	0	2	0	0	0	0	0	0	0	0	0	0	0
Front Neurosci	2022-01-01	8558260	126818	9607	0	14	0	0	0	0	1	3	0	0	3	4	0	0	0	0	25	0	0	1	0	0	0	0	0	0	0	0	0	0	0	0	0	0
Front Neurosci	2022-01-01	8564856	22547	2425	0	0	0	0	0	0	1	3	0	0	0	1	0	0	0	0	5	0	0	0	0	0	0	0	0	0	0	0	0	0	0	0	0	0
Front Neurosci	2022-01-01	8566765	209304	14737	0	0	0	0	0	0	2	0	0	6	0	4	0	0	0	0	23	0	0	3	0	1	0	0	0	0	0	0	0	0	0	0	0	0
Front Neurosci	2022-01-01	8569404	96007	6919	0	1	0	0	0	1	0	0	0	1	2	1	0	0	0	0	13	0	0	2	0	0	0	0	0	0	0	0	0	0	1	0	0	0
Front Neurosci	2022-01-01	8565286	193241	15532	0	6	1	7	0	0	1	2	0	0	0	10	0	1	1	0	44	0	0	3	0	0	1	0	0	0	0	0	1	0	0	0	0	0
Front Neurosci	2022-01-01	8570043	107206	10246	0	4	0	6	0	0	0	3	0	1	1	6	0	0	0	0	35	0	0	0	0	0	1	0	0	0	0	0	1	0	0	1	0	0
Front Neurosci	2022-01-01	8566698	128304	10604	0	2	2	2	0	0	2	0	0	0	0	6	0	0	3	0	6	0	0	10	0	1	0	0	1	0	0	0	0	0	0	0	0	0
Front Neurosci	2022-01-01	8558261	207340	17822	0	12	2	0	0	0	3	0	0	0	20	12	0	0	2	0	42	0	0	1	0	0	1	0	1	0	0	0	0	0	0	4	0	0
Front Neurosci	2022-01-01	8568365	231253	17717	0	0	0	6	0	0	1	0	0	6	2	4	0	0	0	0	83	0	0	2	0	0	0	0	0	0	0	0	0	0	0	0	0	0
Front Neurosci	2022-01-01	8569182	150579	11530	0	18	0	1	0	0	9	2	0	0	6	4	0	0	0	0	31	0	1	3	0	0	0	4	1	0	0	0	0	0	0	0	0	0
Front Neurosci	2022-01-01	8558614	67717	6840	0	0	0	2	0	0	1	2	0	0	4	2	0	0	1	0	10	0	0	0	0	0	0	0	1	0	0	0	0	0	0	0	0	0
Front Neurosci	2022-01-01	8568952	50560	3742	0	0	0	0	0	0	0	0	0	0	0	0	0	0	0	0	12	0	0	1	0	0	0	0	0	0	0	0	0	0	0	0	0	0
Front Neurosci	2022-01-01	8570040	124090	10120	0	2	0	0	0	0	3	0	0	0	1	5	0	0	0	0	13	0	1	0	0	0	0	0	0	0	0	0	0	0	0	0	0	0
Front Neurosci	2022-01-01	8561438	5538	470	0	0	0	0	0	0	0	0	0	0	0	0	0	0	0	0	0	0	0	0	0	0	0	0	0	0	0	0	0	0	0	1	0	0
Front Neurosci	2022-01-01	8558679	139645	12362	0	0	0	0	0	0	3	0	0	0	0	2	0	0	0	0	20	0	0	0	0	0	0	0	0	0	0	0	1	0	0	0	0	0
Front Neurosci	2022-01-01	8573245	89795	7013	0	1	1	2	0	0	3	1	0	0	3	0	0	0	0	0	18	0	0	0	0	0	0	0	0	0	0	0	0	0	0	0	0	0
Front Neurosci	2022-01-01	8576198	172087	14535	0	11	1	4	0	2	0	0	0	1	0	0	0	1	0	0	27	0	0	0	0	0	0	0	0	0	0	0	0	0	0	0	0	0
Front Neurosci	2022-01-01	8581543	123038	10259	0	3	0	3	0	0	0	6	0	0	1	1	0	0	0	0	41	0	0	1	0	0	0	0	0	0	0	0	0	0	0	0	0	0
Front Neurosci	2022-01-01	8581223	139455	13208	0	7	0	0	0	0	1	1	0	0	23	2	0	0	1	0	35	0	0	0	0	0	3	0	1	0	0	0	0	0	0	0	0	5
Front Neurosci	2022-01-01	8581450	439221	27543	0	4	1	5	0	0	1	1	0	11	0	4	0	0	0	0	52	0	0	0	0	0	0	0	2	0	0	0	0	0	0	0	0	0
Front Neurosci	2022-01-01	8581206	95141	7571	0	2	0	0	0	0	0	0	0	1	15	4	0	0	1	0	8	0	0	1	0	1	0	1	0	0	0	0	0	0	0	0	0	0
Front Neurosci	2022-01-01	8585845	178529	12073	0	7	0	0	0	0	0	3	0	0	14	8	0	0	1	0	20	0	0	7	0	0	0	0	0	0	0	0	0	0	0	0	0	0
Front Neurosci	2022-01-01	8581405	148600	13048	0	0	1	1	0	0	0	0	0	0	9	1	0	0	2	0	19	0	0	1	0	0	2	0	0	0	0	0	0	3	0	0	0	0
Front Neurosci	2022-01-01	8591241	125323	11352	0	2	2	2	0	0	0	1	0	1	2	15	0	0	0	0	28	0	0	0	0	0	1	0	1	0	0	0	0	0	0	0	0	0
Front Neurosci	2022-01-01	8581399	84362	6846	0	2	0	1	0	0	4	0	0	0	2	2	0	0	0	0	5	0	0	2	0	1	1	0	0	0	0	0	0	0	1	0	0	0
Front Neurosci	2022-01-01	8586526	105304	9146	0	6	0	0	0	0	4	1	0	0	1	4	0	0	0	0	42	0	0	2	0	0	0	0	1	0	0	0	0	0	0	0	0	0
Front Neurosci	2022-01-01	8589121	191138	16195	0	4	0	0	0	0	1	0	0	0	5	1	0	0	2	0	18	0	0	1	0	0	0	0	0	0	0	0	0	0	0	0	0	0
Front Neurosci	2022-01-01	8585747	284045	25256	0	18	1	9	0	3	0	17	0	1	1	0	0	0	2	0	48	0	0	1	0	0	2	0	0	0	0	0	0	0	0	1	0	0
Front Neurosci	2022-01-01	8573118	14582	1412	0	0	0	2	0	0	1	1	0	0	2	0	0	0	0	0	1	0	0	0	0	0	0	0	0	0	0	0	0	0	0	0	0	0
Front Neurosci	2022-01-01	8576061	128124	12124	0	20	3	1	0	0	4	2	0	0	25	0	0	1	1	0	51	0	0	2	0	0	0	0	0	0	0	0	0	0	0	0	0	0
Front Neurosci	2022-01-01	8581142	130285	11123	0	6	0	0	1	0	3	1	0	0	1	0	0	0	0	0	20	0	0	2	0	0	0	0	0	0	0	0	0	0	0	0	0	0
Front Neurosci	2022-01-01	8573136	112761	8114	0	1	0	0	0	0	4	2	0	0	0	3	0	0	0	0	50	0	0	3	1	0	0	0	0	0	0	0	0	0	0	0	0	0
Front Neurosci	2022-01-01	8576256	105869	8484	0	18	0	3	0	0	2	0	0	0	5	5	0	0	0	0	71	0	0	0	0	4	0	0	0	0	0	0	0	0	0	0	0	0
Front Neurosci	2022-01-01	8586709	153720	12275	0	16	0	9	0	0	0	1	0	0	4	0	0	0	4	0	64	0	0	0	0	0	0	1	0	0	0	0	0	0	0	1	0	0
Front Neurosci	2022-01-01	8573371	66871	5815	0	3	0	1	0	0	1	0	0	0	6	4	0	0	0	0	55	0	0	0	0	0	0	0	0	0	0	0	0	0	0	0	0	0
Front Neurosci	2022-01-01	8573102	179314	12797	0	0	0	0	0	1	0	0	0	13	0	0	0	0	0	0	24	0	0	0	0	0	2	0	0	0	0	0	0	0	0	0	0	0
Front Neurosci	2022-01-01	8573106	43070	3160	0	1	1	1	0	0	1	0	0	0	0	0	0	0	0	0	4	0	0	0	0	0	0	0	0	0	0	0	0	0	0	0	0	0
Front Neurosci	2022-01-01	8591279	5076	428	0	0	0	0	0	0	0	0	0	0	0	0	0	0	0	0	0	0	0	0	0	0	0	0	0	0	0	0	0	0	0	0	0	0
Front Neurosci	2022-01-01	8592286	124779	7852	0	1	0	1	0	0	2	1	0	0	0	0	0	0	2	0	21	0	0	5	0	0	0	0	0	0	0	0	0	0	0	0	0	0
Front Neurosci	2022-01-01	8573410	109890	9839	0	4	2	3	0	0	2	0	0	0	4	8	0	0	2	0	26	0	0	2	0	0	1	1	0	0	0	0	0	0	1	0	0	1
Front Neurosci	2022-01-01	8600366	181585	14355	0	12	0	2	0	0	0	7	0	1	1	2	0	0	0	0	53	0	0	0	0	0	1	0	0	0	0	0	0	0	0	0	0	0
Front Neurosci	2022-01-01	8600259	167061	16055	0	17	0	7	0	0	4	1	0	0	23	5	0	0	0	0	32	0	0	1	0	0	0	0	2	0	0	0	0	0	0	0	0	0
Front Neurosci	2022-01-01	8595248	148777	11869	0	20	0	4	0	0	5	22	0	0	1	4	0	0	1	0	64	0	0	4	0	0	2	0	0	0	0	0	0	0	0	0	0	0
Front Neurosci	2022-01-01	8597840	67733	5838	0	3	1	0	0	0	1	0	0	0	1	5	0	0	0	0	26	0	0	2	0	0	0	0	0	0	0	0	0	0	0	0	0	0
Front Neurosci	2022-01-01	8593166	212341	14680	0	3	0	0	0	0	0	1	0	0	0	3	0	0	0	0	33	0	2	4	0	0	0	0	0	0	0	0	0	0	0	0	0	0
Front Neurosci	2022-01-01	8606812	97726	8646	0	4	0	1	0	0	1	2	0	0	0	0	0	0	0	0	49	0	0	0	0	2	0	0	0	0	0	0	0	0	0	0	0	0
Front Neurosci	2022-01-01	8606815	68578	6009	0	0	1	0	0	0	0	0	0	0	0	0	0	0	0	0	4	0	0	0	0	0	0	0	0	0	0	0	0	0	0	0	0	0
Front Neurosci	2022-01-01	8594778	116175	11316	0	2	0	0	0	0	0	3	0	0	0	3	0	0	0	0	30	0	0	0	0	0	0	0	0	0	0	0	0	0	0	0	0	0
Front Neurosci	2022-01-01	8603810	167952	11060	0	1	1	3	0	0	1	0	0	0	1	0	0	0	0	0	3	0	0	0	0	0	0	0	0	0	0	0	0	0	0	0	0	0
Front Neurosci	2022-01-01	8602685	133605	11892	0	6	1	3	0	0	0	3	0	1	1	8	0	0	0	0	34	0	0	1	0	0	0	0	0	0	0	0	0	0	0	0	0	0
Front Neurosci	2022-01-01	8602688	123987	10670	0	1	0	1	0	0	2	0	0	0	2	1	0	0	0	0	51	0	0	0	0	0	1	0	0	0	0	0	0	0	0	0	0	0
Front Neurosci	2022-01-01	8606638	135904	12248	0	0	1	0	0	0	3	0	0	0	0	0	0	0	0	0	2	0	0	2	0	0	0	0	0	0	0	0	0	0	0	0	0	0
Front Neurosci	2022-01-01	8595399	149090	11789	0	6	0	14	0	0	5	3	0	0	1	16	0	0	0	0	95	0	0	1	0	0	0	3	0	0	0	0	0	0	0	0	0	0
Front Neurosci	2022-01-01	8600261	202803	15280	0	14	1	3	0	1	1	3	0	0	4	2	0	0	1	0	19	0	0	0	0	0	0	0	0	0	0	0	0	0	0	2	0	0
Front Neurosci	2022-01-01	8601390	103047	7838	0	2	0	0	0	0	0	0	0	0	0	0	0	0	0	0	33	0	0	3	0	0	0	0	0	0	0	0	0	0	0	0	0	0
Front Neurosci	2022-01-01	8596370	9189	893	0	0	0	0	0	0	0	1	0	0	0	0	0	0	0	0	0	0	0	0	0	0	0	0	0	0	0	0	0	0	0	0	0	0
Front Neurosci	2022-01-01	8600238	111563	9474	0	1	2	3	0	2	6	2	0	2	0	3	0	0	0	0	23	0	0	1	0	0	0	0	0	0	0	0	0	0	0	0	1	0
Front Neurosci	2022-01-01	8606558	94152	6907	0	0	1	1	0	0	0	0	0	0	0	2	0	0	0	0	20	0	0	0	0	0	0	0	1	0	0	0	0	0	0	0	1	0
Front Neurosci	2022-01-01	8595401	67287	5179	0	2	0	0	0	0	2	1	0	0	0	1	0	0	0	0	6	0	0	0	0	0	0	0	0	0	0	0	0	1	0	1	0	0
Front Neurosci	2022-01-01	8602793	136000	13197	0	3	2	13	0	1	0	4	0	1	0	1	0	0	0	0	66	0	0	0	0	0	0	0	1	0	0	0	0	0	0	1	1	0
Front Neurosci	2022-01-01	8606821	126497	14592	0	8	1	5	0	0	2	2	0	5	1	8	0	0	1	0	70	0	0	4	0	0	0	0	0	0	1	0	0	0	1	0	0	0
Front Neurosci	2022-01-01	8593325	78948	5733	0	1	0	1	0	0	0	0	0	0	0	0	0	0	0	0	13	0	0	3	0	1	0	0	0	0	0	0	0	0	0	0	0	0
Front Neurosci	2022-01-01	8599948	27052	2988	0	3	0	1	0	0	0	3	0	0	1	2	0	0	0	0	7	0	0	0	0	0	0	0	0	0	0	0	0	0	0	0	0	0
Front Neurosci	2022-01-01	8597733	77118	6047	0	5	1	0	0	2	1	11	0	0	1	0	0	0	1	0	14	0	0	2	0	0	0	0	0	0	0	0	0	0	0	0	0	0
Front Neurosci	2022-01-01	8603828	125961	10661	1	4	0	0	0	0	1	0	0	0	4	0	0	0	0	0	5	0	0	2	0	0	1	0	1	0	0	0	0	1	0	0	0	0
Front Neurosci	2022-01-01	8631908	100031	7555	0	4	0	1	0	0	0	0	0	0	2	1	0	0	0	0	18	0	0	0	0	0	0	0	0	0	0	0	0	0	0	0	0	0
Front Neurosci	2022-01-01	8636064	127585	10196	0	10	0	0	0	0	0	0	0	0	15	0	0	0	1	0	25	0	0	0	0	0	0	0	0	0	0	0	0	0	0	1	0	0
Front Neurosci	2022-01-01	8636009	79105	6997	0	2	1	1	0	0	0	1	0	0	0	7	0	1	0	0	13	0	0	0	0	0	1	0	0	0	0	0	0	0	0	0	0	1
Front Neurosci	2022-01-01	8634587	54766	4813	0	6	0	0	0	1	0	1	0	0	0	1	0	0	0	0	13	0	0	2	0	0	0	0	0	0	0	0	0	0	0	0	0	0
Front Neurosci	2022-01-01	8632027	81936	7061	0	13	0	0	0	0	0	3	0	0	0	8	0	0	0	0	14	0	0	0	0	0	0	0	0	0	0	0	0	0	0	0	0	0
Front Neurosci	2022-01-01	8631428	46600	3610	0	3	1	0	0	0	0	0	0	1	0	1	0	0	1	0	9	0	0	2	0	0	0	0	0	0	0	0	0	0	1	0	0	0
Front Neurosci	2022-01-01	8631399	119192	11137	0	3	1	6	0	0	1	0	0	0	0	11	0	0	0	0	134	0	0	0	0	0	2	2	0	0	0	0	0	0	0	0	0	0
Front Neurosci	2022-01-01	8632554	74123	7172	0	14	0	1	0	0	4	1	0	0	2	1	0	0	0	0	27	0	0	4	0	0	0	0	0	0	0	0	0	0	0	0	0	0
Front Neurosci	2022-01-01	8633545	414900	24528	0	0	0	0	0	0	0	0	0	0	0	0	0	0	0	0	38	0	0	4	0	0	0	0	0	0	0	0	0	0	0	0	0	0
Front Neurosci	2022-01-01	8634797	111697	9344	0	0	0	0	0	0	2	0	0	0	0	5	0	0	0	0	45	0	0	1	0	2	0	0	0	0	0	0	0	0	0	0	0	0
Front Neurosci	2022-01-01	8634447	14995	1542	0	1	0	0	0	0	2	5	0	0	0	2	0	0	1	0	3	0	0	1	0	0	0	0	0	0	0	0	0	0	0	0	0	0
Front Neurosci	2022-01-01	8636039	161003	13661	0	0	0	0	0	0	0	0	0	0	6	0	0	0	0	0	12	0	0	0	0	0	0	0	0	0	0	0	0	0	0	0	0	0
Front Neurosci	2022-01-01	8632658	101138	9922	0	3	0	0	0	0	0	0	0	2	1	1	0	0	0	0	5	0	0	0	0	0	0	0	0	0	0	0	0	0	0	0	0	0
Front Neurosci	2022-01-01	8632545	224868	14342	0	8	0	1	0	0	2	0	0	0	0	6	0	0	0	0	126	0	0	5	0	0	0	0	0	0	0	0	0	0	0	0	0	0
Front Neurosci	2022-01-01	8634831	95169	7292	0	2	1	1	0	0	2	0	0	0	1	0	0	0	0	0	11	0	0	2	0	0	0	0	0	0	0	0	0	0	1	0	0	0
Front Neurosci	2022-01-01	8633537	122899	9394	0	3	0	3	0	0	1	0	0	0	1	0	0	0	0	0	37	0	0	0	0	0	0	0	0	0	0	0	0	0	0	0	0	0
Front Neurosci	2022-01-01	8631937	85160	7520	0	3	0	1	0	0	1	7	0	0	0	9	0	0	0	0	37	0	0	2	0	0	1	0	0	0	0	0	0	0	0	0	0	0
Front Neurosci	2022-01-01	8634595	124403	10077	0	8	3	0	0	0	0	8	0	0	2	4	0	0	0	0	64	0	1	0	0	0	0	0	0	0	0	0	0	0	0	0	0	0
Front Neurosci	2022-01-01	8632548	103182	9295	0	6	0	0	0	0	1	5	0	1	8	0	0	0	0	0	20	0	0	1	0	0	0	0	0	0	0	0	0	0	0	0	0	0
Front Neurosci	2022-01-01	8636030	82439	6774	0	5	0	2	0	0	6	2	0	0	3	2	0	0	1	0	31	0	0	4	0	0	1	0	0	0	0	0	1	0	0	0	0	0
Front Neurosci	2022-01-01	8634591	108217	10101	0	5	0	4	0	1	3	1	0	0	3	0	0	0	0	0	31	0	0	0	0	0	0	0	1	0	0	0	0	0	0	0	0	0
Front Neurosci	2022-01-01	8631746	8798	739	0	0	0	0	0	0	0	0	0	0	0	0	0	0	0	0	0	0	0	0	0	0	0	0	0	0	0	0	0	0	0	0	0	0
Front Neurosci	2022-01-01	8631818	23930	1968	1	0	0	0	0	0	1	0	0	0	1	1	0	0	0	0	5	0	0	0	0	0	0	0	0	0	0	0	0	0	0	0	0	0
Front Neurosci	2022-01-01	8633533	132691	10648	0	8	1	6	0	0	0	8	0	0	4	3	0	0	0	0	57	0	0	2	0	0	1	0	0	1	0	0	0	0	0	0	0	0
Front Neurosci	2022-01-01	8634830	10107	843	0	0	0	0	0	0	2	0	0	0	0	0	0	0	0	0	2	0	0	0	0	0	0	0	0	0	0	0	0	0	0	0	0	0
Front Neurosci	2022-01-01	8639879	476517	28532	0	0	0	1	0	0	1	8	0	1	1	2	0	0	0	0	141	0	0	6	0	0	0	0	0	0	0	0	0	0	0	0	0	0
Front Neurosci	2022-01-01	8637115	115251	7882	0	0	0	0	0	0	1	0	0	3	1	0	0	0	0	0	19	0	0	0	0	0	0	0	0	0	0	0	0	0	0	0	0	0
Front Neurosci	2022-01-01	8645772	212223	17688	0	11	0	1	0	0	2	4	0	5	0	1	0	0	0	0	25	0	0	1	0	0	0	0	2	0	0	0	0	0	0	0	0	0
Front Neurosci	2022-01-01	8637050	96665	7605	0	1	2	0	0	1	0	0	0	0	0	0	0	0	0	0	1	0	0	0	0	0	0	0	0	0	0	0	0	0	0	1	0	0
Front Neurosci	2022-01-01	8639216	151963	13072	0	5	0	3	0	0	2	1	0	0	5	2	0	0	0	0	47	0	0	0	0	1	1	0	0	0	0	0	0	0	0	0	0	0
Front Neurosci	2022-01-01	8637732	8152	630	0	0	0	0	0	0	0	0	0	0	0	0	0	0	0	0	0	0	0	0	0	0	0	0	0	0	0	0	0	0	0	1	0	0
Front Neurosci	2022-01-01	8637531	77038	7650	0	2	0	2	0	0	0	1	0	2	0	6	0	0	0	0	13	0	0	1	0	0	0	0	0	0	0	0	0	0	0	0	0	0
Front Neurosci	2022-01-01	8639859	99060	8954	0	27	1	0	0	0	5	2	0	0	4	7	0	0	1	0	37	0	0	1	0	0	0	0	0	0	0	0	0	0	0	0	0	0
Front Neurosci	2022-01-01	8637533	79220	6642	0	2	0	3	0	0	2	2	0	0	0	0	0	0	0	0	26	0	0	0	0	0	1	1	0	0	0	0	0	0	1	0	0	0
Front Neurosci	2022-01-01	8637174	143566	11885	0	9	0	0	0	0	0	6	0	0	4	5	0	1	1	0	70	0	1	3	0	0	0	0	0	0	0	0	3	0	0	0	0	0
Front Neurosci	2022-01-01	8635710	85708	7999	0	6	1	1	0	0	0	2	0	0	14	3	0	0	0	0	28	0	0	0	0	0	0	0	0	0	0	0	0	0	0	0	0	1
Front Neurosci	2022-01-01	8645649	167512	12748	0	1	1	0	0	0	7	0	0	0	3	12	0	0	0	0	4	0	0	2	0	0	0	0	1	0	0	0	0	0	0	0	0	0
Front Neurosci	2022-01-01	8660083	145409	12884	0	1	0	0	0	0	0	1	0	0	1	0	0	0	0	0	5	0	0	1	0	0	1	0	0	0	0	0	0	0	0	0	0	0
Front Neurosci	2022-01-01	8636813	122161	10928	0	2	0	2	0	0	1	3	0	0	0	1	0	0	0	0	34	0	0	0	0	0	0	0	0	0	0	0	0	0	0	0	0	0
Front Neurosci	2022-01-01	8636772	118777	8628	0	4	0	0	0	0	3	1	0	0	0	4	0	0	0	0	12	0	1	7	0	0	0	0	0	0	0	0	0	0	0	0	0	0
Front Neurosci	2022-01-01	8636593	82415	6405	0	2	0	1	0	1	0	0	0	0	0	1	0	0	0	0	24	0	0	0	0	0	0	0	0	0	0	0	0	0	0	0	0	0
Front Neurosci	2022-01-01	8637543	190443	12592	0	0	0	0	0	0	1	0	0	0	0	0	0	0	0	0	27	0	0	1	0	1	1	0	0	0	0	0	0	0	0	0	0	0
Front Neurosci	2022-01-01	8641644	13913	1485	0	4	0	0	0	0	0	0	0	0	0	0	0	0	0	0	0	0	0	0	0	0	0	0	0	0	0	0	0	0	0	0	0	0
Front Neurosci	2022-01-01	8645648	105442	8550	0	3	0	2	0	0	1	0	0	0	1	2	0	0	0	0	40	0	0	1	0	0	0	0	1	0	0	0	0	0	0	0	0	0
Front Neurosci	2022-01-01	8636065	89795	7537	0	3	0	2	0	0	1	0	0	0	1	6	0	0	0	0	31	0	1	2	0	0	0	1	0	0	0	0	0	0	0	0	0	0
Front Neurosci	2022-01-01	8637173	229237	18148	0	1	1	1	0	0	4	0	0	0	1	15	0	0	0	0	28	0	1	0	0	0	0	0	0	0	0	0	0	0	0	0	0	0
Front Neurosci	2022-01-01	8640238	161843	17481	0	11	2	1	0	0	0	0	0	1	0	4	0	0	0	0	43	0	0	2	0	0	0	0	0	0	0	0	0	0	0	0	0	0
Front Neurosci	2022-01-01	8640081	142919	9730	0	0	0	0	0	0	7	1	0	0	0	6	0	0	0	0	18	0	0	2	0	1	1	0	0	0	0	0	0	0	0	0	0	0
Front Neurosci	2022-01-01	8636746	223600	18775	0	2	0	0	0	0	0	0	0	0	1	0	0	0	0	0	3	0	0	1	0	0	0	0	0	0	0	0	0	0	0	0	0	0
Front Neurosci	2022-01-01	8635693	76539	6483	0	3	0	0	0	0	0	0	0	0	0	0	0	0	0	0	5	0	0	0	0	1	0	0	0	0	0	0	0	0	0	0	0	0
Front Neurosci	2022-01-01	8672309	86045	6521	0	5	0	0	0	0	1	0	0	0	1	4	0	0	0	0	32	0	0	4	0	0	0	0	1	0	0	0	0	0	0	0	0	0
Front Neurosci	2022-01-01	8649805	113658	9015	0	5	1	2	0	0	4	3	0	0	1	3	0	0	0	0	32	0	0	1	0	0	3	0	0	0	0	0	0	0	0	0	0	0
Front Neurosci	2022-01-01	8664627	10664	923	0	1	0	0	0	0	0	0	0	0	0	0	0	0	0	0	0	0	0	0	0	0	0	0	0	0	0	0	0	0	0	0	0	0
Front Neurosci	2022-01-01	8655845	101046	9234	0	6	2	3	0	0	0	1	0	0	0	1	0	0	1	0	30	0	0	0	0	0	1	0	0	0	0	0	0	0	0	0	0	0
Front Neurosci	2022-01-01	8650720	97139	8928	0	3	0	1	0	0	0	0	0	0	2	5	0	0	2	0	15	0	0	1	0	0	0	0	1	0	0	0	0	1	0	0	0	0
Front Neurosci	2022-01-01	8652211	153031	11500	0	3	0	0	0	0	3	0	0	0	0	0	0	0	0	0	5	0	0	0	0	0	0	0	0	0	0	0	0	0	0	0	0	0
Front Neurosci	2022-01-01	8669333	83391	7378	0	0	0	1	0	0	0	0	0	0	0	0	0	2	0	0	11	0	0	0	0	1	0	0	0	0	0	0	0	0	0	0	0	0
Front Neurosci	2022-01-01	8669758	62809	5758	0	4	0	3	0	0	0	1	0	1	0	0	0	0	0	0	23	0	0	1	0	0	0	0	0	0	0	0	0	0	0	0	0	0
Front Neurosci	2022-01-01	8661901	82173	8954	0	25	1	1	0	0	0	1	0	0	1	0	0	0	0	0	5	0	0	0	0	0	0	0	2	0	0	0	0	0	0	0	0	0
Front Neurosci	2022-01-01	8656425	149248	13801	0	3	1	1	0	1	1	3	0	0	1	11	0	0	1	0	29	0	0	1	0	0	2	2	0	0	0	0	0	0	0	0	0	0
Front Neurosci	2022-01-01	8662724	92921	8165	1	2	0	0	0	0	0	0	0	0	0	0	0	0	0	0	8	0	0	0	0	1	0	0	1	0	0	0	0	0	0	1	0	0
Front Neurosci	2022-01-01	8670096	141896	10728	0	5	2	1	0	0	6	0	0	0	2	5	0	1	0	0	47	0	0	1	0	0	2	0	0	0	0	0	0	0	0	0	0	0
Front Neurosci	2022-01-01	8652116	62128	4655	0	2	1	0	0	0	4	1	0	0	0	0	0	0	0	0	23	0	0	1	0	0	0	0	0	0	0	0	0	0	0	0	0	0
Front Neurosci	2022-01-01	8662623	177798	14043	0	32	0	1	0	0	1	0	0	1	6	6	0	0	0	0	39	0	0	5	0	0	0	0	0	0	0	0	0	0	0	0	0	0
Front Neurosci	2022-01-01	8652300	193391	14707	0	5	1	3	0	0	4	1	0	6	9	2	0	1	0	0	26	0	0	4	0	0	0	0	0	0	0	0	0	0	0	0	0	0
Front Neurosci	2022-01-01	8660640	125645	10928	0	4	0	6	0	0	0	0	0	0	1	2	0	0	0	0	37	0	0	0	0	2	0	0	0	0	0	0	0	0	0	0	0	0
Front Neurosci	2022-01-01	8669594	90357	8711	0	3	0	0	0	0	1	0	0	0	2	10	0	0	0	0	34	0	0	3	0	0	0	0	1	0	0	0	0	0	0	0	0	1
Front Neurosci	2022-01-01	8653796	127161	12365	0	13	1	2	0	0	0	1	0	0	0	1	0	0	0	0	28	0	0	3	0	0	8	0	2	0	0	0	0	0	0	0	0	0
Front Neurosci	2022-01-01	8670178	95083	8124	0	5	0	1	0	0	0	0	0	0	0	1	0	0	0	0	29	0	0	0	0	0	0	0	1	0	0	0	0	0	0	0	0	0
Front Neurosci	2022-01-01	8667723	224650	18766	0	22	0	3	0	0	0	0	0	5	0	10	0	0	0	0	61	0	0	0	0	0	0	1	1	0	0	0	0	0	0	0	0	0
Front Neurosci	2022-01-01	8661453	84468	7434	0	2	0	0	0	0	2	0	0	0	13	3	0	0	0	0	19	0	0	0	0	0	0	0	0	0	0	0	0	0	0	0	0	0
Front Neurosci	2022-01-01	8669965	130782	10936	0	11	1	25	0	0	2	1	0	1	2	3	0	0	1	0	21	0	0	12	0	0	0	0	0	0	0	0	0	0	0	0	0	0
Front Neurosci	2022-01-01	8666959	105261	11218	0	25	1	3	0	0	4	1	0	1	1	0	0	0	0	0	29	0	0	1	0	0	0	0	1	0	0	0	0	0	0	0	0	0
Front Neurosci	2022-01-01	8649892	62705	5629	0	0	1	0	0	0	0	0	0	0	0	0	0	0	0	0	30	0	0	0	0	0	1	0	0	0	0	0	0	0	0	0	0	0
Front Neurosci	2022-01-01	8668240	111234	9735	0	6	0	0	0	0	2	0	0	0	0	4	0	0	0	0	10	0	0	0	0	0	1	0	0	0	0	0	0	0	0	0	0	0
Front Neurosci	2022-01-01	8688716	95217	8610	0	1	0	5	0	0	0	3	0	6	0	1	0	0	0	0	16	0	0	1	0	0	0	0	0	0	0	0	0	0	0	0	0	0
Front Neurosci	2022-01-01	8692773	87220	6939	0	7	0	2	0	0	1	0	0	2	0	5	0	0	0	0	77	0	0	0	0	0	0	0	0	0	0	0	0	0	0	0	0	0
Front Neurosci	2022-01-01	8678075	117794	10602	0	3	0	4	0	0	2	1	0	0	53	2	0	1	0	0	26	0	0	2	0	0	0	0	0	0	0	0	1	0	0	0	0	0
Front Neurosci	2022-01-01	8675606	277533	17478	0	0	0	0	0	1	1	3	0	7	1	0	0	0	0	0	26	0	2	1	0	0	1	0	0	0	0	0	0	0	1	0	0	0
Front Neurosci	2022-01-01	8692569	90558	8278	0	12	0	2	0	1	0	5	0	1	0	0	0	0	0	0	35	0	0	3	0	0	0	0	0	0	0	0	0	0	0	1	0	0
Front Neurosci	2022-01-01	8678485	122469	9836	0	5	1	8	0	0	6	7	0	1	1	0	0	0	0	0	29	0	0	0	0	0	0	0	0	0	0	0	0	0	0	0	0	0
Front Neurosci	2022-01-01	8685435	147113	12811	0	14	0	2	0	0	1	3	0	15	0	4	0	0	0	0	34	0	0	0	0	0	0	0	0	0	0	0	0	0	0	0	0	0
Front Neurosci	2022-01-01	8685321	114318	9183	0	11	1	4	0	0	1	5	0	0	0	5	0	0	2	0	48	0	0	4	0	0	0	0	0	0	0	0	0	0	1	0	0	0
Front Neurosci	2022-01-01	8692583	178505	13830	0	1	0	3	0	0	0	3	0	0	12	34	0	0	0	0	48	0	0	4	0	0	0	0	0	0	0	0	0	0	0	0	0	0
Front Neurosci	2022-01-01	8678593	83690	7315	0	3	0	1	0	0	1	0	0	0	0	0	0	0	1	0	29	0	0	0	0	0	0	0	0	0	0	0	0	0	0	0	0	0
Front Neurosci	2022-01-01	8675244	18957	1669	0	0	0	1	0	0	0	1	0	0	1	0	0	0	0	0	5	0	0	2	0	0	0	0	0	0	0	0	0	0	0	0	0	0
Front Neurosci	2022-01-01	8689127	112388	9778	0	2	0	0	0	0	2	0	0	0	0	1	0	0	0	0	38	0	0	2	0	0	0	0	0	0	0	0	0	0	0	0	0	0
Front Neurosci	2022-01-01	8689059	118679	9876	0	2	0	1	0	0	2	0	0	0	0	1	0	1	0	0	26	0	0	0	0	0	0	0	0	0	0	0	0	0	0	0	0	1
Front Neurosci	2022-01-01	8675906	71792	7437	0	1	1	1	0	0	0	0	0	0	0	0	0	0	0	0	21	0	0	0	0	0	1	0	0	0	0	0	0	0	0	1	0	0
Front Neurosci	2022-01-01	8678091	143263	11583	0	6	0	1	0	0	0	1	0	0	10	6	0	0	0	0	39	0	0	0	0	0	0	2	0	0	0	0	1	0	0	1	0	0
Front Neurosci	2022-01-01	8692564	90730	8167	0	3	0	2	0	0	4	1	0	0	0	3	0	0	0	0	24	0	1	0	0	0	0	0	1	0	0	0	2	0	1	0	0	0
Front Neurosci	2022-01-01	8680672	227813	15025	0	3	0	1	0	0	2	2	0	8	0	5	0	0	1	0	44	0	0	3	0	0	0	0	0	0	0	0	0	0	0	0	0	0
Front Neurosci	2022-01-01	8681873	112042	8658	0	2	1	1	0	0	0	0	0	0	0	1	0	0	0	0	18	0	0	0	0	0	0	0	0	0	0	0	0	0	0	0	0	0
Front Neurosci	2022-01-01	8685319	100175	7774	0	1	0	4	0	0	1	0	0	0	0	1	0	0	0	0	16	0	0	1	0	0	0	0	0	0	0	0	1	0	0	0	0	1
Front Neurosci	2022-01-01	8678065	78000	6670	0	4	0	0	0	0	0	0	0	1	0	2	0	0	0	0	13	0	0	4	0	0	0	0	0	0	0	0	0	0	0	0	0	0
Front Neurosci	2022-01-01	8674687	17042	1657	0	0	0	0	0	0	1	0	0	0	0	3	0	0	0	0	2	0	0	1	0	0	0	0	0	0	0	0	0	0	0	0	0	0
Front Neurosci	2022-01-01	8685541	97290	8039	0	7	0	0	0	0	6	1	0	0	1	2	0	0	0	0	47	0	0	2	0	0	0	0	0	0	0	0	1	1	0	0	0	0
Front Neurosci	2022-01-01	8692650	57455	4052	0	0	0	0	0	0	0	0	0	0	0	0	0	0	0	0	5	0	0	3	0	0	0	0	0	0	0	0	0	0	0	0	0	0
Front Neurosci	2022-01-01	8688988	112474	8984	0	7	0	4	0	0	3	2	0	2	0	5	0	0	0	0	58	0	0	0	0	1	1	0	0	0	0	0	0	0	0	0	0	0
Front Neurosci	2022-01-01	8674725	120021	10032	0	7	0	11	0	0	6	2	0	2	0	4	0	0	0	0	40	0	0	0	0	0	0	0	0	0	0	0	0	0	0	0	0	0
Front Neurosci	2022-01-01	8695723	127086	9417	0	6	0	0	0	0	7	0	0	0	1	0	0	0	0	0	21	0	0	0	0	0	0	1	0	0	0	0	1	0	0	0	0	0
Front Neurosci	2022-01-01	8712681	213414	19187	0	1	0	3	0	0	2	0	0	4	2	2	0	0	1	0	26	0	0	4	0	0	2	0	2	0	0	0	0	0	0	0	0	0
Front Neurosci	2022-01-01	8714840	163539	13624	0	8	0	9	0	0	1	0	0	0	7	1	0	0	0	0	22	0	0	0	0	0	0	0	0	0	0	0	0	0	0	0	0	0
Front Neurosci	2022-01-01	8712758	254821	17277	0	3	2	0	0	0	6	2	0	0	0	0	0	0	0	0	47	0	0	2	0	2	1	0	0	0	0	0	0	0	0	0	0	0
Front Neurosci	2022-01-01	8695982	190976	17260	0	17	0	2	0	0	4	0	0	1	1	10	0	1	2	0	35	0	0	4	0	0	0	0	8	0	0	0	0	0	0	0	0	2
Front Neurosci	2022-01-01	8714733	285840	23757	0	0	0	11	0	0	0	0	0	0	1	1	0	0	0	0	19	0	0	0	0	0	0	0	0	0	0	0	0	0	0	0	0	0
Front Neurosci	2022-01-01	8696273	108972	9569	0	12	0	2	0	2	1	0	0	0	1	2	0	0	1	0	33	0	1	3	0	0	0	0	0	0	0	0	0	0	0	0	0	0
Front Neurosci	2022-01-01	8702641	111987	10189	0	9	0	1	0	0	0	1	0	3	1	2	0	0	0	0	19	0	0	1	0	0	0	0	3	0	0	0	0	0	0	0	0	0
Front Neurosci	2022-01-01	8695771	147432	11079	0	22	0	3	0	1	1	7	0	0	5	5	0	0	2	0	39	0	0	3	0	0	0	0	0	0	0	0	0	0	0	0	0	0
Front Neurosci	2022-01-01	8712652	164801	14076	0	4	0	3	0	0	1	4	0	0	0	10	0	0	0	0	64	0	0	6	0	0	0	0	1	0	0	0	0	1	0	0	0	0
Front Neurosci	2022-01-01	8797142	167243	15881	0	6	2	5	0	0	7	5	0	1	3	4	0	0	1	0	136	0	0	4	0	0	5	0	0	0	0	0	0	0	1	0	0	0
Front Neurosci	2022-01-01	8695845	86243	7025	0	4	1	2	0	0	1	1	0	1	1	0	0	0	0	0	25	0	0	1	0	0	0	0	0	0	0	0	0	0	0	0	0	0
Front Neurosci	2022-01-01	8710545	111032	9475	0	6	0	4	0	0	2	0	0	0	5	6	0	0	0	0	41	0	0	2	0	0	0	0	1	0	0	0	0	0	0	0	0	0
Front Neurosci	2022-01-01	8715084	172925	13444	0	2	1	3	0	0	1	2	0	4	1	0	0	0	0	0	36	0	0	6	0	0	0	0	0	0	0	0	0	0	0	0	0	0
Front Neurosci	2022-01-01	8695433	157080	12342	0	1	0	0	0	0	4	0	0	0	0	5	0	0	0	0	2	0	0	0	0	0	0	0	0	0	0	0	0	1	0	0	0	0
Front Neurosci	2022-01-01	8695977	114933	8671	0	11	1	0	0	0	0	1	0	4	2	1	0	0	1	0	35	0	0	2	0	0	0	0	1	0	0	0	1	0	0	0	0	1
Front Neurosci	2022-01-01	8712683	94535	8790	0	7	0	5	0	0	1	1	0	0	0	1	0	0	0	0	56	0	0	0	0	0	0	0	0	0	0	0	0	0	0	0	0	0
Front Neurosci	2022-01-01	8707729	33970	2343	0	0	0	0	0	0	0	0	0	1	0	0	0	0	0	0	0	0	0	0	0	0	0	0	0	0	0	0	0	0	0	0	0	0
Front Neurosci	2022-01-01	8714788	99127	8310	0	7	2	4	0	0	3	0	0	2	0	6	0	0	0	0	17	0	1	0	0	0	0	0	0	0	0	0	0	0	0	0	0	0
Front Neurosci	2022-01-01	8695980	167748	13996	0	6	0	0	0	0	2	0	0	0	2	0	0	0	0	0	8	0	0	0	0	0	0	0	0	0	0	0	0	0	0	1	0	0
Front Neurosci	2022-01-01	8695687	144272	15107	0	1	0	0	0	0	1	0	0	2	5	1	0	1	1	0	12	0	0	1	0	0	0	0	0	0	0	0	0	0	0	0	1	0
Front Neurosci	2022-01-01	8710602	118315	11018	0	13	1	1	0	0	0	0	0	0	8	3	0	0	0	0	21	0	0	0	0	0	0	0	0	0	0	0	4	0	0	0	0	0
Front Neurosci	2022-01-01	8695490	89657	9222	0	3	1	1	0	0	2	0	0	0	3	1	0	0	0	0	5	0	0	0	0	0	3	0	2	0	0	0	0	0	0	2	1	0
Front Neurosci	2022-01-01	8714760	93943	8863	0	0	0	3	0	0	7	0	0	0	1	1	0	0	0	0	34	0	0	1	0	0	1	0	0	0	0	0	0	0	0	0	0	0
Front Neurosci	2022-01-01	8714828	113690	9649	0	3	1	0	0	0	0	1	0	0	32	0	0	0	0	0	4	0	0	1	0	0	1	0	1	0	0	0	0	0	0	0	0	0
Front Neurosci	2022-01-01	8716790	72498	7180	0	4	1	0	0	0	2	0	0	0	1	2	0	0	0	0	10	0	0	1	0	0	1	0	1	0	0	0	0	0	0	0	0	0
Front Neurosci	2022-01-01	8718615	109237	10458	0	1	0	1	0	0	3	0	0	0	2	4	0	0	0	0	51	0	0	0	0	0	0	0	1	0	0	0	0	0	0	0	0	0
Front Neurosci	2022-01-01	8716493	149559	11341	0	8	0	0	0	1	0	5	0	0	0	0	0	0	0	0	20	0	0	3	0	0	0	0	0	0	0	0	0	0	0	1	0	0
Front Neurosci	2022-01-01	8716545	92992	7663	0	3	0	2	0	0	6	2	0	0	0	4	0	1	0	0	44	0	0	1	0	0	0	0	0	0	0	0	0	0	0	0	0	0
Front Neurosci	2022-01-01	8716464	78449	6923	0	0	0	0	0	0	0	0	0	0	3	6	0	0	0	0	24	0	0	0	0	0	0	0	3	0	0	0	0	0	0	0	0	0
Front Neurosci	2022-01-01	8724524	136171	12213	0	13	0	4	0	1	0	0	0	0	3	2	0	0	0	0	23	0	0	1	0	0	0	0	0	0	0	0	0	0	0	0	0	0
Front Neurosci	2022-01-01	8718922	87027	7741	0	1	0	3	0	0	0	1	0	0	2	0	0	0	0	0	15	0	1	0	0	0	0	0	0	0	0	0	0	0	0	1	0	0
Front Neurosci	2022-01-01	8722107	195421	16854	0	1	0	2	0	0	0	1	0	0	2	0	0	0	0	0	22	0	0	3	0	0	2	0	0	0	1	0	0	0	0	0	0	0
Front Neurosci	2022-01-01	8718542	98764	8356	0	7	0	0	0	0	3	0	0	0	1	2	0	0	1	0	23	0	0	2	0	0	0	0	0	0	0	0	0	0	0	0	0	0
Front Neurosci	2022-01-01	9231566	118439	10335	0	5	0	5	0	0	3	0	0	0	0	0	0	1	0	0	49	0	0	0	0	0	0	0	0	0	0	0	0	0	0	0	0	0
Front Neurosci	2022-01-01	8721039	141507	12262	0	17	0	1	0	0	0	2	0	0	10	6	0	0	0	0	15	0	0	0	0	0	1	0	0	0	0	0	0	0	0	0	0	0
Front Neurosci	2022-01-01	8716446	16362	1738	0	0	0	0	0	0	0	0	0	0	0	4	0	0	0	0	3	0	0	2	0	0	0	0	0	0	0	0	0	0	0	0	0	0
Front Neurosci	2022-01-01	8724521	166318	16677	0	0	0	0	0	0	7	0	0	0	14	2	0	0	0	0	18	0	0	3	0	0	1	1	3	0	0	0	2	0	0	0	0	0
Front Neurosci	2022-01-01	8718925	115679	9946	0	5	0	3	0	0	0	2	0	0	2	1	0	0	0	0	39	0	0	0	0	0	3	0	1	0	0	0	0	0	0	0	0	0
Front Neurosci	2022-01-01	8724042	89422	8140	0	12	0	0	0	0	0	2	0	0	0	1	0	1	0	0	29	0	0	2	0	0	1	0	0	0	0	0	0	0	0	0	0	0
Front Neurosci	2022-01-01	8727439	83853	7518	0	7	0	2	0	0	1	0	0	0	4	2	0	0	0	0	26	0	0	1	0	0	0	0	0	0	0	0	1	0	0	0	0	0
Front Neurosci	2022-01-01	8727517	142855	9366	0	1	0	0	0	0	2	7	0	0	0	0	0	0	0	0	17	0	0	1	0	0	0	0	0	0	0	0	0	0	0	0	0	0
Front Neurosci	2022-01-01	8716785	110979	10198	0	0	0	0	0	0	0	0	0	0	2	7	0	0	0	0	8	0	0	0	0	0	0	0	1	0	0	0	0	0	0	0	0	0
Front Neurosci	2022-01-01	8727456	121912	10137	0	5	0	3	0	0	2	1	0	0	5	2	0	1	0	0	29	0	0	2	0	0	0	0	0	0	0	0	0	0	0	0	0	0
Front Neurosci	2022-01-01	8719598	107303	8584	0	6	1	1	0	0	3	1	0	0	3	7	0	0	2	0	46	0	0	2	0	0	0	0	0	0	0	0	0	0	0	0	0	0
Front Neurosci	2022-01-01	8716693	88715	7755	0	4	0	1	0	0	2	1	0	0	4	2	0	0	0	0	16	0	0	0	0	0	1	0	0	0	0	0	0	0	0	0	0	0
Front Neurosci	2022-01-01	8719453	66178	5780	0	4	0	1	0	0	3	0	0	3	3	0	0	0	0	0	32	0	0	0	0	0	0	0	0	0	0	0	0	0	0	0	0	0
Front Neurosci	2022-01-01	8716762	88699	6884	0	1	1	0	0	0	0	0	0	0	0	5	0	0	0	0	27	0	0	0	0	0	0	0	0	0	0	0	0	0	0	0	0	0
Front Neurosci	2022-01-01	8716599	71979	6763	0	3	0	0	0	0	1	3	0	1	0	1	0	0	0	0	17	0	0	0	0	0	0	0	0	0	0	0	0	0	0	0	0	0
Front Neurosci	2022-01-01	8718919	95613	8513	0	9	0	0	0	0	1	1	0	0	4	1	0	0	1	0	27	0	0	0	0	0	4	0	0	0	0	0	0	0	0	0	0	1
Front Neurosci	2022-01-01	9877537	185373	11259	1	2	0	0	0	0	1	0	0	0	0	0	0	0	0	0	18	0	0	0	0	0	0	0	0	0	0	0	1	0	0	0	0	0
Front Neurosci	2022-01-01	9899861	134914	10974	0	11	0	5	0	0	1	0	0	0	3	7	0	0	0	1	115	0	0	0	0	3	1	2	0	0	0	0	0	0	0	0	0	0
Front Neurosci	2022-01-01	9893286	135608	11177	0	3	2	3	0	2	3	5	0	0	1	2	0	0	0	0	28	0	0	2	0	0	1	0	1	0	0	0	0	0	0	0	0	0
Front Neurosci	2022-01-01	9889560	156573	12397	0	7	0	0	0	0	0	7	0	0	3	10	0	1	0	0	41	0	0	1	0	0	0	0	0	0	0	0	0	0	0	0	0	0
Front Neurosci	2022-01-01	9893116	102346	8095	0	8	0	0	0	0	1	0	0	0	3	0	0	0	0	0	22	0	0	4	0	1	0	0	1	0	0	0	0	0	0	0	0	0
Front Neurosci	2022-01-01	9942489	231603	22738	0	4	0	12	0	0	5	2	0	1	3	3	0	0	1	0	43	0	0	18	0	0	3	0	0	0	0	0	3	0	0	0	0	0
Front Neurosci	2022-01-01	10029140	75226	6380	0	2	0	0	0	0	0	6	0	1	0	4	0	0	0	0	28	0	0	0	0	0	0	0	0	0	0	0	0	0	0	0	0	0
Front Neurosci	2022-01-01	9874229	127657	11326	0	8	0	1	0	0	2	0	0	0	6	15	0	0	0	0	50	0	0	34	0	0	0	0	0	0	0	0	3	0	0	0	0	0
Front Neurosci	2022-01-01	9874699	211811	16257	0	7	1	3	0	0	1	2	0	0	5	0	0	0	0	0	41	0	0	0	0	0	1	0	0	0	0	0	0	0	0	0	0	0
Front Neurosci	2022-01-01	9884969	64785	5808	0	3	0	2	0	0	0	0	0	0	0	0	0	0	0	0	33	0	0	0	0	0	0	0	0	0	0	0	1	0	0	0	0	0
Front Neurosci	2022-01-01	9904205	84089	7775	0	0	0	0	0	0	0	0	0	0	0	0	0	0	1	0	7	0	0	2	0	0	3	1	0	0	0	0	0	0	0	0	0	0
Front Neurosci	2022-01-01	9891724	19495	1777	0	2	0	0	0	0	6	2	0	0	0	2	0	0	0	0	2	0	0	2	0	0	0	0	0	0	0	0	0	0	0	0	0	0
Front Neurosci	2022-01-01	9978403	226658	18917	0	3	0	4	0	0	2	11	0	1	4	3	0	0	3	0	39	0	2	0	0	0	0	0	0	0	0	0	0	0	0	0	0	0
Front Neurosci	2022-01-01	9884961	122550	10859	0	0	0	0	0	0	1	0	0	0	0	1	0	0	0	0	4	0	0	2	0	1	0	0	0	0	0	0	0	1	0	0	0	0
Front Neurosci	2022-01-01	9893636	25200	1670	0	0	0	1	0	0	1	0	0	0	0	4	0	0	0	0	5	0	0	1	0	0	0	0	0	0	0	0	0	0	0	0	0	0
Front Neurosci	2022-01-01	9879293	168436	12183	0	2	0	8	0	0	3	1	0	0	0	3	0	0	0	0	15	0	0	2	0	0	0	0	0	0	0	0	0	0	0	0	0	0
Front Neurosci	2022-01-01	9878558	165824	16913	0	170	1	4	0	0	16	0	0	0	42	2	0	0	3	0	39	0	0	5	0	1	0	0	0	0	0	0	6	0	0	0	0	0
Front Neurosci	2022-01-01	9904281	104334	8087	0	6	0	1	0	0	4	0	0	1	0	2	0	0	0	0	25	0	0	0	0	0	0	0	0	0	0	0	0	0	0	0	0	0
Front Neurosci	2022-01-01	9878125	128651	12150	0	0	1	4	0	0	1	1	0	2	1	0	0	0	0	0	31	0	0	0	0	0	0	0	0	0	0	0	0	0	0	0	0	0
Front Neurosci	2022-01-01	9877442	74637	5841	0	4	1	1	0	0	1	0	0	0	0	0	0	0	0	0	34	0	1	1	0	0	0	0	0	0	0	0	1	0	0	0	0	0
Front Neurosci	2022-01-01	9942944	82275	7019	0	1	0	3	0	0	4	0	0	0	0	0	0	0	0	0	34	0	0	0	0	0	0	0	0	0	0	0	0	0	0	0	0	0
Front Neurosci	2022-01-01	9905798	84742	8165	0	3	1	2	0	0	0	0	0	0	0	0	0	0	0	0	77	0	0	0	0	0	3	0	0	0	0	0	0	0	0	0	0	0
Front Neurosci	2022-01-01	9887036	97067	8399	0	0	0	0	0	4	7	12	0	0	0	4	0	0	0	0	20	0	0	5	0	0	0	0	0	0	0	0	0	0	0	0	0	0
Front Neurosci	2022-01-01	10020350	80451	6445	0	6	0	0	0	0	0	0	0	0	2	0	0	1	0	0	17	0	0	0	0	0	0	0	0	0	0	0	0	0	0	0	0	0
Front Neurosci	2022-01-01	9892757	158869	10833	0	1	0	1	0	0	1	0	0	0	0	1	0	0	0	0	9	0	0	2	0	1	0	1	0	0	0	0	0	0	0	0	0	0
