journal	date	pmc_id	Nchars	Nwords	delve	analyse	acknowledge	assess	appraise	dissect	explore	examine	extricate	expose	estimate	investigate	inquire	inspect	interpret	scrutinise	study	unearth	uncover	understand	ponder	research	reason	retrieve	avoid	discount	disregard	dismiss	ignore	neglect	overlook	omit	skip	reject
Front Neurosci	2023-10-01	10360050	87319	7860	0	1	0	1	0	0	3	0	0	0	0	0	0	0	2	0	48	0	0	0	0	0	0	0	0	0	0	0	0	0	0	0	0	0
Front Neurosci	2023-10-01	10351874	219544	17437	0	2	0	0	0	0	0	0	0	0	21	0	0	0	0	0	38	0	0	0	0	0	0	0	2	0	0	0	0	0	0	0	0	0
Front Neurosci	2023-10-01	10360130	149454	10009	0	3	0	4	0	0	3	3	0	3	3	1	0	0	0	0	57	0	0	1	0	0	2	0	0	0	0	0	0	0	0	0	0	0
Front Neurosci	2023-10-01	10354265	109490	9612	0	6	0	0	0	0	3	0	0	0	1	3	0	0	0	0	22	0	0	7	0	0	0	0	0	0	0	0	0	0	0	0	0	0
Front Neurosci	2023-10-01	10352943	6377	560	0	0	0	0	0	0	0	1	0	0	0	0	0	0	0	0	3	0	0	0	0	0	0	0	0	0	0	0	0	0	0	0	0	0
Front Neurosci	2023-10-01	10359996	165110	11891	0	0	0	0	0	0	3	0	0	0	1	2	0	0	0	0	20	0	0	3	0	0	0	0	0	0	0	0	0	0	0	0	0	0
Front Neurosci	2023-10-01	10359501	114636	7213	0	0	0	0	0	0	1	0	0	1	1	0	0	0	0	0	16	0	1	1	0	0	0	0	0	0	0	0	0	0	0	0	0	0
Front Neurosci	2023-10-01	10358766	98649	8639	0	2	0	2	0	0	2	0	0	0	0	2	0	0	0	0	27	0	0	1	0	0	0	0	0	0	0	0	0	0	0	0	0	0
Front Neurosci	2023-10-01	10354337	125170	12741	0	2	0	1	0	0	5	0	0	0	0	0	0	0	0	0	13	0	0	1	0	0	0	0	0	0	0	0	0	0	0	0	0	0
Front Neurosci	2023-10-01	10358358	128753	10953	0	3	1	2	0	0	1	0	0	0	27	3	0	0	0	0	22	0	0	0	0	0	0	0	1	0	0	0	0	0	0	0	0	0
Front Neurosci	2023-10-01	10403059	75406	6510	0	6	0	11	0	0	1	1	0	0	7	1	0	0	0	0	54	0	0	0	0	0	0	0	0	0	0	0	1	0	0	0	0	0
Front Neurosci	2023-10-01	10359984	160459	10652	0	0	0	1	0	0	4	1	0	0	0	11	0	0	0	0	28	0	2	2	0	1	0	0	0	0	0	0	0	0	0	0	0	0
Front Neurosci	2023-10-01	10352619	153636	11376	0	3	0	0	0	0	0	0	0	0	1	0	0	0	0	0	12	0	0	0	0	0	0	0	0	0	0	0	0	0	0	0	0	0
Front Neurosci	2023-10-01	10358728	114437	9488	0	0	0	1	0	0	3	0	0	0	0	0	0	0	3	0	3	0	0	0	0	0	1	0	0	0	0	0	0	0	0	0	0	0
Front Neurosci	2023-10-01	10352452	110816	11362	0	1	4	1	1	0	11	0	0	1	0	2	0	0	0	0	38	0	0	7	0	0	0	0	1	0	2	0	1	0	1	1	0	0
Front Neurosci	2023-10-01	10360202	145460	8941	0	0	0	1	0	0	1	0	0	0	0	1	0	0	0	0	32	0	0	2	0	0	0	0	0	0	0	0	0	0	0	0	0	0
Front Neurosci	2023-10-01	10352774	127000	10697	0	0	1	0	0	0	4	1	0	0	0	0	0	0	1	0	35	0	0	5	0	0	1	0	0	0	0	0	0	0	0	0	0	0
Front Neurosci	2023-10-01	10357515	198194	14611	0	14	1	4	0	0	5	1	0	0	0	3	0	0	0	0	51	0	0	1	0	0	0	0	1	0	0	0	0	0	1	0	0	0
Front Neurosci	2023-10-01	10350516	107123	8383	0	0	0	1	0	0	1	3	0	1	0	4	0	0	0	0	45	0	1	2	0	0	0	0	0	0	0	0	0	0	0	0	0	0
Front Neurosci	2023-10-01	10360181	85704	7305	0	3	0	1	0	0	0	9	0	0	0	6	0	0	0	0	48	0	0	0	0	0	0	0	0	0	0	0	0	0	0	0	0	0
Front Neurosci	2023-10-01	10360168	91640	7555	0	2	0	0	0	0	0	1	0	0	0	0	0	0	0	0	19	0	0	0	0	0	1	1	0	0	0	0	0	0	1	0	0	0
Front Neurosci	2023-10-01	10357513	111082	9700	0	4	0	1	0	0	6	2	0	1	0	7	0	0	0	0	18	0	0	0	0	0	2	0	0	0	0	0	1	1	0	0	0	0
Front Neurosci	2023-10-01	10350633	143596	14287	0	19	0	2	0	1	8	0	0	0	0	6	0	0	1	0	21	0	0	4	0	0	1	0	1	0	0	0	0	0	0	0	0	0
Front Neurosci	2023-10-01	10360180	97676	9022	0	3	0	2	0	0	4	7	0	0	3	11	0	0	0	0	84	0	0	1	0	1	2	0	0	0	0	0	0	0	0	0	0	0
Front Neurosci	2023-10-01	10352680	127988	9059	0	13	0	0	0	0	4	0	0	0	0	3	0	0	0	0	28	0	0	1	0	0	0	1	0	0	0	0	0	0	0	0	0	0
Front Neurosci	2023-10-01	10363741	161607	13633	0	3	0	1	0	0	1	3	0	1	2	2	0	0	0	0	45	0	0	1	0	0	0	0	0	0	0	0	0	0	0	0	0	0
Front Neurosci	2023-10-01	10373303	131627	11544	0	5	0	0	0	0	2	0	0	0	0	0	0	0	0	0	6	0	0	3	0	0	0	0	0	0	0	0	2	0	0	0	0	0
Front Neurosci	2023-10-01	10368885	200261	15586	0	5	0	0	0	0	3	0	0	0	4	2	0	0	0	0	62	0	0	2	0	0	0	0	0	0	0	0	0	0	0	0	0	0
Front Neurosci	2023-10-01	10379634	86193	6716	0	6	0	0	0	0	8	0	0	0	1	1	0	0	0	0	32	0	0	4	0	0	0	0	0	0	0	0	1	0	0	0	0	0
Front Neurosci	2023-10-01	10372424	161737	12204	0	1	1	2	0	0	1	0	0	0	0	2	0	0	0	0	32	0	0	0	0	0	0	0	0	0	0	0	0	0	0	0	0	0
Front Neurosci	2023-10-01	10372440	122055	8018	0	0	0	0	0	0	0	0	0	0	0	1	0	0	0	0	45	0	0	7	0	0	1	0	0	0	0	0	0	0	1	0	0	0
Front Neurosci	2023-10-01	10374336	12161	1064	0	1	0	0	0	0	0	0	0	0	0	1	0	0	0	0	4	0	0	1	0	0	0	0	0	0	0	0	0	0	0	0	0	0
Front Neurosci	2023-10-01	10368987	86694	7577	0	0	0	0	0	0	2	0	0	0	0	1	0	0	0	0	38	0	0	8	0	0	0	0	0	0	0	0	0	0	0	0	0	1
Front Neurosci	2023-10-01	10372423	115945	10800	0	13	0	4	0	0	0	8	0	1	0	6	0	0	0	0	47	0	0	1	0	0	0	0	1	0	1	0	0	0	0	0	0	0
Front Neurosci	2023-10-01	10373094	146908	14842	0	1	1	0	0	0	0	0	0	1	2	4	0	1	0	0	7	0	0	0	0	0	0	0	5	0	0	0	0	0	0	0	0	0
Front Neurosci	2023-10-01	10364476	94023	8111	0	6	0	0	0	0	0	1	0	0	0	1	0	0	0	0	31	0	0	2	0	0	0	0	0	0	0	0	0	0	0	0	0	1
Front Neurosci	2023-10-01	10375706	115600	11721	0	18	0	0	0	0	1	0	0	0	1	3	0	0	3	0	55	0	0	3	0	0	0	0	0	0	0	0	0	0	0	0	0	1
Front Neurosci	2023-10-01	10363724	192221	19262	0	9	0	0	0	0	2	7	0	0	4	6	0	0	3	0	32	0	0	0	0	1	0	0	0	0	0	0	0	0	0	1	0	0
Front Neurosci	2023-10-01	10368972	115421	10088	0	6	0	1	0	0	2	4	0	0	1	2	0	0	0	0	34	0	0	0	0	0	1	0	1	0	0	0	0	0	0	0	0	0
Front Neurosci	2023-10-01	10366590	104529	9592	0	1	0	0	0	0	1	0	0	1	0	0	0	0	0	0	18	0	0	1	0	1	0	0	0	0	0	0	0	0	0	0	0	0
Front Neurosci	2023-10-01	10374337	18916	1714	0	0	0	0	0	0	3	0	0	0	0	0	0	0	0	0	6	0	0	0	0	0	0	0	0	0	0	0	0	0	0	0	0	0
Front Neurosci	2023-10-01	10372437	87330	8730	0	0	0	1	0	0	0	3	0	0	0	1	0	0	0	0	9	0	0	0	0	0	0	0	0	0	0	0	0	0	0	0	0	0
Front Neurosci	2023-10-01	10363735	84358	5827	0	1	0	0	0	0	0	0	0	2	0	0	0	0	0	0	8	0	0	2	0	0	0	0	0	0	0	0	0	0	0	0	0	0
Front Neurosci	2023-10-01	10372492	183794	18263	0	9	1	6	0	0	1	0	0	0	15	2	0	0	1	0	10	0	0	8	0	0	0	1	4	0	0	0	1	0	0	0	0	0
Front Neurosci	2023-10-01	10380949	371630	30419	0	0	0	3	0	0	1	1	0	12	0	37	0	0	0	0	248	0	0	2	0	0	1	1	0	0	0	0	0	0	0	1	0	0
Front Neurosci	2023-10-01	10363610	192227	16465	0	5	0	3	0	0	2	4	0	0	0	0	0	0	0	0	33	0	1	3	0	0	1	0	0	0	0	0	0	0	0	0	0	0
Front Neurosci	2023-10-01	10366617	168133	11704	0	0	0	0	0	0	5	2	0	2	0	6	0	0	0	0	12	0	0	5	0	0	0	0	0	0	0	0	0	0	0	0	0	0
Front Neurosci	2023-10-01	10366536	149972	12172	0	0	0	2	0	0	0	4	0	0	0	6	0	0	0	0	45	0	0	2	0	0	0	0	0	0	0	0	0	0	0	0	0	0
Front Neurosci	2023-10-01	10375416	66167	6258	0	9	0	0	0	0	0	1	0	0	0	0	0	0	0	0	24	0	0	1	0	0	0	0	0	0	0	0	0	0	0	0	0	1
Front Neurosci	2023-10-01	10368529	20298	1736	0	1	0	0	0	0	1	0	0	0	0	4	0	0	0	0	5	1	1	4	0	0	0	0	0	0	0	0	0	0	0	0	0	0
Front Neurosci	2023-10-01	10398388	111751	9332	0	12	0	0	0	0	0	1	0	0	0	1	0	1	0	0	29	0	0	4	0	0	0	0	0	0	0	0	0	0	0	0	0	0
Front Neurosci	2023-10-01	10397512	73782	6680	0	2	0	11	0	0	0	1	0	0	0	1	0	0	0	0	52	0	0	0	0	0	1	3	0	0	0	0	0	0	0	0	0	0
Front Neurosci	2023-10-01	10390316	180207	13209	1	1	2	0	0	0	2	0	0	2	0	7	0	0	0	0	28	0	0	4	0	0	0	0	0	0	0	0	0	0	0	0	0	0
Front Neurosci	2023-10-01	10393280	82258	5799	0	1	0	1	0	1	0	0	0	0	0	0	0	0	0	0	10	0	1	0	0	0	0	0	0	0	0	0	0	0	0	0	0	0
Front Neurosci	2023-10-01	10400340	108299	8912	0	9	0	3	0	0	3	2	0	0	21	1	0	0	0	0	55	0	0	1	0	0	1	0	0	0	0	0	0	0	0	1	0	0
Front Neurosci	2023-10-01	10392934	6405	509	0	0	0	0	0	0	0	0	0	0	0	0	0	0	0	0	4	0	0	0	0	0	0	0	0	0	0	0	0	0	0	0	0	0
Front Neurosci	2023-10-01	10394243	95016	7459	0	5	0	1	0	0	1	6	0	0	2	6	0	0	0	0	12	0	0	3	0	0	0	0	0	0	0	0	0	0	0	0	0	0
Front Neurosci	2023-10-01	10400715	69237	6805	0	3	0	0	0	0	0	0	0	0	1	2	0	0	0	0	16	0	0	1	0	0	1	0	0	0	0	0	0	0	0	0	0	0
Front Neurosci	2023-10-01	10400772	91445	6629	0	2	0	4	0	0	3	2	0	2	3	1	0	0	0	0	9	0	0	7	0	0	0	0	0	0	0	0	0	0	0	0	0	0
Front Neurosci	2023-10-01	10397520	139583	12020	0	18	0	6	0	0	0	23	0	3	0	2	0	0	0	0	75	0	0	0	0	0	0	0	0	0	0	0	0	0	0	0	0	0
Front Neurosci	2023-10-01	10390723	114847	9430	0	12	0	5	0	0	2	2	0	4	3	2	0	0	2	0	36	0	0	1	0	0	0	0	0	0	0	0	0	0	0	0	0	0
Front Neurosci	2023-10-01	10390782	188584	15655	0	0	0	0	0	0	3	1	0	0	6	9	0	0	1	0	1	0	0	0	0	0	0	0	0	0	0	0	2	0	0	0	0	0
Front Neurosci	2023-10-01	10400318	16448	1721	0	3	0	0	0	0	0	0	0	0	0	1	0	0	0	0	11	0	0	0	0	0	1	0	0	0	0	0	0	0	0	0	0	0
Front Neurosci	2023-10-01	10394517	106321	9774	0	3	1	3	0	0	1	3	0	1	0	0	0	0	0	0	43	0	0	2	0	0	1	0	0	0	0	0	0	0	0	0	0	0
Front Neurosci	2023-10-01	10392848	22011	1889	0	0	0	0	0	0	1	1	0	0	0	1	0	0	0	0	3	0	0	1	0	0	0	0	0	0	0	0	0	0	0	0	0	0
Front Neurosci	2023-10-01	10396297	106187	9849	0	8	0	4	0	0	2	1	0	0	6	0	0	1	0	0	16	0	0	0	0	0	0	0	0	0	0	0	0	0	0	0	0	0
Front Neurosci	2023-10-01	10401882	95140	7770	0	9	0	2	0	0	1	1	0	0	1	3	0	0	1	0	22	0	0	1	0	0	0	0	0	1	0	0	0	0	0	0	0	0
Front Neurosci	2023-10-01	10394227	122751	10411	0	0	0	0	0	0	2	0	0	0	17	0	0	0	3	0	2	0	0	0	0	0	1	0	0	0	0	0	0	0	0	0	0	0
Front Neurosci	2023-10-01	10394385	198686	16914	0	17	2	16	0	0	9	2	0	5	11	23	0	0	2	0	71	0	0	2	0	0	0	0	0	0	0	0	0	0	0	0	0	1
Front Neurosci	2023-10-01	10390831	61133	5638	0	0	1	3	0	1	3	3	0	2	0	3	0	0	0	0	13	0	0	0	0	0	0	0	0	0	0	0	0	0	0	0	0	0
Front Neurosci	2023-10-01	10400777	90244	6381	0	0	0	3	0	0	1	1	0	1	0	12	0	0	0	0	30	0	0	0	0	0	0	0	1	0	0	0	0	0	0	0	0	0
Front Neurosci	2023-10-01	10394244	135784	9719	0	5	0	4	0	0	2	1	0	0	3	3	0	0	2	0	58	0	1	7	0	1	1	0	1	0	0	0	0	0	0	0	0	0
Front Neurosci	2023-10-01	10399120	83166	7323	0	1	2	0	0	0	2	3	0	0	2	3	0	1	0	0	33	0	0	1	0	0	0	0	0	0	0	0	0	0	0	0	0	0
Front Neurosci	2023-10-01	10390027	101395	11441	0	5	0	0	0	0	1	4	0	1	29	4	0	0	1	0	11	0	2	0	0	0	0	0	0	0	0	0	0	0	0	1	0	0
Front Neurosci	2023-10-01	10390744	301485	20719	0	1	0	1	0	0	11	1	0	0	0	0	0	0	0	0	92	0	0	1	0	0	3	1	0	0	0	0	0	0	0	0	0	0
Front Neurosci	2023-10-01	10413568	136362	10363	0	5	0	0	0	0	2	0	0	0	1	0	0	0	0	0	8	0	0	0	0	0	0	0	0	0	0	0	0	0	0	0	0	0
Front Neurosci	2023-10-01	10412925	109399	9286	0	6	0	3	0	0	0	1	0	0	0	0	0	0	0	0	31	0	0	1	0	0	0	0	0	0	0	0	0	0	0	0	0	0
Front Neurosci	2023-10-01	10416099	121152	10942	0	8	0	2	0	0	13	27	0	0	0	1	0	0	0	0	52	0	0	2	0	0	0	0	0	0	0	0	0	0	0	0	0	0
Front Neurosci	2023-10-01	10413387	78989	6217	0	4	3	1	0	0	6	0	0	0	3	6	0	0	0	0	42	0	1	3	0	0	0	0	0	0	0	0	0	0	0	0	0	0
Front Neurosci	2023-10-01	10410154	156598	13802	0	0	0	0	0	0	4	0	0	0	0	2	0	0	0	0	31	0	0	2	0	0	0	0	0	0	0	0	0	0	0	0	0	0
Front Neurosci	2023-10-01	10423932	186638	14204	1	1	0	1	0	0	6	2	0	0	0	3	0	0	0	0	4	0	1	1	0	0	0	0	0	0	0	0	0	0	1	0	1	0
Front Neurosci	2023-10-01	10427509	251591	17552	0	10	0	4	0	0	5	7	0	1	0	6	0	0	0	0	110	0	0	11	0	0	0	0	0	0	0	0	0	0	0	0	0	0
Front Neurosci	2023-10-01	10415092	9119	660	0	2	0	0	0	0	0	0	0	0	0	0	0	0	0	0	0	0	0	0	0	0	0	0	0	0	0	0	0	0	0	0	0	0
Front Neurosci	2023-10-01	10405466	137245	10200	0	5	0	4	0	1	1	1	0	6	0	0	1	0	0	0	36	0	0	1	0	0	0	0	0	0	0	0	0	0	0	0	0	0
Front Neurosci	2023-10-01	10426504	151744	9349	0	1	0	0	0	0	1	0	0	0	0	0	0	0	0	0	3	0	0	1	0	0	0	0	0	0	0	0	0	0	0	0	0	0
Front Neurosci	2023-10-01	10416432	92791	8796	0	6	0	0	0	0	2	2	0	0	1	3	0	0	0	0	37	0	0	2	0	0	0	0	3	0	0	0	0	0	0	0	0	0
Front Neurosci	2023-10-01	10427507	137047	8825	0	1	0	0	0	0	0	0	0	0	1	1	0	0	0	0	9	0	0	4	0	0	0	0	0	0	0	0	1	0	0	0	0	0
Front Neurosci	2023-10-01	10416229	129681	10717	0	4	0	0	0	0	0	0	0	0	0	0	0	0	0	0	12	0	0	0	0	0	1	0	1	0	0	0	2	0	0	0	0	0
Front Neurosci	2023-10-01	10408451	146318	12316	0	2	0	0	0	0	0	0	0	0	5	0	0	0	0	0	8	0	0	2	0	0	0	0	0	0	0	0	0	0	0	0	0	0
Front Neurosci	2023-10-01	10405289	131411	8846	0	2	0	0	0	0	0	0	0	0	0	0	0	0	0	0	8	0	2	1	0	0	0	0	0	0	0	0	0	0	0	0	0	0
Front Neurosci	2023-10-01	10405456	162657	12753	0	10	1	0	0	1	2	2	0	0	0	9	0	0	3	0	96	0	0	3	0	0	0	0	0	0	0	0	0	1	0	0	0	0
Front Neurosci	2023-10-01	10416647	115480	9063	0	4	0	2	0	0	4	0	0	1	1	0	0	0	0	0	64	0	0	0	0	0	2	0	0	0	0	0	0	0	0	0	0	0
Front Neurosci	2023-10-01	10411340	82723	8248	0	8	1	5	0	0	0	2	0	0	5	2	0	0	0	0	30	0	0	0	0	0	0	0	0	0	0	0	0	0	0	0	0	0
Front Neurosci	2023-10-01	10405288	110448	7957	0	5	0	4	0	0	2	5	0	0	2	1	0	0	0	0	55	0	2	5	0	0	0	0	0	1	0	0	0	0	0	0	0	0
Front Neurosci	2023-10-01	10410142	84177	7008	0	3	0	0	0	0	0	0	0	0	1	6	0	0	0	0	31	0	0	0	0	0	1	0	0	0	0	0	0	0	0	0	0	0
Front Neurosci	2023-10-01	10411335	18487	2004	1	0	0	0	0	0	3	2	0	1	0	6	0	0	0	0	14	0	0	4	0	0	0	0	0	0	0	0	0	0	0	0	0	0
Front Neurosci	2023-10-01	10416636	155600	12216	0	1	0	1	0	0	1	6	0	0	1	9	0	0	1	0	70	0	0	2	0	0	2	0	0	0	0	0	0	0	0	0	0	0
Front Neurosci	2023-10-01	10425537	20799	1854	0	0	0	0	0	0	0	1	0	0	0	0	0	0	0	0	8	0	0	0	0	0	0	0	0	0	0	0	0	0	0	0	0	0
Front Neurosci	2023-10-01	10433170	149216	14117	0	4	1	1	0	0	3	2	0	5	41	3	0	0	0	0	32	0	0	2	0	0	0	0	0	0	0	0	0	0	1	0	0	1
Front Neurosci	2023-10-01	10413098	66279	6062	0	2	0	0	0	0	3	0	0	0	0	5	0	0	0	0	22	0	0	0	0	0	2	0	0	0	0	0	0	0	0	0	0	0
Front Neurosci	2023-10-01	10442160	71085	6922	0	0	3	0	0	0	0	0	0	0	0	0	0	0	0	0	19	0	0	0	0	0	0	0	0	0	0	0	0	0	0	0	0	0
Front Neurosci	2023-10-01	10442706	321273	21790	0	6	0	2	0	0	7	0	0	4	4	7	0	0	0	0	53	0	0	5	0	0	1	1	0	0	0	0	0	1	0	1	0	0
Front Neurosci	2023-10-01	10440608	125886	8174	0	0	0	0	0	0	2	0	0	0	0	0	0	0	0	0	52	0	0	3	0	0	0	0	0	0	0	0	1	0	0	0	0	0
Front Neurosci	2023-10-01	10434816	64683	6275	0	3	0	0	0	0	0	0	0	11	0	1	0	0	0	0	30	0	0	0	0	0	0	0	0	0	0	0	0	0	0	0	0	0
Front Neurosci	2023-10-01	10442545	196165	16475	0	9	0	1	0	0	5	0	0	0	2	1	0	0	0	0	18	0	0	0	0	0	2	0	1	0	0	0	4	0	0	0	0	0
Front Neurosci	2023-10-01	10434532	117291	9663	0	10	0	0	0	2	1	0	0	2	0	5	0	0	1	0	9	0	0	1	0	0	0	0	0	0	0	0	0	0	0	0	0	0
Front Neurosci	2023-10-01	10436105	320664	26700	0	7	0	6	0	0	0	9	0	0	5	6	0	0	0	0	212	0	0	6	0	0	1	0	0	0	0	0	0	0	0	0	0	0
Front Neurosci	2023-10-01	10435389	411000	26922	0	1	0	2	0	0	7	1	0	8	0	13	0	0	0	0	92	0	0	4	0	1	1	0	1	0	0	0	0	0	0	0	0	0
Front Neurosci	2023-10-01	10434229	145113	10521	0	4	0	1	0	0	4	1	0	1	4	6	0	0	0	0	44	0	1	0	0	2	0	0	0	0	0	0	0	0	1	0	0	0
Front Neurosci	2023-10-01	10440607	153069	12131	0	6	0	0	0	0	0	0	0	1	22	6	0	1	1	0	31	0	0	1	0	0	1	0	0	0	0	0	0	0	0	1	0	0
Front Neurosci	2023-10-01	10434992	58527	4655	1	0	1	1	0	0	6	0	0	1	0	1	0	0	0	0	13	0	0	1	0	1	0	0	0	0	0	0	0	0	1	0	0	0
Front Neurosci	2023-10-01	10435083	111551	7926	0	9	0	0	0	0	3	1	0	0	0	0	0	0	1	0	47	0	0	0	0	0	0	0	1	0	0	0	0	0	0	0	0	0
Front Neurosci	2023-10-01	10442664	141860	10808	0	8	0	3	0	0	1	1	0	1	0	2	0	0	0	0	60	0	0	3	0	0	0	0	0	0	0	0	0	0	0	0	0	0
Front Neurosci	2023-10-01	10440698	112430	11887	0	4	0	0	0	0	3	0	0	0	1	2	0	0	0	0	32	0	0	1	0	0	1	0	0	0	0	0	1	0	0	0	0	0
Front Neurosci	2023-10-01	10442542	88447	6894	0	2	0	2	0	0	6	0	0	0	0	3	0	0	0	0	49	0	0	1	0	0	0	2	0	0	0	0	0	0	0	0	0	0
Front Neurosci	2023-10-01	10435087	112756	8801	0	14	0	3	0	0	10	6	0	6	0	2	0	0	0	0	20	0	1	1	0	0	0	0	0	0	0	0	0	0	0	0	0	0
Front Neurosci	2023-10-01	10433175	170551	10533	0	5	0	2	0	0	2	0	0	0	0	1	0	0	0	0	38	0	0	0	0	0	0	0	0	0	0	0	0	0	0	0	0	0
Front Neurosci	2023-10-01	10436500	269423	17153	0	3	0	1	0	0	2	2	0	0	0	2	0	0	0	0	37	0	0	9	0	0	0	0	0	0	0	0	0	0	0	0	0	0
Front Neurosci	2023-10-01	10433210	465900	35845	0	9	1	6	0	0	23	8	0	1	8	7	0	0	3	0	150	0	0	9	0	0	0	0	0	0	0	0	0	0	0	0	0	0
Front Neurosci	2023-10-01	10436100	115900	9724	0	3	0	0	0	0	5	1	0	0	0	3	0	0	0	0	12	0	0	2	0	0	0	0	0	0	0	0	0	0	0	0	0	0
Front Neurosci	2023-10-01	10443094	21900	1990	0	0	0	0	0	0	2	0	0	0	0	4	0	0	0	0	7	0	1	1	0	1	0	0	0	0	0	0	0	0	0	0	0	0
Front Neurosci	2023-10-01	10442572	89383	7673	0	6	0	0	0	0	1	0	0	0	1	1	0	0	1	0	41	0	0	0	0	0	0	0	0	0	0	0	0	0	0	0	0	0
Front Neurosci	2023-10-01	10436339	102363	8936	0	1	0	1	0	0	0	0	0	0	11	0	0	0	0	0	36	0	0	1	0	0	0	0	0	0	0	0	0	0	0	0	0	0
Front Neurosci	2023-10-01	10434520	78341	6937	0	0	0	8	0	0	2	1	0	0	0	3	0	0	0	0	29	0	0	1	0	0	0	0	0	0	0	0	0	0	0	0	0	0
Front Neurosci	2023-10-01	10442560	139720	12578	0	6	1	0	0	0	7	0	0	0	2	5	0	0	0	0	20	0	0	1	0	0	0	0	0	0	0	0	0	0	0	0	0	0
Front Neurosci	2023-10-01	10445652	100739	9360	0	3	0	1	0	0	1	10	0	1	0	1	0	0	0	0	18	0	0	0	0	0	0	0	0	0	0	0	0	0	0	0	0	0
Front Neurosci	2023-10-01	10445659	119510	10894	0	4	0	1	0	2	0	1	0	0	0	1	0	0	0	0	9	0	0	3	0	0	0	0	0	0	0	0	0	0	1	0	0	0
Front Neurosci	2023-10-01	10463751	108014	7379	0	2	0	2	0	0	2	1	0	1	0	1	0	0	0	0	22	0	0	2	0	0	0	0	0	0	0	0	0	0	0	0	0	0
Front Neurosci	2023-10-01	10461568	33745	2281	0	1	0	0	0	0	4	0	0	0	0	0	0	0	0	0	3	0	0	0	0	0	0	0	0	0	0	0	0	0	0	0	0	0
Front Neurosci	2023-10-01	10447887	83389	7059	0	7	1	2	0	0	2	2	0	15	0	2	0	0	2	0	12	0	0	1	0	0	0	0	0	0	0	0	0	0	0	0	0	0
Front Neurosci	2023-10-01	10463754	154110	13624	0	1	0	4	0	3	0	2	0	0	0	1	0	0	0	0	20	0	0	1	0	1	0	0	0	0	0	0	0	0	0	1	0	0
Front Neurosci	2023-10-01	10447893	81705	6788	0	1	0	0	0	0	0	0	0	0	0	0	0	0	0	0	8	0	0	0	0	1	0	0	0	0	0	0	0	0	0	0	0	0
Front Neurosci	2023-10-01	10488716	103669	7992	0	12	1	5	0	0	8	0	0	0	4	1	0	0	1	0	60	0	0	1	0	0	0	0	0	0	0	0	0	0	0	0	0	0
Front Neurosci	2023-10-01	10457121	274850	20920	0	9	1	0	0	0	1	1	0	1	109	10	0	3	2	0	76	0	0	2	0	0	2	0	0	0	1	0	0	2	0	0	0	0
Front Neurosci	2023-10-01	10465130	158946	14658	0	10	0	3	0	0	0	4	0	0	3	8	0	0	2	0	25	0	0	2	0	0	0	0	1	0	0	0	0	0	0	0	0	2
Front Neurosci	2023-10-01	10462487	18493	1677	1	1	0	1	0	0	0	0	0	0	0	4	0	0	0	0	4	0	0	1	0	0	0	0	0	0	0	0	1	0	0	0	0	0
Front Neurosci	2023-10-01	10452879	198832	19222	0	15	0	3	0	0	2	5	0	0	1	4	0	0	0	0	41	0	0	3	0	0	1	0	1	1	0	0	0	0	0	0	0	0
Front Neurosci	2023-10-01	10450342	110153	10348	0	2	0	0	0	0	2	0	0	5	2	6	0	0	0	0	19	0	1	0	0	0	0	0	2	0	0	1	1	0	0	0	0	0
Front Neurosci	2023-10-01	10463731	96418	8987	0	6	0	4	0	0	1	0	0	0	0	1	0	0	0	0	20	0	0	0	0	0	1	0	0	0	0	0	0	0	0	0	0	0
Front Neurosci	2023-10-01	10464620	168189	14781	0	4	0	2	0	0	3	0	0	0	0	2	0	0	1	1	46	0	0	3	0	0	0	0	0	0	0	0	0	0	0	0	0	0
Front Neurosci	2023-10-01	10448051	78290	6824	0	4	0	0	0	0	0	0	0	0	0	0	0	0	0	0	4	0	0	0	0	0	0	0	1	0	0	0	0	0	0	0	0	0
Front Neurosci	2023-10-01	10465165	99336	9259	1	5	4	0	0	0	3	0	0	0	11	8	0	0	0	0	39	0	0	5	0	0	0	0	0	0	0	0	0	0	0	0	0	0
Front Neurosci	2023-10-01	10447983	333538	24385	1	7	1	0	0	0	4	3	0	4	1	8	0	0	0	0	76	0	0	2	0	0	3	0	1	0	0	0	0	0	0	0	1	0
Front Neurosci	2023-10-01	10448959	97955	8252	0	8	1	1	0	0	0	0	0	0	9	2	0	1	1	0	56	0	0	1	0	0	0	0	0	0	0	0	0	0	0	0	0	0
Front Neurosci	2023-10-01	10447980	148928	11032	0	2	0	0	0	0	2	0	0	1	0	1	0	0	0	0	91	0	0	1	0	0	1	0	0	0	0	0	0	0	0	0	0	0
Front Neurosci	2023-10-01	10461095	130268	11074	0	4	0	1	0	0	0	1	0	0	1	7	0	0	0	0	29	0	0	0	0	0	0	0	0	0	0	0	0	1	0	0	0	0
Front Neurosci	2023-10-01	10470890	136618	10455	0	3	1	11	0	0	8	0	0	0	0	3	0	0	0	0	37	0	0	4	0	0	1	0	0	0	0	0	0	1	0	0	0	0
Front Neurosci	2023-10-01	10463762	271671	20392	0	5	1	26	0	0	5	2	0	0	2	25	0	0	0	0	121	0	0	2	0	0	0	0	0	0	0	0	0	0	0	0	0	0
Front Neurosci	2023-10-01	10466043	35663	2385	0	0	0	0	0	0	1	2	0	0	0	0	0	0	0	0	7	0	0	0	0	0	1	0	0	0	0	0	0	0	0	0	0	0
Front Neurosci	2023-10-01	10464489	81418	6066	0	1	0	2	0	0	5	2	0	0	0	9	0	0	0	0	40	0	1	5	0	0	0	0	0	0	0	0	0	0	0	0	0	0
Front Neurosci	2023-10-01	10478345	365606	23123	0	0	0	0	0	0	2	0	0	2	0	5	0	0	0	2	38	0	0	1	0	0	0	0	0	0	0	0	0	0	0	0	0	0
Front Neurosci	2023-10-01	10467274	99408	8608	0	8	1	0	0	0	1	0	0	1	0	0	0	0	0	0	9	0	0	2	0	0	0	0	0	0	0	0	0	0	0	0	0	0
Front Neurosci	2023-10-01	10469759	95070	8132	0	5	0	2	0	0	1	1	0	0	0	6	0	0	0	0	15	0	0	0	0	0	0	0	0	0	0	0	0	0	0	0	3	0
Front Neurosci	2023-10-01	10471952	13416	1305	0	0	0	0	0	0	2	0	0	0	0	1	0	0	0	0	5	0	0	9	0	0	0	0	0	0	0	0	0	0	0	0	0	0
Front Neurosci	2023-10-01	10467425	164906	13965	0	8	2	0	0	0	4	1	0	1	5	5	0	1	1	0	37	0	0	8	0	0	1	0	0	0	1	0	1	0	0	1	1	1
Front Neurosci	2023-10-01	10477367	222182	20947	0	0	0	7	0	0	0	3	0	2	1	4	0	0	0	0	115	0	0	0	0	0	0	0	0	0	0	0	0	0	0	0	0	0
Front Neurosci	2023-10-01	10476006	33290	2206	0	1	0	0	0	0	0	0	0	0	0	7	0	0	1	0	6	0	0	3	0	0	0	0	0	0	0	0	0	0	0	0	0	0
Front Neurosci	2023-10-01	10475552	113810	9866	0	6	0	0	0	0	3	8	0	0	5	8	0	0	0	0	77	0	0	3	0	0	0	0	0	0	0	0	0	0	1	0	0	0
Front Neurosci	2023-10-01	10469791	111514	10108	0	4	0	1	0	0	1	0	0	0	0	1	0	0	0	0	20	0	0	0	0	0	0	0	1	0	0	0	4	1	0	0	0	0
Front Neurosci	2023-10-01	10469704	104450	7602	0	2	0	0	0	0	0	2	0	0	1	1	0	0	0	0	41	0	0	0	0	0	0	0	0	0	0	0	0	0	0	0	0	0
Front Neurosci	2023-10-01	10478221	73910	7081	0	0	0	2	0	0	0	6	0	0	0	4	0	0	0	0	28	0	0	0	0	0	0	0	0	0	0	0	0	0	0	0	0	0
Front Neurosci	2023-10-01	10471984	11484	1055	0	1	0	1	0	0	1	0	0	0	0	0	0	0	0	0	0	0	0	1	0	0	0	0	0	0	0	0	0	0	0	0	0	0
Front Neurosci	2023-10-01	10466897	147208	10635	0	0	0	2	0	0	8	4	0	0	0	6	0	0	0	0	134	0	0	6	0	0	9	0	0	0	0	0	0	0	0	1	0	0
Front Neurosci	2023-10-01	10471312	141478	10295	0	4	0	1	0	0	3	0	0	0	0	1	0	0	0	0	32	0	0	6	0	3	0	0	0	3	0	0	0	0	1	0	0	0
Front Neurosci	2023-10-01	10477703	147422	13722	1	6	0	1	0	0	1	0	0	0	1	1	0	0	0	0	27	0	0	0	0	0	1	0	0	0	1	0	0	0	0	0	0	0
Front Neurosci	2023-10-01	10469689	230318	16832	0	4	0	0	0	0	7	0	0	0	3	6	0	0	1	0	34	0	0	3	0	2	0	0	1	0	0	0	0	0	0	0	0	0
Front Neurosci	2023-10-01	10467271	101988	9555	0	9	0	3	0	0	5	0	0	0	5	13	0	0	0	0	52	0	0	6	0	0	0	0	0	0	0	0	0	0	0	0	0	0
Front Neurosci	2023-10-01	10467273	152531	10863	0	0	0	2	0	0	2	1	0	1	0	0	0	0	1	0	2	0	0	1	0	0	0	0	0	0	0	0	1	0	0	0	0	0
Front Neurosci	2023-10-01	10469869	118389	9222	0	7	0	1	0	0	2	12	0	0	2	3	0	0	2	0	32	0	0	0	0	0	0	0	0	0	0	0	0	0	0	0	0	0
Front Neurosci	2023-10-01	10477359	156959	12665	0	6	0	0	0	0	1	2	0	0	0	2	0	0	0	0	15	0	0	2	0	0	0	0	1	0	0	0	1	0	0	0	0	0
Front Neurosci	2023-10-01	10469618	22583	2062	0	2	0	0	0	0	0	0	0	0	0	2	0	0	0	0	22	0	0	2	0	0	1	0	0	0	0	0	0	0	0	0	0	1
Front Neurosci	2023-10-01	10467422	141660	11547	0	8	0	1	0	0	1	0	0	0	1	0	0	0	1	0	19	0	0	0	0	0	0	0	0	0	0	0	0	0	0	0	0	0
Front Neurosci	2023-10-01	10477450	66232	6812	0	1	0	0	0	0	0	1	0	0	0	0	0	0	0	0	4	0	0	2	0	0	2	0	1	0	0	0	0	0	0	0	0	0
Front Neurosci	2023-10-01	10469492	107975	9737	0	11	0	0	0	0	2	4	0	7	0	2	0	0	0	0	31	0	0	0	0	0	1	0	0	0	0	0	0	0	0	0	0	0
Front Neurosci	2023-10-01	10470068	78411	6340	0	4	0	1	0	0	4	1	0	0	0	0	0	0	1	0	42	0	0	0	0	0	0	0	0	0	0	0	0	0	0	0	0	0
Front Neurosci	2023-10-01	10495987	153893	13097	0	5	0	5	0	0	1	0	0	0	10	7	0	1	0	0	35	0	0	2	0	0	0	0	0	0	0	0	1	0	0	0	0	0
Front Neurosci	2023-10-01	10481528	219328	15981	0	4	0	0	0	0	2	5	0	0	8	4	0	0	0	0	22	0	0	1	0	0	1	0	0	0	0	0	3	0	0	0	0	0
Front Neurosci	2023-10-01	10513037	152835	13648	0	11	0	1	0	0	1	7	0	0	1	0	0	0	0	0	34	0	0	3	0	0	3	0	0	0	0	0	0	0	0	0	0	0
Front Neurosci	2023-10-01	10513038	73376	6516	0	1	0	0	0	0	0	2	0	1	0	2	0	0	0	0	7	0	0	0	0	0	1	0	0	0	0	0	0	0	0	0	0	0
Front Neurosci	2023-10-01	10501447	134169	9006	0	3	0	0	0	0	5	0	0	0	0	4	0	0	0	0	11	0	0	1	0	0	0	0	0	0	0	0	2	0	0	0	0	0
Front Neurosci	2023-10-01	10493321	94855	8182	2	7	0	2	0	0	5	1	0	0	0	4	0	0	1	0	21	0	1	10	0	0	1	0	0	0	0	0	0	1	2	0	0	0
Front Neurosci	2023-10-01	10493319	111766	10657	0	7	0	3	0	0	0	4	0	1	4	2	0	0	1	0	24	0	0	0	0	0	0	0	0	0	0	0	0	0	0	0	0	0
Front Neurosci	2023-10-01	10493285	157968	13105	0	0	9	0	0	0	0	0	0	0	0	1	0	0	0	0	4	0	0	0	0	0	0	0	1	0	0	0	0	0	0	0	0	0
Front Neurosci	2023-10-01	10483824	104328	8394	0	14	0	1	0	0	0	0	0	0	26	3	0	0	2	0	12	0	0	1	0	0	0	0	0	0	0	0	1	0	0	1	0	0
Front Neurosci	2023-10-01	10505809	112283	7964	0	0	0	0	0	0	1	0	0	1	3	0	0	0	0	0	20	0	0	7	0	0	0	0	0	0	0	0	0	0	0	0	0	0
Front Neurosci	2023-10-01	10483285	115286	9400	0	13	0	2	0	0	2	1	0	0	1	0	0	0	0	0	45	0	0	2	0	0	0	0	0	0	0	0	0	0	0	0	0	0
Front Neurosci	2023-10-01	10484716	130314	8986	0	1	0	0	0	0	0	0	0	1	1	5	0	0	0	0	9	0	0	4	0	0	0	0	0	0	0	0	0	0	0	0	0	0
Front Neurosci	2023-10-01	10485368	108569	9813	0	2	0	4	0	0	0	2	0	0	15	0	0	0	0	0	18	0	0	1	0	0	0	0	1	0	0	0	0	1	0	0	0	0
Front Neurosci	2023-10-01	10499044	89809	6079	0	1	2	0	0	1	0	3	0	2	0	2	0	0	0	0	47	0	0	0	0	0	0	0	0	0	0	0	0	0	0	0	0	0
Front Neurosci	2023-10-01	10495835	101876	8910	0	11	0	0	0	0	2	1	0	0	2	4	0	1	0	0	26	0	0	0	0	0	1	0	0	0	0	0	0	0	0	0	0	0
Front Neurosci	2023-10-01	10502311	195128	13752	0	15	1	1	0	0	1	0	0	0	1	2	0	0	0	0	53	0	0	2	0	0	1	2	0	0	0	0	0	0	0	0	0	0
Front Neurosci	2023-10-01	10505819	221049	16895	0	11	0	3	0	0	1	2	0	0	2	4	0	0	1	0	102	0	0	0	0	0	0	0	1	0	0	0	0	0	0	0	0	0
Front Neurosci	2023-10-01	10484528	184407	17013	0	14	0	5	0	0	4	11	0	0	1	11	0	0	0	0	10	0	0	0	0	0	0	0	0	0	0	0	0	0	0	0	0	0
Front Neurosci	2023-10-01	10484001	93615	8100	0	3	0	1	0	0	1	0	0	0	1	1	0	0	1	0	27	0	0	1	0	1	0	0	0	0	0	0	0	0	0	0	0	0
Front Neurosci	2023-10-01	10484574	16663	1625	0	0	0	0	0	0	1	2	0	0	0	3	0	0	0	0	14	0	0	4	0	0	0	0	0	0	0	0	0	0	0	0	0	0
Front Neurosci	2023-10-01	10483571	190214	13365	0	2	0	0	0	0	2	1	0	0	0	0	0	0	0	0	45	0	1	0	0	0	0	1	0	0	0	0	0	0	0	0	0	0
Front Neurosci	2023-10-01	10498472	119531	9641	0	1	1	0	0	0	0	0	0	0	14	3	0	0	0	0	18	0	0	0	0	0	0	0	0	0	0	0	0	0	0	0	0	0
Front Neurosci	2023-10-01	10513050	18536	1850	0	2	0	1	0	0	1	0	0	0	0	1	0	0	0	0	4	0	0	2	0	0	0	0	0	0	0	0	0	0	0	0	0	0
Front Neurosci	2023-10-01	10501483	166331	14441	0	10	0	17	0	0	1	2	0	3	0	17	0	0	0	0	43	0	0	0	0	0	0	0	0	0	0	0	0	0	0	0	0	0
Front Neurosci	2023-10-01	10493293	159626	12495	0	14	1	0	0	0	0	2	0	2	1	17	0	0	0	0	50	0	0	2	0	0	1	0	0	0	0	0	0	0	0	0	0	0
Front Neurosci	2023-10-01	10507183	161178	14321	0	5	0	0	0	0	8	0	0	0	0	1	0	0	0	0	8	0	0	12	0	1	0	0	2	0	0	0	0	0	0	0	0	0
Front Neurosci	2023-10-01	10514365	100874	8092	0	2	0	1	0	0	5	3	0	0	1	0	0	0	0	0	18	0	0	0	0	0	0	0	0	0	0	0	0	0	0	0	0	0
Front Neurosci	2023-10-01	10507174	146113	10648	0	0	0	0	0	0	2	0	0	3	0	0	0	0	0	0	14	0	0	0	0	0	0	0	0	0	0	0	0	0	0	0	0	0
Front Neurosci	2023-10-01	10507717	253257	16531	0	0	1	1	0	0	1	0	0	2	0	2	0	0	0	0	11	0	0	5	0	0	0	0	0	0	0	0	0	0	0	0	0	0
Front Neurosci	2023-10-01	10514367	205623	12288	0	0	0	1	0	0	2	1	0	0	0	3	0	0	0	0	43	0	0	1	0	0	1	0	0	0	0	0	0	0	0	0	0	0
Front Neurosci	2023-10-01	10513368	110394	10217	0	3	0	0	0	0	2	1	0	0	2	2	0	0	0	0	60	0	0	1	0	0	1	0	0	0	0	0	0	0	0	0	0	0
Front Neurosci	2023-10-01	10514364	143615	11528	0	5	0	2	0	0	3	0	0	0	2	5	0	0	0	0	9	0	0	0	0	0	2	0	0	0	0	0	1	0	0	0	0	0
Front Neurosci	2023-10-01	10512703	163900	14907	0	8	0	3	0	0	0	18	0	7	2	2	0	0	0	0	89	0	0	1	0	0	0	0	0	0	0	0	0	0	1	0	0	0
Front Neurosci	2023-10-01	10512739	158891	12501	0	3	0	1	0	0	0	1	0	1	13	1	0	0	0	0	23	0	0	3	0	0	1	2	0	0	0	0	0	0	0	0	1	0
Front Neurosci	2023-10-01	10507252	93640	7042	0	4	0	2	0	0	0	3	0	0	0	2	0	0	0	0	34	0	0	0	0	0	0	0	0	0	0	0	0	0	0	1	0	0
Front Neurosci	2023-10-01	10513752	102429	9010	0	11	0	0	0	1	1	0	0	1	12	2	0	0	0	0	11	0	0	2	0	0	0	0	0	0	0	0	0	0	0	0	0	0
Front Neurosci	2023-10-01	10508341	111106	9969	0	0	1	0	0	0	1	5	0	3	1	2	0	0	0	0	37	0	0	2	0	0	0	0	0	0	0	0	0	0	0	0	0	0
Front Neurosci	2023-10-01	10509282	20451	1842	0	0	0	1	0	0	1	2	0	0	0	0	0	0	0	0	9	0	0	0	0	0	0	0	0	0	0	0	0	0	0	0	0	0
Front Neurosci	2023-10-01	10508350	185668	14262	0	3	0	0	0	0	3	5	0	0	3	3	0	0	1	0	29	0	0	21	0	0	1	0	0	3	0	0	1	0	0	0	1	0
Front Neurosci	2023-10-01	10512834	109210	8992	0	2	0	5	0	0	2	0	0	0	2	1	0	0	0	0	46	0	1	0	0	0	0	0	0	0	0	0	0	0	0	0	0	0
Front Neurosci	2023-10-01	10513097	17112	1620	0	2	1	0	0	0	1	1	0	0	1	2	0	0	0	0	8	0	0	0	0	0	0	0	0	0	0	0	0	0	0	0	0	0
Front Neurosci	2023-10-01	10512718	73608	5845	0	7	0	3	0	0	1	0	0	0	0	1	0	0	0	0	47	0	0	1	0	0	0	2	0	0	0	0	0	0	0	0	0	0
Front Neurosci	2023-10-01	10512725	164916	9649	0	0	0	0	0	0	1	0	0	0	0	1	0	0	0	0	11	0	0	0	0	0	0	0	0	0	0	0	0	0	0	0	0	0
Front Neurosci	2023-10-01	10508352	214116	14430	0	4	1	1	0	0	1	1	0	0	8	2	0	0	0	0	50	0	0	7	0	1	1	0	0	0	0	0	1	1	0	0	0	0
Front Neurosci	2023-10-01	10514352	104617	9031	0	4	0	7	0	0	1	0	0	0	7	5	0	0	0	0	89	0	0	0	0	0	0	3	2	0	0	0	0	0	0	0	0	0
Front Neurosci	2023-10-01	10507180	220568	17256	0	1	0	0	0	0	4	4	0	0	1	10	0	0	0	0	62	0	1	2	0	0	0	1	0	0	0	0	1	0	0	0	0	0
Front Neurosci	2023-10-01	10512710	144438	10093	0	4	0	0	0	0	4	5	0	0	1	1	0	0	2	0	55	0	0	7	0	0	3	0	0	0	0	0	0	0	0	0	1	0
Front Neurosci	2023-10-01	10512944	138821	11502	0	0	0	0	0	0	0	0	0	0	1	1	0	0	0	0	7	0	0	1	0	0	0	0	0	0	0	0	0	0	0	0	0	0
Front Neurosci	2023-10-01	10508346	126115	9510	2	0	0	0	0	0	8	0	0	0	0	1	0	0	1	1	10	0	0	10	0	0	0	0	0	0	0	0	0	0	0	0	0	0
Front Neurosci	2023-10-01	10508348	146533	15064	0	7	0	2	0	0	7	17	0	1	2	13	0	0	0	0	42	0	0	5	0	0	0	0	0	0	0	0	0	0	0	0	0	63
Front Neurosci	2023-10-01	10540236	224402	15330	0	4	1	1	0	0	3	0	0	0	3	16	0	0	0	0	29	0	0	5	0	0	0	2	0	0	0	0	0	0	0	1	0	0
Front Neurosci	2023-10-01	10534979	117243	10630	0	1	0	0	0	0	2	0	0	0	0	3	0	0	1	0	47	0	0	0	0	0	1	0	0	0	0	0	0	0	0	0	0	0
Front Neurosci	2023-10-01	10536155	150505	10081	0	1	0	0	0	0	4	0	0	0	0	1	0	0	0	0	17	0	0	3	0	0	0	0	0	0	0	0	0	0	0	0	0	0
Front Neurosci	2023-10-01	10536255	116114	9249	0	0	0	1	0	0	1	0	0	0	1	0	0	0	0	0	10	0	1	1	0	0	0	0	1	0	0	0	0	0	0	0	0	0
Front Neurosci	2023-10-01	10561692	185187	15499	0	9	1	1	0	0	0	0	0	3	1	5	0	0	0	0	21	0	1	5	0	0	0	0	0	0	0	0	1	0	0	0	0	0
Front Neurosci	2023-10-01	10520969	124071	11463	0	7	1	1	0	0	0	0	0	0	2	2	0	0	0	0	79	0	0	1	0	0	0	1	1	0	0	0	0	0	0	0	0	0
Front Neurosci	2023-10-01	10520970	90063	9168	0	9	0	0	0	0	0	1	0	0	0	0	0	0	0	0	18	0	0	1	0	0	0	0	1	0	0	0	0	0	0	0	0	0
Front Neurosci	2023-10-01	10540190	91626	7712	0	2	0	1	0	0	0	10	0	0	0	5	0	0	0	0	92	0	0	0	0	0	0	1	0	0	0	0	0	0	0	0	0	0
Front Neurosci	2023-10-01	10540302	121081	9887	0	5	1	3	0	0	0	2	0	0	3	7	0	0	1	1	43	0	0	2	0	0	0	0	0	0	0	0	0	0	0	0	0	0
Front Neurosci	2023-10-01	10520698	76813	6952	0	3	0	0	0	0	1	1	0	0	1	1	0	0	0	0	20	0	0	2	0	0	1	0	0	0	0	0	0	0	0	0	0	0
Front Neurosci	2023-10-01	10536163	252912	17462	0	5	0	2	0	0	5	8	0	0	1	2	0	0	0	0	45	0	0	6	0	0	1	2	0	0	0	0	0	0	0	1	0	0
Front Neurosci	2023-10-01	10535348	89435	7936	0	3	0	8	0	0	0	7	0	0	0	1	0	0	0	0	42	0	0	0	0	0	0	0	0	0	0	0	0	1	0	0	0	0
Front Neurosci	2023-10-01	10523344	34237	3071	0	0	0	2	0	0	5	3	0	0	0	5	0	0	0	0	25	0	0	4	0	0	0	0	0	0	0	0	0	0	0	0	0	0
Front Neurosci	2023-10-01	10540225	213589	15231	0	9	0	8	0	0	1	6	0	4	14	5	0	1	0	0	69	0	0	0	0	0	1	0	0	0	0	0	0	0	0	0	0	0
Front Neurosci	2023-10-01	10536259	99825	10256	0	10	0	10	0	0	0	1	0	0	0	4	0	0	1	0	49	0	0	0	0	0	0	0	0	0	0	0	0	0	0	1	0	0
Front Neurosci	2023-10-01	10536277	83152	7403	0	4	0	4	0	0	0	1	0	0	0	1	0	0	0	0	34	0	0	0	0	0	0	0	0	0	0	0	0	0	0	0	0	0
Front Neurosci	2023-10-01	10520870	111956	9298	0	9	0	4	0	0	1	1	0	0	1	11	0	0	2	0	42	0	0	0	0	0	0	0	0	0	0	0	0	0	0	0	0	0
Front Neurosci	2023-10-01	10534037	80433	8301	0	2	0	2	0	0	1	0	0	0	0	0	0	0	0	0	59	0	0	0	0	0	0	0	0	0	0	0	0	0	0	0	0	0
Front Neurosci	2023-10-01	10540309	99366	9163	0	2	1	1	0	0	1	0	0	1	0	0	0	0	0	0	23	0	1	4	0	0	0	0	0	0	0	0	0	2	0	0	0	0
Front Neurosci	2023-10-01	10525310	142832	11813	0	3	0	0	0	0	2	0	0	0	5	0	0	0	0	0	18	0	0	0	0	0	0	0	0	0	0	0	0	0	0	0	0	0
Front Neurosci	2023-10-01	10543259	16067	1599	0	1	0	0	0	0	0	0	0	0	0	0	0	0	0	0	1	0	0	8	0	0	0	0	0	0	0	0	0	0	0	0	0	0
Front Neurosci	2023-10-01	10545898	75284	6674	0	0	0	0	0	0	2	2	0	0	1	4	0	0	0	0	36	0	0	0	0	0	0	0	0	0	0	0	0	0	0	0	2	0
Front Neurosci	2023-10-01	10535056	13569	1249	0	0	0	0	0	0	0	0	0	0	0	0	0	0	0	0	1	0	0	0	0	0	0	0	0	0	0	0	0	0	0	0	0	0
Front Neurosci	2023-10-01	10543095	217537	18399	0	6	0	7	0	0	13	0	0	1	3	4	0	0	1	0	43	0	0	0	0	0	0	0	0	0	0	0	0	0	2	0	0	0
Front Neurosci	2023-10-01	10541503	16141	1298	0	0	0	0	0	0	0	0	0	0	0	1	0	0	0	0	3	0	0	1	0	0	0	0	0	0	0	0	0	0	0	0	0	0
Front Neurosci	2023-10-01	10552635	12612	1264	0	0	0	0	0	0	1	0	0	0	0	1	0	0	0	0	4	0	0	2	0	0	1	0	0	0	0	0	0	0	0	0	0	0
Front Neurosci	2023-10-01	10552636	22418	2226	0	7	0	0	0	0	0	1	0	0	0	2	0	0	0	0	25	0	0	2	0	0	0	0	0	0	0	0	0	0	0	0	0	0
Front Neurosci	2023-10-01	10551127	124261	10344	0	11	0	1	0	0	3	4	0	1	3	10	0	0	1	0	57	0	0	3	0	2	1	0	0	0	0	0	0	1	0	0	0	0
Front Neurosci	2023-10-01	10556240	80248	7010	0	7	0	3	0	2	1	1	0	0	0	2	0	0	1	1	1	0	0	15	0	0	23	0	0	0	1	0	0	0	1	0	0	0
Front Neurosci	2023-10-01	10556504	101410	6882	0	0	0	0	0	0	3	0	0	1	2	1	0	0	0	0	19	0	0	1	0	0	1	0	0	0	0	0	0	0	1	0	0	0
Front Neurosci	2023-10-01	10556246	69847	6389	0	1	0	0	0	0	0	0	0	4	0	0	0	0	0	0	11	0	0	2	0	0	0	0	0	0	0	0	0	0	0	0	0	0
Front Neurosci	2023-10-01	10551141	103435	8676	0	5	0	2	0	0	1	5	0	1	2	6	0	1	1	0	62	0	0	4	0	0	0	0	0	0	0	0	0	0	0	0	0	0
Front Neurosci	2023-10-01	10543660	95196	8601	0	1	0	0	0	0	0	0	0	0	4	0	0	0	0	0	13	0	1	0	0	0	1	0	1	0	0	0	0	0	0	0	0	0
Front Neurosci	2023-10-01	10544912	250491	18131	0	7	0	8	0	0	5	1	0	0	1	0	0	0	0	0	173	0	0	1	0	1	1	0	0	0	0	0	0	0	0	0	0	0
Front Neurosci	2023-10-01	10544348	133891	11693	0	1	1	3	0	0	1	1	0	1	0	1	0	0	0	0	38	0	0	0	0	0	0	0	0	0	0	0	0	0	0	0	0	0
Front Neurosci	2023-10-01	10547885	161940	14857	0	9	0	0	0	0	5	1	0	0	0	0	0	0	0	0	3	0	0	2	0	0	0	0	1	0	0	0	0	0	0	0	0	0
Front Neurosci	2023-10-01	10543688	104052	10165	0	11	1	2	0	1	1	20	0	9	1	1	0	0	0	0	43	0	0	2	0	0	0	0	0	0	0	0	0	0	0	0	0	0
Front Neurosci	2023-10-01	10547875	128667	10990	0	7	0	0	0	0	0	2	0	0	3	8	0	0	0	0	46	0	0	2	0	0	0	0	0	0	0	0	0	0	0	0	0	0
Front Neurosci	2023-10-01	10556702	120857	11246	0	5	1	6	0	0	0	0	0	0	14	0	0	0	2	1	92	0	0	2	0	0	0	0	0	0	0	0	0	0	0	0	0	0
Front Neurosci	2023-10-01	10544353	277486	19195	4	0	2	0	0	0	0	0	0	0	1	0	0	0	0	1	9	1	0	0	0	0	0	0	0	0	0	0	0	0	0	0	0	0
Front Neurosci	2023-10-01	10545960	88174	9008	0	2	0	3	0	0	1	1	0	0	0	5	0	0	0	0	43	0	0	0	0	0	2	0	0	0	0	0	0	0	0	0	0	0
Front Neurosci	2023-10-01	10546067	202742	11240	1	0	0	2	0	0	2	7	0	1	0	3	0	0	0	0	25	0	0	2	0	0	0	0	0	0	0	0	0	0	0	0	0	0
Front Neurosci	2023-10-01	10551172	112929	9534	0	8	0	0	0	0	5	3	0	0	0	1	0	0	0	0	48	0	0	2	0	0	0	0	0	0	0	0	0	0	1	0	0	0
Front Neurosci	2023-10-01	10547883	108762	9690	0	1	0	0	0	0	2	0	0	0	5	9	0	1	1	0	12	0	1	1	0	0	0	0	0	0	1	0	2	0	0	0	0	0
Front Neurosci	2023-10-01	10545846	31806	2127	1	2	0	0	0	0	0	0	0	0	0	1	0	0	0	0	9	0	0	1	0	0	0	0	0	0	0	0	0	0	0	0	0	0
Front Neurosci	2023-10-01	10545962	58569	4974	0	0	0	0	0	0	0	2	0	0	0	0	0	0	0	0	12	0	0	1	0	0	0	0	0	0	0	0	0	0	0	0	0	0
Front Neurosci	2023-10-01	10552919	110731	10253	0	5	0	1	0	0	0	0	0	0	3	1	0	0	0	0	13	0	0	2	0	0	1	0	0	0	1	0	0	0	0	0	0	0
Front Neurosci	2023-10-01	10546033	148196	12975	0	3	1	0	0	0	6	0	0	0	0	1	0	0	0	0	9	0	0	2	0	0	0	0	0	0	1	0	0	0	0	0	0	0
Front Neurosci	2023-10-01	10547902	124838	11299	1	11	0	7	0	0	4	1	0	0	1	2	0	0	0	0	40	0	0	1	0	0	0	0	0	0	0	0	0	0	0	0	0	2
Front Neurosci	2023-10-01	10552924	128591	9675	0	10	0	1	0	0	4	5	0	0	0	4	0	0	0	0	25	0	0	5	0	0	0	0	0	0	0	0	0	0	0	0	0	0
Front Neurosci	2023-10-01	10564988	220371	16073	0	4	0	0	0	0	1	0	0	0	3	4	0	0	0	0	21	0	0	1	0	0	0	0	0	0	0	0	0	0	0	0	0	0
Front Neurosci	2023-10-01	10568627	129205	12145	1	7	1	1	0	0	9	7	0	1	7	4	0	0	1	0	47	0	1	8	0	0	1	0	1	0	0	0	1	0	0	0	0	0
Front Neurosci	2023-10-01	10565802	105451	9850	0	0	1	0	0	0	7	0	0	0	1	2	0	0	1	0	16	0	0	7	0	0	3	0	0	0	0	0	0	0	0	0	0	0
Front Neurosci	2023-10-01	10568482	216663	12819	0	1	0	3	0	0	0	2	0	2	2	0	0	0	0	0	11	0	0	1	0	0	0	0	0	0	0	0	0	0	0	0	0	0
Front Neurosci	2023-10-01	10568032	185118	16981	0	9	0	4	0	2	0	0	0	3	2	2	0	0	0	0	47	0	0	1	0	0	0	0	0	0	0	0	0	0	0	0	0	0
Front Neurosci	2023-10-01	10565352	100335	9872	0	3	0	0	0	0	1	4	0	0	3	3	0	0	0	0	15	0	0	1	0	0	3	0	0	0	0	0	0	0	0	0	0	0
Front Neurosci	2023-10-01	10565859	160346	16767	0	10	1	5	0	0	2	0	0	0	4	5	0	2	1	0	44	0	0	0	0	0	1	0	0	0	0	0	0	0	0	0	0	1
Front Neurosci	2023-10-01	10561385	69777	6160	0	6	0	0	0	0	0	0	0	0	0	0	0	0	1	0	21	0	0	0	0	0	0	0	0	0	0	0	1	0	1	0	0	0
Front Neurosci	2023-10-01	10563817	150458	13557	0	5	3	2	0	0	4	0	0	0	0	2	0	0	1	1	25	1	1	5	0	0	0	0	0	0	0	0	0	0	0	0	0	0
Front Neurosci	2023-10-01	10560758	80702	6555	0	6	0	4	0	0	0	8	0	0	0	0	0	0	0	0	9	0	1	1	0	0	0	0	0	0	0	0	0	0	0	0	0	0
Front Neurosci	2023-10-01	10570420	125234	11203	0	8	0	3	0	0	0	1	0	0	2	7	0	1	0	0	37	0	0	1	0	0	0	0	0	0	0	0	0	0	0	0	0	2
Front Neurosci	2023-10-01	10564985	114534	8968	0	0	3	1	0	0	1	1	0	0	6	2	0	0	1	0	7	0	0	1	0	0	0	0	0	0	0	0	0	0	0	0	0	0
Front Neurosci	2023-10-01	10562683	14000	1495	1	1	0	2	0	0	3	1	0	0	0	2	0	0	0	0	10	0	0	1	0	0	0	0	0	0	0	0	0	0	0	0	0	0
Front Neurosci	2023-10-01	10568456	46259	4056	0	2	0	1	0	0	0	0	0	0	0	0	0	0	0	0	5	0	0	0	0	0	0	0	0	0	0	0	0	0	0	0	0	0
Front Neurosci	2023-10-01	10560759	110608	10884	0	11	1	3	0	0	3	3	0	0	2	1	0	0	0	0	35	0	0	1	0	0	0	0	0	0	0	0	0	0	0	0	0	0
Front Neurosci	2023-10-01	10568031	104813	8465	0	5	0	2	0	0	1	2	0	3	7	1	0	0	0	0	32	0	0	1	0	0	0	0	1	0	0	0	0	0	0	0	0	0
Front Neurosci	2023-10-01	10570536	132750	11786	0	23	1	0	0	0	6	9	0	0	2	7	0	0	1	1	41	0	0	16	0	1	2	2	0	0	0	0	0	0	0	0	0	0
Front Neurosci	2023-10-01	10570825	21796	1759	0	0	0	1	0	0	3	1	0	0	0	1	0	0	0	0	9	0	0	0	0	0	0	0	0	0	0	0	0	0	0	0	0	0
Front Neurosci	2023-10-01	10561308	7996	660	0	0	0	0	0	0	0	0	0	0	0	0	0	0	0	0	0	0	0	0	0	0	0	0	0	0	0	0	0	0	0	0	0	0
Front Neurosci	2023-10-01	10565827	167529	12952	0	13	0	4	0	0	1	6	0	0	6	23	0	1	1	0	69	0	0	3	0	0	0	0	0	0	0	0	0	0	0	0	0	0
Front Neurosci	2023-10-01	10569694	95767	8836	0	9	0	6	0	0	2	2	0	0	11	1	0	0	0	0	26	0	0	3	0	0	0	0	0	0	0	0	0	0	0	0	0	0
Front Neurosci	2023-10-01	10565650	27322	2226	0	1	0	0	0	0	0	0	0	0	0	1	0	0	0	0	8	0	0	1	0	0	0	0	0	0	0	0	0	0	0	0	0	0
Front Neurosci	2023-10-01	10569174	98402	8044	0	5	1	2	0	0	3	4	0	0	0	2	0	0	0	0	19	0	0	1	0	0	0	0	0	0	0	0	0	0	0	0	0	1
Front Neurosci	2023-10-01	10565647	8090	638	0	0	0	0	0	0	0	0	0	0	0	0	0	0	0	0	0	0	0	0	0	0	0	0	0	0	0	0	0	0	0	0	0	0
Front Neurosci	2023-10-01	10570423	88802	7778	0	8	0	1	0	0	3	0	0	0	0	2	0	0	0	0	26	0	0	0	0	0	0	0	0	0	0	0	0	0	0	0	0	0
