journal	date	pmc_id	Nchars	Nwords	delve	analyse	acknowledge	assess	appraise	dissect	explore	examine	extricate	expose	estimate	investigate	inquire	inspect	interpret	scrutinise	study	unearth	uncover	understand	ponder	research	reason	retrieve	avoid	discount	disregard	dismiss	ignore	neglect	overlook	omit	skip	reject
Heliyon	2024-01-01	10582302	121712	10791	0	10	1	7	0	0	2	11	0	0	1	4	0	0	4	0	87	0	0	1	0	0	0	1	0	0	0	0	0	0	0	0	0	0
Heliyon	2024-01-01	10582509	89902	8986	0	5	0	5	0	0	5	5	0	0	9	4	0	0	1	0	25	0	0	0	0	0	0	0	0	0	0	0	0	0	0	0	0	0
Heliyon	2024-01-01	10585228	130933	10153	0	21	0	2	0	0	2	5	0	0	7	4	0	0	4	0	54	0	0	1	0	1	0	1	0	0	0	0	0	0	0	0	0	0
Heliyon	2024-01-01	10582297	56815	5429	0	0	0	1	0	0	0	0	0	0	2	1	1	0	0	0	17	0	0	0	0	0	0	0	0	0	0	0	0	0	0	0	0	0
Heliyon	2024-01-01	10585329	119802	10841	0	13	0	0	0	1	2	0	0	0	0	3	0	0	1	0	34	0	0	5	0	0	0	0	0	0	0	0	0	0	0	0	0	0
Heliyon	2024-01-01	10585281	61290	4833	1	2	1	3	3	0	1	3	0	0	3	0	0	0	0	0	13	0	0	2	0	0	1	0	0	1	0	0	0	0	0	0	0	0
Heliyon	2024-01-01	10589774	105295	9251	0	6	0	1	0	0	0	0	0	0	0	0	0	0	4	0	25	0	0	0	0	0	0	0	0	0	0	0	0	0	0	0	0	0
Heliyon	2024-01-01	10582402	193413	17253	0	16	0	0	0	0	16	0	0	0	6	4	0	0	1	0	49	0	0	0	0	0	0	0	1	0	0	0	0	1	0	0	0	0
Heliyon	2024-01-01	10616153	110529	10732	0	14	0	3	0	0	2	2	0	0	0	8	0	0	1	0	22	0	0	1	0	0	0	0	0	0	0	0	0	0	0	0	0	0
Heliyon	2024-01-01	10590800	46401	4048	0	3	1	1	0	0	1	4	0	0	1	0	0	0	0	0	22	0	0	2	0	0	0	0	0	0	0	0	0	0	0	0	0	0
Heliyon	2024-01-01	10582380	69580	6449	0	0	0	1	0	0	1	0	0	0	0	1	0	0	0	0	5	0	0	0	0	0	0	0	2	0	0	0	0	0	0	0	0	0
Heliyon	2024-01-01	10585212	49632	4456	0	1	1	7	0	0	1	0	0	0	0	0	0	0	1	0	19	0	0	1	0	0	0	0	1	0	0	0	0	0	0	2	0	0
Heliyon	2024-01-01	10582492	97523	8799	0	9	0	0	0	0	0	0	0	0	0	0	0	0	0	0	16	0	0	1	0	0	0	1	0	0	0	0	0	0	0	0	0	0
Heliyon	2024-01-01	10582313	101135	6345	0	3	0	1	0	0	2	2	0	0	3	1	0	0	1	0	25	0	0	0	0	0	0	0	0	0	0	0	1	0	0	0	0	0
Heliyon	2024-01-01	10582395	47821	4844	0	7	0	0	0	0	0	0	0	0	0	2	0	0	0	0	18	0	0	0	0	0	0	0	0	0	0	0	0	0	0	0	0	0
Heliyon	2024-01-01	10568116	78704	7906	0	8	1	1	0	0	2	0	0	0	0	2	0	0	2	0	21	0	0	0	0	0	0	0	0	0	0	0	0	0	0	0	0	0
Heliyon	2024-01-01	10582476	79374	6858	0	2	0	3	0	0	1	0	0	0	6	0	0	0	0	0	38	0	0	0	0	0	1	0	1	0	0	0	0	0	0	0	0	0
Heliyon	2024-01-01	10582494	214821	17244	0	6	0	1	0	0	33	2	0	0	1	4	0	0	0	0	121	0	0	6	0	0	2	0	0	0	0	0	0	0	0	0	0	0
Heliyon	2024-01-01	10589770	62029	6028	0	4	0	4	0	0	1	0	0	0	0	2	0	0	2	0	22	0	0	0	0	0	1	0	0	0	0	0	0	0	0	0	0	0
Heliyon	2024-01-01	10582493	102203	9231	0	0	0	2	0	0	0	4	0	3	0	7	0	0	0	0	19	0	0	0	0	0	0	0	1	0	0	0	0	0	0	0	0	0
Heliyon	2024-01-01	10569952	117753	9665	0	2	0	3	0	0	5	9	0	0	3	0	0	0	0	0	40	0	0	1	0	0	1	0	0	0	0	0	0	0	0	1	0	2
Heliyon	2024-01-01	10582505	67164	5834	0	0	1	0	0	0	0	1	0	0	0	2	0	0	0	0	13	0	0	0	0	0	0	0	0	0	0	0	0	0	0	0	0	0
Heliyon	2024-01-01	10582305	74163	6483	0	14	0	0	0	0	9	0	0	0	1	1	0	0	0	0	32	0	0	1	0	0	0	0	0	0	0	0	0	0	0	0	0	0
Heliyon	2024-01-01	10682548	157421	14170	0	3	0	2	0	0	5	1	0	0	5	4	0	0	0	0	47	0	0	8	0	2	5	0	3	0	0	0	0	0	0	1	0	0
Heliyon	2024-01-01	10589778	147193	13141	1	13	0	2	0	0	30	10	0	0	0	18	0	0	1	0	112	0	0	1	0	1	1	0	0	0	0	0	0	0	0	0	0	0
Heliyon	2024-01-01	10590777	129476	9790	0	3	0	8	0	0	0	0	0	0	0	1	0	0	0	0	16	0	0	0	0	0	1	0	0	0	0	0	0	0	0	0	0	0
Heliyon	2024-01-01	10590934	71534	6132	0	0	1	0	0	0	4	0	0	1	0	0	0	0	0	0	12	0	0	2	0	0	0	0	0	0	0	0	0	0	0	0	0	0
Heliyon	2024-01-01	10590782	141718	13689	1	8	1	1	0	0	12	0	0	3	1	4	0	0	0	0	71	0	1	7	0	0	0	0	0	0	0	0	1	0	0	0	0	0
Heliyon	2024-01-01	10597825	77065	7428	0	3	1	5	0	0	2	2	0	0	0	4	0	0	1	0	37	0	0	5	0	0	0	0	0	0	0	0	0	0	1	0	0	0
Heliyon	2024-01-01	10597833	92730	8130	0	11	1	3	0	0	0	0	0	0	0	4	0	0	0	0	45	0	0	0	0	0	0	0	1	0	0	0	0	0	0	0	0	0
Heliyon	2024-01-01	10590940	89220	7026	0	1	0	0	0	0	1	0	0	0	2	2	0	0	0	0	11	0	0	0	0	2	0	0	1	0	1	0	3	1	0	0	0	0
Heliyon	2024-01-01	10616338	77991	7401	1	5	0	3	0	0	4	2	0	0	0	2	0	0	0	0	16	0	0	2	0	0	0	0	0	0	0	0	0	0	0	0	0	0
Heliyon	2024-01-01	10590799	96075	8942	0	17	0	0	0	0	6	2	0	0	1	4	0	0	1	0	15	0	0	0	0	0	1	0	0	0	0	0	0	0	0	0	0	0
Heliyon	2024-01-01	10590794	129343	10959	0	13	2	4	0	0	5	6	0	0	0	2	0	0	0	0	45	0	1	4	0	0	0	0	0	0	0	0	0	2	0	0	0	0
Heliyon	2024-01-01	10597766	80333	6499	0	6	0	13	0	0	1	2	0	0	1	1	0	0	0	0	28	0	0	0	0	0	0	0	0	0	0	0	1	0	0	0	0	0
Heliyon	2024-01-01	10618426	91507	7450	0	2	1	1	0	0	1	4	0	0	1	6	0	1	2	0	15	0	0	1	0	0	0	0	0	0	0	0	0	0	0	0	0	0
Heliyon	2024-01-01	10618553	137500	11202	0	8	0	0	0	0	0	1	0	0	2	1	0	0	4	0	10	0	0	0	0	3	0	0	1	0	0	0	0	0	0	0	0	0
Heliyon	2024-01-01	10590788	148913	13600	0	10	1	2	0	0	3	10	0	0	0	11	0	0	0	0	98	0	0	28	0	1	6	0	0	0	0	0	0	0	0	0	0	0
Heliyon	2024-01-01	10597818	61055	6274	0	1	0	2	0	0	0	0	0	0	1	0	0	0	0	0	26	0	0	0	0	0	1	0	2	0	0	0	0	0	0	0	0	0
Heliyon	2024-01-01	10597761	87396	7287	0	0	0	0	0	0	1	2	0	0	1	3	0	0	0	0	18	0	0	0	0	0	0	0	0	0	0	0	0	0	0	0	0	0
Heliyon	2024-01-01	10590803	154714	9421	0	5	0	0	0	0	4	0	0	0	0	7	0	0	0	0	15	0	0	0	0	0	0	0	0	0	0	0	1	0	0	0	0	0
Heliyon	2024-01-01	10590957	142644	11067	0	2	0	1	0	0	0	1	0	3	0	2	0	0	0	0	18	0	0	0	0	0	0	1	0	0	0	0	0	0	0	0	0	0
Heliyon	2024-01-01	10623177	139944	12712	0	6	1	10	0	1	5	3	0	0	2	2	0	0	2	0	54	0	0	8	0	0	0	0	0	0	0	0	1	0	0	0	0	1
Heliyon	2024-01-01	10616152	120891	8080	0	3	0	2	0	0	5	1	0	0	11	1	0	0	2	0	16	0	0	0	0	0	0	0	0	0	0	0	2	0	0	0	0	0
Heliyon	2024-01-01	10597824	62123	6069	0	12	0	0	0	0	0	0	0	0	0	0	0	0	0	0	21	0	0	0	0	0	0	0	0	0	0	0	0	0	0	0	0	0
Heliyon	2024-01-01	10590958	88546	8132	0	5	0	0	0	0	1	1	0	3	0	1	0	0	0	0	16	0	0	2	0	0	0	0	0	0	0	0	0	0	0	0	0	0
Heliyon	2024-01-01	10590942	109345	11378	0	8	0	1	0	0	13	4	0	0	0	0	1	0	0	0	58	0	0	13	0	0	0	1	0	0	0	0	0	1	1	0	0	0
Heliyon	2024-01-01	10623176	74552	7583	0	3	0	0	0	0	0	2	0	0	2	2	0	0	0	0	19	0	0	1	0	0	0	0	0	0	0	0	0	0	0	0	0	0
Heliyon	2024-01-01	10597816	119860	11819	0	8	0	4	0	0	7	2	0	0	0	2	1	0	1	0	44	0	0	7	0	0	1	3	0	0	0	0	1	1	1	0	0	0
Heliyon	2024-01-01	10616332	84564	7207	0	2	0	0	0	0	0	0	0	0	1	0	0	0	0	0	11	0	0	0	0	0	0	0	2	0	0	0	0	0	0	0	0	0
Heliyon	2024-01-01	10722321	120493	10458	0	2	0	3	0	0	2	6	0	2	1	1	0	0	0	0	21	0	0	0	0	0	0	0	0	0	0	0	0	0	0	0	0	0
Heliyon	2024-01-01	10632703	169706	16254	1	7	3	4	0	0	12	15	0	0	1	10	0	0	0	0	78	0	0	7	0	1	1	1	0	0	0	0	0	0	0	1	0	0
Heliyon	2024-01-01	10722311	5690	419	0	0	0	0	0	0	0	0	0	0	1	0	0	0	0	0	0	0	0	0	0	0	0	0	0	0	0	0	0	0	0	0	0	0
Heliyon	2024-01-01	10641134	78680	6300	0	0	0	1	0	0	0	0	0	0	1	1	0	0	1	0	25	0	0	0	0	0	0	0	0	0	0	0	0	0	0	0	0	0
Heliyon	2024-01-01	10622645	139412	12904	0	1	0	6	4	0	4	1	0	1	4	0	0	0	0	0	56	0	1	8	0	0	0	0	0	0	0	0	3	0	2	0	0	0
Heliyon	2024-01-01	10637921	70096	6021	0	5	0	1	0	0	0	1	0	0	0	3	0	0	2	0	25	0	0	0	0	0	0	0	0	0	0	0	0	0	0	0	0	0
Heliyon	2024-01-01	10663756	88211	8697	1	2	0	1	0	0	0	2	0	0	0	5	0	0	1	0	23	0	0	0	0	0	0	0	0	0	0	0	0	0	0	0	0	0
Heliyon	2024-01-01	10722312	3287	223	0	0	0	0	0	0	0	0	0	0	0	0	0	0	0	0	0	0	0	0	0	0	0	0	0	0	0	0	0	0	0	0	0	0
Heliyon	2024-01-01	10641119	62965	5424	0	3	0	0	0	0	1	0	0	2	1	2	0	0	0	0	16	0	1	0	0	0	1	0	0	0	0	0	0	0	0	0	0	0
Heliyon	2024-01-01	10663733	75574	8555	0	4	0	1	0	0	3	2	0	0	0	0	0	0	7	0	5	0	0	6	0	0	3	0	5	0	0	0	1	0	0	0	0	0
Heliyon	2024-01-01	10628697	96998	8244	0	3	0	0	0	0	0	0	0	0	2	2	0	0	0	0	4	0	0	0	0	0	1	0	0	0	0	0	0	0	0	0	0	0
Heliyon	2024-01-01	10641129	111301	7982	0	3	0	0	0	0	1	1	0	0	11	0	0	0	0	0	11	0	0	0	0	0	0	0	0	0	0	0	0	1	0	0	0	0
Heliyon	2024-01-01	10643100	82848	8203	0	4	0	0	0	0	0	3	0	0	19	1	0	0	1	0	47	0	0	4	0	0	1	0	0	0	0	0	0	0	0	0	0	0
Heliyon	2024-01-01	10641115	110292	11702	0	11	0	4	0	0	5	8	0	1	0	10	0	0	0	0	43	0	0	3	0	1	0	0	0	0	0	0	0	0	0	0	0	0
Heliyon	2024-01-01	10637918	112119	10625	2	16	1	2	0	1	2	2	0	1	1	8	0	0	2	0	26	0	1	2	0	0	0	2	0	0	0	0	0	0	0	0	0	0
Heliyon	2024-01-01	10641130	84220	7832	0	1	0	2	0	0	0	0	0	2	4	2	0	0	0	0	22	0	0	5	0	0	0	0	0	0	0	0	0	0	0	0	0	0
Heliyon	2024-01-01	10643293	109443	9963	1	14	1	3	0	0	7	3	0	1	3	8	0	0	0	0	29	0	0	7	0	0	8	0	0	0	2	0	1	1	0	0	0	0
Heliyon	2024-01-01	10632517	71686	6927	0	2	0	0	0	0	0	0	0	0	7	1	0	0	0	0	11	0	0	0	0	0	1	0	0	0	0	0	0	0	0	0	0	0
Heliyon	2024-01-01	10628656	62793	6577	0	10	0	0	0	0	0	1	0	0	2	0	0	0	0	0	31	0	0	1	0	0	0	0	0	0	0	0	0	0	0	0	0	0
Heliyon	2024-01-01	10632681	67854	6390	0	2	0	8	0	0	2	1	0	0	0	0	0	0	1	0	18	0	0	0	0	0	2	0	0	0	0	0	0	0	0	0	0	0
Heliyon	2024-01-01	10622688	121007	10488	0	0	0	8	0	0	0	0	0	31	1	0	0	0	0	0	50	0	0	2	0	0	0	0	0	0	0	0	0	0	0	0	0	0
Heliyon	2024-01-01	10623284	91440	8996	0	5	0	2	0	0	0	2	0	0	1	1	0	0	0	0	34	0	0	1	0	0	0	0	0	0	0	0	0	0	0	0	0	0
Heliyon	2024-01-01	10641179	140522	12284	0	11	0	0	0	0	1	8	0	0	19	1	0	0	1	0	65	0	0	1	0	1	0	0	0	0	0	0	0	0	0	0	0	2
Heliyon	2024-01-01	10643093	85908	7175	0	5	0	0	0	0	0	0	0	0	0	1	0	0	4	0	6	0	0	0	0	0	1	0	0	0	0	0	0	0	0	0	0	0
Heliyon	2024-01-01	10700470	169533	13642	0	10	0	7	0	0	0	2	0	0	19	1	0	0	0	0	39	0	0	6	0	0	1	0	0	0	0	0	0	0	0	0	0	1
Heliyon	2024-01-01	10695840	75429	6884	0	7	1	4	0	0	1	2	0	0	1	1	0	0	0	0	39	0	0	0	0	0	0	0	1	0	0	0	0	0	0	0	0	0
Heliyon	2024-01-01	10700403	84613	8101	0	4	0	2	0	0	1	4	0	0	0	1	0	0	0	0	21	0	0	0	0	0	0	0	0	0	0	0	0	0	0	0	0	0
Heliyon	2024-01-01	10696105	65334	6173	0	2	0	1	0	0	1	1	0	0	0	5	0	0	0	0	45	0	0	2	0	0	1	0	1	0	0	0	0	0	0	0	0	0
Heliyon	2024-01-01	10696046	277832	22980	0	6	0	0	0	0	0	0	0	0	0	0	0	0	0	0	74	0	0	1	0	0	0	0	0	0	0	0	0	0	0	0	0	0
Heliyon	2024-01-01	10700620	88627	7848	1	1	1	6	0	0	1	4	0	0	8	2	0	0	0	0	26	0	0	0	0	1	0	0	0	0	0	0	0	0	0	0	0	0
Heliyon	2024-01-01	10695993	125397	10298	0	1	0	0	0	0	2	0	0	0	0	7	0	0	0	0	63	0	0	0	0	0	0	1	1	0	0	0	0	0	0	0	0	0
Heliyon	2024-01-01	10722313	4879	397	0	0	0	0	0	0	0	0	0	0	0	0	0	0	0	0	1	0	0	0	0	0	0	0	0	0	0	0	0	0	0	0	0	0
Heliyon	2024-01-01	10700441	90155	8614	1	22	0	0	0	0	8	0	0	0	0	0	0	0	0	0	26	0	0	1	0	0	1	0	0	0	0	0	0	0	0	0	0	0
Heliyon	2024-01-01	10695971	159287	15475	1	31	0	2	0	0	6	12	0	1	0	11	0	0	0	0	97	0	2	16	0	2	0	1	0	0	0	0	0	0	0	0	0	0
Heliyon	2024-01-01	10696054	80011	7072	0	2	0	1	0	0	0	2	0	0	0	0	0	0	0	0	21	0	0	0	0	0	0	0	0	0	0	0	0	0	0	0	0	0
Heliyon	2024-01-01	10696055	55273	5006	0	6	0	1	0	0	0	0	0	0	2	0	0	0	0	0	11	0	0	0	0	0	0	0	0	1	0	0	0	0	0	0	0	0
Heliyon	2024-01-01	10777416	104883	8684	0	1	0	0	0	0	0	1	0	0	2	7	0	0	0	0	17	0	0	0	0	0	0	0	0	0	0	0	1	0	0	0	0	0
Heliyon	2024-01-01	10695982	139027	13177	1	4	2	4	0	1	4	10	0	0	3	4	1	0	0	0	122	0	0	5	0	0	1	1	0	0	1	0	0	0	3	0	0	0
Heliyon	2024-01-01	10695837	114318	10382	0	3	1	0	0	0	0	0	0	0	1	1	0	1	0	0	45	0	0	0	0	0	0	0	0	0	0	0	0	1	0	0	0	0
Heliyon	2024-01-01	10722315	4631	348	0	0	0	0	0	0	0	0	0	0	0	0	0	0	0	0	0	0	0	0	0	0	0	0	0	0	0	0	0	0	0	0	0	0
Heliyon	2024-01-01	10700376	73760	7331	0	2	0	0	0	0	0	2	0	0	2	0	0	0	0	0	18	0	0	1	0	0	0	0	0	0	0	0	0	0	0	0	0	0
Heliyon	2024-01-01	10700387	130064	9834	0	0	1	3	2	0	0	1	0	1	0	0	0	0	1	0	48	0	0	0	0	0	0	0	0	0	0	0	0	0	0	0	0	0
Heliyon	2024-01-01	10696016	85178	7605	0	11	0	3	0	0	1	2	0	1	1	3	0	0	0	0	33	0	0	0	0	0	0	0	2	0	0	0	0	0	0	0	0	0
Heliyon	2024-01-01	10700634	75410	7009	0	3	0	0	0	0	3	5	0	1	0	2	0	0	0	0	9	0	0	0	0	0	0	0	1	0	0	0	0	0	0	0	0	0
Heliyon	2024-01-01	10696006	113580	9478	0	1	0	1	0	0	0	0	0	0	3	0	0	0	0	0	37	0	0	1	0	0	0	0	1	0	0	0	0	0	0	0	0	0
Heliyon	2024-01-01	10700630	100911	8509	0	2	1	0	0	0	0	3	0	0	4	10	0	0	0	0	34	0	0	0	0	0	1	0	0	0	0	0	0	0	0	0	0	0
Heliyon	2024-01-01	10696099	90274	7962	0	2	0	0	0	0	0	0	0	1	0	1	0	0	0	0	30	0	0	0	0	1	0	0	1	0	0	0	0	0	0	0	0	0
Heliyon	2024-01-01	10720268	104755	9569	0	6	0	3	0	0	4	1	0	0	0	2	0	0	0	0	21	0	0	0	0	0	0	0	0	0	0	0	0	0	0	0	0	0
Heliyon	2024-01-01	10682616	140496	12129	0	2	0	3	0	0	6	17	0	2	2	7	0	0	0	0	88	0	0	8	0	0	0	0	0	0	0	0	0	0	0	0	0	0
Heliyon	2024-01-01	10686867	153413	13090	0	0	0	0	0	0	4	1	0	1	2	4	0	0	0	0	36	0	0	2	0	0	1	0	0	0	0	0	0	0	0	0	0	0
Heliyon	2024-01-01	10722305	5564	421	0	0	0	0	0	0	0	0	0	0	0	0	0	0	0	0	0	0	0	0	0	0	0	0	0	0	0	0	0	0	0	0	0	0
Heliyon	2024-01-01	10682144	91079	7877	1	2	1	6	0	0	3	3	0	0	1	4	0	0	0	1	45	0	0	2	0	0	0	0	0	0	0	0	0	1	0	3	0	0
Heliyon	2024-01-01	10722322	279753	8033	0	0	1	0	0	0	0	0	0	0	13	1	0	0	0	0	20	0	0	1	0	0	0	0	0	0	0	0	0	0	0	0	0	0
Heliyon	2024-01-01	10694152	94042	9373	0	5	0	3	0	0	0	4	0	0	0	0	0	0	0	0	20	0	0	0	0	0	0	1	0	0	0	0	0	0	0	0	0	0
Heliyon	2024-01-01	10682615	58222	5352	0	1	0	0	0	0	0	0	0	2	1	0	0	0	0	0	15	0	0	0	0	0	0	0	0	0	0	0	0	0	0	0	0	0
Heliyon	2024-01-01	10682139	208409	16236	0	1	0	4	0	0	5	1	0	0	1	10	0	0	0	0	34	0	0	6	0	3	2	0	0	0	0	0	0	0	0	0	0	0
Heliyon	2024-01-01	10685189	74175	7234	0	19	0	3	0	0	0	3	0	2	0	3	0	0	6	0	12	0	0	1	0	0	0	0	0	0	0	0	0	0	0	0	0	0
Heliyon	2024-01-01	10682643	284588	22192	0	0	0	1	0	0	6	0	0	3	0	2	0	0	0	0	37	0	0	2	0	2	1	0	0	0	0	0	0	0	0	0	0	0
Heliyon	2024-01-01	10724533	127451	9828	0	1	0	3	0	0	0	0	0	0	15	0	0	0	0	0	28	0	0	1	0	0	1	0	5	0	0	0	0	0	0	0	0	0
Heliyon	2024-01-01	10694183	149750	12653	0	4	0	5	0	0	12	16	0	0	0	2	0	0	0	0	65	0	0	14	0	0	2	0	0	0	0	0	0	0	0	0	0	0
Heliyon	2024-01-01	10694052	195792	18343	1	1	4	8	0	0	4	9	0	0	0	32	0	2	2	1	103	0	0	9	0	0	1	1	0	0	0	0	0	0	0	1	0	0
Heliyon	2024-01-01	10694155	84553	7249	0	4	0	4	0	0	1	5	0	1	0	0	0	0	0	0	22	0	0	0	0	1	0	0	0	0	0	0	1	0	0	0	0	0
Heliyon	2024-01-01	10694159	82096	7381	0	3	0	5	1	0	0	1	0	0	0	1	0	0	0	0	33	0	0	0	0	0	0	0	1	0	0	0	0	0	0	0	0	0
Heliyon	2024-01-01	10685156	111910	10714	0	3	0	2	0	0	2	4	0	7	2	7	0	0	0	0	40	0	0	0	0	0	0	0	0	0	0	0	0	0	0	0	0	0
Heliyon	2024-01-01	10682688	154877	12342	0	5	1	0	0	0	2	0	0	0	1	0	0	0	0	0	22	0	0	1	0	0	0	0	0	0	0	0	0	0	0	0	0	0
Heliyon	2024-01-01	10682624	89250	7340	0	7	0	2	0	0	0	2	0	0	1	3	0	0	1	0	95	0	0	1	0	0	0	1	0	0	0	0	0	0	0	0	0	0
Heliyon	2024-01-01	10692786	173215	16375	0	13	0	3	0	0	4	3	0	1	19	0	0	0	1	0	46	0	0	4	0	0	0	0	1	0	0	0	0	0	0	0	0	1
Heliyon	2024-01-01	10682642	208196	17506	0	3	0	9	0	0	0	2	0	0	0	3	0	0	1	0	50	0	0	4	0	0	0	0	0	0	0	0	0	0	6	0	0	0
Heliyon	2024-01-01	10682141	108202	8744	0	9	0	10	1	0	1	0	0	0	1	2	0	0	0	0	38	0	0	0	0	0	0	2	0	0	0	0	0	0	0	0	0	0
Heliyon	2024-01-01	10722320	85324	7010	0	3	1	0	0	0	2	0	0	0	0	5	0	0	0	0	10	0	0	5	0	0	0	0	2	0	0	0	0	0	0	0	0	0
Heliyon	2024-01-01	10687702	83217	8292	0	1	1	2	0	0	0	1	0	6	1	0	0	0	0	0	41	0	0	1	0	0	1	0	1	0	0	0	2	1	0	0	0	0
Heliyon	2024-01-01	10681917	122824	12801	0	2	0	1	0	0	2	0	0	8	6	1	0	0	0	0	71	0	0	1	0	0	0	17	0	0	0	0	0	0	0	0	0	1
Heliyon	2024-01-01	10709003	77181	5854	0	11	0	0	0	0	2	2	0	0	0	0	0	0	0	0	9	0	0	0	0	0	0	0	0	0	0	0	0	0	0	0	0	0
Heliyon	2024-01-01	10695989	235601	21988	2	12	0	6	0	0	4	4	0	0	1	22	0	0	0	1	72	0	0	4	0	0	2	0	0	0	0	0	0	0	0	0	0	0
Heliyon	2024-01-01	10722323	70718	6645	0	13	0	0	0	0	1	0	0	0	0	1	0	0	0	0	26	0	0	1	0	0	1	0	0	0	0	0	0	0	0	0	0	0
Heliyon	2024-01-01	10837494	66181	6286	0	7	0	0	0	0	1	2	0	0	5	1	0	0	0	0	19	0	0	0	0	0	0	0	0	0	0	0	0	0	0	0	0	0
Heliyon	2024-01-01	10695838	114803	9736	0	7	0	4	0	0	2	1	0	0	0	1	0	0	0	0	19	0	0	0	0	0	1	0	0	0	0	0	0	0	0	0	0	0
Heliyon	2024-01-01	10700395	105697	9221	0	2	1	0	0	0	1	1	0	1	2	6	0	0	0	0	9	0	0	1	0	0	0	0	0	0	0	0	0	0	0	0	0	0
Heliyon	2024-01-01	10709211	330998	26157	0	3	0	0	0	0	5	1	0	0	3	18	0	0	0	0	31	0	0	3	0	0	1	0	2	0	0	0	0	0	0	0	0	0
Heliyon	2024-01-01	10694329	96712	8879	0	5	0	2	0	0	1	5	0	5	0	4	0	0	0	0	23	0	0	0	0	0	0	0	1	0	0	0	0	0	0	0	0	0
Heliyon	2024-01-01	10730988	61552	5987	0	11	0	0	0	0	6	0	0	0	0	0	0	0	0	0	25	0	0	4	0	0	0	0	0	0	0	0	0	1	0	0	0	0
Heliyon	2024-01-01	10709013	114356	8746	0	9	0	0	0	0	7	11	0	0	1	0	0	0	0	0	34	0	0	0	0	0	1	0	0	0	0	0	0	0	0	0	0	0
Heliyon	2024-01-01	10696012	68334	6001	0	5	0	3	0	0	0	1	0	0	2	0	0	0	1	0	19	0	0	1	0	0	0	0	0	0	0	0	0	0	0	0	0	0
Heliyon	2024-01-01	10694050	127869	11558	0	3	1	3	0	0	3	5	0	1	0	4	0	0	1	0	46	0	0	3	0	0	0	0	0	0	0	0	0	0	0	0	0	0
Heliyon	2024-01-01	10700383	113991	11477	0	12	2	1	0	0	0	2	0	0	0	1	0	0	0	0	16	0	0	0	0	1	0	0	0	0	0	0	0	0	0	0	0	0
Heliyon	2024-01-01	10724558	91317	8253	0	2	0	1	1	0	3	9	0	0	0	1	0	0	1	0	31	0	0	0	0	0	0	0	0	0	0	0	0	0	0	0	0	0
Heliyon	2024-01-01	10696107	56900	5265	0	2	0	2	0	0	0	2	0	0	0	2	0	0	0	0	17	0	0	0	0	0	0	0	0	0	0	0	0	0	0	0	0	0
Heliyon	2024-01-01	10694171	107687	8954	2	1	0	3	0	0	10	4	0	0	0	14	0	0	0	0	78	0	0	13	0	0	0	0	0	0	0	0	0	0	0	0	0	0
Heliyon	2024-01-01	10788199	146337	9654	0	0	0	1	0	0	2	0	0	0	0	0	0	0	0	0	24	0	0	0	0	0	1	0	0	1	0	0	0	0	0	0	0	0
Heliyon	2024-01-01	10703606	114660	6198	0	9	0	0	0	0	0	3	0	0	1	0	0	0	0	0	14	0	0	0	0	1	1	0	1	0	0	0	0	0	0	0	0	0
Heliyon	2024-01-01	10694184	128915	13176	0	5	1	2	0	0	9	8	0	0	1	11	0	0	1	0	117	0	0	5	0	0	0	0	0	0	0	0	0	0	0	0	0	0
Heliyon	2024-01-01	10695994	69571	6170	0	13	0	0	0	0	0	0	0	0	3	1	0	0	0	0	17	0	0	0	0	0	0	0	0	0	0	0	0	0	0	0	0	0
Heliyon	2024-01-01	10709212	128269	11162	0	0	0	0	0	0	0	0	0	0	2	1	0	0	0	0	57	0	0	0	0	0	1	0	0	0	0	0	0	0	0	0	0	0
Heliyon	2024-01-01	10695978	86888	6574	0	1	0	1	0	0	0	0	0	0	5	0	0	0	0	0	16	0	0	0	0	0	0	0	0	0	0	0	0	0	0	0	0	0
Heliyon	2024-01-01	10797146	119948	10909	0	5	0	1	0	1	2	4	0	0	1	3	0	0	0	0	35	0	1	3	0	0	1	0	0	0	0	0	0	0	0	0	0	0
Heliyon	2024-01-01	10700440	172878	14706	1	3	1	1	0	0	3	1	0	0	1	2	0	0	0	0	16	0	0	0	0	0	0	0	0	0	0	0	0	1	0	0	0	0
Heliyon	2024-01-01	10730595	134080	11973	0	15	0	1	0	0	7	0	0	0	1	14	0	0	2	0	41	0	0	5	0	0	0	0	0	0	0	0	0	0	0	0	0	0
Heliyon	2024-01-01	10730989	88593	7804	0	2	0	2	0	0	1	0	0	0	0	0	0	0	1	0	27	0	0	0	0	0	0	0	0	0	0	0	0	0	0	0	0	0
Heliyon	2024-01-01	10724575	233433	10565	0	3	1	0	0	0	6	5	0	0	0	3	0	0	0	0	25	0	0	2	0	0	0	0	0	0	0	0	0	0	0	0	0	0
Heliyon	2024-01-01	10782154	80178	7701	0	3	0	2	0	0	3	0	0	0	0	0	0	0	1	0	47	0	0	1	0	0	2	2	0	0	0	0	0	0	0	0	0	0
Heliyon	2024-01-01	10782156	87595	8221	0	4	0	3	0	0	0	2	0	1	1	2	0	0	0	0	43	0	0	2	0	2	1	1	0	0	0	0	0	0	0	0	0	0
Heliyon	2024-01-01	10730589	85336	7500	0	1	0	3	0	0	3	2	0	1	0	1	0	0	0	0	30	0	0	2	0	0	0	0	0	0	0	0	0	0	0	0	0	0
Heliyon	2024-01-01	10730582	292934	13541	0	5	0	1	0	0	2	4	0	2	0	3	0	0	0	0	27	0	0	3	0	0	0	3	0	0	0	0	1	0	0	0	0	0
Heliyon	2024-01-01	10724554	72043	6529	0	8	1	2	0	0	1	1	0	0	0	3	0	0	0	0	33	0	0	0	0	0	0	0	0	0	0	0	0	0	0	0	0	0
Heliyon	2024-01-01	10782176	162415	7352	0	4	0	0	0	0	4	6	0	0	0	5	0	0	0	4	14	0	0	0	0	0	0	0	0	0	0	0	0	0	0	1	0	0
Heliyon	2024-01-01	10761345	67073	5788	0	3	0	2	0	0	0	0	0	0	0	0	1	0	0	0	33	0	0	0	0	0	0	0	0	0	0	0	0	0	0	0	0	0
Heliyon	2024-01-01	10730575	55687	6044	0	2	0	2	0	0	0	0	0	0	0	1	0	0	0	0	30	0	0	5	0	0	1	0	0	0	0	0	0	0	0	0	0	0
Heliyon	2024-01-01	10724530	76966	7320	0	1	0	1	0	0	4	1	0	0	0	1	0	0	0	0	55	0	0	3	0	1	0	0	0	0	0	0	0	0	0	0	0	0
Heliyon	2024-01-01	10724567	77659	6788	0	0	0	1	0	0	0	2	0	1	0	2	0	0	0	0	31	0	0	0	0	0	0	0	0	0	0	0	0	0	0	0	0	0
Heliyon	2024-01-01	10782168	64104	5786	0	1	0	0	0	0	0	1	0	0	1	3	0	0	0	0	36	0	0	0	0	0	0	0	0	0	0	0	0	0	0	0	0	0
Heliyon	2024-01-01	10761366	442808	35311	0	15	2	25	0	0	13	7	0	0	8	0	0	0	0	0	91	0	0	7	0	0	3	0	2	0	0	0	0	0	0	0	0	0
Heliyon	2024-01-01	10746440	81116	5948	0	1	1	0	0	0	0	1	0	0	0	8	0	0	0	0	19	0	0	0	0	0	0	0	0	0	0	0	0	2	0	0	0	0
Heliyon	2024-01-01	10730437	74708	6716	0	7	1	0	0	0	2	2	0	0	8	7	0	0	1	0	42	0	0	3	0	0	0	0	1	0	0	0	0	0	0	0	0	0
Heliyon	2024-01-01	10782171	165494	13297	0	0	2	1	0	0	0	2	0	0	17	0	0	0	1	0	17	1	0	0	0	0	6	7	0	0	0	0	0	0	0	0	0	0
Heliyon	2024-01-01	10724563	107433	10025	0	2	0	0	0	0	2	1	0	0	0	6	0	0	0	0	27	0	0	0	0	1	1	0	0	0	0	0	0	0	0	0	0	0
Heliyon	2024-01-01	10724658	51043	4616	0	0	0	1	0	0	0	0	0	0	1	1	0	0	0	0	11	0	0	0	0	0	0	0	0	0	0	0	0	1	0	0	0	0
Heliyon	2024-01-01	10731005	147169	10976	0	12	1	0	0	0	3	1	0	0	0	0	0	0	0	0	38	0	0	0	0	0	0	0	0	0	0	0	0	0	0	0	0	0
Heliyon	2024-01-01	10724570	183407	14222	0	3	0	3	0	0	0	6	0	0	12	1	0	0	0	0	39	0	0	2	0	0	0	0	0	0	0	0	0	0	0	0	0	1
Heliyon	2024-01-01	10724659	89572	7105	0	6	0	0	0	0	0	1	0	0	6	1	0	0	0	0	10	0	0	0	0	0	0	1	0	0	0	0	0	0	0	0	0	0
Heliyon	2024-01-01	10782155	103393	8709	0	6	0	2	0	0	0	1	0	0	0	1	0	0	0	0	19	0	0	2	0	0	0	0	0	0	0	0	0	0	0	0	0	0
Heliyon	2024-01-01	10724566	69994	6153	0	4	0	3	0	0	1	0	0	0	0	3	0	0	0	0	16	0	0	0	0	0	1	0	0	0	0	0	0	0	0	0	0	0
Heliyon	2024-01-01	10782172	83220	8537	0	0	0	0	0	0	1	0	0	0	0	1	0	0	0	0	15	0	0	0	0	0	7	0	0	0	0	0	0	0	0	0	0	0
Heliyon	2024-01-01	10756968	109663	10188	0	6	1	6	0	0	2	0	0	0	3	3	0	0	0	0	40	0	0	1	0	0	0	0	0	0	0	0	0	0	0	0	0	0
Heliyon	2024-01-01	10782153	140688	7814	0	3	0	0	0	0	1	1	0	0	0	0	0	0	0	0	17	0	0	1	0	0	2	0	1	0	0	0	2	0	0	0	0	0
Heliyon	2024-01-01	10750035	284106	15100	0	15	0	1	0	0	6	6	0	3	0	7	0	0	1	0	42	0	0	16	0	0	12	0	0	0	0	0	3	0	0	0	0	0
Heliyon	2024-01-01	10750043	89750	7588	0	24	0	1	0	0	1	2	0	0	1	9	0	0	0	0	26	0	0	0	0	0	0	0	0	0	0	0	0	0	0	0	0	0
Heliyon	2024-01-01	10782170	69249	6199	1	3	2	2	0	0	1	2	0	1	0	5	0	0	0	0	21	0	0	5	0	0	0	0	0	0	0	0	0	1	0	0	0	0
Heliyon	2024-01-01	10812900	165550	14279	10	12	2	5	0	0	19	20	0	0	0	8	0	0	1	0	131	0	0	20	0	0	1	0	0	0	0	0	0	0	1	0	0	0
Heliyon	2024-01-01	10755289	232147	15823	0	10	0	5	0	0	0	0	0	0	24	0	0	0	0	0	26	0	0	0	0	0	0	0	1	0	0	0	0	0	0	0	0	0
Heliyon	2024-01-01	10756966	117295	10232	0	1	1	1	0	0	0	1	0	12	0	1	0	0	0	0	26	0	0	1	0	0	0	0	0	0	0	0	1	0	0	0	0	0
Heliyon	2024-01-01	10777411	110747	10417	0	0	1	0	0	0	0	1	0	1	0	3	0	0	0	0	17	0	0	0	0	0	0	1	0	0	0	0	0	0	0	0	0	0
Heliyon	2024-01-01	10758718	102070	9524	0	7	0	0	0	0	5	0	0	2	0	3	0	0	0	0	25	0	0	1	0	0	0	0	0	0	0	0	0	0	0	0	0	0
Heliyon	2024-01-01	10754704	60707	4969	0	14	0	2	0	0	4	0	0	0	2	0	0	0	0	0	18	0	0	0	0	0	0	0	0	0	0	0	1	0	0	0	0	0
Heliyon	2024-01-01	10754908	98604	8617	0	2	1	1	0	0	0	0	0	0	2	0	1	0	0	0	41	0	0	1	0	0	0	0	0	0	0	0	0	0	0	0	0	0
Heliyon	2024-01-01	10770441	85648	7970	0	7	0	1	0	0	0	0	0	0	3	4	0	0	0	0	71	0	0	0	0	0	0	1	0	0	1	0	0	0	0	0	0	0
Heliyon	2024-01-01	10758714	92150	8474	0	35	0	1	0	0	3	8	0	0	0	7	0	0	0	0	118	0	0	7	1	0	3	5	0	0	0	0	1	0	0	0	0	0
Heliyon	2024-01-01	10767141	258473	16147	0	8	0	3	0	0	5	1	0	0	2	4	0	0	0	0	53	0	0	5	0	0	0	0	1	0	1	0	1	0	0	0	0	1
Heliyon	2024-01-01	10754701	82752	7245	0	6	0	0	0	0	0	0	0	0	0	2	0	0	0	0	36	0	0	0	0	1	0	0	0	0	0	0	0	0	0	0	0	0
Heliyon	2024-01-01	10851208	51829	4558	0	3	0	0	0	0	0	0	0	0	1	6	0	0	0	0	30	0	0	0	0	0	0	0	0	0	0	0	0	0	0	0	0	0
Heliyon	2024-01-01	10782114	80533	7413	0	8	0	3	0	0	0	4	0	0	2	1	0	0	0	0	9	0	0	1	0	1	1	1	0	0	0	0	0	2	0	0	0	0
Heliyon	2024-01-01	10754705	66615	6209	0	0	0	0	0	0	1	0	0	0	0	2	0	0	0	0	5	0	0	0	0	0	0	0	0	0	0	0	0	0	0	0	0	0
Heliyon	2024-01-01	10754711	147460	13880	0	8	0	2	0	0	12	4	0	0	3	4	0	0	0	0	17	0	0	2	0	1	0	1	0	0	0	0	0	0	0	0	0	0
Heliyon	2024-01-01	10756967	210377	16753	5	11	2	2	1	0	10	18	0	2	0	5	0	0	0	0	76	0	0	14	0	0	7	1	0	0	0	0	0	1	0	0	0	0
Heliyon	2024-01-01	10757016	95715	9616	0	7	0	1	0	0	5	4	0	0	3	5	0	0	0	0	26	0	2	9	0	2	0	1	0	0	0	0	0	0	0	0	0	0
Heliyon	2024-01-01	10758708	133432	11534	1	15	1	8	0	0	2	6	0	0	1	5	0	0	0	0	40	0	0	3	0	1	0	0	0	0	0	0	0	0	0	0	0	0
Heliyon	2024-01-01	10784146	87539	7359	0	21	0	4	0	0	2	3	0	2	2	2	0	0	1	0	94	0	0	1	0	0	1	0	0	0	0	0	0	0	0	0	0	0
Heliyon	2024-01-01	10758784	89443	8265	0	3	0	0	0	0	1	0	0	0	1	1	0	0	1	0	36	0	0	1	0	0	0	0	0	0	0	0	1	0	0	0	0	0
Heliyon	2024-01-01	10767145	140229	12001	0	2	0	3	0	0	8	5	0	0	4	5	0	0	0	0	47	0	0	2	0	0	3	0	0	0	0	0	1	1	0	1	0	1
Heliyon	2024-01-01	10761346	22833	2311	0	0	0	0	0	0	0	0	0	0	0	0	0	0	0	0	9	0	0	0	0	0	0	0	0	0	0	0	0	0	0	0	0	0
Heliyon	2024-01-01	10758825	165967	12065	0	11	0	3	0	0	4	6	0	0	0	1	0	0	1	0	46	0	0	1	0	0	0	0	0	0	0	0	0	0	0	0	0	0
Heliyon	2024-01-01	10767282	98701	9691	0	3	0	0	0	0	3	1	0	0	1	0	0	0	1	0	6	0	0	0	0	0	2	1	0	0	0	0	0	0	0	0	0	0
Heliyon	2024-01-01	10772374	73494	6182	0	2	0	5	0	0	0	0	0	0	1	1	0	0	0	0	32	0	0	0	0	0	2	0	0	0	0	0	0	0	0	0	0	0
Heliyon	2024-01-01	10784138	52831	4638	0	1	0	2	0	0	0	0	0	0	0	0	0	0	0	0	44	0	0	0	0	0	0	0	0	0	0	0	0	0	0	0	0	0
Heliyon	2024-01-01	10757003	132011	9593	0	6	0	0	0	0	0	0	0	0	0	4	0	0	0	0	46	0	0	0	0	0	0	0	0	0	0	0	0	0	0	0	0	0
Heliyon	2024-01-01	10761585	185574	12600	0	4	0	1	0	0	0	7	0	0	0	3	0	0	0	0	27	0	0	1	0	0	0	0	0	0	0	0	0	0	1	0	0	0
Heliyon	2024-01-01	10754884	110624	10182	2	5	2	3	0	0	5	13	0	0	0	8	0	0	0	1	76	0	0	9	0	2	3	1	0	0	0	0	0	0	0	0	0	0
Heliyon	2024-01-01	10805914	149176	9867	0	2	0	4	0	0	1	0	0	0	39	2	0	0	0	0	34	0	0	2	0	0	0	0	0	0	0	0	0	0	0	0	0	0
Heliyon	2024-01-01	10777380	120303	9650	0	3	1	0	0	0	0	2	0	1	0	7	0	0	0	1	8	0	0	0	0	0	0	0	0	0	0	0	0	1	0	0	0	0
Heliyon	2024-01-01	10771990	127536	10309	2	0	0	3	0	0	5	10	0	0	1	6	0	0	0	1	43	0	0	7	0	0	2	0	0	0	0	0	0	0	0	0	0	0
Heliyon	2024-01-01	10758803	164517	15221	1	14	0	1	0	0	1	1	0	0	13	0	0	0	2	0	21	0	0	3	0	0	2	0	0	0	0	0	1	0	0	0	0	0
Heliyon	2024-01-01	10758776	68736	6823	1	3	0	1	0	0	1	0	0	0	0	1	0	0	0	0	29	0	0	0	0	0	0	0	0	0	0	0	0	0	0	0	0	0
Heliyon	2024-01-01	10757004	79516	6458	0	0	0	1	0	0	0	0	0	0	14	0	0	0	0	0	63	0	0	0	0	1	0	0	0	0	0	0	0	0	0	0	0	0
Heliyon	2024-01-01	10758815	107590	10697	0	16	0	4	0	0	1	0	0	0	0	6	0	0	0	0	16	0	0	3	0	0	0	0	0	0	0	0	0	0	0	0	0	0
Heliyon	2024-01-01	10772376	166547	10388	0	8	0	4	0	0	2	1	0	0	0	0	0	0	0	0	36	0	0	5	0	0	0	0	0	0	0	0	0	1	0	0	0	0
Heliyon	2024-01-01	10777378	80832	7440	0	6	0	0	0	0	4	1	0	0	0	3	0	0	0	0	13	0	0	0	0	0	0	0	0	0	0	0	0	0	0	0	0	0
Heliyon	2024-01-01	10776939	127945	9523	0	4	0	1	0	0	0	4	0	1	0	0	0	0	0	0	19	0	0	0	0	0	0	1	0	0	0	0	0	0	0	0	0	0
Heliyon	2024-01-01	10755300	51143	4359	0	1	0	0	0	0	0	2	0	0	1	2	0	0	0	0	17	0	0	0	0	0	0	1	0	0	0	0	0	0	0	0	0	0
Heliyon	2024-01-01	10758745	150990	12925	0	2	0	1	0	0	1	7	0	0	3	6	0	0	0	0	26	0	0	0	0	1	0	1	0	0	0	0	0	0	0	0	0	0
Heliyon	2024-01-01	10772184	61882	5880	0	2	0	1	0	0	0	2	0	0	0	13	0	0	0	0	27	0	0	1	0	1	0	0	1	0	0	0	0	0	0	0	0	0
Heliyon	2024-01-01	10772123	132792	12990	0	1	0	2	0	0	11	1	0	2	0	4	0	0	0	0	54	0	0	5	0	0	1	0	2	0	0	0	1	1	0	0	0	0
Heliyon	2024-01-01	10772093	80284	6600	0	6	0	0	0	0	0	0	0	0	0	0	0	0	3	0	25	0	0	1	0	0	0	0	0	0	0	0	0	0	0	0	0	0
Heliyon	2024-01-01	10784149	183200	14753	0	13	0	3	0	0	1	1	0	1	2	2	1	0	1	0	80	0	3	7	0	0	0	0	2	0	0	0	0	4	1	0	0	0
Heliyon	2024-01-01	10788782	87925	9120	0	3	1	0	0	0	4	0	0	0	0	3	0	0	0	0	27	0	0	1	0	0	0	0	0	0	0	0	0	0	0	0	0	0
Heliyon	2024-01-01	10851296	89908	7125	0	0	0	2	0	0	0	1	0	0	0	0	0	0	0	0	27	0	0	0	0	0	0	0	0	0	0	0	0	0	0	1	0	0
Heliyon	2024-01-01	10770519	106835	11293	0	3	0	0	0	0	8	1	0	0	0	1	0	0	1	0	64	0	0	19	0	0	1	0	0	0	0	0	0	0	0	0	0	0
Heliyon	2024-01-01	10831607	117497	9867	0	0	0	1	0	0	1	1	0	1	0	2	0	0	0	0	18	0	0	0	0	0	0	0	0	0	0	0	0	0	0	0	0	0
Heliyon	2024-01-01	10851220	92734	7889	0	3	1	5	0	0	0	0	0	3	0	1	0	0	0	0	17	0	0	0	0	0	1	0	0	0	0	0	0	0	0	0	0	0
Heliyon	2024-01-01	10818192	90429	7704	0	1	1	1	0	0	1	1	0	0	2	2	0	0	0	0	11	0	1	1	0	0	0	0	0	0	0	0	0	0	0	0	0	0
Heliyon	2024-01-01	10770612	79130	7689	0	6	1	0	0	0	1	1	0	0	1	5	0	0	0	0	30	0	0	1	0	0	0	0	0	0	0	0	0	0	0	0	0	0
Heliyon	2024-01-01	10784173	104855	10258	0	12	0	3	0	0	3	0	0	0	0	4	0	0	1	0	25	0	0	1	0	0	0	0	0	0	0	0	0	0	0	0	0	0
Heliyon	2024-01-01	10772117	132726	6482	0	1	0	0	0	0	0	0	0	0	0	0	0	0	0	0	4	0	0	1	0	0	0	0	0	0	0	0	0	0	0	0	0	0
Heliyon	2024-01-01	10767386	172966	13964	0	10	0	4	0	0	2	22	0	1	1	6	0	0	0	0	133	1	0	2	0	4	0	0	0	0	0	0	0	0	0	0	0	0
Heliyon	2024-01-01	10772092	170344	10354	0	4	1	0	0	0	0	0	0	0	0	0	0	0	0	0	6	0	0	0	0	0	0	0	0	0	0	0	1	0	0	1	0	0
Heliyon	2024-01-01	10772580	186883	14243	1	8	1	5	0	0	3	4	0	0	10	1	0	0	1	1	23	0	0	2	0	0	0	0	0	0	0	0	0	0	0	0	0	0
Heliyon	2024-01-01	10772099	165184	12406	0	0	0	0	0	0	5	0	0	0	0	0	0	0	0	0	26	0	3	0	0	0	3	0	0	0	0	0	0	0	0	0	0	0
Heliyon	2024-01-01	10784170	91897	8140	0	7	0	0	0	0	1	3	0	0	9	6	0	0	0	0	18	0	0	0	0	0	0	0	1	0	0	0	0	0	0	0	0	0
Heliyon	2024-01-01	10770463	132637	11501	0	10	1	1	0	0	1	9	0	0	7	6	0	0	0	0	56	0	0	3	0	0	1	0	0	1	0	0	0	0	0	0	0	0
Heliyon	2024-01-01	10772176	77300	7203	0	2	0	0	0	1	3	1	0	2	0	4	0	0	0	0	21	0	1	0	0	0	0	0	0	0	0	0	0	0	0	0	0	0
Heliyon	2024-01-01	10772210	114427	11442	2	3	1	13	0	0	4	2	0	0	1	4	0	0	0	0	39	0	0	1	0	0	0	1	0	0	0	0	0	0	0	0	0	0
Heliyon	2024-01-01	10772571	39833	4030	0	0	2	0	0	0	0	1	0	0	0	0	0	0	0	0	7	0	0	0	0	0	0	0	0	0	0	0	0	0	0	0	0	0
Heliyon	2024-01-01	10771986	102621	9426	0	11	1	0	0	0	0	0	0	0	0	2	0	0	0	0	21	0	0	0	0	0	0	0	0	0	0	0	0	0	0	0	0	0
Heliyon	2024-01-01	10776951	93744	8086	0	0	0	6	0	0	0	3	0	0	0	3	0	0	0	0	13	0	0	0	0	0	0	0	0	0	0	0	0	1	0	0	0	0
Heliyon	2024-01-01	10772621	81124	7870	1	0	0	1	0	0	3	1	0	3	0	6	0	0	0	0	54	0	1	3	0	1	3	10	0	0	0	0	0	0	0	0	0	0
Heliyon	2024-01-01	10784304	71604	6557	0	2	0	0	0	0	1	13	0	0	0	2	0	0	0	0	23	0	0	0	0	0	1	0	0	0	0	0	1	0	0	0	0	0
Heliyon	2024-01-01	10792457	190434	15421	2	6	2	8	0	0	5	3	0	1	6	6	0	0	0	1	39	0	0	7	0	0	0	0	0	0	0	0	0	0	0	0	0	0
Heliyon	2024-01-01	10788508	88108	7144	0	3	0	2	0	0	0	0	0	0	2	0	0	0	0	1	26	0	0	0	0	0	0	0	0	0	0	0	0	0	0	0	0	1
Heliyon	2024-01-01	10784319	233617	17641	0	2	2	1	0	0	1	1	0	0	1	5	0	0	0	0	30	0	0	2	0	1	0	0	0	0	0	0	0	0	0	0	0	0
Heliyon	2024-01-01	10797152	126475	11480	0	5	0	3	0	0	2	1	0	0	5	3	0	0	0	0	43	0	0	6	0	0	0	0	0	0	0	0	0	2	0	0	0	0
Heliyon	2024-01-01	10788505	134380	12106	0	4	2	4	0	0	6	6	0	0	0	1	0	0	0	0	8	0	0	1	0	0	1	0	0	0	0	0	0	0	1	1	0	1
Heliyon	2024-01-01	10788813	226215	19279	2	20	0	5	0	0	4	1	0	0	2	3	0	0	4	1	67	0	0	7	0	0	4	4	0	0	0	0	0	2	0	1	0	0
Heliyon	2024-01-01	10788530	74338	6528	1	9	0	0	0	0	1	0	0	0	5	1	0	0	0	0	22	0	0	2	0	0	0	0	0	0	0	0	0	0	0	0	0	0
Heliyon	2024-01-01	10788434	84296	9071	0	6	0	1	0	0	0	2	0	2	0	0	0	0	0	0	20	0	0	6	0	0	2	0	3	0	0	0	3	0	0	0	0	0
Heliyon	2024-01-01	10788509	80817	7382	0	3	0	0	0	0	0	0	0	0	2	2	0	0	0	0	43	0	0	0	0	0	0	0	0	0	0	0	0	0	0	0	0	0
Heliyon	2024-01-01	10788520	287868	20783	0	0	0	0	0	0	3	0	0	0	0	0	0	0	0	0	20	0	0	2	0	0	0	0	0	0	0	0	0	0	0	0	0	0
Heliyon	2024-01-01	10792191	122736	9983	0	5	0	9	0	0	0	0	0	0	0	1	0	0	0	1	105	0	0	1	0	0	0	2	1	0	0	0	0	0	0	0	0	0
Heliyon	2024-01-01	10788435	225919	16831	0	14	1	3	0	0	10	13	0	0	27	16	1	0	0	0	54	0	0	0	0	0	2	0	0	0	0	0	0	1	0	1	0	0
Heliyon	2024-01-01	10792458	130259	9549	0	15	0	1	0	0	4	0	0	0	1	5	0	0	0	0	64	0	0	0	0	1	0	0	0	0	0	0	0	0	0	0	0	0
Heliyon	2024-01-01	10788432	82106	7003	0	5	1	2	0	0	0	0	0	1	0	2	0	0	0	0	29	0	0	4	0	0	0	0	0	0	0	0	0	0	0	0	0	0
Heliyon	2024-01-01	10851306	103870	10099	0	3	1	6	0	0	2	2	0	1	0	5	0	0	0	1	20	0	0	11	0	1	0	0	0	0	0	0	0	0	0	0	0	0
Heliyon	2024-01-01	10788273	84442	7599	0	12	0	0	0	0	6	0	0	0	0	0	0	0	0	0	21	0	0	2	0	0	0	0	0	0	0	0	0	0	0	0	0	0
Heliyon	2024-01-01	10788429	147465	11021	0	17	1	16	0	0	0	3	0	0	1	0	0	0	0	0	59	0	0	1	0	0	1	0	1	0	0	0	0	0	0	0	0	1
Heliyon	2024-01-01	10784169	94838	7964	0	14	0	1	0	0	2	3	0	0	5	2	0	0	0	0	48	0	0	1	0	1	0	0	0	0	0	0	0	0	0	0	0	0
Heliyon	2024-01-01	10789592	88633	7853	0	2	0	5	0	0	2	1	0	0	0	0	0	0	0	0	15	0	0	0	0	0	0	0	0	0	0	0	0	0	1	0	0	0
Heliyon	2024-01-01	10788523	172738	15779	0	16	3	1	0	0	2	0	0	7	1	5	0	0	0	0	33	0	0	3	0	0	0	0	0	0	0	0	0	0	0	0	0	0
Heliyon	2024-01-01	10788524	167709	15853	0	4	0	0	0	0	6	1	0	0	2	12	0	0	0	0	22	0	0	2	0	0	0	0	0	0	0	0	0	0	0	0	0	0
Heliyon	2024-01-01	10788438	87345	7592	0	1	0	0	0	0	0	0	0	0	2	0	0	0	0	0	18	0	0	0	0	0	0	0	0	0	0	0	0	0	0	0	0	0
Heliyon	2024-01-01	10788512	126039	9045	0	10	1	0	0	0	1	5	0	0	0	1	0	0	3	0	8	0	0	2	0	0	0	0	0	0	0	0	0	0	0	0	0	0
Heliyon	2024-01-01	10788502	118217	9371	0	3	1	0	0	0	4	2	0	0	0	2	0	0	0	0	24	0	0	1	0	0	0	0	1	0	0	0	0	0	0	0	0	0
Heliyon	2024-01-01	10851300	110499	10543	0	12	0	0	0	0	1	1	0	0	0	0	0	0	0	0	27	0	0	3	0	0	3	0	0	0	0	0	0	0	0	0	0	0
Heliyon	2024-01-01	10839791	112800	9668	0	4	1	1	0	0	0	0	0	0	0	0	0	0	0	0	13	0	0	0	0	0	0	0	0	0	0	0	0	1	0	0	0	0
Heliyon	2024-01-01	10801206	76566	6979	0	4	0	1	0	1	4	1	0	0	2	2	0	0	0	0	19	0	1	0	0	0	0	0	0	0	0	0	0	0	0	0	0	0
Heliyon	2024-01-01	10792454	106376	10798	0	4	2	1	0	0	4	4	0	0	6	2	0	0	0	0	43	0	0	3	0	0	0	1	0	0	0	0	0	0	0	0	0	0
Heliyon	2024-01-01	10801211	119686	10958	0	1	1	0	0	0	0	1	0	1	2	2	0	0	0	0	37	0	0	0	0	1	1	0	1	0	0	0	0	0	0	0	0	0
Heliyon	2024-01-01	10827409	181665	14156	0	2	0	1	0	0	2	1	0	0	0	11	0	0	0	0	21	0	0	1	0	0	0	0	0	0	0	0	0	0	0	0	0	0
Heliyon	2024-01-01	10792451	68372	6405	1	1	0	2	0	0	3	2	0	1	0	3	0	0	0	0	9	0	0	0	0	0	0	0	0	0	0	0	0	0	0	0	0	0
Heliyon	2024-01-01	10806264	157323	15691	0	25	0	1	0	1	1	7	0	0	0	2	2	0	0	0	111	0	0	18	0	0	2	38	0	0	0	0	0	0	0	0	0	0
Heliyon	2024-01-01	10792452	64440	6216	0	0	0	0	0	0	2	0	0	0	0	0	0	0	0	0	11	0	0	0	0	1	0	0	0	0	0	0	0	0	0	0	0	0
Heliyon	2024-01-01	10792188	136327	12939	0	14	0	1	0	2	9	2	0	1	0	5	0	0	0	0	49	0	0	0	0	1	0	0	1	0	0	0	0	0	0	0	0	0
Heliyon	2024-01-01	10851297	70413	6719	0	2	0	0	0	0	4	0	0	1	0	0	0	0	0	0	25	0	0	0	0	0	0	0	0	0	0	0	1	0	0	0	0	0
Heliyon	2024-01-01	10801251	162413	10782	0	0	0	1	0	0	0	0	0	1	0	0	0	0	1	0	32	0	0	1	0	0	1	0	0	0	0	0	0	0	0	0	0	0
Heliyon	2024-01-01	10851285	4927	337	0	0	0	0	0	0	0	0	0	0	0	0	0	0	0	0	0	0	0	0	0	0	0	0	0	0	0	0	0	0	0	0	0	0
Heliyon	2024-01-01	10851298	106470	10120	0	1	0	4	0	0	0	0	0	0	3	0	0	0	0	0	87	0	0	0	0	0	0	0	0	0	0	0	0	0	0	0	0	0
Heliyon	2024-01-01	10851287	6407	623	0	0	0	0	0	0	0	0	0	0	0	0	0	0	0	0	1	0	0	0	0	0	0	0	0	0	0	0	0	0	0	0	0	0
Heliyon	2024-01-01	10792562	99222	8760	0	4	0	0	0	0	0	0	0	0	1	2	0	0	0	0	12	0	0	0	0	0	0	0	0	0	0	0	0	0	0	0	0	0
Heliyon	2024-01-01	10797151	79375	8031	0	16	0	0	0	1	2	0	0	0	0	1	0	0	0	0	10	0	0	0	0	0	0	0	0	0	0	0	0	0	0	0	0	0
Heliyon	2024-01-01	10788281	119512	11512	0	3	2	1	0	0	3	3	0	0	0	3	0	0	0	0	14	0	0	6	0	1	4	0	0	0	0	0	0	2	0	0	0	1
Heliyon	2024-01-01	10792184	116496	9241	0	1	0	0	0	0	8	0	0	0	0	0	0	0	0	0	37	0	0	0	0	0	0	0	0	0	0	0	0	0	0	0	0	0
Heliyon	2024-01-01	10789597	133904	10642	0	8	0	2	0	0	0	2	0	0	1	0	0	0	0	1	51	0	0	0	0	0	0	0	0	0	0	0	0	0	0	0	0	0
Heliyon	2024-01-01	10796982	100422	8374	0	4	0	1	0	0	0	1	0	0	2	0	0	0	0	0	99	0	0	1	0	0	4	0	0	0	0	0	0	0	0	0	0	0
Heliyon	2024-01-01	10788286	306031	24935	1	1	7	5	1	0	7	3	0	2	1	12	0	2	0	0	32	0	0	2	0	1	0	0	2	0	0	0	0	0	0	0	0	0
Heliyon	2024-01-01	10797156	240706	22268	0	1	0	0	0	0	0	2	0	0	0	2	0	0	0	0	40	0	0	5	0	0	1	0	1	0	0	0	0	0	0	0	0	0
Heliyon	2024-01-01	10797138	130510	8729	0	1	0	0	0	0	0	8	0	0	10	1	0	0	0	0	25	0	0	8	0	0	0	0	0	0	0	0	1	0	0	0	0	1
Heliyon	2024-01-01	10787243	89608	8553	0	3	0	2	0	0	2	0	0	0	4	0	0	0	0	0	35	0	0	0	0	0	0	1	2	0	0	0	0	0	0	0	0	0
