journal	date	pmc_id	Nchars	Nwords	delve	analyse	acknowledge	assess	appraise	dissect	explore	examine	extricate	expose	estimate	investigate	inquire	inspect	interpret	scrutinise	study	unearth	uncover	understand	ponder	research	reason	retrieve	avoid	discount	disregard	dismiss	ignore	neglect	overlook	omit	skip	reject
Heliyon	2022-10-01	9287805	84317	8963	0	10	0	0	0	0	0	8	0	12	0	4	0	0	4	0	25	0	0	0	0	0	0	0	0	0	0	0	0	0	0	0	0	0
Heliyon	2022-10-01	9293591	87627	8066	0	8	1	5	0	0	7	0	0	1	6	0	0	0	2	0	47	0	0	1	0	1	3	1	0	0	0	0	0	0	0	0	0	0
Heliyon	2022-10-01	9305368	79482	7603	0	13	0	1	0	0	0	0	0	3	0	2	0	0	7	0	10	0	0	0	0	0	0	0	0	0	0	0	0	0	0	0	0	0
Heliyon	2022-10-01	9284389	78412	7070	0	7	1	6	0	0	4	2	0	0	5	3	0	0	2	0	37	0	0	3	0	0	0	0	0	0	0	0	0	0	0	0	0	0
Heliyon	2022-10-01	9272343	91424	8095	0	2	0	0	0	0	1	1	0	0	1	0	0	0	0	0	10	0	0	0	0	0	0	0	0	0	0	0	0	0	0	0	0	0
Heliyon	2022-10-01	9272357	193431	16450	0	0	0	2	0	0	5	4	0	2	1	1	0	0	0	0	9	0	0	3	0	1	0	0	2	0	0	0	1	1	0	0	0	0
Heliyon	2022-10-01	9293658	76362	6374	0	5	0	0	0	0	0	0	0	0	0	2	0	0	2	0	5	0	0	0	0	0	0	0	0	0	0	0	0	0	0	0	0	0
Heliyon	2022-10-01	9287194	92836	7134	0	11	0	0	0	0	1	3	0	2	0	7	0	0	1	0	31	0	0	1	0	0	0	0	1	0	0	0	0	0	0	0	0	0
Heliyon	2022-10-01	9260618	136039	9196	0	1	0	0	0	0	0	7	0	1	0	1	0	0	1	0	1	0	0	0	0	0	0	0	0	0	0	0	0	0	0	0	0	0
Heliyon	2022-10-01	9263998	63387	6219	0	3	0	0	0	0	0	0	0	1	0	2	0	0	2	0	12	0	0	0	0	0	2	1	0	0	0	0	0	0	0	0	0	0
Heliyon	2022-10-01	9287479	66277	7246	0	3	0	6	0	0	0	1	0	0	0	0	0	0	1	0	35	0	0	0	0	0	0	0	0	0	0	0	0	1	0	1	0	0
Heliyon	2022-10-01	9287183	106585	8794	0	6	1	0	0	0	0	1	0	2	0	1	0	0	1	0	8	0	0	0	0	0	0	0	0	0	0	0	0	0	0	0	0	0
Heliyon	2022-10-01	9272348	182113	14642	0	0	0	0	0	0	2	0	0	0	1	1	0	0	0	0	32	0	0	0	0	0	1	0	0	0	0	0	0	0	0	0	0	0
Heliyon	2022-10-01	9260619	76060	7473	0	2	0	0	0	0	0	0	0	1	5	2	0	0	2	0	12	0	0	1	0	0	1	0	1	0	0	0	0	2	0	0	0	0
Heliyon	2022-10-01	9287192	89120	8569	0	2	0	3	0	0	4	6	0	0	4	1	0	2	1	0	17	0	0	1	0	0	0	5	2	0	0	0	0	0	0	0	0	0
Heliyon	2022-10-01	9272347	73142	7058	0	1	0	1	0	0	0	1	0	0	1	4	0	0	1	0	14	0	1	0	0	0	0	0	0	0	0	0	0	0	0	0	0	0
Heliyon	2022-10-01	9260634	97456	9969	0	9	2	1	0	0	0	0	0	0	6	0	0	0	2	0	32	0	0	0	0	1	0	0	0	0	0	0	0	1	0	0	0	0
Heliyon	2022-10-01	9293646	165356	12470	0	2	0	0	0	0	0	0	0	0	0	0	0	0	2	0	23	0	0	0	0	0	0	0	0	0	0	0	0	0	0	0	0	0
Heliyon	2022-10-01	9260630	126689	11507	0	5	0	3	0	0	3	2	0	0	4	12	2	0	3	3	50	0	0	10	0	0	2	1	0	0	0	0	0	0	0	0	0	0
Heliyon	2022-10-01	9293587	73828	7018	0	5	2	9	0	0	8	0	0	1	0	10	0	0	4	0	71	0	0	1	0	0	1	0	0	0	0	0	0	0	0	0	0	0
Heliyon	2022-10-01	9272359	75427	7994	0	7	1	0	0	0	0	1	0	1	0	0	0	0	2	0	7	0	0	3	0	0	0	0	0	0	0	0	0	0	0	0	0	0
Heliyon	2022-10-01	9272346	81662	7718	0	7	0	0	0	0	1	3	0	2	0	0	0	0	4	0	30	0	0	2	0	0	0	0	0	0	0	0	0	0	0	0	0	0
Heliyon	2022-10-01	9293745	153054	14107	0	2	1	3	0	0	2	0	0	0	27	5	0	0	1	0	32	0	0	0	0	1	0	0	0	0	0	0	0	0	0	0	0	0
Heliyon	2022-10-01	9294198	91796	9021	0	4	0	2	0	0	4	0	0	0	3	4	0	0	4	0	18	0	0	3	0	0	2	0	0	0	0	0	0	1	0	0	0	0
Heliyon	2022-10-01	9293746	162754	15046	0	9	1	1	0	0	2	7	0	0	22	3	0	0	5	0	27	0	0	0	0	0	1	0	0	0	0	0	0	0	0	0	0	0
Heliyon	2022-10-01	9304708	120074	11733	0	10	1	2	0	0	3	1	0	0	0	15	0	0	3	0	42	0	0	2	0	0	3	0	0	0	0	0	0	0	0	0	0	2
Heliyon	2022-10-01	9287786	83417	7921	0	4	1	3	0	0	1	2	0	0	3	4	0	0	2	0	24	0	0	0	0	0	0	0	0	0	0	0	0	0	0	0	0	0
Heliyon	2022-10-01	9287793	80892	7550	0	5	0	2	0	0	0	4	0	0	1	4	0	0	3	0	16	0	0	0	0	1	0	0	0	0	0	0	0	0	0	0	0	0
Heliyon	2022-10-01	9304737	101428	9927	0	3	1	2	0	0	1	2	0	0	1	2	0	0	3	0	42	0	0	0	0	0	0	1	0	0	0	0	0	0	0	0	0	0
Heliyon	2022-10-01	9363967	73458	6757	0	4	0	0	0	0	6	0	0	0	1	0	0	0	3	0	10	0	0	1	0	0	0	0	0	0	0	0	0	0	0	0	0	0
Heliyon	2022-10-01	9293742	91358	8819	0	17	1	1	0	0	0	0	0	0	1	0	0	0	4	0	42	0	0	1	0	0	2	0	0	0	0	0	0	0	0	0	0	0
Heliyon	2022-10-01	9304722	77915	7006	0	3	0	0	0	0	1	0	0	0	2	5	0	0	1	0	7	0	0	0	0	0	0	0	0	0	0	0	0	0	0	0	0	0
Heliyon	2022-10-01	9287791	107145	9114	0	4	0	0	0	0	1	1	0	1	0	10	0	0	4	0	20	0	0	0	0	2	0	0	0	0	0	0	0	0	0	0	0	0
Heliyon	2022-10-01	9304707	165504	12127	0	2	0	0	0	0	1	0	0	0	0	1	0	0	2	0	22	0	0	1	0	0	1	0	0	0	0	0	0	0	0	0	0	0
Heliyon	2022-10-01	9364109	124281	11060	0	12	0	0	0	0	0	0	0	4	0	1	0	0	1	0	9	0	0	2	0	0	0	0	0	0	0	0	0	0	0	0	0	0
Heliyon	2022-10-01	9283882	51332	5326	0	1	1	1	0	0	1	1	0	1	0	0	0	0	1	0	13	0	0	1	0	0	0	0	0	0	0	0	0	0	0	0	0	0
Heliyon	2022-10-01	9304732	74912	6599	0	2	0	0	0	0	0	1	0	0	0	2	0	0	1	0	27	0	0	0	0	0	0	0	0	0	0	0	0	0	0	0	0	0
Heliyon	2022-10-01	9305349	129746	11480	0	13	1	5	0	0	1	6	0	0	1	1	0	0	3	0	21	0	0	0	0	0	0	0	0	0	0	0	0	0	0	0	1	0
Heliyon	2022-10-01	9364090	84696	7392	0	4	1	5	0	0	0	2	0	0	0	2	0	0	4	0	5	0	0	0	0	0	1	0	0	0	0	0	0	0	0	0	0	0
Heliyon	2022-10-01	9305366	69179	5996	0	7	1	1	0	0	1	0	0	0	1	2	0	0	1	0	9	0	0	1	0	0	0	0	0	0	0	0	0	0	0	0	0	0
Heliyon	2022-10-01	9293630	106418	8657	0	0	0	0	0	0	3	0	0	1	0	3	0	1	0	0	5	0	0	1	0	0	0	0	0	0	0	0	0	0	0	0	0	0
Heliyon	2022-10-01	9293638	89301	8418	0	6	0	1	0	0	1	2	0	1	1	1	0	0	2	1	52	0	0	2	0	1	0	1	0	0	0	0	0	0	0	0	0	0
Heliyon	2022-10-01	9356040	255959	20950	0	5	0	0	0	0	4	2	0	0	0	1	0	0	0	0	44	0	0	0	0	4	1	0	2	0	0	0	2	0	0	0	0	1
Heliyon	2022-10-01	9305347	88285	9137	0	9	0	3	0	0	2	1	0	0	0	1	0	0	2	0	103	0	0	0	0	0	0	3	0	0	0	0	0	0	0	1	0	0
Heliyon	2022-10-01	9304729	69604	5824	0	3	2	7	0	0	0	0	0	0	7	0	0	0	1	0	26	0	0	0	0	0	0	0	0	0	0	0	0	0	0	0	0	0
Heliyon	2022-10-01	9304735	72796	6981	0	1	0	0	0	0	1	0	0	1	1	0	0	0	1	0	10	0	0	0	0	0	0	0	0	0	0	0	0	0	0	0	0	0
Heliyon	2022-10-01	9364097	76350	6569	0	5	0	2	0	0	5	2	1	0	0	1	0	0	3	0	18	0	0	0	0	0	0	0	0	0	0	0	0	0	0	0	0	0
Heliyon	2022-10-01	9358468	68469	5907	0	4	0	0	0	0	2	3	0	0	0	1	0	0	2	0	13	0	0	0	0	0	0	0	0	0	0	0	0	0	0	0	0	0
Heliyon	2022-10-01	9372603	129779	12126	0	10	1	1	0	0	2	1	0	1	14	2	0	0	3	0	42	0	0	0	0	0	0	2	1	0	0	0	0	0	0	0	0	0
Heliyon	2022-10-01	9350875	75835	5091	0	4	0	0	0	0	0	0	0	0	2	0	0	0	3	0	6	0	0	0	0	0	0	28	0	0	0	0	0	0	0	0	0	0
Heliyon	2022-10-01	9305364	125376	11689	0	3	1	8	0	0	10	9	0	1	2	5	0	0	2	0	33	0	0	2	0	0	3	1	0	0	0	0	0	0	0	0	0	1
Heliyon	2022-10-01	9363970	72373	6947	0	10	0	0	0	0	1	0	0	0	2	0	0	0	3	0	20	0	0	0	0	1	0	0	0	0	0	0	0	0	0	0	0	0
Heliyon	2022-10-01	9293375	43445	4240	1	9	0	0	0	0	4	3	0	0	0	0	0	0	1	0	11	0	0	5	0	0	0	0	0	0	0	0	0	0	0	0	0	0
Heliyon	2022-10-01	9305369	95872	7168	0	9	1	2	0	0	0	1	0	0	2	10	0	0	1	0	42	0	0	0	0	0	0	0	0	0	0	0	0	0	0	2	0	0
Heliyon	2022-10-01	9307463	99454	8608	0	3	1	0	0	0	0	0	0	2	22	2	0	0	3	0	46	0	0	0	0	0	0	1	0	0	0	0	0	0	0	0	0	0
Heliyon	2022-10-01	9364027	207690	19163	0	22	0	4	0	0	6	0	0	0	1	2	0	0	0	0	32	0	0	6	0	0	0	0	6	0	1	0	0	0	0	0	0	1
Heliyon	2022-10-01	9305367	86694	8010	0	4	0	0	0	0	0	2	0	0	2	0	0	0	3	0	11	0	0	0	0	0	0	1	0	0	0	0	0	0	0	0	0	0
Heliyon	2022-10-01	9364108	97017	6350	0	1	0	0	0	0	0	0	0	0	37	0	0	0	1	0	6	0	0	0	0	0	0	0	0	0	0	0	0	0	0	0	0	0
Heliyon	2022-10-01	9358429	71176	6517	0	10	0	1	0	0	0	0	0	2	1	0	0	0	3	0	18	0	0	0	0	1	11	0	0	0	0	0	0	0	0	0	0	0
Heliyon	2022-10-01	9343924	77567	10273	0	5	0	0	0	0	0	10	0	0	0	3	0	0	3	0	24	0	2	0	0	0	2	0	2	0	1	0	1	0	0	0	0	0
Heliyon	2022-10-01	9293370	69244	6541	0	12	0	14	0	0	0	4	0	0	1	0	0	0	2	0	35	0	0	1	0	0	0	0	0	0	0	0	0	0	0	1	0	0
Heliyon	2022-10-01	9344027	168393	15964	0	1	0	0	0	0	0	2	0	5	0	6	0	0	0	0	45	0	0	0	0	0	0	0	0	0	0	0	0	0	0	0	0	0
Heliyon	2022-10-01	9356170	110645	10582	0	4	0	0	0	0	0	3	0	0	0	0	0	0	2	0	62	0	0	11	0	0	0	4	5	0	0	0	0	0	0	0	0	11
Heliyon	2022-10-01	9307451	89437	7132	0	4	0	1	0	0	0	1	0	0	2	2	0	0	1	0	23	0	0	0	0	0	0	0	0	0	0	0	0	0	0	0	0	0
Heliyon	2022-10-01	9421327	202682	17315	0	2	0	3	0	0	1	7	0	1	0	11	0	0	0	0	48	0	0	1	0	0	1	0	0	0	0	0	0	1	0	0	0	1
Heliyon	2022-10-01	9434057	182207	13360	0	5	0	0	0	0	1	0	0	1	0	0	0	0	3	0	26	0	0	1	0	5	2	0	0	0	0	0	0	0	0	0	0	0
Heliyon	2022-10-01	9433595	81555	6685	0	5	0	0	0	0	0	3	0	0	0	0	0	0	1	0	9	0	0	0	0	0	0	0	0	0	0	0	0	1	0	0	0	0
Heliyon	2022-10-01	9445291	81002	11184	0	4	0	2	0	0	0	0	0	0	4	0	0	0	2	0	11	0	0	0	0	0	1	0	0	0	0	1	0	3	0	0	0	1
Heliyon	2022-10-01	9429499	50292	4484	0	3	1	0	0	0	0	1	0	0	1	1	0	0	1	0	3	0	0	0	0	0	0	0	0	0	0	0	0	0	0	0	0	0
Heliyon	2022-10-01	9449565	69481	6537	0	3	0	0	0	0	0	5	0	0	0	1	0	0	2	0	16	0	0	0	0	0	0	0	0	0	0	0	0	0	0	0	0	0
Heliyon	2022-10-01	9449760	64180	6360	0	6	0	0	0	0	5	7	0	3	0	2	0	0	2	0	12	0	0	0	0	0	0	0	0	0	0	0	0	0	0	0	0	0
Heliyon	2022-10-01	9433603	59013	6422	0	1	1	0	0	0	0	0	0	0	0	2	0	0	1	0	3	0	0	0	0	2	0	0	0	0	0	0	0	0	0	0	0	0
Heliyon	2022-10-01	9449552	74268	8374	0	17	0	1	0	0	0	0	0	0	4	14	0	0	2	0	6	0	0	1	0	0	0	0	0	0	0	0	0	0	0	0	0	1
Heliyon	2022-10-01	9433689	165421	5273	0	1	1	0	0	0	0	0	0	0	0	1	0	0	1	0	10	0	0	1	0	0	0	0	0	0	0	0	0	0	0	0	0	0
Heliyon	2022-10-01	9449568	108836	9279	0	4	0	3	1	0	0	1	0	0	6	1	0	1	3	0	25	0	0	1	0	0	0	4	0	0	0	0	0	0	0	0	0	0
Heliyon	2022-10-01	9449900	140475	12069	0	14	0	9	0	0	7	2	0	0	9	5	0	1	4	0	180	0	0	3	0	0	2	0	0	0	0	0	1	0	0	0	0	0
Heliyon	2022-10-01	9429517	85840	8084	0	8	0	0	0	1	2	0	0	0	2	0	0	0	2	0	8	0	0	2	0	3	1	0	0	0	0	0	0	3	0	0	0	0
Heliyon	2022-10-01	9433684	101279	8886	0	8	0	3	0	0	2	0	0	0	0	4	0	0	3	0	15	0	0	1	0	0	1	0	0	0	0	0	0	0	0	0	0	0
Heliyon	2022-10-01	9433691	59575	5976	0	6	0	0	0	1	6	0	0	1	0	1	0	0	2	0	7	0	0	1	0	0	0	0	0	0	0	0	0	0	0	0	0	0
Heliyon	2022-10-01	9434056	167713	14199	0	5	0	4	0	0	1	3	0	1	0	6	1	0	4	0	91	0	0	2	0	0	1	0	0	1	0	0	0	0	0	1	0	0
Heliyon	2022-10-01	9441307	106456	10480	0	8	0	2	0	0	2	1	0	0	33	6	0	0	1	0	43	0	0	2	0	0	0	3	0	0	0	0	0	0	0	0	0	0
Heliyon	2022-10-01	9445295	151930	13197	0	4	0	5	0	0	0	1	0	1	3	6	0	0	3	0	40	0	0	0	0	0	0	0	0	0	0	0	0	0	0	0	0	0
Heliyon	2022-10-01	9449776	150279	12087	0	6	0	0	0	0	1	1	0	0	1	24	0	0	4	0	26	0	0	1	0	0	0	0	0	0	0	0	0	0	0	0	0	0
Heliyon	2022-10-01	9433686	45730	4308	0	5	2	2	0	0	0	1	0	0	0	0	0	0	3	0	16	0	0	0	0	0	0	0	0	0	0	0	0	0	0	0	0	0
Heliyon	2022-10-01	9445387	217777	18236	0	1	0	0	0	0	1	0	0	0	0	1	0	0	0	0	52	0	0	1	0	0	0	0	1	0	0	0	0	0	0	0	0	0
Heliyon	2022-10-01	9434048	56942	3778	0	3	0	0	0	0	0	0	0	0	0	0	0	0	1	0	2	0	0	0	0	0	0	0	0	0	0	0	1	0	0	0	0	0
Heliyon	2022-10-01	9433674	162841	14020	0	1	1	0	0	0	2	2	0	0	0	9	0	0	0	0	60	0	0	0	0	0	0	0	0	0	0	0	0	0	0	0	0	0
Heliyon	2022-10-01	9434049	77299	7286	0	1	1	2	0	0	1	2	0	0	5	0	1	0	1	0	27	0	0	0	0	0	0	0	0	0	0	0	0	0	0	0	0	0
Heliyon	2022-10-01	9445298	175013	13321	0	7	0	0	0	0	4	6	0	1	1	8	0	0	6	1	41	0	0	0	0	0	0	0	0	0	0	0	0	1	0	0	0	0
Heliyon	2022-10-01	9434036	4661	326	0	0	0	0	0	0	0	0	0	0	0	0	0	0	0	0	0	0	0	0	0	0	1	0	0	0	0	0	0	0	0	0	0	0
Heliyon	2022-10-01	9399477	54373	4595	0	6	0	0	0	0	0	1	0	0	0	1	0	0	5	0	5	0	0	0	0	0	0	0	1	0	0	0	0	0	0	0	0	0
Heliyon	2022-10-01	9399956	56554	4918	0	6	0	1	0	0	0	0	0	3	0	1	0	0	4	0	22	0	0	0	0	0	0	0	0	0	0	0	0	0	0	0	0	0
Heliyon	2022-10-01	9399165	103873	8055	0	1	0	0	0	0	0	1	0	0	1	2	0	0	1	0	5	0	0	0	0	0	0	0	0	0	0	0	0	0	0	0	0	0
Heliyon	2022-10-01	9389182	123743	10518	0	4	0	0	0	0	0	0	0	1	0	2	0	0	4	0	60	0	0	0	0	0	0	8	0	0	0	0	0	0	0	0	0	0
Heliyon	2022-10-01	9389196	159882	13908	0	1	0	1	0	0	1	2	0	2	0	0	0	0	0	0	107	0	0	0	0	0	2	0	0	0	0	0	0	0	0	0	0	0
Heliyon	2022-10-01	9382259	33695	3085	0	0	0	0	0	0	0	0	0	0	0	0	0	0	0	0	1	0	0	0	0	0	0	0	2	0	0	0	0	0	0	0	0	0
Heliyon	2022-10-01	9424945	4807	328	0	0	0	0	0	0	0	0	0	0	0	0	0	0	0	0	0	0	0	0	0	0	0	0	0	0	0	0	0	0	0	0	0	0
Heliyon	2022-10-01	9396557	129547	9993	0	12	0	0	0	0	0	0	0	0	2	0	0	0	2	0	16	0	0	0	0	0	1	0	0	0	0	0	0	0	0	0	0	0
Heliyon	2022-10-01	9418196	57084	5716	0	6	0	1	0	0	0	1	0	0	0	0	0	0	1	0	8	0	0	0	0	0	0	0	0	0	0	0	0	0	0	0	0	0
Heliyon	2022-10-01	9382271	64402	6553	0	3	0	2	0	0	1	4	0	0	3	0	0	0	2	0	67	0	0	1	0	0	0	0	0	0	0	0	0	0	0	0	0	0
Heliyon	2022-10-01	9396555	186247	15304	0	8	1	0	0	0	4	0	0	0	0	2	0	0	3	0	27	0	0	0	0	1	0	0	0	0	0	0	5	0	0	0	0	0
Heliyon	2022-10-01	9420493	273294	22509	0	3	0	0	0	0	2	0	0	0	1	11	0	0	0	0	50	0	0	1	0	0	0	0	0	0	0	0	0	0	0	0	0	0
Heliyon	2022-10-01	9399160	106698	8492	0	9	0	3	0	0	5	1	0	0	1	1	0	0	2	0	38	0	0	0	0	0	0	0	0	0	0	0	0	0	1	0	0	0
Heliyon	2022-10-01	9379572	52390	5097	0	4	1	0	0	0	0	1	0	0	0	4	0	0	3	0	2	0	0	0	0	0	1	0	0	0	0	0	0	1	0	0	0	0
Heliyon	2022-10-01	9399149	80403	8422	0	5	0	2	0	0	4	11	0	1	4	11	0	0	1	0	38	0	0	1	0	0	1	0	0	0	0	0	0	0	0	0	0	0
Heliyon	2022-10-01	9389185	127436	11086	0	3	0	3	0	0	0	0	0	0	1	7	0	0	3	0	24	0	0	0	0	0	0	0	0	0	0	0	0	0	0	0	0	0
Heliyon	2022-10-01	9382277	48391	5404	0	7	0	0	0	0	0	3	0	2	1	2	0	0	1	0	7	0	0	0	0	0	0	0	0	0	0	0	0	0	0	0	0	0
Heliyon	2022-10-01	9399181	117452	9875	0	11	0	0	0	0	1	2	0	0	2	2	0	0	5	0	47	0	0	0	0	0	0	0	0	0	0	0	0	0	0	0	0	0
Heliyon	2022-10-01	9389251	42673	3992	0	5	0	0	0	0	0	0	0	0	0	3	0	0	1	0	5	0	0	0	0	0	1	0	0	0	0	0	0	0	0	0	0	0
Heliyon	2022-10-01	9364029	124817	8761	0	5	0	2	0	0	0	4	0	0	1	0	0	0	5	0	38	0	0	0	0	1	0	0	1	0	0	0	0	0	0	0	0	0
Heliyon	2022-10-01	9382269	82127	7943	0	2	0	1	0	0	0	0	0	0	3	1	0	0	1	0	5	0	0	2	0	0	1	0	0	0	0	0	1	0	0	0	0	0
Heliyon	2022-10-01	9382279	94677	8828	1	16	0	0	0	0	2	7	0	0	0	0	0	0	2	0	38	0	0	4	0	0	0	0	0	0	0	0	0	0	0	1	0	0
Heliyon	2022-10-01	9396556	93447	8991	0	7	0	0	0	0	2	0	0	1	2	1	0	0	2	0	8	0	0	3	0	0	0	2	0	0	0	0	1	0	0	0	0	0
Heliyon	2022-10-01	9399169	87970	7770	0	11	1	1	0	0	1	0	0	1	1	1	0	0	3	0	30	0	0	1	0	0	0	0	0	0	0	0	0	0	0	0	0	0
Heliyon	2022-10-01	9382275	122289	13055	0	19	2	1	0	0	3	5	0	0	0	1	1	0	5	0	111	0	1	0	0	0	4	0	0	0	0	0	0	10	0	0	0	21
Heliyon	2022-10-01	9418364	81558	5330	0	1	0	0	1	0	1	0	0	0	10	0	0	0	1	0	9	0	0	0	0	0	0	0	0	0	0	0	0	0	0	0	0	0
Heliyon	2022-10-01	9404343	108721	9122	0	10	0	0	0	0	1	5	0	1	2	5	0	0	2	0	21	0	0	1	0	0	0	0	0	0	0	0	0	1	0	0	0	0
Heliyon	2022-10-01	9420362	82993	6932	0	5	0	0	0	0	0	0	0	0	1	2	0	0	4	0	26	0	0	0	0	0	0	0	0	0	0	0	0	0	0	0	0	0
Heliyon	2022-10-01	9434058	146273	14561	0	8	0	0	0	0	0	1	0	0	0	0	0	0	12	0	2	0	0	0	0	0	0	0	0	0	0	0	0	0	0	0	0	0
Heliyon	2022-10-01	9399961	60943	5764	0	9	0	13	0	0	0	0	0	0	0	0	0	0	1	0	26	0	0	0	0	0	2	0	0	0	0	0	0	0	0	0	0	0
Heliyon	2022-10-01	9434052	90788	8497	0	6	0	0	0	0	0	0	0	0	0	3	0	0	1	0	13	0	0	0	0	0	0	0	0	0	0	0	0	0	0	0	0	0
Heliyon	2022-10-01	9421323	142549	11005	0	21	0	0	0	0	0	6	0	0	5	2	0	0	4	0	19	0	0	5	0	0	0	0	0	0	0	0	0	0	0	1	0	0
Heliyon	2022-10-01	9404288	112630	10251	0	2	0	0	0	0	0	1	0	0	0	0	0	0	1	0	9	0	0	0	0	0	0	0	1	0	0	0	0	0	0	0	0	0
Heliyon	2022-10-01	9420384	135019	12091	0	8	1	0	0	0	1	6	0	0	0	0	0	3	1	0	14	0	0	1	0	0	0	0	0	0	0	0	0	0	0	0	0	0
Heliyon	2022-10-01	9404363	83830	5919	0	6	0	0	0	0	0	0	0	0	0	0	0	0	3	0	12	0	0	0	0	0	0	1	0	0	0	0	0	0	0	0	0	0
Heliyon	2022-10-01	9399968	74632	6736	0	10	0	1	0	0	2	2	0	0	1	5	0	0	2	0	13	0	0	1	0	0	0	0	0	0	0	0	0	0	0	0	0	0
Heliyon	2022-10-01	9434053	214392	15977	0	5	0	2	0	0	1	0	0	0	9	7	0	1	0	0	53	0	0	1	0	3	0	0	0	0	0	0	0	0	0	0	0	0
Heliyon	2022-10-01	9420383	147638	10737	0	1	0	1	0	0	0	1	0	0	0	1	0	0	0	0	4	0	0	0	0	0	0	0	1	0	0	0	0	0	0	0	0	0
Heliyon	2022-10-01	9424958	120973	10678	0	4	1	5	0	0	0	0	0	1	1	0	0	0	2	0	41	0	0	3	0	0	0	1	0	0	0	0	0	0	1	0	0	0
Heliyon	2022-10-01	9399965	62732	6193	0	3	0	0	0	0	0	4	0	0	0	2	0	0	2	0	8	0	0	1	0	0	0	0	0	0	0	0	0	0	0	0	0	0
Heliyon	2022-10-01	9420514	86393	7205	0	2	1	1	0	0	0	3	0	0	1	4	0	0	1	0	28	0	0	1	0	0	0	0	0	0	0	0	0	0	0	0	0	0
Heliyon	2022-10-01	9404279	92618	8799	0	5	0	4	0	0	0	0	0	4	5	0	0	0	2	0	28	0	0	0	0	0	0	0	0	0	0	0	0	0	0	0	0	0
Heliyon	2022-10-01	9421195	83568	7002	0	3	0	1	0	0	3	2	0	0	0	6	0	0	1	0	25	0	0	0	0	0	0	0	1	0	0	0	0	0	0	0	0	0
Heliyon	2022-10-01	9424956	126495	11004	0	2	0	0	0	0	1	0	0	0	3	0	0	0	1	0	10	0	0	0	0	0	0	0	0	0	0	0	0	0	0	0	0	0
Heliyon	2022-10-01	9421187	178341	16657	0	7	2	1	0	0	3	6	0	0	3	9	0	0	5	0	108	0	0	18	0	1	3	3	0	0	0	0	0	0	0	0	0	0
Heliyon	2022-10-01	9404261	100490	9849	0	5	0	3	0	0	1	0	0	3	0	0	0	0	3	0	36	0	0	0	0	0	0	0	0	0	0	0	0	0	0	0	0	0
Heliyon	2022-10-01	9418198	44754	4055	0	9	0	0	0	0	0	0	0	0	1	2	0	0	3	0	27	0	0	1	0	0	0	0	1	0	0	0	0	0	0	0	0	0
Heliyon	2022-10-01	9404259	74655	6845	0	3	0	0	0	0	0	1	0	1	1	1	0	0	2	0	10	0	0	0	0	0	0	0	0	0	0	0	0	0	0	0	0	0
Heliyon	2022-10-01	9424949	64684	5575	0	4	0	1	0	0	0	0	0	0	0	1	0	0	2	0	43	0	0	0	0	0	0	0	0	0	0	0	0	0	0	0	0	0
Heliyon	2022-10-01	9404340	75758	7038	0	7	0	0	0	0	1	1	0	0	2	1	0	0	6	0	9	0	0	2	0	0	0	2	0	0	0	0	0	0	0	0	0	0
Heliyon	2022-10-01	9434043	45679	5006	0	3	2	0	0	0	0	0	0	0	0	5	0	0	2	0	12	0	0	0	0	0	0	0	0	0	0	0	0	0	0	0	0	0
Heliyon	2022-10-01	9445299	261830	20613	0	9	1	21	0	0	0	0	0	3	7	7	0	0	0	0	103	0	0	5	0	0	9	0	0	0	0	0	1	0	0	0	0	0
Heliyon	2022-10-01	9441310	102789	9899	0	10	0	0	0	0	4	1	0	0	16	2	0	0	4	0	44	0	2	0	0	0	0	0	17	0	0	0	0	0	0	0	0	0
Heliyon	2022-10-01	9420481	77601	7485	0	9	1	2	0	0	4	2	0	0	4	3	0	0	1	0	31	0	0	0	0	2	0	0	0	0	0	0	0	0	1	0	0	0
Heliyon	2022-10-01	9449570	60003	5529	0	3	0	0	0	0	0	1	0	0	0	3	0	0	3	0	7	0	0	0	0	2	0	0	0	0	0	0	0	0	0	0	0	0
Heliyon	2022-10-01	9421191	151636	16488	0	4	3	2	0	0	9	5	0	1	0	6	0	0	3	0	35	0	0	15	0	1	2	1	1	0	0	0	1	0	0	0	0	0
Heliyon	2022-10-01	9434031	79768	7051	0	3	0	2	0	0	0	0	0	10	4	0	0	0	2	0	39	0	0	0	0	0	0	0	4	0	0	0	0	1	0	0	0	0
Heliyon	2022-10-01	9404341	203195	17120	0	7	0	0	0	0	0	1	0	0	0	0	0	0	2	0	20	0	0	0	0	0	1	1	0	0	0	0	0	0	0	0	0	0
Heliyon	2022-10-01	9449563	93730	8369	0	6	0	2	0	0	0	12	0	0	3	0	0	0	4	0	22	0	0	1	0	1	0	0	0	0	0	0	1	0	0	0	0	0
Heliyon	2022-10-01	9433610	101461	10567	0	3	0	0	0	0	15	0	0	0	0	3	0	0	1	0	4	0	0	0	0	0	0	0	1	0	0	0	0	0	0	0	0	0
Heliyon	2022-10-01	9424963	121161	11522	0	6	1	0	0	0	4	6	0	1	0	6	0	0	1	1	19	0	0	7	0	0	2	30	0	0	0	0	1	0	0	0	0	0
Heliyon	2022-10-01	9421190	49641	4484	0	3	0	0	0	0	0	0	0	0	3	0	0	0	1	0	33	0	0	0	0	0	0	0	0	0	0	0	0	0	0	0	0	0
Heliyon	2022-10-01	9421325	64736	5778	0	2	0	0	0	0	0	3	0	0	4	2	0	0	1	0	14	0	0	0	0	0	0	0	0	0	0	0	0	0	0	0	0	0
Heliyon	2022-10-01	9437799	95901	8453	0	7	0	1	0	0	0	1	0	0	1	1	0	0	5	0	26	0	0	0	0	0	0	0	0	0	0	0	0	0	0	0	0	0
Heliyon	2022-10-01	9391078	81905	7537	0	4	0	0	0	0	0	4	0	0	0	2	0	0	2	0	12	0	0	0	0	0	0	0	0	0	0	0	0	0	0	0	0	0
Heliyon	2022-10-01	9424957	192467	12759	0	3	0	0	0	0	0	1	0	0	1	1	0	0	1	0	14	0	0	0	0	0	2	0	0	0	0	0	0	0	0	0	0	0
Heliyon	2022-10-01	9433675	106377	8911	0	5	0	2	0	0	0	3	0	2	6	1	0	0	2	0	31	0	0	0	0	0	0	1	0	0	0	0	0	0	0	0	0	0
Heliyon	2022-10-01	9475262	6707	480	0	0	0	0	0	0	0	0	0	0	0	0	0	0	0	0	0	0	0	0	0	0	0	0	0	0	0	0	0	0	0	0	0	0
Heliyon	2022-10-01	9434045	73671	7815	0	10	1	0	0	0	4	2	0	0	3	2	0	0	2	0	24	0	0	4	0	0	5	0	0	0	0	0	0	0	0	0	0	0
Heliyon	2022-10-01	9434038	44969	4337	0	9	0	0	0	0	1	0	0	0	0	4	0	0	4	0	30	0	0	2	0	0	0	0	0	0	0	0	0	0	0	0	0	0
Heliyon	2022-10-01	9433677	72449	7470	0	25	0	0	0	0	0	1	0	4	16	1	0	0	5	0	16	0	0	0	0	0	0	2	0	0	0	0	0	0	0	0	0	0
Heliyon	2022-10-01	9526151	59357	6324	0	3	2	0	0	0	1	0	0	0	0	0	0	0	2	0	3	0	0	2	0	0	1	0	0	0	0	0	0	0	0	0	0	0
Heliyon	2022-10-01	9526146	64589	6259	0	5	0	1	0	0	0	1	0	0	0	0	0	0	1	0	30	0	0	2	0	0	0	0	0	0	0	0	0	0	0	0	0	0
Heliyon	2022-10-01	9525915	68489	7561	0	1	0	6	0	0	0	0	0	2	0	6	0	0	1	0	28	0	0	1	0	0	0	0	0	0	0	0	0	0	0	0	0	0
Heliyon	2022-10-01	9508517	134925	12563	0	5	0	5	0	0	4	9	0	0	1	7	0	0	1	0	94	0	1	7	0	0	0	0	0	0	0	0	0	0	0	0	0	0
Heliyon	2022-10-01	9526165	122340	10369	0	14	0	4	0	0	1	4	0	0	2	3	0	0	2	0	28	0	0	2	0	0	0	0	0	0	0	0	0	0	0	0	0	0
Heliyon	2022-10-01	9529490	41439	3845	0	0	0	0	0	0	0	0	0	0	0	0	0	0	0	0	15	0	0	0	0	0	0	0	0	0	0	0	0	0	0	0	0	0
Heliyon	2022-10-01	9525901	77479	7509	0	4	1	1	0	0	2	0	0	2	1	3	0	0	2	0	56	0	0	5	0	0	2	0	0	0	0	0	9	0	0	0	0	0
Heliyon	2022-10-01	9529507	100667	9520	0	13	0	1	0	0	0	3	0	0	0	6	0	0	3	0	48	0	0	0	0	0	0	0	0	0	0	0	0	0	0	0	0	0
Heliyon	2022-10-01	9526153	73520	6923	0	4	0	3	0	0	0	0	0	3	2	0	0	0	2	0	18	0	0	0	0	0	0	0	0	0	0	0	0	0	0	0	0	0
Heliyon	2022-10-01	9526160	74980	6687	0	2	0	0	0	0	1	5	0	1	0	0	0	0	1	0	44	0	0	0	0	0	2	0	0	0	0	0	0	0	0	0	0	0
Heliyon	2022-10-01	9513618	28898	2828	0	0	0	0	0	0	0	0	0	0	1	0	0	0	0	0	1	0	0	0	0	0	0	0	1	0	0	0	0	0	0	0	0	0
Heliyon	2022-10-01	9621092	109194	8922	0	20	0	1	0	0	2	7	0	16	0	0	0	0	4	0	47	0	0	0	0	0	0	0	3	0	0	0	0	0	0	0	0	0
Heliyon	2022-10-01	9508503	64197	5903	0	3	0	2	0	0	1	2	0	0	0	3	0	0	2	0	28	0	0	1	0	0	0	0	0	0	0	0	0	0	0	0	0	0
Heliyon	2022-10-01	9508513	120934	11621	0	5	2	6	0	0	2	2	0	0	1	0	0	0	3	0	32	0	0	3	0	0	1	1	1	0	0	0	0	0	0	0	0	0
Heliyon	2022-10-01	9513775	77238	7323	0	3	2	1	0	1	1	0	0	1	1	0	0	0	1	0	15	0	0	1	0	0	0	0	1	0	0	0	0	0	0	0	0	0
Heliyon	2022-10-01	9519507	141085	9228	0	3	0	0	0	0	0	0	0	2	0	0	0	0	1	0	7	0	0	0	0	0	0	0	0	0	0	0	0	0	0	0	0	0
Heliyon	2022-10-01	9513784	135287	11993	1	21	0	4	0	0	12	2	0	0	0	6	0	0	0	0	53	0	0	5	0	0	2	3	0	0	0	0	0	0	1	0	0	0
Heliyon	2022-10-01	9520221	83770	8313	0	3	0	0	0	0	1	10	0	0	0	2	0	0	2	0	38	0	0	1	0	0	5	0	0	0	0	0	0	0	0	0	0	0
Heliyon	2022-10-01	9520214	147725	11295	0	2	0	0	0	0	1	3	0	0	0	2	0	0	2	0	31	0	0	0	0	0	0	0	1	0	0	0	0	0	0	0	0	0
Heliyon	2022-10-01	9508425	184831	15134	0	0	0	0	0	0	6	0	0	0	0	1	0	0	0	0	8	0	0	0	0	0	0	0	2	0	0	0	0	0	0	0	0	0
Heliyon	2022-10-01	9529499	33725	2724	0	0	0	0	0	0	0	0	0	0	0	0	0	0	0	0	3	0	0	0	0	0	0	0	0	0	0	0	0	0	0	0	0	0
Heliyon	2022-10-01	9520225	69891	6626	0	7	1	2	0	0	1	3	0	1	1	2	0	0	3	1	9	0	0	0	0	0	0	0	0	0	0	0	0	0	0	0	0	0
Heliyon	2022-10-01	9519504	71850	6375	0	3	0	2	0	0	0	0	0	0	0	0	0	0	1	0	15	0	0	3	0	0	1	0	2	0	0	0	0	0	0	0	0	1
Heliyon	2022-10-01	9525900	90791	8323	0	5	0	6	0	0	2	0	0	2	1	7	0	0	3	0	24	0	0	0	0	0	0	2	1	0	0	0	0	0	0	0	0	0
Heliyon	2022-10-01	9519494	75055	7371	0	9	0	3	0	0	0	0	0	0	0	2	0	1	3	0	13	0	0	2	0	0	1	0	0	0	0	0	0	0	0	0	0	0
Heliyon	2022-10-01	9479019	70646	7194	0	5	1	1	0	0	3	0	0	0	2	1	0	0	1	0	18	0	0	0	0	1	2	0	0	0	0	0	0	0	0	0	0	0
Heliyon	2022-10-01	9479022	122666	8111	0	4	0	0	0	0	0	0	0	0	2	0	0	0	3	0	6	0	0	0	0	0	0	0	0	0	0	0	0	0	0	0	0	0
Heliyon	2022-10-01	9474322	106786	10154	0	4	0	0	0	0	2	0	0	0	1	0	0	0	3	0	16	0	0	1	0	0	0	0	0	0	0	0	0	0	0	0	0	0
Heliyon	2022-10-01	9474314	154888	13304	0	6	0	4	0	0	0	4	0	4	0	0	0	0	2	0	17	0	0	0	0	0	0	0	0	0	0	0	0	0	1	0	0	0
Heliyon	2022-10-01	9465359	126237	12029	0	6	0	0	0	0	0	1	0	0	1	5	0	0	2	0	23	0	0	1	0	0	0	0	0	0	0	0	0	0	0	0	0	0
Heliyon	2022-10-01	9478405	243920	9644	0	2	0	1	0	0	2	2	0	1	1	3	0	0	3	1	13	0	0	0	0	0	0	0	0	0	0	0	0	0	0	0	0	0
Heliyon	2022-10-01	9478356	95148	9177	0	5	0	0	0	0	6	10	0	0	0	9	0	0	4	0	56	0	0	10	0	0	1	0	0	0	0	0	0	0	0	0	0	0
Heliyon	2022-10-01	9478358	144376	13537	0	2	0	1	0	0	3	2	0	0	1	1	0	0	1	0	32	0	0	5	0	0	0	0	0	0	0	0	0	0	0	0	0	1
Heliyon	2022-10-01	9474837	156086	11039	0	3	0	0	0	0	2	0	0	0	0	1	0	0	2	0	61	0	0	1	0	0	1	0	0	0	0	0	0	0	0	0	0	0
Heliyon	2022-10-01	9475281	161607	15240	0	7	0	0	0	0	0	0	0	0	28	0	0	0	2	0	27	0	0	2	0	0	2	0	0	0	0	0	0	0	0	0	0	0
Heliyon	2022-10-01	9483595	160835	14210	0	8	0	0	0	0	5	15	0	0	1	3	0	0	1	0	62	0	0	6	0	0	0	0	0	0	0	0	0	0	0	0	0	0
Heliyon	2022-10-01	9474307	77462	7520	0	8	0	0	0	0	2	3	0	0	2	1	0	0	3	0	19	0	0	2	0	0	0	0	0	0	0	0	0	0	0	0	0	1
Heliyon	2022-10-01	9468396	57494	5413	0	3	0	1	0	0	0	0	0	11	2	0	0	0	2	0	33	0	0	1	0	0	1	0	0	0	0	0	0	2	0	0	0	0
Heliyon	2022-10-01	9474310	97965	10320	0	4	1	2	0	0	8	3	0	2	0	3	0	0	1	0	49	0	1	14	0	0	3	0	0	0	0	0	0	0	0	0	0	0
Heliyon	2022-10-01	9475325	77011	6653	0	3	0	0	0	0	2	1	0	0	0	1	0	0	3	0	22	0	0	1	0	1	0	0	0	0	0	0	1	0	0	0	0	0
Heliyon	2022-10-01	9474842	144568	13809	0	9	0	0	0	0	3	9	0	0	1	10	0	0	3	0	82	0	0	1	0	0	0	1	0	0	0	0	0	0	0	0	0	0
Heliyon	2022-10-01	9475322	112306	10037	2	5	1	2	0	0	0	2	0	0	1	10	0	0	1	0	73	0	1	5	0	1	2	1	0	0	0	0	1	0	0	0	0	0
Heliyon	2022-10-01	9465106	146890	13585	0	13	0	4	0	0	19	6	0	0	1	13	0	0	0	0	52	0	1	2	0	0	3	1	0	0	0	0	0	0	0	0	0	0
Heliyon	2022-10-01	9465104	71960	7726	0	3	0	1	0	0	1	6	0	0	0	3	0	0	3	0	60	0	0	1	0	0	0	0	0	0	0	0	0	0	0	0	0	0
Heliyon	2022-10-01	9468403	69650	5692	0	1	0	0	0	0	0	0	0	1	0	2	0	0	1	0	4	0	0	0	0	0	1	0	0	0	0	0	0	0	0	0	0	0
Heliyon	2022-10-01	9479020	110652	9259	0	4	0	0	0	0	2	0	0	0	0	0	0	0	1	0	21	0	0	0	0	0	1	0	0	0	0	0	1	0	0	0	0	3
Heliyon	2022-10-01	9485049	136561	9295	0	7	0	0	0	0	0	0	0	0	0	0	0	0	3	0	14	0	0	0	0	0	1	0	0	0	0	0	1	0	0	0	0	0
Heliyon	2022-10-01	9468404	147131	10014	0	9	0	0	0	0	1	2	0	0	2	1	0	0	2	0	32	0	0	0	0	2	2	0	1	0	0	0	1	1	0	0	0	0
Heliyon	2022-10-01	9468402	100762	5847	0	3	0	0	0	0	0	3	0	0	0	3	0	0	1	0	8	0	0	0	0	1	0	0	0	0	0	0	0	0	0	0	0	0
Heliyon	2022-10-01	9474858	161895	6138	0	1	1	0	0	0	0	1	0	0	0	1	0	0	1	0	6	0	0	0	0	0	0	0	0	0	0	0	0	0	0	0	0	0
Heliyon	2022-10-01	9489977	93546	8390	0	5	0	0	0	0	0	2	0	0	3	0	0	0	1	0	11	0	0	1	0	0	0	0	0	0	0	0	0	0	0	0	0	0
Heliyon	2022-10-01	9483598	91195	8196	0	8	0	0	0	0	0	0	0	0	0	5	0	0	3	0	30	0	0	0	0	0	0	0	0	0	0	0	4	0	0	0	0	0
Heliyon	2022-10-01	9494175	171577	11101	0	4	1	0	0	0	0	2	0	12	0	3	0	0	1	0	11	0	0	0	0	0	0	0	0	0	0	0	0	0	0	0	0	0
Heliyon	2022-10-01	9483587	163654	13648	0	6	0	6	1	0	4	3	0	1	7	2	0	0	3	0	35	0	0	5	0	0	0	0	0	0	0	0	0	0	0	0	0	0
Heliyon	2022-10-01	9489514	106958	8760	0	9	0	1	0	0	4	2	0	0	3	7	0	0	4	0	59	0	0	2	0	0	0	0	0	0	0	0	0	1	0	0	0	0
Heliyon	2022-10-01	9489734	60385	6250	0	4	0	3	0	0	0	9	0	8	1	1	0	0	3	0	43	0	0	0	0	0	0	0	2	0	1	0	0	0	0	0	0	0
Heliyon	2022-10-01	9483579	52642	4215	0	2	0	0	0	0	0	0	0	0	1	3	0	0	1	0	8	0	0	0	0	0	0	0	0	0	0	0	0	0	0	0	0	0
Heliyon	2022-10-01	9483589	97333	8268	0	4	0	3	0	0	0	1	0	0	0	2	0	0	3	0	36	0	0	0	0	0	0	0	1	0	0	0	0	0	0	0	0	0
Heliyon	2022-10-01	9489971	89147	8075	0	5	0	0	0	0	0	4	0	0	1	0	0	0	4	0	7	0	0	0	0	0	0	0	0	0	0	0	0	0	0	0	0	0
Heliyon	2022-10-01	9485030	100676	8358	0	3	0	0	0	0	0	0	0	3	8	1	0	0	1	0	13	1	0	0	0	0	0	0	0	0	0	0	0	2	0	0	0	0
Heliyon	2022-10-01	9519501	5408	454	0	0	0	1	0	0	0	0	0	0	0	0	0	0	0	0	2	0	0	0	0	0	0	0	0	0	0	0	0	0	0	0	0	0
Heliyon	2022-10-01	9489955	86758	8039	0	3	0	1	0	0	0	2	0	1	1	0	0	0	2	0	22	0	0	0	0	1	0	0	0	0	0	0	0	0	0	0	0	0
Heliyon	2022-10-01	9485042	279244	11405	0	1	0	0	0	0	0	1	0	1	6	8	0	0	1	0	15	0	0	2	0	0	0	0	0	0	0	0	1	1	0	0	0	0
Heliyon	2022-10-01	9479018	182531	14088	0	29	0	0	0	0	0	0	0	1	1	0	0	0	0	0	82	0	0	1	0	0	0	0	0	0	0	0	0	2	0	0	0	0
Heliyon	2022-10-01	9464314	102159	8215	0	5	0	1	0	0	0	0	0	0	0	0	0	0	5	0	4	0	0	0	0	0	0	0	0	0	0	0	0	0	0	0	0	0
Heliyon	2022-10-01	9489508	128901	12596	0	5	3	0	0	0	4	1	0	0	0	2	0	0	4	0	20	0	0	3	0	1	1	1	1	0	0	0	0	0	0	0	0	0
Heliyon	2022-10-01	9489968	90161	9912	0	6	1	0	0	0	9	3	0	0	0	0	0	0	3	0	26	0	0	7	0	0	20	0	1	0	0	0	0	0	0	1	0	0
Heliyon	2022-10-01	9485028	120032	12668	0	11	0	5	0	0	3	2	0	0	1	0	0	0	5	0	25	0	0	8	0	1	1	0	1	0	0	0	0	0	0	0	0	0
Heliyon	2022-10-01	9489966	95426	8694	0	2	1	0	0	1	2	0	0	0	3	7	0	0	1	0	13	0	0	0	0	0	0	0	0	0	0	0	0	0	0	0	0	0
Heliyon	2022-10-01	9485029	44389	4343	0	3	0	1	0	0	0	1	0	0	0	2	0	0	3	0	34	0	0	0	0	0	0	0	0	0	0	0	0	0	0	0	0	0
Heliyon	2022-10-01	9489786	278937	10366	0	6	0	0	0	0	0	0	0	0	1	0	0	0	1	0	32	0	0	0	0	0	0	0	0	0	0	0	0	0	0	0	0	0
Heliyon	2022-10-01	9489975	221770	20593	0	0	0	2	0	0	0	0	0	2	5	0	0	0	0	0	40	0	0	2	0	0	0	0	0	0	0	0	0	0	0	0	0	0
Heliyon	2022-10-01	9479015	69309	6072	0	2	0	4	0	0	2	2	0	0	2	2	0	0	2	0	44	0	0	2	0	0	0	0	0	0	0	0	0	0	0	0	0	0
Heliyon	2022-10-01	9483585	35558	3008	0	0	1	0	0	0	0	0	0	1	0	1	0	0	0	0	0	0	0	0	0	0	0	0	0	0	0	0	0	0	0	0	0	0
Heliyon	2022-10-01	9513773	68271	6899	0	7	0	3	0	0	0	1	0	1	0	6	0	0	2	0	26	0	0	2	0	0	1	1	0	0	0	0	0	0	0	0	0	0
Heliyon	2022-10-01	9513785	62251	5698	0	6	1	0	0	0	0	0	0	0	0	1	0	0	5	0	3	0	0	1	0	0	0	0	0	0	0	0	0	2	0	0	0	0
Heliyon	2022-10-01	9519492	57985	5449	0	0	0	0	0	0	0	1	0	0	1	1	0	0	0	0	8	0	0	1	0	0	0	0	0	0	0	0	0	0	0	0	0	0
Heliyon	2022-10-01	9508511	59980	5607	0	2	0	0	1	0	3	3	0	0	1	2	0	0	2	0	55	0	0	1	0	0	0	0	0	0	0	0	0	0	0	0	0	0
Heliyon	2022-10-01	9508559	63403	5270	0	3	0	0	0	0	0	0	0	0	1	0	0	0	2	0	20	0	0	0	0	0	0	0	1	0	0	0	0	0	0	0	0	0
Heliyon	2022-10-01	9519483	104680	9580	0	4	0	0	0	0	0	0	0	5	0	1	0	0	3	0	31	0	0	1	0	0	0	0	2	0	0	0	0	0	0	1	0	0
Heliyon	2022-10-01	9508491	79744	7306	0	2	0	0	0	0	0	1	0	0	0	10	0	0	1	0	42	0	0	0	0	1	0	0	0	0	0	0	0	0	0	0	0	0
Heliyon	2022-10-01	9508418	130428	11835	0	6	0	1	0	0	2	1	0	0	1	1	0	0	2	0	14	0	0	0	0	0	0	0	0	0	0	0	0	0	0	0	0	0
Heliyon	2022-10-01	9535294	78160	7268	0	8	0	0	0	0	1	0	0	0	0	4	0	0	4	0	12	0	0	0	0	0	1	0	0	0	0	0	0	0	0	0	0	0
Heliyon	2022-10-01	9513787	60665	4909	0	1	0	0	0	0	0	0	0	0	1	0	0	0	1	0	12	0	0	0	0	0	0	0	0	0	0	0	0	0	0	0	0	0
Heliyon	2022-10-01	9526157	76729	6947	0	2	0	0	0	0	0	0	0	1	18	1	0	0	2	0	36	0	0	0	0	0	3	0	0	0	0	0	1	0	0	0	0	0
Heliyon	2022-10-01	9513625	87166	7897	0	10	0	0	0	0	0	4	0	2	0	0	0	0	3	0	34	0	0	2	0	0	2	0	0	0	0	0	0	1	0	0	0	0
Heliyon	2022-10-01	9508515	85835	7641	0	11	0	6	1	0	1	2	0	0	1	4	0	0	4	0	82	0	0	1	0	1	2	0	0	0	0	0	0	1	0	0	0	0
Heliyon	2022-10-01	9513771	92443	9287	0	2	0	0	0	0	2	0	0	0	2	2	0	0	1	0	22	0	0	0	0	0	0	0	0	0	0	0	0	0	0	0	0	0
Heliyon	2022-10-01	9529551	151571	13220	0	7	0	6	0	0	5	1	0	0	0	0	0	0	3	0	41	0	0	6	0	0	0	0	0	0	0	0	0	0	0	1	0	0
Heliyon	2022-10-01	9519479	125392	12417	1	2	1	6	3	0	3	5	0	0	4	6	1	2	3	0	52	0	0	3	0	0	1	2	1	0	0	0	0	0	0	3	0	0
Heliyon	2022-10-01	9519486	278192	15310	0	5	1	0	0	0	0	0	0	4	6	8	0	0	3	0	8	0	0	0	0	0	0	0	0	0	0	0	0	0	0	0	0	0
Heliyon	2022-10-01	9508477	125690	10526	0	2	1	0	0	0	0	3	0	0	1	2	0	0	1	0	14	0	0	0	0	0	0	0	0	0	0	0	0	0	0	0	0	0
Heliyon	2022-10-01	9508571	84269	8279	0	7	0	1	0	0	0	0	0	0	0	0	0	0	3	0	43	0	0	0	0	0	0	0	0	0	0	0	0	0	0	0	0	0
Heliyon	2022-10-01	9508564	142018	11999	1	3	0	2	0	0	4	0	0	2	7	0	0	0	1	1	86	0	0	0	0	0	0	1	2	0	0	0	0	1	0	0	0	0
Heliyon	2022-10-01	9519503	67614	6541	0	8	0	2	0	0	0	0	0	1	5	0	0	0	4	0	15	0	0	1	0	0	1	0	0	0	0	0	0	0	0	0	0	0
Heliyon	2022-10-01	9593283	184671	15573	0	1	0	0	0	0	0	1	0	0	1	4	0	0	0	0	18	0	0	0	0	0	0	0	0	0	0	0	0	0	0	0	0	0
Heliyon	2022-10-01	9615361	94949	8939	0	6	0	0	0	0	10	1	0	0	0	0	0	0	1	0	13	0	0	0	0	0	0	0	0	0	0	0	0	0	0	0	0	0
Heliyon	2022-10-01	9595489	157474	11350	0	5	0	1	0	0	1	0	0	0	3	0	0	0	1	0	9	0	0	0	0	0	1	0	1	0	0	0	0	0	0	0	0	0
Heliyon	2022-10-01	9593292	91798	7355	0	6	0	6	0	0	4	6	0	0	2	6	0	0	5	0	44	0	0	3	0	0	0	0	1	0	0	0	0	0	0	0	0	0
Heliyon	2022-10-01	9619002	68730	7730	0	5	0	0	0	0	1	0	0	0	1	2	0	0	1	0	14	0	0	0	0	0	0	0	0	0	0	0	0	0	0	0	0	0
Heliyon	2022-10-01	9618986	84803	6838	0	12	0	2	0	0	0	1	0	3	2	1	0	0	3	0	28	0	0	1	0	0	0	0	0	0	0	0	0	0	0	0	0	0
Heliyon	2022-10-01	9593285	96808	8884	0	1	0	1	3	0	10	15	0	0	3	1	0	0	3	0	41	0	0	1	0	0	0	0	0	0	0	0	0	0	1	0	0	0
Heliyon	2022-10-01	9626951	157123	13415	0	6	0	0	0	0	1	1	0	1	2	6	0	0	3	0	49	0	0	2	0	0	1	0	2	0	0	0	0	0	0	0	0	0
Heliyon	2022-10-01	9626949	107675	10703	0	4	0	2	0	0	3	7	0	26	1	3	0	0	2	0	31	0	0	4	0	1	1	0	0	0	0	0	0	0	0	0	0	0
Heliyon	2022-10-01	9614569	91447	9666	0	13	0	0	0	0	5	0	0	2	0	7	0	0	3	0	8	0	0	0	0	0	0	0	0	0	0	0	0	0	0	0	0	0
Heliyon	2022-10-01	9593194	106532	5998	0	4	0	0	0	0	3	0	0	0	0	3	0	0	3	0	5	0	0	0	0	0	0	0	0	0	0	0	0	0	0	0	0	0
Heliyon	2022-10-01	9589165	40526	3723	0	0	0	0	0	0	0	0	0	0	0	0	0	0	0	0	15	0	0	0	0	0	0	0	0	0	0	0	0	0	0	0	0	0
Heliyon	2022-10-01	9626927	44098	3746	0	6	0	0	0	0	0	0	0	0	1	0	0	0	1	0	24	0	0	0	0	0	0	0	0	0	0	0	0	0	0	0	0	0
Heliyon	2022-10-01	9593208	22594	2436	0	0	0	0	0	0	0	1	0	1	0	0	0	1	0	0	0	0	0	0	0	0	0	0	0	0	0	0	0	0	0	0	0	0
Heliyon	2022-10-01	9619000	91802	8240	0	4	0	0	0	0	0	2	0	0	0	1	0	0	1	0	27	0	0	0	0	0	0	0	0	0	0	0	0	0	0	0	0	0
Heliyon	2022-10-01	9593192	81736	7914	0	15	0	2	0	0	0	10	0	0	0	4	0	0	4	0	18	0	0	1	0	0	0	0	0	0	0	0	0	0	0	0	0	0
Heliyon	2022-10-01	9618973	30981	3158	0	1	0	0	0	0	0	1	0	0	0	0	0	0	0	0	3	0	0	0	0	0	0	0	0	0	0	0	0	0	0	0	0	0
Heliyon	2022-10-01	9593297	210926	15996	0	0	0	0	0	0	0	0	0	1	3	3	0	0	0	0	26	0	0	1	0	0	0	0	0	0	0	0	0	0	0	0	0	0
Heliyon	2022-10-01	9593295	29893	2859	0	0	0	0	0	0	0	2	0	0	0	0	0	0	0	0	4	0	0	0	0	0	0	0	1	0	0	0	0	0	0	0	0	0
Heliyon	2022-10-01	9615325	335804	10435	0	6	0	0	0	0	2	4	0	0	0	1	0	0	2	0	12	0	0	2	0	0	0	0	0	0	0	0	1	0	0	0	0	0
Heliyon	2022-10-01	9626934	121742	11574	0	9	0	2	0	0	0	3	0	0	2	1	0	0	1	0	16	0	0	2	0	0	0	3	0	0	0	0	0	0	0	0	0	0
Heliyon	2022-10-01	9618996	154803	13017	0	7	0	6	0	0	0	0	0	8	7	2	0	0	0	0	67	0	0	0	0	0	0	0	0	0	0	0	0	0	1	0	0	0
Heliyon	2022-10-01	9593188	58435	5275	0	6	0	2	0	0	1	0	0	0	0	0	0	0	1	0	67	0	0	0	0	0	0	0	0	0	0	0	0	0	0	0	0	0
Heliyon	2022-10-01	9615033	103279	9386	0	5	0	3	0	0	1	4	0	0	0	0	0	0	0	0	36	0	0	1	0	1	0	0	0	0	0	0	0	0	0	0	0	1
Heliyon	2022-10-01	9593293	83530	8180	0	4	1	0	0	0	0	0	0	3	2	1	0	0	1	0	26	0	0	0	0	0	0	0	0	0	0	0	0	0	0	0	0	0
