journal	date	pmc_id	Nchars	Nwords	delve	analyse	acknowledge	assess	appraise	dissect	explore	examine	extricate	expose	estimate	investigate	inquire	inspect	interpret	scrutinise	study	unearth	uncover	understand	ponder	research	reason	retrieve	avoid	discount	disregard	dismiss	ignore	neglect	overlook	omit	skip	reject
Heliyon	2024-07-01	11061681	204062	8501	0	2	0	0	0	0	6	5	0	1	2	9	0	0	0	0	18	0	0	0	0	0	0	0	0	0	0	0	0	0	0	0	0	0
Heliyon	2024-07-01	11024560	103505	9073	0	10	0	1	0	0	0	0	0	7	0	4	0	0	0	0	16	0	0	1	0	0	0	0	0	0	0	0	0	0	0	0	0	0
Heliyon	2024-07-01	11021972	148847	14157	0	10	2	7	0	0	9	8	0	0	7	5	0	0	0	0	58	0	0	4	0	0	1	0	0	0	0	0	0	0	0	0	0	0
Heliyon	2024-07-01	11033115	158542	14240	0	10	0	0	0	0	0	1	0	0	2	1	0	0	0	0	44	0	0	9	0	0	0	1	0	0	0	0	1	0	0	0	0	0
Heliyon	2024-07-01	11039976	46799	4715	0	0	0	1	0	0	0	0	0	1	1	1	0	0	0	0	7	0	0	2	0	0	0	0	0	0	0	0	0	0	0	0	0	0
Heliyon	2024-07-01	11033068	86089	7859	0	12	0	4	0	1	1	3	0	0	0	3	0	0	0	0	12	0	0	1	0	0	0	0	0	0	0	0	0	0	0	0	0	0
Heliyon	2024-07-01	11040065	152155	11806	0	8	1	1	0	0	0	0	0	0	0	2	0	0	0	0	7	0	0	0	0	0	0	0	0	0	0	0	0	0	0	0	0	0
Heliyon	2024-07-01	11021893	78463	6912	0	1	0	1	0	0	2	0	0	0	0	2	0	0	0	0	22	0	0	0	0	0	3	0	0	0	0	0	0	0	0	0	0	0
Heliyon	2024-07-01	11024549	114594	10451	0	2	1	5	0	0	4	1	0	5	0	1	0	0	0	0	19	0	0	2	0	0	0	0	0	0	0	0	0	0	0	0	0	0
Heliyon	2024-07-01	11035052	107982	10988	0	5	0	1	0	0	0	0	0	2	2	0	0	0	0	0	26	0	0	0	0	0	0	1	0	0	0	0	0	0	0	0	0	0
Heliyon	2024-07-01	11031758	100308	10911	1	7	2	5	0	0	4	4	0	0	6	4	0	0	0	0	24	0	0	3	0	0	1	2	1	0	0	0	0	0	0	0	0	0
Heliyon	2024-07-01	11133509	153581	13843	0	0	0	0	0	0	0	2	0	1	0	4	0	0	0	0	28	0	0	1	0	1	0	0	1	0	0	0	0	0	0	0	0	0
Heliyon	2024-07-01	11024606	155920	14049	2	11	2	7	0	0	11	11	0	1	5	13	0	0	0	2	96	0	1	5	0	0	0	0	0	0	0	0	0	0	1	0	0	3
Heliyon	2024-07-01	11063411	108285	10445	0	1	0	4	0	0	1	4	0	7	3	5	0	0	0	0	7	0	0	0	0	0	0	0	0	0	0	0	0	0	0	0	0	0
Heliyon	2024-07-01	11024561	67575	6739	0	10	0	1	0	0	4	0	0	0	2	4	0	0	0	0	75	0	0	0	0	1	0	1	0	0	0	0	1	0	0	0	0	0
Heliyon	2024-07-01	11066603	100105	7798	0	10	2	0	0	0	0	3	0	0	1	1	0	0	0	0	14	0	0	0	0	1	0	0	0	0	0	0	0	0	0	0	0	1
Heliyon	2024-07-01	11024601	80058	7071	0	3	1	0	0	0	1	0	0	0	0	3	0	0	0	0	61	0	0	4	0	0	2	0	0	0	0	0	0	0	0	0	0	0
Heliyon	2024-07-01	11031784	145344	11894	0	5	0	0	0	0	0	2	0	0	0	0	0	0	0	0	38	0	0	0	0	0	1	0	0	0	0	0	0	0	0	0	0	0
Heliyon	2024-07-01	11033072	167859	12746	0	10	0	0	0	0	2	3	0	0	2	3	0	0	1	0	20	0	0	2	0	0	0	0	0	0	0	0	0	0	0	0	0	0
Heliyon	2024-07-01	11035944	94236	8633	0	3	0	1	0	0	5	1	0	2	1	1	0	0	0	0	30	0	0	0	0	0	1	0	0	0	0	0	0	0	0	0	0	0
Heliyon	2024-07-01	11021979	227537	20392	1	2	1	2	0	0	4	1	0	0	0	2	0	0	0	0	31	0	0	0	0	0	0	0	0	0	0	0	1	0	0	0	0	0
Heliyon	2024-07-01	11035998	106798	10523	0	8	1	5	1	0	2	5	0	1	1	1	0	0	0	0	40	0	0	1	0	0	0	1	0	0	0	0	0	0	0	0	0	0
Heliyon	2024-07-01	11031797	65624	6264	0	2	0	0	0	0	0	0	0	0	0	0	0	0	0	0	4	0	0	1	0	0	0	0	0	0	0	0	0	1	0	0	0	0
Heliyon	2024-07-01	11035943	205735	18774	2	1	1	5	0	0	2	0	0	7	2	7	0	0	0	0	34	0	1	2	0	0	1	0	1	0	0	0	0	0	2	0	0	0
Heliyon	2024-07-01	11021964	162163	13788	0	7	0	3	0	0	4	3	0	0	4	6	0	0	1	1	42	0	0	9	0	0	1	0	2	0	0	0	0	0	0	0	0	0
Heliyon	2024-07-01	11059403	198265	14842	1	9	1	2	0	0	1	8	0	0	6	6	0	0	0	0	24	0	0	3	0	0	1	0	0	0	0	0	0	0	0	1	0	0
Heliyon	2024-07-01	11059494	17620	1756	0	2	1	0	0	0	2	0	0	0	0	0	0	0	0	0	5	0	0	1	0	0	0	1	0	0	0	0	0	0	0	0	0	0
Heliyon	2024-07-01	11059513	81372	7674	0	16	0	3	0	0	2	4	0	0	1	11	0	0	0	0	18	0	0	1	0	0	0	1	0	0	0	0	0	0	0	0	0	0
Heliyon	2024-07-01	11059556	88950	9401	0	5	0	0	0	0	3	9	0	0	0	4	1	0	0	0	83	0	0	6	0	0	3	0	0	0	0	0	0	0	0	0	0	0
Heliyon	2024-07-01	11064086	80330	7829	2	10	0	0	0	0	9	0	0	0	0	0	0	0	0	0	17	0	0	2	0	2	0	0	0	0	0	0	0	0	0	0	0	0
Heliyon	2024-07-01	11063408	247995	23302	1	0	1	0	0	0	10	2	0	1	1	8	0	0	0	0	32	0	0	6	0	1	0	0	0	0	0	0	0	0	0	0	0	0
Heliyon	2024-07-01	11063392	84589	7503	0	2	2	6	0	0	1	2	0	0	5	1	0	0	0	0	58	0	0	0	0	1	2	1	0	0	0	0	0	0	1	1	0	0
Heliyon	2024-07-01	11053199	102674	9094	1	6	1	4	0	0	0	6	0	0	1	6	0	0	0	0	60	0	0	0	0	1	0	0	0	0	0	0	0	0	0	0	0	1
Heliyon	2024-07-01	11059411	60563	5826	3	2	5	1	0	0	2	0	0	0	4	2	0	0	0	0	45	0	0	7	0	0	0	0	0	0	0	0	0	0	0	0	0	0
Heliyon	2024-07-01	11059542	85917	6345	1	2	0	0	0	0	1	0	0	0	0	2	0	0	0	1	15	0	0	1	0	0	0	0	1	0	0	0	0	2	1	0	0	0
Heliyon	2024-07-01	11059518	119143	10251	2	2	1	0	0	0	2	1	0	0	1	0	0	0	0	2	32	0	1	5	0	0	1	0	0	0	0	0	0	0	0	0	0	0
Heliyon	2024-07-01	11058304	137765	11799	0	21	0	2	0	0	7	1	0	0	12	3	0	0	1	0	13	0	0	1	0	0	1	1	0	0	0	0	0	0	0	0	0	0
Heliyon	2024-07-01	11059506	81383	7282	0	14	0	1	0	0	0	2	0	0	3	0	0	0	0	0	26	0	0	1	0	0	0	0	0	0	0	0	0	0	0	0	0	0
Heliyon	2024-07-01	11747978	275765	24048	0	6	0	4	0	0	3	4	0	4	13	5	0	0	2	0	141	0	0	5	0	1	2	1	0	0	0	0	0	0	0	1	0	0
Heliyon	2024-07-01	11046129	158891	13922	0	0	0	0	0	0	1	0	0	0	0	1	0	0	0	0	27	0	0	3	0	0	0	0	0	0	0	0	0	0	0	0	0	0
Heliyon	2024-07-01	11059497	54471	5788	0	9	1	0	0	0	3	4	0	0	1	7	0	0	0	0	43	0	1	10	0	0	0	0	0	0	0	0	0	0	0	0	0	2
Heliyon	2024-07-01	11059502	81710	6626	0	3	0	1	0	0	5	1	0	1	0	4	0	0	0	0	6	0	0	0	0	0	0	0	0	0	0	0	0	0	0	0	0	0
Heliyon	2024-07-01	11066146	70088	5698	0	4	0	8	0	0	0	1	0	0	2	3	0	0	0	0	43	0	0	0	0	0	0	0	0	0	0	0	1	0	0	0	0	0
Heliyon	2024-07-01	11636865	63395	5854	0	1	0	0	0	0	3	2	0	3	1	4	0	0	0	0	13	0	0	4	0	0	0	0	0	0	0	0	0	0	0	0	0	0
Heliyon	2024-07-01	11098807	201821	16430	0	5	2	1	0	0	0	0	0	0	20	3	0	0	0	0	45	0	0	3	0	3	0	0	0	0	0	0	0	1	0	0	0	0
Heliyon	2024-07-01	11066307	25261	2347	0	0	0	0	0	0	0	0	0	1	0	0	0	0	0	0	2	0	0	0	0	0	0	0	0	0	0	0	0	0	0	0	0	0
Heliyon	2024-07-01	11068538	146217	13706	0	6	0	5	0	0	3	2	0	0	0	0	0	0	2	0	14	0	0	3	0	0	0	0	0	0	0	0	0	0	0	0	0	0
Heliyon	2024-07-01	11070819	84509	7722	0	1	0	1	0	0	2	1	0	1	0	0	0	0	0	0	51	0	0	0	0	0	0	0	0	0	0	1	0	0	0	0	0	0
Heliyon	2024-07-01	11066623	79475	9062	0	2	0	0	0	0	0	2	0	0	0	0	0	0	0	0	9	0	0	0	0	0	0	0	0	0	0	0	0	0	0	0	0	0
Heliyon	2024-07-01	11068540	214685	20295	0	2	2	0	0	0	4	5	0	2	0	4	0	0	0	0	22	0	0	5	0	0	0	0	2	0	0	0	0	0	0	0	0	0
Heliyon	2024-07-01	11063401	80233	7431	0	4	0	2	0	0	1	0	0	0	1	5	0	0	0	0	24	0	1	1	0	0	0	0	0	0	0	0	0	1	0	0	0	0
Heliyon	2024-07-01	11068624	147637	11009	0	8	0	4	0	0	0	1	0	0	45	1	0	0	0	0	18	0	0	0	0	0	1	0	0	0	0	0	0	1	0	0	0	0
Heliyon	2024-07-01	11087948	30640	2926	0	0	0	1	0	0	0	0	0	0	0	0	0	0	0	0	6	0	0	1	0	0	4	0	0	0	0	0	0	0	0	0	0	0
Heliyon	2024-07-01	11088252	92072	7540	0	6	0	0	0	0	0	0	0	0	3	0	0	0	0	0	27	0	0	0	0	0	0	0	0	0	0	0	0	0	0	0	0	0
Heliyon	2024-07-01	11089306	133653	10861	3	3	0	2	0	0	9	10	0	0	1	5	0	0	0	0	23	0	0	2	0	0	0	0	1	1	0	0	0	0	0	2	0	0
Heliyon	2024-07-01	11096731	71736	6835	2	6	0	1	0	1	1	0	0	0	0	4	0	1	0	0	17	0	0	5	0	0	0	0	0	0	0	0	0	0	0	0	0	0
Heliyon	2024-07-01	11078765	85991	7559	0	7	0	3	0	0	0	8	0	0	10	3	0	0	0	0	53	0	0	5	0	0	0	0	0	0	0	0	1	0	1	0	0	0
Heliyon	2024-07-01	11066320	104133	10655	0	6	0	1	0	0	0	5	0	1	1	1	0	0	0	0	15	0	0	1	0	0	0	0	0	0	0	0	0	0	0	0	0	0
Heliyon	2024-07-01	11068535	86440	7631	0	1	0	0	0	0	0	0	0	1	0	0	0	0	0	0	36	0	0	0	0	0	0	0	0	0	0	0	0	0	0	0	0	0
Heliyon	2024-07-01	11063418	57434	4324	0	4	0	1	0	0	0	0	0	0	1	0	0	0	0	0	12	0	0	0	0	0	0	0	0	0	0	0	0	0	0	0	0	0
Heliyon	2024-07-01	11066385	119767	10788	0	6	0	0	0	0	8	3	0	0	7	1	0	0	0	0	38	0	0	1	0	0	1	0	0	0	0	0	1	0	0	1	0	0
Heliyon	2024-07-01	11066308	59392	5949	0	1	1	1	0	0	4	1	0	0	0	5	0	0	0	0	17	0	0	0	0	0	0	0	0	0	0	0	0	0	0	0	0	0
Heliyon	2024-07-01	11066639	202014	7183	0	9	0	0	0	0	1	0	0	0	2	0	0	0	0	0	8	0	0	0	0	0	0	0	0	0	0	0	0	0	0	0	0	0
Heliyon	2024-07-01	11130458	6892	500	0	0	0	0	0	0	0	0	0	0	0	0	0	0	0	0	0	0	0	0	0	0	0	0	0	0	0	0	0	0	0	0	0	0
Heliyon	2024-07-01	11066140	140272	12831	0	5	1	2	0	0	0	6	0	0	1	6	0	0	1	0	50	0	0	4	0	0	0	0	0	0	0	0	1	0	0	4	0	0
Heliyon	2024-07-01	11066379	109226	11027	0	3	3	0	0	0	17	12	0	0	0	0	0	0	0	0	30	0	0	2	0	0	2	1	0	0	0	0	1	0	0	0	0	0
Heliyon	2024-07-01	11096700	124332	11465	0	4	0	1	0	0	0	1	0	0	1	14	0	0	1	0	100	0	0	1	0	0	3	0	2	0	0	0	1	0	0	0	0	0
Heliyon	2024-07-01	11066305	84879	9339	0	7	1	0	0	0	6	2	0	1	0	7	1	0	0	0	58	0	1	6	0	0	2	0	0	0	0	0	2	0	0	0	0	0
Heliyon	2024-07-01	11066145	149876	11502	0	8	1	0	0	0	0	1	0	0	8	1	0	0	0	0	14	0	0	2	0	0	1	0	0	0	0	0	0	0	0	0	0	0
Heliyon	2024-07-01	11096953	38265	3624	0	0	1	0	0	0	0	0	0	1	0	0	0	0	0	0	4	0	0	0	0	0	0	0	0	0	0	0	0	0	2	0	0	0
Heliyon	2024-07-01	11089308	98113	8528	0	5	0	5	0	0	1	1	0	0	0	3	0	0	0	0	50	0	0	0	0	0	0	0	0	0	0	0	0	0	0	0	0	0
Heliyon	2024-07-01	11636870	265177	14869	2	4	0	1	0	0	1	2	0	3	0	1	0	0	0	0	13	0	0	1	0	0	0	9	0	0	0	0	0	0	0	0	3	0
Heliyon	2024-07-01	11128840	78217	7316	0	3	0	1	0	0	0	2	0	0	1	4	0	0	0	0	3	0	3	0	0	0	0	0	0	0	0	0	1	0	0	0	0	0
Heliyon	2024-07-01	11101753	73146	7227	0	1	0	1	0	0	0	1	0	0	0	8	0	0	0	0	17	0	0	0	0	0	1	0	0	0	0	0	0	0	0	0	0	0
Heliyon	2024-07-01	11636799	681261	16876	0	0	0	0	0	0	3	1	0	0	14	0	0	0	0	1	5	0	0	0	0	0	0	0	0	0	0	0	0	0	0	0	0	0
Heliyon	2024-07-01	11106821	46286	4368	0	0	0	1	0	2	1	0	0	1	0	0	0	0	0	0	16	0	0	0	0	0	0	0	0	0	0	0	0	0	0	0	0	0
Heliyon	2024-07-01	11636803	441103	16461	8	9	2	1	0	0	14	9	0	0	0	20	0	0	0	0	27	0	0	10	0	0	0	0	0	0	0	0	0	1	0	0	0	0
Heliyon	2024-07-01	11128836	173894	12899	0	17	0	21	0	0	5	2	0	0	0	2	0	0	1	0	34	0	0	2	0	2	3	0	1	2	0	0	4	0	0	0	0	0
Heliyon	2024-07-01	11096870	110267	7318	0	1	0	0	0	0	2	0	0	0	0	2	0	0	0	0	5	0	0	0	0	0	0	0	0	0	0	0	0	0	0	1	0	0
Heliyon	2024-07-01	11130457	6576	539	0	0	0	0	0	0	0	0	0	0	0	0	0	0	0	0	0	0	0	0	0	0	0	0	0	0	0	0	0	0	0	0	0	0
Heliyon	2024-07-01	11096750	98350	9767	0	17	0	1	0	0	1	0	0	1	0	3	0	0	0	0	6	0	0	0	0	0	0	0	0	0	0	0	0	0	0	0	0	0
Heliyon	2024-07-01	11096948	73707	6392	1	1	0	4	0	0	3	0	0	0	4	0	0	0	0	0	82	0	0	4	0	0	0	2	0	0	0	0	0	0	0	0	0	0
Heliyon	2024-07-01	11108857	60536	5408	0	4	4	5	0	0	3	1	0	0	0	3	0	0	0	0	13	0	0	2	0	0	2	0	0	0	0	0	0	0	0	0	0	0
Heliyon	2024-07-01	11096718	120916	9769	0	0	0	0	0	0	3	0	0	0	0	0	0	0	0	0	9	0	0	0	0	0	0	0	0	0	0	0	0	0	0	0	0	0
Heliyon	2024-07-01	11108836	24557	2400	0	0	0	0	0	0	1	0	0	0	0	0	0	0	0	0	3	0	0	0	0	0	0	0	0	0	0	0	0	0	0	0	0	0
Heliyon	2024-07-01	11096920	125247	11518	1	1	4	2	0	0	5	3	0	0	7	4	0	0	0	0	79	0	3	8	0	0	0	6	0	0	0	0	0	0	0	0	0	0
Heliyon	2024-07-01	11096703	169646	15398	0	15	0	3	0	0	8	2	0	0	5	10	0	0	0	0	37	0	0	0	0	0	0	0	0	0	0	0	0	0	0	0	0	0
Heliyon	2024-07-01	11101751	53519	5101	0	8	0	0	0	0	0	2	0	0	0	7	0	0	0	0	31	0	0	1	0	0	0	0	0	0	0	0	0	0	0	0	0	0
Heliyon	2024-07-01	11137366	93175	9065	0	9	0	0	0	0	3	1	0	0	1	8	0	0	0	0	31	0	0	3	0	0	0	2	0	0	0	0	0	0	0	0	0	0
Heliyon	2024-07-01	11096925	195750	16400	0	0	0	0	0	0	1	19	0	0	7	1	0	1	0	1	44	0	0	0	0	0	6	0	0	0	0	0	3	0	0	0	0	0
Heliyon	2024-07-01	11096698	116236	8838	2	5	0	2	0	0	3	10	0	0	0	1	0	0	0	0	15	0	1	2	0	1	1	0	0	0	0	0	1	1	0	0	0	0
Heliyon	2024-07-01	11096709	107565	10050	0	3	0	1	0	0	5	11	0	0	0	8	0	0	0	0	62	0	0	6	0	0	0	0	0	0	0	0	0	0	1	0	0	0
Heliyon	2024-07-01	11109739	122953	11601	2	3	1	8	0	0	6	3	0	1	0	4	1	0	2	0	54	0	0	15	0	0	4	0	0	0	0	0	0	0	0	0	0	0
Heliyon	2024-07-01	11098804	264871	21637	0	1	0	0	0	0	5	1	0	0	2	5	0	0	0	0	55	0	0	1	0	0	0	0	0	0	0	0	0	0	0	0	0	0
Heliyon	2024-07-01	11152691	212463	17020	0	7	0	0	0	0	13	10	0	0	3	3	0	0	1	0	55	0	0	5	0	0	0	0	0	0	0	0	2	1	0	0	0	0
Heliyon	2024-07-01	11126853	73910	6165	0	2	0	0	0	0	1	0	0	0	0	0	0	0	0	0	14	0	0	0	0	0	0	0	0	0	0	0	0	1	0	0	0	0
Heliyon	2024-07-01	11106818	95273	8677	0	5	1	3	0	0	4	0	0	0	3	7	0	0	0	0	75	0	0	0	0	0	0	1	0	0	0	0	0	0	0	1	0	0
Heliyon	2024-07-01	11128830	100122	9887	0	8	2	0	0	0	2	0	0	1	0	19	0	0	2	0	40	0	0	6	0	0	1	0	0	0	0	0	0	0	0	0	0	0
Heliyon	2024-07-01	11107111	74182	6974	0	1	0	0	0	0	1	6	0	1	0	10	0	0	0	0	17	0	2	2	0	0	0	0	0	0	0	0	0	0	0	0	0	0
Heliyon	2024-07-01	11108858	116152	9347	0	21	0	4	0	1	0	4	0	0	0	6	0	0	0	0	11	0	0	0	0	0	0	0	0	0	0	0	0	0	0	0	0	0
Heliyon	2024-07-01	11126795	118193	10448	0	2	0	6	0	0	0	0	0	0	2	0	0	0	0	1	17	0	0	1	0	0	1	0	0	0	0	0	0	0	0	0	0	0
Heliyon	2024-07-01	11128465	105613	8217	0	6	1	0	0	0	0	0	0	0	0	1	0	0	0	0	49	0	0	3	0	0	3	0	1	0	0	0	0	0	0	0	0	0
Heliyon	2024-07-01	11112283	102303	8555	0	3	0	3	0	0	2	1	0	0	3	0	0	0	0	0	22	0	0	3	0	0	0	0	0	0	0	0	0	0	0	0	0	0
Heliyon	2024-07-01	11107236	121112	10282	0	1	1	0	0	0	1	0	0	0	0	6	0	0	0	0	25	0	0	1	0	0	0	0	0	0	0	0	0	0	0	0	0	0
Heliyon	2024-07-01	11112284	156380	13984	0	6	2	7	0	0	0	4	0	0	4	8	0	0	0	0	58	0	0	2	0	0	1	0	0	0	0	0	0	0	1	0	0	2
Heliyon	2024-07-01	11109806	119539	9333	0	13	0	1	0	0	4	3	0	0	0	1	0	0	0	0	48	0	0	1	0	0	0	0	0	0	0	0	0	0	0	0	0	0
Heliyon	2024-07-01	11107096	88693	7513	0	7	0	1	0	0	0	2	0	0	1	1	0	0	0	0	11	0	0	2	0	0	1	0	0	0	0	0	0	0	0	0	0	0
Heliyon	2024-07-01	11133659	75693	6405	0	7	0	0	0	0	0	0	0	1	1	0	0	0	0	0	15	0	0	1	0	0	0	2	0	0	0	0	0	0	0	0	0	0
Heliyon	2024-07-01	11126835	112184	11011	0	3	0	1	0	0	0	0	0	4	1	5	0	0	0	0	15	0	0	0	0	0	1	0	1	0	0	0	0	0	0	1	0	0
Heliyon	2024-07-01	11107108	82294	9276	0	11	0	0	0	0	4	1	0	0	0	1	0	0	0	0	27	0	0	3	0	0	0	0	0	0	0	0	0	0	0	0	0	0
Heliyon	2024-07-01	11107234	24171	2438	0	0	0	1	0	0	0	0	0	0	0	0	0	0	0	0	7	0	0	0	0	0	0	0	0	0	0	0	0	0	0	0	0	0
Heliyon	2024-07-01	11108842	108214	9483	0	2	0	1	0	0	0	0	0	3	1	4	0	0	0	0	13	0	0	1	0	0	0	0	1	0	0	0	0	0	0	0	0	0
Heliyon	2024-07-01	11109721	86868	8223	0	2	0	0	0	0	0	0	0	0	1	1	0	0	0	0	20	0	0	0	0	0	0	0	0	0	0	0	0	0	0	0	0	0
Heliyon	2024-07-01	11108810	69495	6440	0	1	3	0	0	0	1	0	0	1	1	3	0	0	0	0	28	0	0	0	0	0	0	0	2	0	0	0	1	1	0	0	0	0
Heliyon	2024-07-01	11112265	13230	1203	0	1	1	0	0	0	0	0	0	0	9	0	0	0	1	0	5	0	0	0	0	0	0	0	0	0	0	0	0	0	0	0	0	0
Heliyon	2024-07-01	11636891	150235	14780	1	15	0	3	0	0	6	7	0	1	14	1	0	0	0	0	44	0	0	8	0	0	0	0	0	0	0	0	0	0	1	0	0	0
Heliyon	2024-07-01	11133507	107439	10842	0	2	0	0	0	0	1	2	0	1	0	5	0	0	0	0	21	0	0	3	0	0	0	0	0	0	0	0	0	0	0	0	0	0
Heliyon	2024-07-01	11263648	96492	8520	0	4	0	4	0	0	1	1	0	0	0	0	0	0	0	0	18	0	0	0	0	0	0	0	0	0	0	0	0	0	0	0	0	0
Heliyon	2024-07-01	11109729	146075	10434	0	8	0	4	0	0	2	0	0	1	1	4	0	0	0	0	19	0	0	1	0	0	0	0	0	0	0	0	0	0	0	0	0	0
Heliyon	2024-07-01	11167271	149132	14262	0	6	1	3	0	0	3	2	0	28	2	5	0	0	0	0	33	0	0	2	0	0	0	1	0	0	0	0	0	0	0	0	0	0
Heliyon	2024-07-01	11639725	239773	13980	0	8	0	0	0	0	0	9	0	0	0	23	0	0	0	0	7	0	0	0	0	1	1	0	0	0	0	0	0	0	0	0	0	0
Heliyon	2024-07-01	11637021	147348	10496	0	14	0	0	0	0	0	0	0	0	4	1	0	0	0	0	13	0	0	0	0	1	2	0	0	0	0	0	0	1	0	0	0	0
Heliyon	2024-07-01	11133693	49289	4195	0	0	0	0	0	0	0	0	0	1	0	0	0	0	1	0	7	0	0	0	0	0	0	0	0	0	0	0	0	0	0	0	0	0
Heliyon	2024-07-01	11141346	209423	14611	0	6	0	0	0	0	1	1	0	0	19	0	0	0	0	0	17	0	0	0	0	0	0	0	0	0	0	0	0	0	0	0	0	1
Heliyon	2024-07-01	11133500	80087	8083	0	0	0	1	0	0	5	2	0	0	0	0	1	0	1	0	48	0	0	3	0	1	3	1	0	0	0	0	0	0	0	0	0	0
Heliyon	2024-07-01	11180959	13468	565	0	0	0	0	0	0	0	0	0	0	1	0	0	0	0	0	0	0	0	0	0	0	0	0	0	0	0	0	0	0	0	0	0	0
Heliyon	2024-07-01	11133917	64745	5661	0	0	0	0	0	0	1	0	0	0	1	1	0	0	0	0	24	0	0	0	0	0	0	0	0	0	0	0	0	0	0	0	0	0
Heliyon	2024-07-01	11304020	181598	13161	0	0	0	0	0	0	7	0	0	1	1	0	0	0	0	0	10	0	0	1	0	0	0	0	0	0	0	0	0	0	0	0	0	0
Heliyon	2024-07-01	11152904	86491	8793	0	8	0	2	0	0	0	5	0	6	0	3	0	0	0	0	9	0	0	0	0	1	0	0	0	0	0	0	0	0	0	0	0	0
Heliyon	2024-07-01	11141269	547630	13416	6	3	1	1	0	0	9	9	0	0	0	8	0	0	0	1	15	0	1	8	0	0	0	0	1	0	0	0	0	0	0	0	0	0
Heliyon	2024-07-01	11133697	241553	9560	3	4	0	0	0	0	8	4	0	0	0	2	0	0	0	0	18	0	1	8	0	0	0	0	0	0	0	0	0	0	0	0	0	0
Heliyon	2024-07-01	11141387	186815	15117	0	1	0	3	0	0	1	4	0	0	0	10	0	0	0	0	34	0	0	4	0	0	0	0	1	0	0	0	0	1	0	0	0	0
Heliyon	2024-07-01	11133808	82923	7982	0	5	0	3	0	0	4	1	0	0	1	1	0	0	0	0	23	0	0	1	0	0	0	0	0	0	0	0	0	0	1	0	0	0
Heliyon	2024-07-01	11145213	133333	12494	0	9	0	2	0	0	5	0	0	1	6	4	0	0	0	0	16	0	0	1	0	0	1	0	0	0	0	0	1	0	0	0	0	0
Heliyon	2024-07-01	11637016	151397	7450	0	3	1	0	0	0	0	0	0	0	7	0	0	0	1	0	11	0	0	0	0	0	0	0	0	0	0	0	0	0	0	0	0	0
Heliyon	2024-07-01	11639706	171152	14407	1	7	0	2	0	0	0	1	0	0	4	2	0	0	0	0	53	0	0	2	0	1	0	0	0	0	0	0	1	0	0	0	0	0
Heliyon	2024-07-01	11263647	85310	7123	0	9	0	0	0	0	1	1	0	0	5	0	0	0	0	0	49	0	0	3	0	0	2	1	0	0	0	0	0	0	0	0	0	0
Heliyon	2024-07-01	11636903	474524	14553	1	2	0	0	0	0	1	0	0	0	0	1	0	0	0	0	8	0	0	0	0	1	0	0	0	0	0	0	0	0	0	0	0	0
Heliyon	2024-07-01	11133824	87943	8016	0	5	1	0	0	0	3	1	0	0	0	8	0	0	0	0	9	0	0	0	0	0	0	0	0	0	0	0	0	0	0	0	0	0
Heliyon	2024-07-01	11141367	111326	9709	0	13	0	0	0	0	1	0	0	0	4	0	0	0	0	0	35	0	0	1	0	0	0	1	0	0	0	0	0	0	0	1	0	0
Heliyon	2024-07-01	11133804	83017	6844	0	7	0	1	0	0	1	1	0	0	0	7	0	0	0	0	15	0	1	1	0	2	0	0	0	0	0	0	0	0	0	0	0	0
Heliyon	2024-07-01	11140603	200261	16779	0	4	0	2	0	0	1	2	0	3	1	1	0	0	0	0	15	0	0	1	0	0	1	0	1	0	0	0	0	0	0	0	0	0
Heliyon	2024-07-01	11133753	125729	12941	0	7	1	0	0	0	3	2	0	0	5	0	0	0	0	0	30	0	0	0	0	0	0	0	0	1	0	0	0	0	1	0	0	0
Heliyon	2024-07-01	11133655	100320	8550	2	8	2	2	0	0	2	8	0	0	0	2	1	0	0	0	18	0	0	3	0	0	2	0	0	0	0	0	0	0	0	0	0	0
Heliyon	2024-07-01	11154223	148324	10738	0	15	0	1	0	0	0	1	0	0	1	2	0	0	0	0	25	0	0	3	0	0	0	0	0	0	0	0	0	0	0	0	0	0
Heliyon	2024-07-01	11170099	137676	10301	0	5	0	5	0	0	5	14	0	0	14	6	0	0	0	0	48	0	0	3	0	2	1	0	0	0	1	0	1	0	0	0	0	1
Heliyon	2024-07-01	11153202	333023	25125	3	0	1	3	0	0	2	3	0	6	0	5	0	0	0	0	47	0	0	5	0	0	0	0	0	0	0	0	0	0	0	0	0	0
Heliyon	2024-07-01	11214386	76573	7979	0	1	0	1	0	0	0	1	0	0	0	0	0	0	0	2	85	0	0	0	0	0	2	0	0	0	0	0	0	0	0	0	0	0
Heliyon	2024-07-01	11153187	76953	6176	0	5	0	1	0	0	0	0	0	2	0	0	0	0	0	0	25	0	0	0	0	0	0	0	0	0	0	0	0	0	0	0	0	0
Heliyon	2024-07-01	11153098	97923	9205	0	7	0	6	1	0	3	0	0	0	2	3	0	0	1	0	27	0	2	2	0	0	0	0	0	0	0	0	0	0	0	0	0	0
Heliyon	2024-07-01	11154620	190672	12703	1	2	0	4	0	0	4	1	0	0	4	3	0	0	0	0	13	0	0	2	0	1	0	0	0	0	0	0	1	0	1	0	0	0
Heliyon	2024-07-01	11252602	215448	24395	0	7	8	1	0	0	10	7	0	0	1	1	0	0	0	0	61	0	0	12	0	1	1	1	2	0	0	0	1	1	8	0	0	0
Heliyon	2024-07-01	11153114	166218	15947	0	3	1	1	0	0	1	4	0	0	1	1	0	0	0	0	37	0	0	6	0	0	1	0	0	0	0	0	0	0	0	0	0	0
Heliyon	2024-07-01	11153090	66606	6347	0	0	0	2	0	0	1	0	0	0	0	0	0	0	0	0	4	0	0	1	0	0	0	0	3	0	0	0	0	0	0	0	0	0
Heliyon	2024-07-01	11154629	135689	11716	0	1	0	5	0	0	0	0	0	0	5	2	0	0	0	0	47	0	0	0	0	0	0	1	0	0	0	0	0	0	0	0	0	0
Heliyon	2024-07-01	11154197	115660	11645	0	3	2	5	1	0	4	6	0	0	0	1	0	0	1	0	46	0	0	2	0	0	1	0	0	0	2	0	0	2	1	0	0	0
Heliyon	2024-07-01	11180958	15627	855	0	2	0	0	0	0	0	0	0	0	0	0	0	0	0	0	2	0	0	0	0	0	0	0	0	0	0	0	0	0	0	0	0	0
Heliyon	2024-07-01	11154225	64894	6045	0	3	0	0	0	0	0	3	0	1	2	4	0	0	0	0	5	0	0	0	0	1	0	0	0	0	0	0	0	0	0	0	0	0
Heliyon	2024-07-01	11176802	182388	17389	0	31	1	8	0	0	5	13	0	2	2	1	0	0	1	0	27	0	0	4	0	0	0	0	1	0	0	0	1	0	0	0	0	0
Heliyon	2024-07-01	11637022	425718	12351	0	4	0	1	0	0	6	2	0	4	1	9	0	0	0	0	17	0	0	3	0	0	1	0	0	0	0	0	1	0	1	0	0	0
Heliyon	2024-07-01	11153110	70434	6549	0	6	0	0	0	0	3	1	0	0	0	0	0	0	0	0	19	0	1	2	0	0	0	0	0	0	0	0	0	0	1	0	0	0
Heliyon	2024-07-01	11176761	80696	7924	0	3	0	2	0	0	3	1	0	2	0	7	0	0	0	0	22	0	0	2	0	0	0	0	0	0	0	0	0	0	0	0	0	0
Heliyon	2024-07-01	11154204	84269	7021	2	4	0	0	0	0	5	1	0	0	0	1	0	0	0	0	11	0	0	2	0	0	0	0	0	0	0	0	0	0	0	0	0	0
Heliyon	2024-07-01	11153096	201354	18140	5	4	1	2	0	0	12	1	0	3	0	0	0	0	0	1	33	0	0	9	0	0	1	0	0	0	0	0	0	0	0	0	0	0
Heliyon	2024-07-01	11180323	103155	9676	0	2	0	4	0	0	0	0	0	2	1	5	0	0	0	0	15	0	0	0	0	0	0	0	0	0	0	0	0	0	0	0	0	0
Heliyon	2024-07-01	11152687	308195	13063	1	1	0	0	0	0	1	0	0	0	2	1	0	0	0	0	15	0	0	0	0	0	0	0	0	0	0	0	0	0	0	0	0	0
Heliyon	2024-07-01	11168295	105944	9399	0	3	0	0	0	0	1	4	0	1	0	2	0	0	0	0	30	0	0	0	0	1	0	0	0	0	0	0	0	0	0	0	0	0
Heliyon	2024-07-01	11167289	52331	4498	0	0	0	0	0	0	0	0	0	0	0	0	0	0	0	0	8	0	0	0	0	0	0	0	0	0	0	0	0	0	0	0	0	1
Heliyon	2024-07-01	11637103	249682	8923	1	4	0	0	0	0	5	0	0	0	7	2	0	0	0	0	10	0	0	1	0	0	0	0	0	0	0	0	0	0	0	0	0	0
Heliyon	2024-07-01	11214453	222477	17509	4	6	1	4	0	0	6	6	0	0	1	7	0	0	0	1	33	0	0	2	0	0	0	2	0	0	0	0	0	0	0	0	0	0
Heliyon	2024-07-01	11225670	130036	11017	2	8	0	1	0	0	2	0	0	0	20	4	0	0	3	0	36	0	0	5	0	0	0	0	1	1	0	0	0	0	0	0	0	0
Heliyon	2024-07-01	11637094	79084	7955	2	1	0	0	0	0	3	0	0	0	1	0	0	0	0	0	3	0	0	0	0	0	0	0	0	0	0	0	0	0	0	0	3	0
Heliyon	2024-07-01	11219274	116466	10624	1	1	0	0	0	0	3	0	0	0	0	1	0	0	0	0	30	0	0	0	0	1	0	0	0	0	0	0	0	0	0	0	0	0
Heliyon	2024-07-01	11225679	173740	13381	0	12	0	0	0	0	1	0	0	0	1	3	0	0	0	0	26	0	0	0	0	0	1	0	0	0	0	0	0	0	0	0	0	0
Heliyon	2024-07-01	11637230	194849	7355	0	0	0	0	0	0	2	4	0	0	0	1	0	0	0	0	13	0	0	0	0	0	0	0	0	0	0	0	0	0	0	0	0	0
Heliyon	2024-07-01	11214456	33901	3060	0	0	0	0	0	0	0	0	0	0	0	0	0	0	0	0	2	0	0	0	0	0	0	0	0	0	0	0	0	0	0	0	0	0
Heliyon	2024-07-01	11637057	407311	9924	0	1	1	1	0	0	1	3	0	0	27	5	0	0	0	0	6	0	0	0	0	0	1	0	0	0	0	0	0	0	0	0	0	0
Heliyon	2024-07-01	11341235	94516	7424	0	0	0	0	0	0	0	7	0	0	5	1	0	0	0	0	22	0	0	0	0	0	0	0	0	0	0	0	0	0	0	0	0	0
Heliyon	2024-07-01	11214452	54174	4645	0	6	0	2	0	0	0	0	0	0	0	2	0	0	0	0	13	0	0	0	0	0	3	1	0	0	0	0	0	0	0	0	0	0
Heliyon	2024-07-01	11219318	140224	14205	0	18	1	4	0	0	9	4	0	0	1	6	0	0	0	0	26	0	0	4	0	0	0	0	0	0	0	0	0	0	0	0	0	0
Heliyon	2024-07-01	11214448	73744	6679	0	4	0	7	0	0	1	0	0	0	1	1	0	0	0	0	21	0	0	0	0	0	0	0	0	0	0	0	0	0	1	0	0	0
Heliyon	2024-07-01	11219311	94789	9479	0	6	0	1	0	0	0	0	0	1	3	1	0	0	0	0	24	0	0	0	0	0	1	1	0	0	0	0	0	0	0	0	0	0
Heliyon	2024-07-01	11225763	84136	7239	0	1	0	4	0	0	0	2	0	0	0	6	0	0	0	0	8	0	0	0	0	0	0	0	0	0	0	0	0	0	0	0	0	0
Heliyon	2024-07-01	11341239	223282	9098	0	3	0	1	0	0	1	1	0	0	14	2	0	0	0	0	9	0	0	2	0	0	0	0	0	0	0	0	1	0	0	0	0	0
Heliyon	2024-07-01	11256517	3465	229	0	0	0	0	0	0	0	0	0	0	0	1	0	0	0	0	0	0	0	0	0	0	0	0	0	0	0	0	0	0	0	0	0	0
Heliyon	2024-07-01	11225662	57834	4991	0	1	1	0	0	0	0	0	0	0	0	0	0	0	0	0	1	0	0	1	0	0	0	0	1	0	0	0	0	0	0	0	0	0
Heliyon	2024-07-01	11214437	63935	5485	3	0	1	2	0	0	1	0	0	0	1	0	0	0	0	0	12	0	0	3	0	0	1	0	0	0	0	0	0	0	0	0	0	0
Heliyon	2024-07-01	11214464	74476	7105	0	15	0	1	0	1	2	1	0	1	0	4	0	0	0	0	19	0	0	0	0	0	0	0	1	0	0	0	0	0	0	0	0	0
Heliyon	2024-07-01	11637017	623242	16894	0	0	0	0	0	0	0	0	0	0	0	0	0	0	0	0	5	0	0	0	0	0	0	0	0	0	0	0	0	0	0	0	0	0
Heliyon	2024-07-01	11226769	121406	10033	1	6	2	2	0	0	8	11	0	0	0	1	0	0	0	0	21	0	1	6	0	0	1	0	0	0	0	0	1	0	0	0	0	0
Heliyon	2024-07-01	11233868	121952	10976	0	6	0	3	0	0	2	0	0	0	3	3	0	0	0	0	13	0	0	0	0	0	0	1	0	0	0	0	0	1	0	0	0	0
Heliyon	2024-07-01	11214451	74179	6157	0	1	0	1	0	0	0	0	0	0	0	1	0	0	0	0	3	0	0	0	0	0	0	0	0	0	0	0	0	0	0	0	0	0
Heliyon	2024-07-01	11250874	116113	9638	0	1	0	2	0	0	5	0	0	0	10	1	0	0	0	0	75	0	0	1	0	0	12	0	0	0	0	0	0	0	1	0	0	0
Heliyon	2024-07-01	11341323	164034	14091	0	1	0	1	0	0	5	0	0	0	3	0	0	0	0	0	7	0	0	3	0	0	0	0	0	0	0	0	0	0	0	0	0	0
Heliyon	2024-07-01	11252657	86196	7468	0	8	1	1	0	0	1	2	0	0	0	4	0	0	0	0	22	0	1	3	0	0	0	0	0	0	0	0	0	0	0	0	1	0
Heliyon	2024-07-01	11341287	89967	7143	0	4	0	1	0	0	2	0	0	0	4	0	0	0	0	0	38	0	0	0	0	0	0	0	0	0	0	0	0	0	0	0	0	0
Heliyon	2024-07-01	11341280	28068	2231	0	1	0	0	0	0	0	0	0	0	0	0	0	0	0	0	3	0	0	3	0	0	0	0	0	0	0	0	0	0	0	0	0	0
Heliyon	2024-07-01	11341311	109047	10379	0	3	1	6	0	0	1	1	0	0	1	2	0	0	0	0	30	0	0	1	0	0	1	0	0	0	0	0	0	0	0	0	0	0
Heliyon	2024-07-01	11341318	79242	7001	0	13	0	4	0	0	0	3	0	2	0	0	0	0	1	0	86	0	0	1	0	0	1	1	0	0	0	0	0	0	0	0	0	0
Heliyon	2024-07-01	11341309	93571	7683	0	5	2	1	0	0	0	1	0	0	1	0	0	0	1	0	18	0	0	5	0	0	0	0	0	0	0	0	0	0	0	0	0	1
Heliyon	2024-07-01	11237847	156455	14064	0	18	1	10	0	0	0	1	0	0	14	23	0	0	0	0	26	0	0	0	0	0	1	0	0	3	0	0	1	2	0	0	0	0
Heliyon	2024-07-01	11341331	142163	12372	0	6	3	1	0	0	2	12	0	0	30	2	0	0	0	0	47	0	2	1	0	0	0	0	0	0	0	0	0	1	0	0	0	1
Heliyon	2024-07-01	11341338	95130	7838	0	4	1	6	0	0	2	1	0	0	7	5	0	0	0	1	42	0	0	5	0	0	0	1	0	0	0	0	0	0	0	0	0	0
Heliyon	2024-07-01	11263721	126737	9299	1	11	0	4	0	0	0	0	0	0	12	4	0	0	0	0	26	0	0	0	0	0	2	1	0	0	0	0	0	0	0	0	0	0
Heliyon	2024-07-01	11252880	87477	7382	0	0	0	4	0	0	2	1	0	0	2	1	0	0	0	0	21	0	0	3	0	0	0	0	0	0	0	0	1	0	0	0	0	0
Heliyon	2024-07-01	11341317	139823	11943	0	20	0	2	0	0	6	3	0	0	1	5	0	0	2	0	33	0	0	5	0	0	0	0	0	0	0	0	0	0	0	0	0	0
Heliyon	2024-07-01	11341299	88130	7881	0	4	0	0	0	0	0	3	0	3	0	1	0	0	0	0	17	0	0	0	0	0	0	0	0	0	0	0	0	0	0	0	0	0
Heliyon	2024-07-01	11237844	174679	18363	0	15	2	4	0	0	3	6	0	1	1	1	0	0	1	0	75	0	0	3	0	0	10	3	1	0	1	0	0	2	1	0	0	0
Heliyon	2024-07-01	11341325	47703	4700	0	0	0	1	0	1	0	0	0	0	0	1	0	0	0	0	8	0	0	1	0	0	0	0	0	0	0	0	0	0	0	0	0	0
Heliyon	2024-07-01	11341313	85423	8197	0	10	1	3	0	0	1	3	0	0	1	2	0	0	1	0	31	0	0	0	0	0	0	0	0	0	0	0	0	0	0	0	0	0
Heliyon	2024-07-01	11341236	179408	5890	0	0	0	0	0	0	0	1	0	0	0	0	0	0	0	0	6	0	0	0	0	0	0	0	0	0	0	0	0	0	0	0	0	0
Heliyon	2024-07-01	11237947	110136	9723	0	8	0	8	0	0	0	2	0	2	11	0	0	0	1	0	23	0	0	3	0	0	0	0	1	0	0	0	0	0	0	0	0	0
Heliyon	2024-07-01	11341332	81644	7467	0	12	0	3	0	0	1	0	0	0	0	4	0	0	0	0	28	0	0	2	0	0	0	0	0	0	0	0	0	0	1	0	0	0
Heliyon	2024-07-01	11304021	192686	18092	0	4	1	4	0	0	3	4	0	0	0	1	0	0	1	0	86	0	1	17	0	0	11	0	0	0	0	0	1	0	0	0	6	0
Heliyon	2024-07-01	11237941	48031	4517	0	0	0	5	0	0	3	1	0	0	0	3	0	0	0	0	10	0	0	0	0	0	0	0	0	0	0	0	0	0	0	0	0	0
Heliyon	2024-07-01	11341342	189899	17186	4	28	3	3	1	0	16	2	0	1	0	7	0	0	0	0	109	0	0	18	0	0	0	40	0	0	0	0	0	1	0	0	0	0
Heliyon	2024-07-01	11637177	106061	8111	1	7	0	0	0	0	0	0	0	0	0	1	0	0	0	0	25	0	0	0	0	0	0	0	1	0	0	0	0	0	0	0	0	0
Heliyon	2024-07-01	11252593	70968	6834	0	6	0	0	0	0	0	0	0	0	0	0	0	0	0	0	48	0	0	0	0	0	10	0	0	0	0	0	0	0	0	0	0	0
Heliyon	2024-07-01	11260937	98632	7671	0	14	0	4	1	0	0	5	0	0	5	0	0	0	0	0	84	0	0	0	0	0	0	1	0	0	0	0	0	0	0	0	0	0
Heliyon	2024-07-01	11304027	286708	21672	0	2	1	3	0	0	1	3	0	2	21	0	0	0	0	0	15	0	0	2	0	0	0	0	0	0	0	0	0	0	1	0	0	0
Heliyon	2024-07-01	11254608	113308	9781	0	3	2	1	0	0	2	1	0	1	0	2	0	0	0	0	8	0	0	0	0	0	0	0	1	0	0	0	0	0	0	0	0	0
Heliyon	2024-07-01	11341284	52252	4972	0	1	0	0	0	0	0	1	0	11	15	6	0	1	0	0	16	0	0	0	0	0	0	0	0	0	0	0	0	0	0	0	0	0
Heliyon	2024-07-01	11252941	56637	4947	0	0	0	0	0	0	0	1	0	1	0	1	0	0	0	0	5	0	0	0	0	0	0	0	0	0	0	0	0	0	1	0	0	0
Heliyon	2024-07-01	11256600	4414	305	0	0	0	0	0	0	0	0	0	0	0	0	0	0	0	0	0	0	0	0	0	0	0	0	0	0	0	0	0	0	0	0	0	0
Heliyon	2024-07-01	11253227	89875	6987	1	2	0	7	0	0	1	2	0	0	2	6	0	0	0	0	30	0	0	1	0	0	0	0	0	0	0	0	0	0	0	0	0	0
Heliyon	2024-07-01	11637080	144767	12211	1	7	3	0	0	0	2	0	0	0	4	1	0	0	0	0	18	0	0	0	0	0	0	0	2	0	0	0	0	0	1	1	0	0
Heliyon	2024-07-01	11260919	51119	4832	1	2	0	1	0	0	2	0	0	0	2	0	0	0	0	0	25	0	0	1	0	0	0	0	0	0	0	0	0	0	0	0	0	0
Heliyon	2024-07-01	11253280	114992	10227	0	29	0	1	0	0	2	4	0	0	1	5	0	0	0	0	27	0	2	1	0	0	0	3	0	0	0	0	0	0	0	0	0	0
Heliyon	2024-07-01	11252702	159810	11698	0	5	0	0	0	0	4	7	0	1	0	7	0	0	0	0	24	0	0	2	0	0	1	0	1	0	0	0	1	0	0	0	0	0
Heliyon	2024-07-01	11255575	127466	10921	0	1	0	5	0	0	3	0	0	0	3	1	0	0	1	0	78	0	0	1	0	0	0	0	0	0	0	0	0	0	0	0	0	0
Heliyon	2024-07-01	11259791	72599	6572	0	4	0	2	0	0	0	2	0	0	0	1	0	0	0	0	42	0	0	2	0	0	0	0	0	0	0	0	0	0	0	0	0	0
Heliyon	2024-07-01	11252956	95934	8964	0	6	0	0	0	0	0	1	0	0	1	7	0	0	0	0	18	0	0	0	0	0	0	0	0	0	0	0	0	0	0	0	0	0
Heliyon	2024-07-01	11252720	128105	11524	0	15	0	3	0	0	2	1	0	6	1	3	0	0	0	0	16	0	0	1	0	0	0	0	0	0	1	0	0	0	0	0	0	0
Heliyon	2024-07-01	11252766	63721	7409	0	8	0	0	0	0	2	0	0	0	0	0	0	0	0	0	6	0	0	0	0	0	0	0	0	0	0	0	0	0	0	0	0	0
Heliyon	2024-07-01	11252883	120857	8552	0	2	0	1	0	0	0	1	0	0	0	3	0	0	0	0	27	0	0	1	0	0	0	0	0	0	0	0	0	0	0	0	0	0
Heliyon	2024-07-01	11252954	79584	7539	0	4	0	2	0	0	1	0	0	0	1	2	0	0	0	0	19	0	1	0	0	0	0	0	0	0	0	0	0	0	0	0	0	0
Heliyon	2024-07-01	11252875	57002	5109	0	5	0	0	0	0	1	1	0	0	2	1	0	0	0	0	19	0	0	2	0	0	0	0	0	0	0	0	0	0	0	0	0	1
Heliyon	2024-07-01	11255580	89093	7589	0	12	0	5	0	0	1	1	0	1	2	1	0	0	0	0	36	0	0	0	0	0	0	0	1	0	0	0	0	0	0	0	0	0
Heliyon	2024-07-01	467051	59109	7056	0	6	1	1	0	0	0	0	0	1	1	0	0	0	0	0	24	0	0	0	0	0	0	0	1	0	0	0	0	0	0	0	0	1
Heliyon	2024-07-01	11637107	245709	8041	0	2	0	0	0	0	0	6	0	0	16	0	0	0	0	0	35	0	0	0	0	0	0	0	0	0	0	0	0	0	0	2	0	0
Heliyon	2024-07-01	11260968	91515	7630	0	2	0	3	0	0	2	4	0	0	0	6	0	0	0	0	17	0	0	0	0	0	0	0	0	0	0	0	0	0	0	0	0	0
Heliyon	2024-07-01	11253230	128359	11085	0	6	2	3	0	0	0	1	0	0	8	0	0	0	1	0	47	0	0	5	0	0	0	1	0	0	0	0	0	0	0	0	0	0
Heliyon	2024-07-01	11637145	200529	14586	2	22	3	5	0	1	7	4	0	0	0	4	0	0	1	1	56	0	0	9	0	0	2	1	0	0	0	0	0	0	0	1	0	0
Heliyon	2024-07-01	11341972	8419	533	0	0	0	0	0	0	0	0	0	0	0	0	0	0	0	0	1	0	0	0	0	0	0	0	0	0	0	0	0	0	0	0	0	0
Heliyon	2024-07-01	11259805	198286	18232	0	14	0	0	0	0	1	2	0	0	0	0	0	0	1	0	12	0	0	4	0	0	0	2	0	0	0	0	0	0	0	1	0	0
Heliyon	2024-07-01	11259829	108702	8710	0	4	0	1	0	0	2	3	0	0	1	1	0	0	0	0	30	0	0	5	0	0	0	1	0	0	0	0	0	0	0	0	0	0
Heliyon	2024-07-01	11261072	73979	7140	0	9	1	1	0	0	2	0	0	0	0	0	0	0	0	0	22	0	0	4	0	0	0	0	2	0	0	0	0	0	0	0	0	0
Heliyon	2024-07-01	11259836	163437	13102	0	5	0	0	0	0	2	5	0	1	2	3	0	0	0	0	23	0	0	1	0	0	0	0	0	0	0	0	0	0	0	0	0	0
Heliyon	2024-07-01	11260944	103335	8451	0	1	0	3	0	0	5	0	0	0	2	4	0	0	0	0	71	0	0	3	0	0	5	0	0	0	0	0	0	0	0	0	0	0
Heliyon	2024-07-01	11260927	88677	8193	0	9	0	0	0	0	0	1	0	1	0	1	0	0	0	0	24	0	0	0	0	0	0	0	0	0	0	0	0	0	1	0	0	0
Heliyon	2024-07-01	11639739	141516	8972	0	3	2	1	0	0	1	0	0	10	5	0	0	0	1	0	22	0	0	1	0	0	1	0	0	0	0	0	0	0	0	0	0	0
Heliyon	2024-07-01	11266996	105048	9212	0	3	0	3	0	0	1	3	0	0	3	7	0	0	0	0	67	0	0	0	0	0	0	0	0	0	0	0	0	2	0	0	0	0
Heliyon	2024-07-01	11260978	126611	11232	0	10	0	0	0	1	0	0	0	0	1	0	0	0	0	0	42	0	0	2	0	0	0	2	0	0	0	0	0	0	0	0	0	0
Heliyon	2024-07-01	11341971	5418	400	0	0	0	0	0	0	0	0	0	0	0	0	0	0	0	0	1	0	0	0	0	0	0	0	0	0	0	0	0	0	0	0	0	0
Heliyon	2024-07-01	11268211	130688	11492	1	7	1	1	0	0	3	1	0	1	0	2	0	0	0	1	41	0	0	3	0	0	0	2	0	0	0	0	0	0	1	1	0	0
Heliyon	2024-07-01	11283102	79064	6518	0	3	0	1	0	0	1	1	0	0	4	3	0	0	0	0	28	0	0	2	0	0	0	0	0	0	1	0	1	0	1	0	0	0
Heliyon	2024-07-01	11261781	98916	7807	0	6	0	1	0	0	0	0	0	0	0	0	0	0	0	0	25	0	0	0	0	0	0	0	0	0	0	0	0	0	0	0	0	0
Heliyon	2024-07-01	11260956	355906	29494	0	3	1	0	0	0	0	1	0	0	2	5	0	0	0	0	14	0	0	2	0	0	2	1	0	0	0	0	0	0	0	0	0	0
Heliyon	2024-07-01	11259824	99394	10636	0	4	0	0	0	0	0	0	0	0	0	0	0	0	0	0	31	0	0	0	0	0	1	0	0	0	0	0	0	0	0	0	0	0
Heliyon	2024-07-01	11261015	199320	15938	1	11	1	1	1	0	7	5	0	0	6	4	0	0	0	1	36	0	0	0	0	0	0	0	0	0	0	0	1	0	1	0	0	1
Heliyon	2024-07-01	11259823	65094	5725	0	8	0	4	0	0	1	0	0	0	1	1	0	0	0	0	76	0	0	3	0	0	1	2	0	0	0	0	0	0	0	0	0	0
Heliyon	2024-07-01	11259875	136106	11745	0	2	0	1	0	0	1	0	0	0	12	0	0	0	0	0	42	0	0	1	0	0	1	0	1	0	0	0	0	1	0	0	0	1
Heliyon	2024-07-01	11259843	124333	9888	1	4	0	7	0	0	1	5	0	0	21	0	0	0	1	0	32	0	0	2	0	0	0	0	0	0	0	0	0	1	0	0	0	1
Heliyon	2024-07-01	11637196	140135	11291	0	7	1	0	0	0	1	8	0	1	0	11	0	0	1	0	31	0	0	8	0	0	0	0	0	0	0	0	1	0	0	0	0	0
Heliyon	2024-07-01	11283100	119690	9416	10	2	0	2	0	0	6	3	0	0	0	2	0	0	1	0	25	0	0	4	0	1	0	0	0	1	0	1	0	0	0	0	0	0
Heliyon	2024-07-01	11269844	228428	16122	0	6	1	5	0	2	6	15	0	1	7	4	0	0	0	1	57	0	1	1	0	0	0	0	0	0	0	0	1	0	1	0	0	3
Heliyon	2024-07-01	11260989	135138	12894	0	2	0	1	0	0	1	2	0	1	1	1	0	1	0	0	12	0	0	1	0	0	0	0	0	0	0	0	0	0	0	0	0	0
Heliyon	2024-07-01	11268180	96733	10089	0	9	0	1	0	0	8	8	0	0	2	15	0	0	0	0	57	0	0	11	0	0	2	0	0	0	0	0	0	0	0	0	0	0
Heliyon	2024-07-01	11341330	165658	13860	0	9	0	2	0	0	3	1	0	1	4	2	0	0	1	0	81	0	0	7	0	0	0	0	0	0	0	0	0	0	3	0	0	0
Heliyon	2024-07-01	11341289	100935	8205	0	2	1	2	0	0	1	3	0	2	0	3	0	0	0	0	15	0	0	0	0	0	0	0	0	0	0	0	0	0	0	0	0	0
Heliyon	2024-07-01	11341303	185662	14265	0	7	0	0	0	0	2	3	0	0	1	1	0	0	1	0	22	0	0	2	0	0	0	0	0	0	0	0	0	0	0	0	0	0
Heliyon	2024-07-01	11341328	89832	6993	0	7	0	6	0	0	7	0	0	0	1	1	0	0	0	0	28	0	0	1	0	0	1	0	0	0	0	0	0	0	1	0	0	0
Heliyon	2024-07-01	11336342	87087	9018	0	14	0	0	0	0	3	2	0	0	0	1	0	0	0	0	26	0	0	3	0	2	0	0	0	0	0	0	0	0	0	0	0	0
Heliyon	2024-07-01	11305177	138636	10820	3	11	2	3	0	0	14	9	0	1	4	4	0	1	1	1	30	0	0	7	0	1	2	0	1	0	0	0	0	0	0	1	0	0
Heliyon	2024-07-01	11341341	117108	10927	0	8	3	1	0	0	1	1	0	4	1	7	0	0	0	0	12	0	0	2	0	0	0	0	0	0	0	0	0	0	2	0	0	0
Heliyon	2024-07-01	11341321	100939	9416	0	7	0	0	0	0	5	2	0	0	0	0	0	0	0	0	27	0	0	1	0	0	0	0	0	0	0	0	0	0	0	0	0	0
Heliyon	2024-07-01	11304013	158860	14050	1	4	0	3	0	0	8	3	0	3	1	3	0	0	0	0	35	0	0	1	0	0	0	0	0	0	0	0	0	0	0	0	0	0
Heliyon	2024-07-01	11637204	257606	9790	1	8	0	6	0	0	3	7	0	1	15	0	0	1	0	0	10	0	0	1	0	0	0	0	0	0	0	0	0	0	0	0	0	1
Heliyon	2024-07-01	11341334	76146	6328	0	4	0	1	0	0	1	1	0	0	0	1	0	0	1	0	39	0	0	0	0	0	0	0	0	0	0	0	0	0	0	0	0	0
Heliyon	2024-07-01	11637180	256010	14243	0	8	2	4	0	0	6	5	0	0	7	8	0	0	0	0	16	0	0	0	0	0	0	0	0	0	0	0	2	1	1	0	0	0
Heliyon	2024-07-01	11734030	60408	5289	0	2	0	2	0	0	1	2	0	1	0	0	0	0	0	0	13	0	0	0	0	0	0	0	0	0	0	0	0	0	0	0	0	0
Heliyon	2024-07-01	11341335	77249	7139	0	0	0	4	0	0	1	0	0	0	3	1	0	0	0	0	8	0	0	0	0	0	0	0	0	0	0	0	0	0	0	0	0	0
Heliyon	2024-07-01	11637200	243980	9111	0	1	0	0	0	0	3	0	0	0	0	5	0	0	0	0	13	0	0	1	0	3	0	0	0	0	0	0	0	0	0	0	0	0
Heliyon	2024-07-01	11341312	172330	10416	0	0	0	0	0	0	0	0	0	0	0	0	0	0	0	0	1	0	0	0	0	2	0	2	1	0	0	0	2	0	0	0	0	8
Heliyon	2024-07-01	11341976	4955	360	0	0	0	0	0	0	0	0	0	0	0	0	0	0	0	0	0	0	0	0	0	0	0	0	0	0	0	0	0	0	0	0	0	0
Heliyon	2024-07-01	11325672	165974	14035	1	7	1	2	0	0	9	10	0	0	1	5	1	0	0	0	35	0	0	1	0	0	2	0	0	0	0	0	0	0	0	1	0	0
