journal	date	pmc_id	Nchars	Nwords	delve	analyse	acknowledge	assess	appraise	dissect	explore	examine	extricate	expose	estimate	investigate	inquire	inspect	interpret	scrutinise	study	unearth	uncover	understand	ponder	research	reason	retrieve	avoid	discount	disregard	dismiss	ignore	neglect	overlook	omit	skip	reject
Heliyon	2022-01-01	8511900	145296	14751	0	5	0	0	0	0	0	0	0	4	0	6	0	0	14	0	73	0	0	3	0	0	0	0	0	0	0	0	0	0	0	0	0	0
Heliyon	2022-01-01	8515250	162451	12861	0	8	0	1	0	0	2	0	0	0	2	0	0	0	2	0	29	0	0	0	0	0	0	1	0	0	0	0	0	0	0	0	0	0
Heliyon	2022-01-01	8551512	140938	14254	0	15	0	5	0	0	0	2	0	2	1	0	0	0	0	0	73	0	0	0	0	0	1	1	2	0	0	0	0	0	0	0	0	0
Heliyon	2022-01-01	8517164	87660	7333	0	9	0	0	0	0	1	3	0	1	0	0	0	0	4	0	15	0	0	1	0	0	0	0	0	0	0	0	0	0	0	0	0	0
Heliyon	2022-01-01	8515243	55271	5865	0	4	0	6	0	1	0	0	0	0	0	6	0	0	5	0	8	0	0	1	0	0	2	0	0	0	0	0	0	0	0	1	0	0
Heliyon	2022-01-01	8517157	79507	7303	0	0	0	2	0	0	0	2	0	0	1	3	0	0	0	0	4	0	0	0	0	0	0	0	0	0	0	0	0	0	0	0	0	0
Heliyon	2022-01-01	8503592	109776	10067	0	6	0	1	0	0	0	1	0	2	0	3	0	0	3	0	5	0	0	0	0	0	0	0	0	0	0	0	0	0	0	0	0	0
Heliyon	2022-01-01	8517159	128469	11142	0	6	0	1	0	0	1	0	0	0	1	8	0	0	4	1	51	0	0	0	0	1	0	0	0	0	0	0	0	1	0	0	0	0
Heliyon	2022-01-01	8515249	326494	25405	0	13	0	5	0	0	8	1	0	1	5	2	0	0	0	0	37	0	0	10	0	0	0	1	0	0	0	0	0	0	0	0	0	0
Heliyon	2022-01-01	8517838	64832	6029	0	1	1	1	0	0	1	2	0	0	0	0	0	0	1	0	18	0	0	0	0	0	1	0	0	0	0	0	0	0	0	1	0	0
Heliyon	2022-01-01	8502908	165984	11808	0	5	0	0	0	0	0	10	0	2	0	2	0	0	2	0	34	0	0	0	0	0	0	0	0	0	0	0	0	0	0	0	0	0
Heliyon	2022-01-01	8503856	165435	14716	0	7	0	2	0	0	4	11	0	1	1	3	0	0	7	0	76	0	0	5	0	0	0	3	0	0	0	0	1	0	2	0	0	0
Heliyon	2022-01-01	8517168	101242	11039	0	7	0	2	0	0	0	1	0	0	3	0	0	0	3	0	5	0	0	0	0	0	0	0	0	0	0	0	0	0	0	0	0	0
Heliyon	2022-01-01	8517165	45181	4631	0	10	0	1	0	0	0	3	0	0	0	4	0	0	3	0	19	0	0	0	0	0	0	0	0	0	0	0	0	0	0	0	0	0
Heliyon	2022-01-01	8503854	107102	9637	0	4	0	0	0	0	0	1	0	0	1	1	0	0	3	0	35	0	0	0	0	0	1	1	0	0	0	0	0	0	0	0	0	0
Heliyon	2022-01-01	8515247	190543	14771	0	6	1	4	0	0	0	3	0	4	1	3	0	0	1	0	10	0	0	1	0	0	0	0	0	0	0	0	0	0	0	0	0	0
Heliyon	2022-01-01	8511842	79807	6507	0	3	0	0	0	0	0	0	0	0	1	1	0	0	2	0	1	0	0	0	0	0	0	0	0	0	0	0	0	0	0	0	0	0
Heliyon	2022-01-01	8502907	62980	5651	0	4	0	0	1	0	0	3	0	1	0	2	0	0	2	0	17	0	0	0	0	0	0	0	0	0	0	0	0	0	0	0	0	0
Heliyon	2022-01-01	8524152	141852	12716	0	7	1	0	0	0	0	6	0	1	0	0	0	0	4	0	14	0	0	2	0	0	0	4	0	0	0	0	0	0	0	0	0	0
Heliyon	2022-01-01	8524146	95686	8252	0	6	1	3	0	0	0	0	0	0	1	2	0	0	2	0	14	0	0	1	0	0	0	4	1	0	0	0	0	0	0	0	0	0
Heliyon	2022-01-01	8511844	91522	8753	0	5	0	4	0	1	1	0	0	4	1	4	0	1	4	0	24	0	0	0	0	0	0	0	0	0	0	0	0	0	0	0	0	0
Heliyon	2022-01-01	8503861	132021	13110	0	14	2	2	0	0	0	1	0	0	0	2	0	0	3	0	44	0	0	0	1	0	1	0	0	0	0	0	0	0	0	0	0	0
Heliyon	2022-01-01	8551510	115624	10762	0	9	1	5	4	0	0	2	0	0	20	0	0	0	3	0	155	0	0	0	0	2	3	1	0	0	0	0	0	0	0	0	0	0
Heliyon	2022-01-01	8503624	164564	15305	0	8	0	9	0	0	6	6	0	1	0	4	0	0	2	0	82	0	0	7	0	0	2	2	2	0	0	0	1	0	0	0	0	0
Heliyon	2022-01-01	8526982	120538	11401	0	7	0	1	0	0	1	1	0	2	3	4	0	0	4	0	51	0	0	1	0	0	1	0	0	0	0	0	0	4	0	0	0	0
Heliyon	2022-01-01	8529512	111359	11777	0	3	1	1	0	0	5	3	0	0	0	0	0	0	1	0	37	0	1	2	0	0	1	0	0	0	0	0	0	0	0	0	0	0
Heliyon	2022-01-01	8569401	98988	9905	0	17	0	0	0	0	1	1	0	13	2	3	0	0	3	0	37	0	0	0	0	0	0	0	0	0	0	0	0	0	0	1	0	0
Heliyon	2022-01-01	8551507	81250	8170	0	6	0	0	0	0	0	0	0	1	19	1	0	0	3	0	44	0	0	0	0	0	0	0	0	0	0	0	0	0	0	0	0	0
Heliyon	2022-01-01	8524147	100464	4730	0	4	0	0	0	0	0	0	0	0	0	1	0	0	1	0	13	0	0	0	0	1	0	0	0	0	0	0	0	0	0	0	0	0
Heliyon	2022-01-01	8526775	64595	5127	0	4	0	1	0	0	0	0	0	0	4	1	0	1	1	0	26	0	0	2	0	1	1	0	0	0	0	0	0	0	0	0	0	0
Heliyon	2022-01-01	8524141	9181	658	0	0	0	0	0	0	0	0	0	0	4	0	0	0	0	0	3	0	0	0	0	0	0	0	0	0	0	0	0	0	0	0	0	0
Heliyon	2022-01-01	8551541	78866	7237	0	12	0	3	0	0	0	2	0	1	0	5	0	0	2	0	23	0	0	2	0	0	1	0	0	0	0	0	0	0	1	0	0	0
Heliyon	2022-01-01	8551520	79710	7582	0	7	0	2	0	0	2	5	0	1	0	0	0	0	5	0	57	0	0	0	0	1	3	0	0	0	0	0	0	0	0	0	0	0
Heliyon	2022-01-01	8526984	113066	10656	0	6	0	2	0	0	0	0	0	0	9	3	0	0	1	0	30	0	0	1	0	0	1	0	0	0	0	0	0	0	0	0	0	0
Heliyon	2022-01-01	8551499	102405	8803	0	14	0	2	0	0	0	1	0	1	10	0	0	0	3	0	31	0	0	1	0	0	0	0	1	0	0	0	0	0	0	0	0	0
Heliyon	2022-01-01	8526977	100447	9030	0	2	0	1	0	0	3	0	0	0	25	2	0	0	1	0	39	0	0	3	0	0	1	0	0	0	0	0	0	0	0	0	0	0
Heliyon	2022-01-01	8524753	89647	9448	0	8	0	1	0	0	0	0	0	3	2	0	0	0	3	0	61	0	0	1	0	0	0	0	0	0	0	0	0	0	0	0	0	0
Heliyon	2022-01-01	8569385	96472	9410	0	4	0	2	0	0	0	11	0	1	6	4	0	0	2	0	52	0	0	0	0	0	7	0	0	0	0	0	0	0	0	0	0	0
Heliyon	2022-01-01	8529506	85703	7592	0	4	1	0	0	0	0	3	0	1	0	2	0	0	1	0	38	0	0	1	0	0	0	0	1	0	0	0	0	1	0	0	0	1
Heliyon	2022-01-01	8526980	68932	6364	0	1	0	3	0	0	1	0	0	0	0	0	0	0	1	0	24	0	0	0	0	0	0	0	0	0	0	0	0	0	0	0	0	0
Heliyon	2022-01-01	8546426	183430	12844	0	5	0	1	0	0	10	3	0	0	7	1	0	0	3	0	15	0	0	0	0	0	0	1	0	0	0	0	0	0	0	0	0	0
Heliyon	2022-01-01	8531561	116777	10464	0	3	2	2	0	0	1	0	0	0	0	0	0	0	2	0	43	0	0	1	0	0	0	1	0	0	0	0	0	0	0	0	0	0
Heliyon	2022-01-01	8551600	36267	3148	0	0	0	0	0	0	0	0	0	0	0	0	0	0	0	0	1	0	0	0	0	0	0	0	0	0	0	0	0	0	0	0	0	0
Heliyon	2022-01-01	8545681	71602	6979	0	7	1	1	0	0	0	0	0	0	11	0	0	0	1	0	39	0	0	0	0	0	2	0	0	0	0	0	0	0	0	0	0	0
Heliyon	2022-01-01	8554275	187091	18615	0	25	0	0	0	0	0	0	0	0	1	18	0	0	0	0	53	0	0	0	0	0	2	0	0	0	0	0	0	0	2	0	0	0
Heliyon	2022-01-01	8551596	55982	5201	0	2	0	0	0	0	0	2	0	0	0	7	0	0	1	0	17	0	0	0	0	0	2	0	0	0	0	0	0	1	0	0	0	0
Heliyon	2022-01-01	8566777	57262	5183	0	6	0	0	0	0	0	2	0	1	5	4	0	0	3	0	10	0	0	0	0	0	0	0	0	0	0	0	0	0	0	0	0	0
Heliyon	2022-01-01	8531562	105660	8359	0	1	1	2	0	0	2	0	0	0	12	3	0	0	2	0	29	0	0	1	0	0	2	0	0	0	0	0	0	0	0	1	0	0
Heliyon	2022-01-01	8529510	213485	6537	0	2	0	0	0	0	0	0	0	0	0	3	0	0	2	0	3	0	0	0	0	0	0	0	0	0	0	0	0	0	0	0	0	0
Heliyon	2022-01-01	8554169	86162	8070	0	5	1	1	0	0	12	2	0	0	4	2	0	0	1	0	38	0	0	0	0	0	0	0	0	0	0	0	0	0	0	0	0	0
Heliyon	2022-01-01	8570957	108267	9681	0	4	0	0	0	0	0	0	0	1	0	4	0	0	1	0	32	0	0	1	0	0	1	0	0	0	0	0	0	0	0	0	0	0
Heliyon	2022-01-01	8545684	119728	10907	0	10	2	1	0	0	6	1	0	0	0	3	0	0	1	0	84	0	0	4	0	2	1	0	1	0	0	0	1	0	0	0	0	0
Heliyon	2022-01-01	8545690	138772	13953	0	3	0	1	0	0	2	0	0	0	4	2	0	0	1	0	47	0	0	0	0	2	0	3	0	0	0	0	2	1	0	0	0	0
Heliyon	2022-01-01	8546427	142367	14979	0	7	2	1	0	0	6	2	0	8	5	8	0	0	3	0	56	0	0	11	0	1	2	0	0	0	0	0	0	0	0	0	0	2
Heliyon	2022-01-01	8566779	166096	9095	0	7	0	0	0	0	0	0	0	0	5	2	0	0	6	0	12	0	0	1	0	0	0	0	0	0	0	0	0	0	0	0	0	0
Heliyon	2022-01-01	8556648	176961	13698	0	14	0	0	0	0	0	4	0	0	1	0	0	0	2	0	49	0	0	2	0	0	1	0	0	0	0	0	0	0	0	0	0	0
Heliyon	2022-01-01	8554140	136462	14326	0	5	0	0	0	0	2	1	0	4	2	12	0	0	2	0	63	0	0	6	0	0	9	2	0	0	0	0	0	5	0	0	0	2
Heliyon	2022-01-01	8545687	127681	11082	0	4	1	3	0	0	2	2	0	9	2	2	0	0	1	0	27	0	0	0	0	0	0	0	0	0	0	0	0	0	0	0	0	0
Heliyon	2022-01-01	8648549	91360	7775	0	4	0	0	0	0	0	0	0	0	1	4	0	0	2	0	15	0	0	0	0	0	0	0	0	0	0	0	0	0	0	0	0	0
Heliyon	2022-01-01	8554172	146413	9947	0	7	1	0	0	0	2	1	0	0	0	4	0	0	1	0	19	0	0	0	0	0	0	0	0	0	0	0	2	0	0	0	0	0
Heliyon	2022-01-01	8564561	98681	8536	0	10	0	0	0	0	1	0	0	0	1	0	0	0	4	0	6	0	0	0	0	0	0	0	0	0	0	0	0	0	0	0	0	0
Heliyon	2022-01-01	8591345	155652	13520	0	7	0	5	2	0	1	2	0	1	4	0	0	0	5	0	53	0	1	0	0	0	1	1	0	0	0	0	0	0	0	0	0	0
Heliyon	2022-01-01	8605102	72175	7106	0	8	1	0	0	0	0	0	0	0	0	0	0	0	2	0	30	0	0	0	0	0	0	0	1	0	0	0	0	0	0	0	0	0
Heliyon	2022-01-01	8603866	71331	6616	0	5	0	6	0	0	0	0	0	0	1	2	0	0	3	0	73	0	0	0	0	0	0	0	1	0	0	0	0	0	0	0	0	0
Heliyon	2022-01-01	8605079	78934	8146	0	5	0	2	0	0	0	1	0	0	0	0	0	0	3	0	13	0	0	1	0	0	0	0	0	0	0	0	0	0	0	0	0	0
Heliyon	2022-01-01	8605060	122098	9102	0	5	1	1	0	0	0	0	0	0	2	0	0	0	3	0	48	0	0	0	0	0	0	0	0	0	0	0	0	0	0	0	0	0
Heliyon	2022-01-01	8642611	98000	9691	0	4	0	0	0	0	0	0	0	0	2	2	0	0	2	0	35	0	0	0	0	0	0	0	0	0	0	0	0	0	0	0	0	0
Heliyon	2022-01-01	8637149	100913	9977	0	3	1	0	0	0	2	0	0	6	8	3	0	0	3	0	14	0	0	2	0	0	1	0	0	0	0	0	0	0	0	0	0	0
Heliyon	2022-01-01	8626695	74954	7423	0	8	0	0	0	0	0	0	0	0	0	2	0	0	3	0	26	0	0	0	0	0	0	5	0	0	0	0	0	0	0	0	0	0
Heliyon	2022-01-01	8632837	65096	6632	0	19	0	3	0	0	1	2	0	1	0	0	0	0	0	0	14	0	0	6	0	0	2	0	2	0	0	0	0	0	0	0	0	0
Heliyon	2022-01-01	8610566	26662	2617	0	0	0	1	0	0	0	0	0	0	0	0	0	0	0	0	3	0	0	0	0	0	0	0	0	0	0	0	0	0	0	0	0	0
Heliyon	2022-01-01	8608859	75087	7279	0	7	0	1	0	0	11	4	0	0	0	4	0	0	4	0	33	0	0	2	0	0	0	0	0	0	0	0	0	0	0	0	0	0
Heliyon	2022-01-01	8608857	67830	6839	0	5	0	6	0	0	0	1	0	0	2	1	0	0	2	0	21	0	0	2	0	0	0	0	1	0	0	0	0	0	0	0	0	0
Heliyon	2022-01-01	8627980	109155	10123	0	7	0	1	0	0	1	0	0	0	1	0	0	0	3	0	11	0	0	3	0	0	0	1	0	0	0	0	1	0	0	0	0	0
Heliyon	2022-01-01	8642614	89166	9509	0	0	0	5	0	0	0	0	0	0	0	0	0	0	1	0	13	0	0	0	0	0	0	0	0	0	0	0	0	0	0	0	0	0
Heliyon	2022-01-01	8605426	67883	6587	0	3	0	2	0	0	0	0	0	4	5	2	0	0	1	0	21	0	0	1	0	0	0	0	0	0	0	0	0	0	0	0	0	0
Heliyon	2022-01-01	8605435	124586	11299	0	2	0	4	0	0	0	0	0	2	1	4	0	0	1	0	20	0	0	0	0	0	0	0	2	0	0	0	0	0	0	0	0	0
Heliyon	2022-01-01	8642612	72884	6027	0	1	0	2	0	0	0	1	0	0	12	0	0	0	1	0	5	0	0	0	0	0	0	0	2	0	0	0	0	0	0	0	0	0
Heliyon	2022-01-01	8640478	228373	17545	0	1	0	0	0	0	1	1	0	3	0	1	0	0	0	0	20	0	0	2	0	5	0	0	0	0	0	0	0	0	1	0	0	0
Heliyon	2022-01-01	8606350	110055	10856	0	2	1	0	0	0	0	1	0	0	4	0	0	0	2	0	34	0	0	1	0	0	0	0	0	0	0	0	2	0	0	0	0	3
Heliyon	2022-01-01	8605298	90062	8568	0	5	0	5	0	0	0	15	0	0	5	1	0	0	3	0	35	0	0	0	0	0	1	0	1	0	0	0	0	0	0	0	0	0
Heliyon	2022-01-01	8637472	111957	10757	0	8	2	4	0	0	5	8	0	0	2	4	0	1	3	0	50	0	0	3	0	0	0	2	0	0	1	0	0	0	0	0	0	0
Heliyon	2022-01-01	8632843	69558	6618	0	4	0	0	0	0	0	1	0	0	0	0	0	0	3	0	19	0	0	0	0	0	0	0	0	0	0	0	0	0	0	0	0	0
Heliyon	2022-01-01	8605096	100481	8958	0	5	1	2	0	0	0	1	0	0	9	4	0	0	1	0	37	0	0	1	0	0	0	0	0	0	0	0	0	0	0	0	0	0
Heliyon	2022-01-01	8639430	78715	8773	0	11	0	0	0	0	13	4	0	0	0	8	0	0	2	0	52	0	0	1	0	0	0	0	0	0	0	0	0	0	1	0	0	0
Heliyon	2022-01-01	8605349	47694	4915	0	3	0	0	0	0	0	0	0	0	0	2	0	0	1	0	28	0	0	0	0	0	0	0	0	0	0	0	0	0	0	0	0	0
Heliyon	2022-01-01	8606343	136587	12974	1	3	0	2	0	0	2	7	0	0	17	1	0	0	1	0	6	0	0	0	0	0	3	0	2	5	1	0	4	0	0	0	0	0
Heliyon	2022-01-01	8593446	129737	12578	0	6	0	5	0	0	0	1	0	4	1	3	0	0	4	0	45	0	0	2	0	0	0	0	0	0	0	0	0	0	0	0	0	0
Heliyon	2022-01-01	8591350	70131	5860	0	4	0	0	0	0	0	0	0	2	0	0	0	0	2	0	11	0	0	1	0	0	0	0	0	0	0	0	0	0	0	0	0	0
Heliyon	2022-01-01	8601993	64478	6427	0	3	0	1	0	0	0	0	0	0	0	0	0	0	2	0	7	0	0	0	0	0	0	0	0	0	0	0	0	0	0	0	0	0
Heliyon	2022-01-01	8605206	66389	5549	0	6	0	1	0	0	0	0	0	0	2	0	0	0	3	0	10	0	0	0	0	0	1	3	0	0	0	0	0	0	0	0	0	0
Heliyon	2022-01-01	8590040	104041	8938	0	17	0	0	0	0	0	2	0	0	0	1	0	0	2	0	4	0	2	0	0	0	0	2	0	0	0	0	0	0	0	0	0	0
Heliyon	2022-01-01	8586783	95512	9476	0	6	0	0	0	0	1	3	0	1	0	4	0	0	3	0	29	0	0	1	0	0	0	0	0	0	0	0	0	0	0	0	0	0
Heliyon	2022-01-01	8601992	91463	9719	0	7	0	2	0	0	2	9	0	0	0	8	0	0	3	0	70	0	0	0	0	0	0	1	0	0	0	0	0	0	0	0	0	0
Heliyon	2022-01-01	8586757	161830	13111	0	3	0	0	0	0	0	0	0	0	0	0	0	0	2	0	6	0	0	0	0	0	0	0	0	0	0	0	0	0	0	0	0	0
Heliyon	2022-01-01	8601996	142137	12581	0	4	0	0	0	0	1	2	0	0	2	3	0	0	3	0	21	0	0	0	0	0	0	0	0	0	0	0	0	0	0	0	0	0
Heliyon	2022-01-01	8593436	170979	12301	0	30	0	1	0	0	0	2	0	0	1	0	0	0	3	0	17	0	0	1	0	0	0	0	0	0	0	0	0	0	0	0	0	0
Heliyon	2022-01-01	8586754	68059	6315	0	8	1	0	0	0	2	0	0	0	0	2	0	0	6	0	5	0	0	1	0	0	0	0	0	0	0	0	0	0	0	0	0	0
Heliyon	2022-01-01	8601997	92623	8619	0	5	0	3	0	1	1	1	0	0	0	3	0	0	2	0	27	0	0	0	0	0	0	0	0	0	0	0	0	0	0	0	0	0
Heliyon	2022-01-01	8590036	51456	5440	0	8	1	2	0	0	0	0	0	1	0	1	0	0	3	0	5	0	0	0	0	0	1	0	0	0	0	0	0	0	0	0	0	0
Heliyon	2022-01-01	8605201	105718	9751	0	7	0	0	0	0	0	0	0	0	0	0	0	0	3	0	8	0	0	0	0	0	0	0	1	0	0	0	0	1	0	0	0	0
Heliyon	2022-01-01	8600090	80802	8009	0	2	0	2	0	0	0	0	0	0	1	0	0	0	1	0	14	0	0	0	0	0	0	1	0	0	0	0	0	0	0	0	0	0
Heliyon	2022-01-01	8590037	81686	7653	0	2	0	0	0	0	0	0	0	0	1	1	0	0	2	0	7	0	0	1	0	0	1	0	0	0	0	0	0	0	0	0	0	0
Heliyon	2022-01-01	8593440	85330	11516	0	1	0	0	0	0	0	0	0	0	1	0	0	0	5	0	1	0	0	0	0	0	2	0	2	0	0	0	0	0	0	0	0	0
Heliyon	2022-01-01	8601991	88708	7193	0	1	1	0	0	0	2	0	0	0	0	2	0	0	0	0	5	0	0	0	0	0	0	0	0	0	0	0	0	0	0	0	0	0
Heliyon	2022-01-01	8586753	75497	6836	0	8	1	2	0	0	0	0	0	0	1	0	0	0	1	0	16	0	0	0	0	0	0	0	0	0	0	0	0	0	0	0	0	0
Heliyon	2022-01-01	8605198	95337	8186	0	0	0	2	0	0	0	0	0	1	2	0	0	0	0	0	13	0	0	0	0	0	0	0	0	0	0	0	0	0	0	0	0	0
Heliyon	2022-01-01	8601990	70059	6576	0	6	0	0	0	0	0	0	0	0	0	4	0	0	4	0	17	0	0	0	0	0	0	0	0	0	0	0	0	0	0	0	0	0
Heliyon	2022-01-01	8577143	88351	8537	0	2	0	1	0	0	0	0	0	1	0	8	0	1	2	0	18	0	0	0	0	0	5	0	0	0	0	0	0	1	0	0	0	0
Heliyon	2022-01-01	8593454	69299	6358	0	11	0	0	0	0	0	0	0	0	0	3	0	0	4	0	6	0	0	0	0	0	0	0	0	0	0	0	0	0	0	0	0	0
Heliyon	2022-01-01	8591474	79801	7215	0	7	0	0	0	0	1	0	0	1	2	1	0	0	4	0	33	0	0	0	0	0	0	0	2	0	0	0	0	0	0	0	0	0
Heliyon	2022-01-01	8601994	52148	4888	0	3	0	6	0	0	0	0	0	0	0	0	0	0	2	0	36	0	0	0	0	0	0	0	3	0	0	0	0	0	0	0	0	0
Heliyon	2022-01-01	8605362	239656	19846	0	9	0	11	0	0	15	0	0	0	5	13	0	0	3	0	33	0	0	1	0	0	0	0	1	0	0	0	1	0	0	0	0	0
Heliyon	2022-01-01	8605436	151275	10846	0	4	0	2	0	0	6	0	0	0	2	1	0	0	4	0	39	0	0	0	0	0	0	0	0	0	0	0	0	0	0	0	0	0
Heliyon	2022-01-01	8600081	86791	7272	0	8	0	2	0	0	0	0	0	0	9	1	0	0	1	0	49	0	0	0	0	0	0	0	0	0	0	0	0	0	0	1	0	0
Heliyon	2022-01-01	8605205	110409	8050	0	1	0	0	0	0	0	0	0	0	0	0	0	0	1	0	8	0	0	0	0	0	0	0	0	0	0	0	0	0	0	0	0	0
Heliyon	2022-01-01	8593458	470706	13041	0	3	0	0	0	0	1	0	0	0	4	1	0	0	1	0	3	0	0	0	0	0	0	0	1	0	0	0	1	0	0	0	0	0
Heliyon	2022-01-01	8626682	98848	10556	0	13	1	0	0	0	0	2	0	0	2	0	0	0	2	0	42	0	0	0	0	0	1	0	0	0	0	0	0	0	0	0	0	0
Heliyon	2022-01-01	8605184	86850	8413	1	1	0	6	0	0	5	4	0	0	4	1	0	0	1	0	39	0	0	2	0	0	0	2	0	0	0	0	0	0	1	0	0	0
Heliyon	2022-01-01	8606347	72248	6934	0	5	0	0	0	0	0	0	0	0	0	1	0	0	3	0	9	0	0	0	0	0	0	0	0	0	0	0	0	0	0	0	0	0
Heliyon	2022-01-01	8593457	112835	8842	0	8	0	1	0	0	0	0	0	1	15	8	0	0	3	0	24	0	23	1	0	0	2	1	0	0	0	0	0	0	0	0	0	12
Heliyon	2022-01-01	8683735	111918	9683	0	4	0	0	0	0	0	12	0	0	0	3	0	0	0	0	47	0	0	1	0	0	0	0	0	0	0	0	0	0	0	0	0	0
Heliyon	2022-01-01	8591475	136237	10527	0	2	0	1	0	0	1	1	0	1	0	2	0	0	0	0	24	0	0	2	0	0	0	0	1	0	0	0	0	0	0	0	0	0
Heliyon	2022-01-01	8605351	170987	13834	0	11	0	10	0	0	1	0	0	3	1	3	0	0	4	0	4	0	1	3	0	0	0	1	0	0	0	0	0	0	0	0	0	0
Heliyon	2022-01-01	8593455	75067	7254	0	7	0	1	0	0	0	2	0	0	1	0	0	0	2	0	31	0	0	1	0	0	0	0	0	0	0	0	0	0	0	0	0	0
Heliyon	2022-01-01	8591508	64696	6222	0	1	0	3	0	3	0	5	0	2	1	4	0	0	1	0	23	0	0	0	0	0	0	0	0	0	0	0	0	0	0	0	0	0
Heliyon	2022-01-01	8605069	318025	23809	0	1	0	3	0	0	4	1	0	4	0	9	0	0	0	0	59	0	0	0	0	1	0	1	0	0	0	0	0	0	0	0	0	0
Heliyon	2022-01-01	8605068	64291	6560	0	6	2	0	0	0	1	2	0	0	0	0	0	0	2	0	11	0	0	0	0	0	1	0	0	0	0	0	0	0	0	0	0	0
Heliyon	2022-01-01	8605098	61302	4170	0	2	0	0	0	0	2	0	0	0	0	0	0	0	2	0	4	0	0	0	0	0	0	0	0	0	0	0	0	0	0	0	0	0
Heliyon	2022-01-01	8593435	105799	8072	0	3	0	0	0	0	0	0	0	0	2	2	0	0	2	0	13	0	0	1	0	2	0	0	0	0	0	0	0	0	0	0	0	0
Heliyon	2022-01-01	8593453	29615	2787	0	1	0	5	0	0	1	0	0	0	1	0	0	0	0	0	28	0	0	1	0	3	0	1	0	0	0	0	0	0	0	0	0	0
Heliyon	2022-01-01	8592888	86799	8220	0	4	0	5	6	0	6	6	0	0	0	2	0	0	3	0	50	0	0	2	0	0	0	0	0	0	0	0	0	0	0	0	0	0
Heliyon	2022-01-01	8637494	118792	12354	0	13	0	4	0	0	2	1	0	0	6	5	0	0	2	0	50	0	0	1	0	0	0	0	0	0	0	0	0	0	0	0	0	0
Heliyon	2022-01-01	8627981	92187	8736	0	7	0	0	0	0	1	1	0	0	5	0	0	0	2	0	84	0	0	1	0	0	0	0	0	0	0	0	0	0	0	0	0	0
Heliyon	2022-01-01	8626703	99841	8595	0	5	0	0	0	0	0	1	0	7	3	2	0	0	1	0	23	0	0	0	0	0	0	0	0	0	0	0	0	0	0	0	0	0
Heliyon	2022-01-01	8626693	110986	12805	0	7	0	1	0	0	1	3	0	0	0	2	0	0	3	0	78	0	0	1	0	0	3	0	0	0	0	0	0	0	0	0	0	0
Heliyon	2022-01-01	8637490	124534	11058	0	26	0	4	0	0	0	2	0	0	1	2	0	0	3	0	9	0	0	1	0	0	0	1	0	0	1	0	0	0	0	0	0	0
Heliyon	2022-01-01	8637476	64709	6445	0	5	0	0	0	0	0	0	0	0	0	1	0	0	4	0	16	0	0	0	0	0	0	0	0	0	0	0	0	0	0	0	0	0
Heliyon	2022-01-01	8627970	93797	9651	0	9	0	1	0	0	2	3	0	2	13	11	0	0	1	0	64	0	0	0	0	0	0	0	1	0	0	0	1	0	0	0	0	0
Heliyon	2022-01-01	8632842	53020	4966	0	4	0	0	0	0	0	2	0	0	0	5	0	0	1	0	6	0	0	0	0	0	0	0	0	0	0	0	0	0	0	0	0	0
Heliyon	2022-01-01	8626701	93081	8323	0	11	0	0	0	0	1	1	0	2	3	0	0	0	3	0	12	0	0	0	0	0	0	0	1	0	0	0	0	0	0	0	0	0
Heliyon	2022-01-01	8632848	138980	9501	0	5	0	0	0	0	2	1	0	0	3	2	0	0	2	0	47	0	0	0	0	0	0	0	0	0	0	0	0	0	0	0	0	0
Heliyon	2022-01-01	8606344	104030	9492	0	1	0	2	0	0	0	0	0	0	0	4	0	0	0	0	7	0	0	0	0	0	2	0	0	0	0	0	1	0	0	0	0	0
Heliyon	2022-01-01	8605434	132923	9815	0	3	0	0	0	0	0	1	0	0	1	0	0	0	2	0	2	0	0	0	0	0	0	1	0	0	0	0	1	0	0	0	0	0
Heliyon	2022-01-01	8632836	93947	8269	0	9	1	2	0	0	0	0	0	0	0	5	0	0	3	0	25	0	0	0	0	0	0	2	0	0	0	0	0	0	0	0	0	0
Heliyon	2022-01-01	8646171	62903	5860	0	7	0	0	0	0	0	0	0	0	1	0	0	0	0	0	27	0	1	0	0	1	0	3	0	0	0	0	0	0	0	0	0	0
Heliyon	2022-01-01	8606328	44028	3952	0	0	0	0	0	0	0	0	0	1	0	0	0	0	0	0	7	0	0	0	0	0	0	1	1	0	0	0	0	0	0	0	0	0
Heliyon	2022-01-01	8608858	79098	7719	0	5	0	2	0	0	0	1	0	0	0	3	0	0	3	0	23	0	0	0	0	0	0	0	0	0	0	0	0	0	0	0	0	0
Heliyon	2022-01-01	8628041	164673	13851	0	7	0	1	0	0	2	0	0	0	1	3	0	0	0	0	19	0	0	0	0	2	0	0	1	0	0	0	0	0	0	0	0	0
Heliyon	2022-01-01	8606348	102587	10240	0	2	1	0	0	0	4	0	0	3	0	1	0	0	2	0	21	0	0	1	0	0	0	0	0	0	0	0	0	0	0	0	0	0
Heliyon	2022-01-01	8695290	65696	7272	0	1	0	0	0	0	0	0	0	0	3	0	0	0	1	0	0	0	0	1	0	1	1	0	0	0	0	0	0	0	0	0	0	0
Heliyon	2022-01-01	8661021	7780	683	0	1	0	0	0	0	0	1	0	0	1	0	0	0	0	0	2	0	0	0	0	0	0	0	0	0	0	0	0	0	0	0	0	0
Heliyon	2022-01-01	8671527	80128	7746	0	10	0	0	0	1	0	3	0	0	0	0	0	0	2	0	29	0	0	0	0	0	0	0	0	0	0	0	0	0	0	0	0	0
Heliyon	2022-01-01	8661015	5398	445	0	0	0	0	0	0	0	0	0	0	0	0	0	0	0	0	0	0	0	0	0	0	0	0	0	0	0	0	0	0	0	0	0	0
Heliyon	2022-01-01	8723989	46579	4701	0	4	1	0	0	0	0	2	0	13	0	3	0	0	1	0	10	0	0	0	0	0	0	0	0	0	0	0	0	1	0	0	0	0
Heliyon	2022-01-01	8715187	58872	5242	0	5	0	0	0	0	0	2	0	0	4	1	0	0	1	0	15	0	0	0	0	0	0	0	0	0	0	0	0	0	0	0	0	0
Heliyon	2022-01-01	8715307	234112	7591	0	2	0	1	0	0	0	1	0	0	9	0	0	0	2	0	7	0	0	0	0	0	0	0	0	0	0	0	0	0	0	0	0	0
Heliyon	2022-01-01	8703238	112650	9695	0	4	0	1	0	0	0	3	0	2	0	1	0	0	1	0	12	0	0	0	0	0	0	0	0	0	0	0	0	0	0	0	0	0
Heliyon	2022-01-01	8683729	111464	9098	0	10	0	1	0	0	1	0	0	0	0	1	0	0	2	0	26	0	0	2	0	0	0	0	0	0	0	0	0	1	0	0	0	0
Heliyon	2022-01-01	8660996	5410	506	0	0	0	0	0	0	0	0	0	0	0	0	0	0	0	0	2	0	0	0	0	0	1	0	0	0	0	0	0	0	0	0	0	0
Heliyon	2022-01-01	8693273	81128	7291	0	6	2	0	0	0	0	1	0	0	4	0	0	0	2	0	31	0	0	0	0	0	0	1	0	0	0	0	0	0	0	0	0	0
Heliyon	2022-01-01	8715199	85974	7884	0	3	0	5	0	0	0	0	0	1	2	0	0	0	2	0	68	0	0	0	0	0	0	0	0	0	0	0	0	0	0	0	0	0
Heliyon	2022-01-01	8688571	56478	5164	0	1	0	0	0	0	0	0	0	0	0	3	0	0	1	0	10	0	0	0	0	0	0	0	1	0	0	0	0	0	0	0	0	0
Heliyon	2022-01-01	8671869	73743	5872	0	5	2	0	0	0	3	1	0	4	1	1	0	0	2	0	38	0	0	2	0	0	1	0	0	0	0	0	0	2	0	0	0	0
Heliyon	2022-01-01	8695270	64420	5873	0	8	0	0	0	0	1	0	0	0	2	0	0	0	1	0	18	0	0	0	0	1	0	0	0	0	0	0	0	0	0	0	0	0
Heliyon	2022-01-01	8688558	77449	7682	0	3	1	1	0	0	0	2	0	0	0	1	0	0	2	0	25	0	0	0	0	1	0	0	0	0	0	0	0	0	0	0	0	0
Heliyon	2022-01-01	8695282	85637	7644	0	1	0	0	0	0	1	6	0	0	1	2	0	0	1	0	21	0	0	0	0	0	0	0	0	0	0	0	0	0	0	0	0	0
Heliyon	2022-01-01	8695249	120076	11553	0	11	0	0	0	0	0	3	0	0	24	0	0	0	1	0	22	0	0	0	0	0	0	0	0	0	0	0	0	0	0	0	0	0
Heliyon	2022-01-01	8715302	115827	9947	0	3	0	0	0	0	0	1	0	1	1	2	0	0	1	0	11	0	0	0	0	0	0	0	0	0	0	0	0	0	0	0	0	0
Heliyon	2022-01-01	8715177	106210	10966	0	18	0	1	0	0	0	1	0	0	2	0	0	0	4	0	6	0	0	2	0	0	0	1	0	0	0	0	0	0	0	0	0	0
Heliyon	2022-01-01	8695271	173008	17024	0	13	0	4	0	0	14	2	0	0	4	4	0	0	3	0	103	0	0	1	0	1	1	0	2	0	0	0	0	0	0	0	0	0
Heliyon	2022-01-01	8691956	114260	9616	0	5	0	1	0	0	0	3	0	1	7	6	0	0	4	0	81	0	0	0	0	0	0	0	0	0	0	0	1	0	0	0	0	1
Heliyon	2022-01-01	8723995	132687	8482	0	5	0	0	0	0	2	2	0	0	1	1	0	0	3	0	13	0	0	3	0	0	0	0	0	0	0	0	0	0	0	0	0	0
Heliyon	2022-01-01	8654802	126012	12002	0	4	0	0	0	0	0	0	0	0	14	3	0	0	2	0	50	0	0	0	0	2	0	0	0	0	1	0	2	0	0	0	0	0
Heliyon	2022-01-01	8715159	116215	10367	0	10	1	1	0	0	2	0	0	0	4	2	0	0	2	0	47	0	0	0	0	0	0	0	0	0	0	0	0	0	0	0	0	0
Heliyon	2022-01-01	8671870	77858	7317	0	3	0	0	0	0	0	0	0	0	1	1	0	0	1	0	9	0	0	0	0	0	0	0	0	0	0	0	0	0	0	0	0	1
Heliyon	2022-01-01	8665345	63631	5258	0	4	0	3	0	0	0	0	0	0	0	1	0	0	2	0	15	0	0	0	0	0	0	0	0	0	0	0	0	0	0	0	0	0
Heliyon	2022-01-01	8660997	7334	651	0	0	0	0	0	0	0	0	0	0	0	1	0	0	0	0	2	0	0	0	0	0	0	0	0	0	0	0	0	0	0	0	0	0
Heliyon	2022-01-01	8661023	7180	639	0	0	0	0	0	0	0	0	0	0	0	1	0	0	0	0	0	0	0	0	0	0	0	0	0	0	0	0	0	0	0	0	0	0
Heliyon	2022-01-01	8668826	98197	8475	0	5	1	0	0	0	1	0	0	2	2	0	0	0	4	0	36	0	1	2	0	0	0	0	0	0	0	0	0	0	0	0	0	0
Heliyon	2022-01-01	8666643	97004	8289	0	5	0	0	0	0	0	2	0	0	1	0	0	0	5	0	32	0	0	0	0	0	2	0	0	0	0	0	0	0	0	0	0	0
Heliyon	2022-01-01	8671866	93234	8118	0	14	0	5	0	0	1	0	0	0	3	0	0	0	4	0	18	0	0	0	0	0	2	1	0	0	0	0	0	0	0	2	0	0
Heliyon	2022-01-01	8654614	55159	5304	0	2	1	3	0	0	0	0	0	3	2	0	0	0	2	0	42	0	0	1	0	0	0	0	0	0	0	0	0	1	0	0	1	0
Heliyon	2022-01-01	8665351	152381	12410	0	7	0	0	0	0	2	3	0	0	2	7	0	0	3	0	22	0	0	1	0	0	0	0	2	0	0	0	0	0	0	0	0	0
Heliyon	2022-01-01	8689087	115666	7671	0	8	1	0	0	0	0	0	0	0	5	0	0	1	3	0	1	0	0	1	0	0	0	0	0	0	0	0	0	0	0	1	0	0
Heliyon	2022-01-01	8665337	133284	11354	0	8	0	1	0	0	1	0	0	0	3	3	0	0	2	0	20	0	0	0	0	0	1	0	0	0	0	0	0	0	0	0	0	0
Heliyon	2022-01-01	8654791	58877	5757	0	7	0	0	0	0	0	3	0	0	0	1	0	0	4	0	19	0	0	0	0	0	0	0	0	0	0	0	0	0	0	0	0	0
Heliyon	2022-01-01	8671865	147458	14559	0	16	0	11	0	0	1	0	0	0	26	0	0	0	2	0	62	0	0	0	0	2	0	0	0	0	0	0	0	0	0	0	0	0
Heliyon	2022-01-01	8671862	104410	10882	0	7	0	2	0	0	3	2	0	0	0	2	1	0	4	0	39	0	0	5	0	2	2	0	1	0	0	0	2	0	0	0	0	0
Heliyon	2022-01-01	8665344	64859	5929	0	11	0	4	0	0	0	0	0	0	0	0	0	0	3	0	10	0	0	0	0	0	0	0	0	0	0	0	0	0	0	0	0	0
Heliyon	2022-01-01	8654794	114016	10964	0	15	0	1	0	0	2	2	0	0	0	0	0	0	1	0	37	0	0	1	0	0	0	1	0	0	0	0	0	0	0	0	0	0
Heliyon	2022-01-01	8669309	102682	8655	0	13	0	1	0	0	1	7	0	0	2	2	0	1	3	0	28	0	3	1	0	5	0	0	0	0	0	0	2	0	0	1	0	0
Heliyon	2022-01-01	8646985	74471	7424	0	6	1	0	0	0	2	4	0	0	0	0	0	0	5	1	24	0	0	0	0	0	0	0	0	0	0	0	0	0	0	0	0	0
Heliyon	2022-01-01	8668821	84489	7549	0	4	1	2	0	0	0	8	0	0	1	0	1	0	2	0	41	0	0	0	0	0	2	4	0	0	0	0	0	0	0	0	0	0
Heliyon	2022-01-01	8671854	108445	10322	0	5	0	0	0	0	4	2	0	0	6	2	0	0	3	0	40	0	0	1	0	0	0	0	0	1	0	0	3	0	0	0	0	0
Heliyon	2022-01-01	8683718	129379	11894	0	10	0	0	0	0	0	0	0	2	10	0	0	0	2	0	29	0	0	1	0	0	0	14	0	0	0	0	0	0	0	0	0	0
Heliyon	2022-01-01	8683739	68227	6765	0	3	0	0	0	0	1	3	0	0	1	5	0	0	2	0	16	0	0	0	0	0	0	0	0	0	0	0	0	0	1	0	0	0
Heliyon	2022-01-01	8668833	56357	4784	0	2	0	0	0	0	0	0	0	0	0	0	0	0	2	0	1	0	0	1	0	0	0	0	0	0	0	0	0	0	0	0	0	3
Heliyon	2022-01-01	8669311	57002	4937	0	5	0	0	0	0	1	1	0	0	0	0	0	0	2	0	30	0	0	0	0	0	0	0	0	0	0	0	0	0	0	0	0	0
Heliyon	2022-01-01	8741438	140858	13548	0	9	0	1	0	0	1	1	0	2	1	3	0	0	4	0	41	0	0	0	0	0	0	0	0	0	0	0	0	0	0	0	0	0
Heliyon	2022-01-01	8693317	97391	8537	0	5	0	0	0	0	1	0	0	3	7	0	0	0	4	0	36	0	0	0	0	0	0	0	0	0	0	0	0	0	0	0	0	0
Heliyon	2022-01-01	8703236	74066	6553	0	8	0	0	0	0	0	0	0	0	0	3	0	0	5	0	5	0	0	0	0	0	1	0	0	0	0	0	0	0	0	0	0	0
Heliyon	2022-01-01	8669315	130450	11325	0	9	1	5	0	0	0	1	0	0	0	1	0	0	3	0	13	0	0	0	0	0	0	0	0	0	0	0	0	0	0	0	0	0
Heliyon	2022-01-01	8669312	117630	10712	0	10	2	0	0	1	0	4	0	0	3	1	0	0	6	0	35	0	0	0	0	0	0	0	0	0	0	0	0	0	0	0	0	0
Heliyon	2022-01-01	8703235	70583	7844	0	1	1	0	0	0	0	1	0	0	0	0	0	9	2	0	5	0	0	2	0	0	0	0	0	0	0	0	0	0	0	0	0	0
Heliyon	2022-01-01	8688566	123439	13223	0	11	0	0	0	0	0	0	0	0	12	2	0	0	2	0	21	0	0	0	0	0	1	0	1	0	1	0	0	0	0	0	0	0
Heliyon	2022-01-01	8686039	146812	9941	0	3	0	0	0	0	1	1	0	0	0	4	0	0	3	0	40	0	0	1	0	0	0	0	0	0	0	0	0	0	0	0	0	0
Heliyon	2022-01-01	8689084	47344	4535	0	4	0	0	0	0	0	0	0	0	0	1	0	0	1	0	4	0	0	0	0	0	0	0	0	0	0	0	0	0	0	0	0	0
Heliyon	2022-01-01	8669299	91947	8034	0	5	0	1	0	0	0	7	0	0	0	2	0	0	2	0	47	0	0	0	0	0	0	0	0	0	0	0	0	0	0	0	0	0
Heliyon	2022-01-01	8683731	117703	10041	0	5	0	0	0	0	2	10	0	0	15	6	0	0	3	0	19	0	0	2	0	0	3	0	0	0	0	0	0	0	0	0	0	0
Heliyon	2022-01-01	8715176	60717	5546	0	10	1	1	1	0	0	0	0	0	0	1	0	0	1	0	14	0	0	1	0	0	0	1	0	0	0	0	0	0	0	0	0	0
Heliyon	2022-01-01	8693277	200003	17509	0	6	0	0	0	0	0	0	0	2	11	0	0	0	3	0	28	0	0	3	0	0	0	0	0	0	0	0	0	0	0	0	0	0
Heliyon	2022-01-01	8683737	188191	16429	0	5	0	8	0	0	3	0	0	0	2	6	0	0	3	0	142	0	0	0	0	0	0	1	0	0	0	0	0	0	0	0	0	0
Heliyon	2022-01-01	8695267	86609	8154	1	14	0	1	0	0	6	1	0	0	1	6	0	1	0	0	33	0	0	6	0	4	0	5	0	0	0	0	1	0	1	0	0	0
Heliyon	2022-01-01	8689083	97620	8940	0	9	0	0	0	0	0	1	0	2	4	3	0	0	3	0	32	0	0	0	0	0	0	0	0	0	0	0	0	0	0	0	0	0
Heliyon	2022-01-01	8686037	72831	6953	0	16	0	0	0	0	0	0	0	8	1	0	0	0	4	0	20	0	0	0	0	0	0	0	0	0	0	0	0	0	0	0	0	0
Heliyon	2022-01-01	8683738	102194	8793	0	5	1	0	0	0	0	0	0	0	0	6	0	0	2	0	32	0	0	1	0	0	0	0	0	0	0	0	0	0	0	0	0	0
Heliyon	2022-01-01	8718959	100988	8717	0	7	0	3	0	0	15	7	0	0	2	0	0	0	2	0	76	0	0	2	0	0	1	0	0	0	0	0	1	0	0	0	0	0
Heliyon	2022-01-01	8715169	63920	5874	0	6	0	6	0	0	0	0	0	0	7	0	0	0	3	0	42	0	0	0	0	0	0	4	0	0	0	0	0	0	0	0	0	0
Heliyon	2022-01-01	8723990	76761	8067	0	3	1	6	0	0	1	1	0	0	1	8	0	0	1	0	39	0	0	7	0	1	0	0	0	0	0	0	0	0	0	0	0	0
Heliyon	2022-01-01	8723993	73629	5851	0	2	0	0	0	0	0	1	0	0	3	2	0	0	2	0	21	0	0	1	0	0	0	0	0	0	0	0	0	0	0	0	0	0
Heliyon	2022-01-01	8718950	61019	5554	0	4	0	1	0	0	0	0	0	1	0	0	0	0	2	0	11	0	0	0	0	0	0	1	0	0	0	0	0	0	0	0	0	0
Heliyon	2022-01-01	8688570	79113	6179	0	3	0	0	0	0	2	0	0	0	6	0	0	0	1	0	6	0	0	4	0	0	0	0	0	0	0	0	0	0	0	0	0	1
Heliyon	2022-01-01	8715181	198652	14724	0	6	0	2	0	0	2	4	0	0	27	5	0	0	2	0	52	0	0	2	0	0	2	0	0	0	0	0	0	0	0	0	0	0
Heliyon	2022-01-01	8695259	105257	9622	0	2	0	0	0	0	11	4	0	0	3	2	0	1	1	0	54	0	0	1	0	2	0	0	0	0	0	0	0	0	0	0	0	0
Heliyon	2022-01-01	8741450	118334	10743	0	5	0	0	0	0	1	2	0	1	1	4	0	0	3	0	19	0	0	0	0	0	0	0	0	0	0	0	0	0	0	0	0	0
Heliyon	2022-01-01	8718953	84750	7430	0	1	0	1	0	0	3	3	0	0	0	5	0	0	1	0	38	0	0	1	0	1	0	0	0	0	0	0	0	0	0	0	0	0
Heliyon	2022-01-01	8695294	122643	5687	0	1	1	0	0	0	0	1	0	0	0	1	0	0	1	0	13	0	0	0	0	0	0	0	0	0	0	0	0	0	0	0	0	0
Heliyon	2022-01-01	8695248	117941	10424	0	8	0	2	0	0	2	0	0	1	1	1	0	0	4	0	37	0	0	0	0	0	0	0	1	0	0	0	0	0	0	0	0	0
Heliyon	2022-01-01	8718964	65709	5497	0	2	0	0	0	0	0	0	0	0	5	1	0	0	2	0	35	0	0	0	0	0	1	1	0	0	0	0	0	0	0	0	0	0
Heliyon	2022-01-01	8741456	103819	8167	0	10	1	4	0	0	1	0	0	0	4	0	0	0	3	0	56	0	0	0	0	0	0	0	0	0	0	0	0	0	0	0	0	0
Heliyon	2022-01-01	8715168	228886	12705	0	5	0	1	0	0	0	1	0	0	10	0	0	0	2	0	6	0	0	0	0	0	0	0	0	0	0	0	3	0	0	0	0	0
Heliyon	2022-01-01	8715188	77433	6694	0	15	1	0	0	0	0	0	0	0	0	7	0	0	2	0	22	0	0	3	0	0	0	0	1	0	1	0	0	0	0	0	0	0
Heliyon	2022-01-01	8715334	267479	21859	0	7	0	3	0	0	0	0	0	1	0	5	0	0	2	0	25	0	0	0	0	0	1	0	0	0	0	0	0	0	0	0	0	0
Heliyon	2022-01-01	8792077	161189	13350	0	5	1	1	0	0	1	0	0	3	2	4	0	0	2	0	39	0	0	0	0	0	0	0	0	0	0	0	0	0	0	0	0	0
Heliyon	2022-01-01	8800033	112674	10324	0	8	0	0	0	0	5	2	0	0	1	3	0	4	2	0	34	0	1	2	0	0	0	0	0	0	0	0	0	0	0	0	0	0
Heliyon	2022-01-01	8814903	76964	6664	0	8	0	2	0	0	1	1	0	0	1	0	0	0	4	0	69	0	0	0	0	0	0	1	0	0	0	0	0	0	0	0	0	0
Heliyon	2022-01-01	8790612	47417	4920	0	1	0	0	0	0	5	1	0	0	0	3	0	0	1	0	16	0	0	4	0	0	0	2	0	0	0	0	0	0	0	0	0	0
Heliyon	2022-01-01	8783125	106549	9780	0	5	0	2	0	1	1	2	0	0	0	3	0	0	1	0	27	0	0	0	0	2	0	0	0	0	0	0	0	0	0	0	0	0
Heliyon	2022-01-01	8819532	62315	6518	0	5	0	0	0	0	0	0	0	0	2	0	0	0	1	0	14	0	0	3	0	0	0	0	0	0	0	0	0	0	0	0	0	0
Heliyon	2022-01-01	8803580	79857	6624	0	1	0	18	0	0	1	3	0	0	2	1	0	0	1	0	28	0	0	2	0	0	0	1	0	0	0	0	0	0	0	0	0	0
Heliyon	2022-01-01	8783838	103288	9498	0	0	0	0	0	0	1	0	0	2	0	1	0	0	0	0	30	0	0	1	0	0	0	0	1	0	0	0	0	0	0	0	0	0
Heliyon	2022-01-01	8790620	88794	7742	0	14	1	2	0	0	0	0	0	2	1	1	0	0	3	0	16	0	0	0	0	1	0	0	0	0	0	0	0	1	0	0	0	0
Heliyon	2022-01-01	8777152	103392	11602	1	4	1	0	0	0	17	2	0	0	0	0	1	0	3	0	21	0	0	34	0	1	0	1	1	0	1	0	0	1	0	0	0	0
Heliyon	2022-01-01	8789537	134837	8576	0	4	0	5	0	0	0	0	0	0	29	3	0	0	1	0	15	0	0	0	0	0	0	1	0	0	0	0	2	1	0	0	0	0
Heliyon	2022-01-01	8777092	64922	5774	0	14	0	2	0	0	0	0	0	0	7	7	0	0	2	0	22	0	0	0	0	0	0	0	0	0	0	0	0	0	0	0	0	5
Heliyon	2022-01-01	8761680	102886	9208	0	4	0	3	0	0	0	0	0	2	0	1	0	0	2	0	31	0	0	0	0	3	0	0	0	0	0	0	0	0	0	0	0	2
Heliyon	2022-01-01	8810366	97475	9079	0	5	1	1	0	0	3	2	0	0	0	1	0	0	1	0	92	0	1	3	0	0	1	0	0	0	0	0	0	1	1	0	0	0
Heliyon	2022-01-01	8789534	173108	14158	0	4	0	0	0	0	1	1	0	1	3	0	0	0	3	0	31	0	0	0	0	0	0	1	0	0	0	0	0	0	0	0	0	0
Heliyon	2022-01-01	8789522	105481	8959	0	3	0	1	0	0	0	0	0	1	1	0	0	0	2	0	8	0	0	1	0	0	0	0	0	0	0	0	0	0	0	0	0	0
Heliyon	2022-01-01	8819523	98852	9820	0	8	1	1	0	0	1	1	0	0	1	2	0	0	4	1	23	0	0	9	0	0	1	1	0	0	1	0	0	2	0	0	0	0
Heliyon	2022-01-01	8808058	5344	416	0	0	0	0	0	0	0	0	0	0	1	0	0	0	0	0	1	0	0	0	0	0	0	0	0	0	0	0	0	0	0	0	0	0
Heliyon	2022-01-01	8810373	200635	15719	1	11	0	0	0	0	1	0	0	16	0	0	0	0	0	0	114	0	0	5	0	0	0	0	0	0	0	0	0	0	0	0	0	0
Heliyon	2022-01-01	8810371	144589	15141	0	4	2	1	0	0	6	1	0	2	0	14	0	0	3	0	45	0	0	9	0	0	2	0	0	0	0	0	0	0	0	0	1	0
Heliyon	2022-01-01	8802866	209213	13902	0	5	0	4	0	0	1	5	0	0	30	1	0	0	2	0	29	0	0	1	0	0	8	0	0	1	0	0	1	0	1	0	0	3
Heliyon	2022-01-01	8803589	98029	9730	0	15	0	1	0	0	2	7	0	0	0	10	0	0	3	1	73	0	0	6	0	0	4	0	0	0	0	0	0	0	0	0	0	0
Heliyon	2022-01-01	8792088	135277	12028	0	8	0	6	0	0	5	2	0	0	0	0	0	0	1	0	16	0	0	3	0	7	1	0	2	0	0	0	0	0	0	0	0	0
Heliyon	2022-01-01	8803584	96291	8601	0	9	0	0	0	0	0	1	0	1	1	1	0	0	3	0	94	0	0	0	0	0	10	1	0	0	0	0	0	1	0	0	0	0
Heliyon	2022-01-01	8814902	105509	8805	0	2	0	0	0	0	0	2	0	0	5	2	0	0	1	0	21	0	0	0	0	0	0	0	2	0	0	0	0	0	0	0	0	0
