journal	date	pmc_id	Nchars	Nwords	delve	analyse	acknowledge	assess	appraise	dissect	explore	examine	extricate	expose	estimate	investigate	inquire	inspect	interpret	scrutinise	study	unearth	uncover	understand	ponder	research	reason	retrieve	avoid	discount	disregard	dismiss	ignore	neglect	overlook	omit	skip	reject
Heliyon	2025-01-01	11564962	139283	12376	0	1	0	0	0	0	0	0	0	0	1	0	0	0	0	0	43	0	0	0	0	0	0	0	0	0	0	0	0	0	0	0	0	0
Heliyon	2025-01-01	11550598	78803	8875	0	26	0	0	0	0	2	0	0	0	0	2	0	0	1	0	9	0	0	2	0	0	1	0	0	1	0	0	0	0	0	0	0	0
Heliyon	2025-01-01	11619966	123622	11022	0	8	1	2	0	0	2	2	0	0	3	6	0	0	0	0	28	0	0	0	0	0	0	1	0	0	0	0	0	1	0	2	0	0
Heliyon	2025-01-01	11620146	101235	9140	0	1	0	1	0	0	1	1	0	0	6	1	0	0	0	0	5	0	0	0	0	0	0	0	0	0	0	0	0	0	0	0	0	0
Heliyon	2025-01-01	11620029	97520	8643	0	1	0	1	0	0	5	9	0	0	0	7	0	1	0	0	42	0	0	7	0	1	0	0	0	0	0	0	0	0	0	0	0	0
Heliyon	2025-01-01	11543882	146427	11593	0	5	0	3	0	0	4	2	0	0	0	3	0	0	0	0	95	0	0	1	0	0	2	2	0	0	0	0	0	0	0	0	0	0
Heliyon	2025-01-01	11620165	573099	17280	1	21	1	0	0	0	10	4	0	0	1	5	0	0	1	0	15	0	0	4	0	0	2	0	0	0	0	0	0	0	0	0	0	0
Heliyon	2025-01-01	11497437	78829	8439	0	2	0	1	0	0	0	0	0	0	0	1	0	0	0	0	33	0	0	0	0	0	0	0	0	0	0	0	1	0	0	0	0	0
Heliyon	2025-01-01	11497382	145562	13230	0	4	1	5	0	0	2	2	0	1	5	7	0	0	0	0	72	0	0	5	0	0	2	1	0	0	0	0	0	0	0	0	0	0
Heliyon	2025-01-01	11550604	95866	7676	0	0	0	0	0	0	0	1	0	0	0	1	0	0	0	0	7	0	0	0	0	1	0	0	0	0	0	0	0	0	0	0	0	0
Heliyon	2025-01-01	11620088	139069	11088	0	2	0	0	0	0	3	2	0	0	0	1	0	0	0	0	32	0	0	2	0	0	0	0	1	0	0	0	0	0	0	1	0	1
Heliyon	2025-01-01	11497384	68483	5710	0	1	0	1	0	0	1	0	0	0	0	2	0	0	0	0	53	0	0	2	0	0	0	0	0	0	0	0	0	0	0	0	0	0
Heliyon	2025-01-01	11550053	146911	12279	0	5	0	4	0	0	13	2	0	1	0	3	0	0	0	0	21	0	0	2	0	0	0	0	0	0	0	0	0	0	0	0	0	0
Heliyon	2025-01-01	11620083	140469	12239	0	5	1	4	0	0	1	5	0	0	6	2	0	1	1	0	71	0	0	4	0	0	2	0	0	0	0	0	0	0	1	0	0	0
Heliyon	2025-01-01	11620123	143604	10586	0	5	0	1	0	0	1	1	0	5	1	2	0	0	0	0	26	0	0	0	0	0	0	0	0	0	0	0	0	0	0	0	0	0
Heliyon	2025-01-01	11497399	91047	8316	0	10	0	2	0	0	0	0	0	0	0	1	0	0	0	0	13	0	0	0	0	0	0	0	2	0	0	0	0	0	1	0	0	0
Heliyon	2025-01-01	11620097	154098	15116	1	5	0	5	0	1	1	1	0	0	4	6	0	0	0	0	83	0	0	1	0	0	0	0	1	0	0	0	0	0	0	0	0	0
Heliyon	2025-01-01	11550124	99124	9173	0	2	0	3	0	0	8	0	0	0	0	2	0	0	0	0	17	0	0	0	0	0	0	0	1	0	0	0	0	0	0	0	0	0
Heliyon	2025-01-01	11619998	77537	6457	0	0	0	0	0	0	0	0	0	0	0	2	0	0	0	0	2	0	0	0	0	0	1	0	0	0	0	0	0	0	0	0	0	0
Heliyon	2025-01-01	11497385	116335	8679	0	2	0	3	0	0	1	0	0	0	0	1	0	0	0	0	21	0	0	0	0	0	0	0	0	0	0	0	0	0	0	0	0	0
Heliyon	2025-01-01	11538734	173228	14484	2	18	1	1	0	0	11	5	0	0	3	3	0	0	0	1	77	0	0	3	0	0	1	1	0	0	0	0	0	0	0	0	0	0
Heliyon	2025-01-01	11577189	122147	10844	0	3	0	2	0	1	0	3	0	3	0	2	0	0	0	0	28	0	0	0	0	0	0	0	0	0	0	0	0	0	0	0	0	0
Heliyon	2025-01-01	11544062	127259	10578	1	11	0	7	0	0	4	2	0	2	0	2	0	0	0	0	17	0	0	0	0	0	0	3	0	0	0	0	0	0	0	0	0	0
Heliyon	2025-01-01	11620105	112014	8987	0	3	0	1	0	0	3	0	0	1	1	1	0	0	0	0	25	0	0	0	0	0	0	1	0	0	0	0	0	0	0	0	0	0
Heliyon	2025-01-01	11647779	333994	14361	0	1	1	4	0	0	0	0	0	0	0	3	0	0	0	0	8	0	0	0	0	0	0	0	0	0	1	0	0	0	0	0	0	0
Heliyon	2025-01-01	11620144	127353	10777	0	2	0	1	0	0	12	1	0	2	2	4	3	0	0	0	29	0	0	16	0	0	0	0	0	0	0	0	0	0	0	0	0	0
Heliyon	2025-01-01	11791235	147787	12700	0	7	0	4	0	0	3	5	0	0	1	1	0	0	2	0	25	0	0	1	0	0	1	0	1	0	0	0	0	0	0	0	0	0
Heliyon	2025-01-01	11620033	228623	17556	0	16	2	3	0	0	4	17	0	0	6	6	0	0	3	0	62	0	0	13	0	0	2	0	2	1	0	0	0	1	0	1	0	0
Heliyon	2025-01-01	11620160	321799	18443	0	1	0	1	0	0	3	0	0	0	4	0	0	0	0	0	35	0	0	0	0	0	0	0	0	0	0	0	0	1	0	0	0	0
Heliyon	2025-01-01	11620254	92151	9136	0	7	3	2	0	0	3	0	0	0	2	2	0	0	0	0	18	0	0	1	0	1	0	2	0	0	0	0	0	0	0	0	0	0
Heliyon	2025-01-01	11620244	113137	9638	0	6	0	0	0	0	1	5	0	0	2	1	0	0	2	0	49	0	0	5	0	0	1	5	0	0	0	0	0	0	0	0	1	0
Heliyon	2025-01-01	11620248	65929	5622	0	1	0	1	0	0	5	0	0	0	0	5	0	0	0	0	46	0	0	0	0	0	0	0	0	0	0	0	1	0	0	0	0	0
Heliyon	2025-01-01	11620108	77947	6089	0	2	0	0	0	0	0	0	0	0	1	1	0	0	0	0	13	0	0	1	0	0	0	0	0	0	0	0	0	0	0	0	0	0
Heliyon	2025-01-01	11620166	104840	8963	0	5	1	6	0	0	2	4	0	0	0	5	0	0	0	0	42	0	0	2	0	0	0	0	0	0	0	0	0	0	1	0	0	0
Heliyon	2025-01-01	11620099	131431	7461	0	3	0	0	0	0	0	0	0	0	0	0	0	0	0	0	9	0	0	0	0	0	0	0	0	0	0	0	0	0	0	0	0	0
Heliyon	2025-01-01	11647961	65828	6529	1	7	0	1	0	0	0	1	0	0	1	0	0	0	0	0	33	0	0	0	0	1	0	3	0	0	0	0	0	0	1	1	0	0
Heliyon	2025-01-01	11619951	175630	16643	1	8	0	2	0	0	7	2	0	0	17	0	0	0	0	1	32	0	0	2	0	0	0	1	0	0	0	0	0	1	0	0	0	0
Heliyon	2025-01-01	11620206	113487	9135	0	0	0	1	0	0	0	1	0	0	0	0	0	0	0	0	8	0	0	0	0	0	0	0	0	0	0	0	0	0	0	0	0	0
Heliyon	2025-01-01	11620142	117250	11467	0	0	1	4	0	0	1	7	0	1	3	0	0	0	1	0	57	0	1	4	0	0	1	0	0	0	0	0	0	0	0	0	0	0
Heliyon	2025-01-01	11620149	130842	8157	0	7	0	0	0	0	0	2	0	0	0	7	0	0	0	0	11	0	0	0	0	1	0	0	0	0	0	0	0	0	0	0	0	0
Heliyon	2025-01-01	11620103	111954	9898	0	5	0	1	0	0	1	3	0	0	7	2	0	0	0	0	37	0	0	6	0	0	0	0	0	0	0	0	0	0	0	0	0	0
Heliyon	2025-01-01	11620250	89848	7290	0	8	0	3	0	0	2	2	0	0	15	2	0	0	0	0	40	0	0	2	0	0	0	0	0	0	0	0	0	0	0	0	0	0
Heliyon	2025-01-01	11629180	63745	6066	0	1	2	3	0	0	0	5	0	0	0	0	0	0	0	0	34	0	0	1	0	0	0	0	0	0	0	0	0	0	0	0	0	0
Heliyon	2025-01-01	11647799	143776	12846	3	1	2	2	0	0	9	2	0	0	1	4	0	0	1	0	56	0	3	19	0	0	0	0	1	0	0	0	0	0	0	0	0	0
Heliyon	2025-01-01	11620229	97397	8447	0	4	0	2	0	0	0	2	0	0	1	2	0	0	0	0	48	0	0	0	0	0	0	0	0	0	0	0	0	0	0	0	0	0
Heliyon	2025-01-01	11639374	116595	9565	0	1	0	1	0	0	5	2	0	0	4	0	0	0	0	0	9	0	0	1	0	1	1	2	0	0	0	0	0	0	0	0	0	0
Heliyon	2025-01-01	11620118	200337	13915	1	3	1	2	0	0	4	3	0	0	3	1	1	0	0	0	27	0	0	3	0	0	0	0	1	0	0	0	0	0	0	0	0	0
Heliyon	2025-01-01	11620262	123262	10138	0	8	0	1	0	0	2	1	0	3	0	0	0	0	0	0	11	0	0	1	0	0	0	0	0	0	0	0	0	0	0	0	0	0
Heliyon	2025-01-01	11693907	916591	25901	0	1	0	1	6	0	1	2	0	1	3	0	0	0	0	0	3	0	0	0	0	0	1	0	0	0	0	0	0	0	0	0	0	0
Heliyon	2025-01-01	11620087	134159	11838	0	1	0	3	0	0	3	2	0	0	4	5	0	0	0	0	45	0	0	0	0	0	0	0	0	0	0	0	0	0	0	0	0	0
Heliyon	2025-01-01	11550046	73744	7611	0	7	0	0	0	0	3	0	0	0	1	6	0	0	0	0	16	0	1	1	0	0	0	0	0	0	0	0	0	0	0	0	0	0
Heliyon	2025-01-01	11544044	210798	15717	0	7	1	1	0	0	4	1	0	0	2	4	0	0	1	0	43	0	3	2	0	0	0	0	0	0	0	0	0	0	0	0	0	0
Heliyon	2025-01-01	11550072	220873	18002	0	3	0	3	0	0	1	2	0	3	0	5	0	0	0	0	25	0	0	3	0	1	1	0	1	0	0	0	0	0	0	0	0	0
Heliyon	2025-01-01	11570312	173668	15973	0	12	0	6	0	0	3	5	0	2	1	4	0	0	0	0	36	0	0	3	0	0	0	0	0	0	0	0	0	0	0	0	0	0
Heliyon	2025-01-01	11609247	141319	12675	0	10	0	7	0	0	7	4	0	0	0	4	0	0	0	0	15	0	0	6	0	0	0	0	0	0	0	0	0	0	0	0	0	0
Heliyon	2025-01-01	11564952	75628	6829	0	4	0	1	0	0	3	0	0	0	2	1	0	0	0	0	18	0	0	3	0	0	0	0	0	0	0	0	0	0	0	0	0	0
Heliyon	2025-01-01	11582407	85827	8573	0	3	0	1	0	0	8	1	0	0	0	10	0	0	0	0	26	0	0	4	0	1	2	0	0	0	0	0	0	0	0	0	0	0
Heliyon	2025-01-01	11565023	24253	2578	0	1	0	0	0	0	0	0	0	0	0	0	0	0	0	0	2	0	0	0	0	0	0	0	0	0	0	0	0	0	0	0	0	0
Heliyon	2025-01-01	11544060	257491	21146	0	7	2	1	0	0	10	1	0	0	0	4	0	0	1	0	155	0	1	9	0	0	2	0	0	0	0	0	0	1	1	0	0	0
Heliyon	2025-01-01	11567128	119756	10680	0	5	1	0	0	0	2	2	0	1	1	4	0	0	0	0	16	0	0	0	0	0	0	0	0	0	0	0	0	0	0	0	0	0
Heliyon	2025-01-01	11570309	138652	11687	0	8	0	2	0	0	0	0	0	0	0	0	0	0	0	0	31	0	0	2	0	0	0	0	0	0	0	0	0	0	0	0	0	0
Heliyon	2025-01-01	11544047	81215	7199	0	4	0	2	0	0	0	2	0	0	0	3	0	0	1	0	47	0	0	3	0	0	0	0	0	0	0	0	0	0	0	0	0	0
Heliyon	2025-01-01	11635667	132582	13902	1	7	6	2	0	0	11	8	0	1	0	4	0	0	0	1	36	0	1	18	0	0	0	0	0	0	1	0	0	0	0	0	0	0
Heliyon	2025-01-01	11609650	72596	6608	0	3	0	3	0	0	0	1	0	0	0	0	0	0	0	0	29	0	0	0	0	0	0	0	0	0	0	0	0	0	0	0	0	0
Heliyon	2025-01-01	11564951	156262	11184	0	4	1	2	0	0	1	0	0	5	28	0	0	0	0	0	25	0	0	5	0	0	0	0	0	0	0	0	0	0	0	0	0	0
Heliyon	2025-01-01	11546458	106676	8920	0	17	0	2	0	0	0	1	0	0	0	1	0	0	0	0	13	0	0	1	0	0	0	0	0	0	0	0	0	0	0	0	0	0
Heliyon	2025-01-01	11570296	150562	10576	0	3	0	1	0	0	0	8	0	0	10	4	0	0	0	0	36	0	0	2	0	0	1	0	0	0	0	0	1	0	2	0	0	4
Heliyon	2025-01-01	11617735	156380	15325	0	10	0	1	0	0	1	5	0	0	0	2	0	0	0	2	71	0	0	5	0	0	8	0	4	0	0	1	0	0	2	0	0	0
Heliyon	2025-01-01	11582400	86117	6800	0	4	0	3	0	0	0	1	0	0	3	1	0	0	0	0	30	0	0	3	0	0	1	0	0	0	0	0	0	0	0	0	0	0
Heliyon	2025-01-01	11547890	119007	10613	0	4	0	5	0	0	2	4	0	0	5	4	0	0	0	0	24	0	0	3	0	0	0	0	0	0	0	0	0	0	0	0	0	0
Heliyon	2025-01-01	11544057	131371	11784	0	9	2	5	0	0	1	1	0	1	6	3	0	0	0	0	22	0	0	2	0	0	0	1	0	0	0	0	0	0	0	0	0	0
Heliyon	2025-01-01	11583701	109864	6002	0	0	0	0	0	0	1	5	0	0	10	4	0	0	0	0	4	0	0	0	0	1	0	2	0	0	0	0	0	0	0	0	0	0
Heliyon	2025-01-01	11550022	163156	14665	0	8	1	6	0	0	12	7	0	0	3	8	0	0	0	0	43	0	1	15	0	0	0	1	1	0	0	0	1	0	1	0	0	0
Heliyon	2025-01-01	11546182	152767	9869	0	0	0	0	0	0	3	2	0	0	25	0	0	0	0	0	11	0	0	0	0	0	1	0	1	0	0	0	3	0	0	0	0	0
Heliyon	2025-01-01	11564010	120113	9358	0	2	0	0	0	1	1	7	0	0	0	2	0	0	0	0	35	0	0	3	0	0	1	0	0	0	0	0	0	0	0	0	0	0
Heliyon	2025-01-01	11647847	105610	11421	0	12	0	2	0	0	4	4	0	0	0	1	0	0	0	0	27	0	1	2	0	0	2	1	1	0	0	0	0	1	1	1	0	0
Heliyon	2025-01-01	11620163	85712	8201	0	3	0	0	0	0	0	0	0	1	1	0	0	1	0	0	16	0	0	0	0	0	0	0	0	2	0	0	0	1	0	0	0	0
Heliyon	2025-01-01	11620269	138047	9808	0	2	0	0	0	0	1	6	0	1	3	0	0	0	0	0	20	0	0	1	0	0	0	0	0	0	0	0	0	0	0	0	0	0
Heliyon	2025-01-01	11648109	145718	12192	1	3	1	1	0	0	2	0	0	0	1	6	0	0	0	0	20	0	0	1	0	1	1	0	0	0	0	0	0	0	0	0	0	0
Heliyon	2025-01-01	11647777	261327	15608	0	1	2	0	0	0	5	1	0	0	10	3	0	0	0	0	1	0	0	0	0	0	0	0	0	0	0	0	1	0	1	0	0	0
Heliyon	2025-01-01	11620093	53493	4984	0	2	0	0	0	1	0	1	0	0	0	2	0	1	0	0	9	0	0	0	0	0	0	0	0	0	0	0	0	0	0	0	0	0
Heliyon	2025-01-01	11620242	102918	9062	0	3	1	0	0	0	1	6	0	0	0	8	0	0	0	0	6	0	1	1	0	1	1	0	0	0	0	0	0	0	0	0	0	0
Heliyon	2025-01-01	11693889	94675	8078	0	1	0	2	0	0	1	0	0	1	12	2	0	0	1	0	37	0	0	1	0	0	0	0	1	0	0	0	0	0	0	0	1	0
Heliyon	2025-01-01	11620270	104904	9378	0	4	0	2	0	0	0	3	0	0	3	0	0	0	1	0	19	0	0	0	0	0	0	0	0	0	0	0	0	0	0	0	0	0
Heliyon	2025-01-01	11639377	366814	10944	0	2	0	0	0	0	4	4	0	0	2	4	0	0	0	0	3	0	0	1	0	0	0	0	0	0	0	0	0	0	0	0	0	0
Heliyon	2025-01-01	11620076	90024	7733	0	2	1	0	0	0	0	0	0	0	0	0	0	0	0	0	6	0	0	0	0	0	0	0	0	0	0	0	0	0	1	0	0	0
Heliyon	2025-01-01	11648129	87930	7963	0	5	0	0	0	0	5	0	0	0	0	1	0	0	0	0	17	0	0	2	0	0	0	0	0	0	0	0	0	0	0	0	0	0
Heliyon	2025-01-01	11639378	150782	11506	0	3	3	2	0	0	3	2	0	0	1	1	0	0	0	0	21	0	0	0	0	0	1	0	3	0	0	0	0	0	0	1	0	0
Heliyon	2025-01-01	11620252	172353	13879	0	0	0	1	0	1	2	3	0	1	1	12	0	0	0	0	21	0	0	0	0	1	0	0	0	0	0	0	0	0	0	0	0	0
Heliyon	2025-01-01	11620150	91008	7977	0	0	1	0	0	0	3	0	0	0	5	3	0	0	0	0	11	0	0	7	0	1	0	0	1	0	0	0	0	0	0	0	0	1
Heliyon	2025-01-01	11619976	164138	12728	0	2	1	1	0	0	2	4	0	0	8	5	0	0	0	0	44	0	0	4	0	0	0	0	0	0	0	0	0	0	0	0	0	0
Heliyon	2025-01-01	11620119	85641	8091	0	4	0	3	0	1	3	0	0	3	0	7	0	0	0	0	14	0	0	1	0	1	0	0	0	0	0	0	0	0	0	0	0	0
Heliyon	2025-01-01	11619948	5499	379	0	0	0	0	0	0	0	0	0	0	0	0	0	0	0	0	0	0	0	0	0	0	0	0	0	0	0	0	0	0	0	0	0	0
Heliyon	2025-01-01	11620217	97961	7897	0	3	1	5	0	0	0	0	0	0	21	0	0	0	0	0	22	0	0	1	0	0	0	0	1	0	0	0	0	0	0	0	0	0
Heliyon	2025-01-01	11648106	118571	12765	0	11	1	0	0	0	2	3	0	0	1	0	0	0	0	0	68	0	0	4	0	0	0	0	0	0	0	0	2	0	2	0	0	0
Heliyon	2025-01-01	11620136	190365	16075	0	7	2	4	0	0	5	4	0	0	4	13	0	0	1	0	44	0	0	4	0	0	0	0	1	0	0	0	0	1	0	1	0	0
Heliyon	2025-01-01	11620034	77164	6937	0	1	0	3	0	0	0	0	0	2	0	4	0	0	0	0	18	0	0	0	0	0	0	0	0	0	0	0	0	0	0	0	0	0
Heliyon	2025-01-01	11693910	47611	4661	0	8	0	0	0	0	0	4	0	0	0	4	0	0	4	0	60	0	0	0	0	0	0	0	0	0	0	0	0	0	0	0	0	0
Heliyon	2025-01-01	11647815	143980	12129	0	5	1	5	0	0	3	0	0	0	12	1	0	0	1	0	33	0	0	7	0	0	2	0	0	0	0	0	0	0	0	0	0	0
Heliyon	2025-01-01	11609685	111690	9773	1	4	0	2	0	0	4	0	0	0	0	1	0	0	0	0	11	0	0	0	0	0	0	0	0	0	0	0	0	0	1	0	0	0
Heliyon	2025-01-01	11693920	154310	10462	0	0	2	0	0	0	1	2	0	0	1	2	0	0	0	0	14	0	0	0	0	0	0	0	3	0	0	0	0	0	0	0	0	0
Heliyon	2025-01-01	11693879	125076	11264	0	2	0	0	0	0	2	8	0	1	0	8	0	0	0	0	32	0	0	2	0	0	0	0	0	0	0	0	0	0	0	0	0	2
Heliyon	2025-01-01	11615472	82946	7269	0	3	0	15	0	0	0	3	0	0	1	1	0	0	1	0	45	0	0	0	0	0	0	0	0	0	0	0	0	0	0	0	0	0
Heliyon	2025-01-01	11636110	91567	8999	0	0	0	3	0	0	1	1	0	0	0	2	0	0	0	0	19	0	0	1	0	0	0	0	2	0	0	0	0	0	0	0	0	0
Heliyon	2025-01-01	11693922	53415	5158	0	0	1	0	0	0	0	0	0	0	0	0	0	0	0	0	12	0	0	0	0	0	0	0	1	0	0	0	0	0	0	0	0	0
Heliyon	2025-01-01	11693888	48262	4051	0	1	1	0	0	0	1	3	0	0	2	1	0	0	0	0	6	0	0	0	0	0	0	0	0	0	0	0	0	1	0	0	0	0
Heliyon	2025-01-01	11605414	338747	23779	0	4	0	1	0	0	3	5	0	1	8	24	0	0	0	0	56	0	0	2	0	3	0	0	1	0	0	0	0	0	0	0	0	0
Heliyon	2025-01-01	11626787	162115	14185	0	10	0	7	0	0	5	12	0	0	3	6	0	0	0	0	58	0	0	7	0	0	0	1	0	0	0	0	0	0	0	0	0	0
Heliyon	2025-01-01	11616520	84803	7732	0	23	0	4	0	0	5	3	0	0	1	4	0	0	0	0	21	0	0	0	0	0	0	0	0	0	0	0	0	0	0	0	0	0
Heliyon	2025-01-01	11616506	113878	9275	0	0	0	0	0	0	0	2	0	0	0	0	0	0	0	0	10	0	0	2	0	0	0	0	0	0	0	0	0	1	0	0	0	0
Heliyon	2025-01-01	11629196	107555	9341	0	2	0	5	0	0	2	2	0	0	0	4	0	0	0	1	30	0	0	1	0	0	0	0	0	0	0	0	0	0	0	0	0	0
Heliyon	2025-01-01	11635715	269344	22151	0	9	2	3	0	0	0	8	0	1	0	6	0	0	13	0	42	0	0	3	0	0	0	1	0	0	0	0	0	0	0	0	0	0
Heliyon	2025-01-01	11609661	76999	7351	0	7	0	0	0	0	2	3	0	1	1	1	0	0	0	0	15	0	0	0	0	0	0	0	0	0	0	0	0	0	0	0	0	0
Heliyon	2025-01-01	11615493	141372	13236	0	14	0	2	0	0	1	0	0	0	1	4	0	0	0	0	34	0	0	0	0	0	1	0	2	0	0	0	0	0	0	0	0	0
Heliyon	2025-01-01	11617709	77838	7107	0	7	0	2	0	0	0	0	0	0	2	1	0	0	1	0	16	0	0	0	0	0	0	1	0	0	0	0	1	0	0	0	0	1
Heliyon	2025-01-01	11609452	56448	5141	0	2	0	0	0	0	2	4	0	0	0	0	0	0	0	0	42	0	0	0	0	0	0	0	0	0	0	0	0	0	0	0	0	0
Heliyon	2025-01-01	11693924	157162	13416	0	0	0	0	0	0	1	0	0	0	0	3	0	0	0	0	20	0	0	1	0	1	0	0	0	0	0	0	0	0	1	0	0	0
Heliyon	2025-01-01	11626067	109936	9473	0	9	1	2	0	0	0	3	0	1	0	5	0	0	1	0	64	0	0	4	0	0	3	0	0	0	0	0	0	0	0	0	0	0
Heliyon	2025-01-01	11609448	81887	8160	0	0	0	1	0	0	0	1	0	1	0	0	0	0	0	0	13	0	0	1	0	0	1	0	1	0	0	0	0	0	0	0	0	0
Heliyon	2025-01-01	11647831	254451	16727	0	6	0	1	0	0	1	1	0	0	2	2	0	0	0	0	14	0	0	0	0	0	0	0	1	0	0	0	0	0	0	0	0	0
Heliyon	2025-01-01	11616492	100369	9296	0	1	0	1	0	0	0	7	0	1	1	2	0	0	0	0	13	0	0	0	0	0	0	0	0	0	0	0	0	0	0	0	0	0
Heliyon	2025-01-01	11635719	85406	7642	0	3	0	2	0	0	1	5	0	5	7	5	0	0	0	0	46	0	0	2	0	0	0	0	0	0	0	0	0	0	0	0	0	0
Heliyon	2025-01-01	11617878	94061	8338	0	4	1	0	0	0	0	0	0	1	1	4	0	0	0	0	5	0	0	0	0	0	0	0	0	0	0	0	0	0	0	0	0	0
Heliyon	2025-01-01	11617752	160760	13944	0	9	1	0	0	0	0	0	0	0	1	1	0	0	0	0	34	0	0	1	0	0	0	0	1	0	0	0	0	0	0	0	0	0
Heliyon	2025-01-01	11617221	66182	6026	0	0	1	0	0	0	4	4	0	4	1	3	0	0	0	0	13	0	0	0	0	0	0	0	0	0	0	0	0	0	0	0	0	0
Heliyon	2025-01-01	11617855	113900	11426	0	1	0	1	0	0	0	0	0	4	1	12	0	0	0	0	49	0	0	0	0	0	3	0	1	0	0	0	0	0	0	0	0	0
Heliyon	2025-01-01	11625141	116561	11498	0	9	0	1	0	0	1	1	0	1	1	0	0	0	2	0	31	0	0	1	0	0	2	0	0	0	0	0	0	0	0	0	0	0
Heliyon	2025-01-01	11615487	100669	8877	0	2	1	1	0	0	4	6	0	0	0	1	0	0	0	0	4	0	0	5	0	1	0	0	0	0	0	0	0	0	0	0	0	0
Heliyon	2025-01-01	11639381	281295	16608	0	3	1	0	0	0	1	4	0	0	1	8	0	0	0	0	18	0	0	8	0	0	0	0	0	0	0	0	0	0	0	0	0	0
Heliyon	2025-01-01	11625280	84470	7176	0	3	0	1	0	0	1	0	0	0	1	0	0	0	3	0	8	0	0	3	0	0	1	0	0	0	0	0	0	0	0	0	0	0
Heliyon	2025-01-01	11626776	149155	13804	1	6	0	2	0	0	5	5	0	0	7	2	0	0	0	0	44	0	0	6	0	1	1	1	0	0	0	0	0	0	0	0	0	1
Heliyon	2025-01-01	11724763	138327	11283	0	3	0	1	0	0	4	3	0	0	1	2	0	0	0	1	51	0	0	3	0	0	0	0	1	0	0	0	0	0	0	0	0	0
Heliyon	2025-01-01	11626734	175009	14441	0	13	0	14	0	0	11	9	0	0	0	5	0	0	0	1	50	0	1	4	0	0	0	0	0	0	0	0	0	0	0	0	0	0
Heliyon	2025-01-01	11625126	82711	7267	0	3	0	1	0	0	2	2	0	0	0	4	0	0	0	0	19	0	0	0	0	0	0	0	0	0	0	0	0	0	0	0	0	0
Heliyon	2025-01-01	11617725	171548	14244	0	0	1	0	0	0	2	1	0	0	0	5	0	0	0	0	40	0	0	2	0	0	1	0	0	0	0	0	1	0	0	0	0	0
Heliyon	2025-01-01	11625273	166061	14267	0	3	0	5	0	0	1	2	0	0	4	1	0	0	0	0	46	0	0	2	0	0	0	0	1	0	0	0	0	0	0	0	0	0
Heliyon	2025-01-01	11617241	92325	8172	0	8	0	11	0	0	0	1	0	0	0	4	0	0	0	0	36	0	0	0	0	0	0	0	0	0	0	0	0	0	0	0	0	0
Heliyon	2025-01-01	11625259	81678	7396	0	13	0	1	0	0	0	0	0	0	3	0	0	0	1	0	32	0	0	0	0	0	0	0	0	0	0	0	0	0	0	0	0	0
Heliyon	2025-01-01	11625120	66287	6215	0	0	0	0	0	0	0	0	0	1	0	0	0	0	0	0	10	0	0	0	0	3	0	0	2	0	0	0	0	0	0	0	0	0
Heliyon	2025-01-01	11617717	170902	12603	0	4	0	4	0	0	1	3	0	1	7	10	0	0	1	0	29	0	0	1	0	0	0	0	0	0	0	0	0	0	1	0	0	0
Heliyon	2025-01-01	11636121	112772	9399	0	0	0	0	0	0	0	0	0	0	7	4	0	0	0	0	22	0	0	0	0	0	0	0	3	0	0	0	0	0	0	0	0	0
Heliyon	2025-01-01	11629213	157925	14249	2	9	1	9	1	0	11	16	0	1	13	11	0	0	0	2	81	0	0	21	0	1	5	0	0	0	0	0	0	0	0	0	0	0
Heliyon	2025-01-01	11647798	86578	7834	0	2	0	3	0	0	2	0	0	3	1	0	0	0	2	0	35	0	0	1	0	0	1	0	0	0	0	0	0	0	0	0	0	0
Heliyon	2025-01-01	11697540	120245	11035	0	6	0	0	0	0	0	0	0	0	2	0	0	0	0	0	25	0	0	0	0	0	0	0	2	0	0	0	0	0	0	0	0	0
Heliyon	2025-01-01	11625136	99872	6560	0	1	0	0	0	0	1	0	0	0	0	1	0	0	0	0	7	0	0	0	0	0	0	0	0	0	0	0	0	0	0	0	0	0
Heliyon	2025-01-01	11647770	407118	17257	0	6	1	1	0	0	0	2	0	0	7	2	0	0	0	0	13	0	0	2	0	0	0	0	0	0	0	0	0	0	0	0	0	0
Heliyon	2025-01-01	11625129	168844	15800	0	5	0	0	0	0	7	1	0	0	2	4	0	0	0	0	35	0	0	2	0	0	1	0	0	0	0	0	0	0	0	0	0	0
Heliyon	2025-01-01	11650299	212627	18256	0	44	2	1	0	0	3	5	0	0	11	26	0	0	2	0	77	0	0	4	0	3	1	0	0	0	0	0	0	0	0	0	0	0
Heliyon	2025-01-01	11647841	300034	23692	0	1	0	0	0	0	8	2	0	0	0	3	0	0	0	0	23	0	0	1	0	0	0	0	4	0	0	0	0	0	0	1	0	0
Heliyon	2025-01-01	11700278	147329	11356	0	1	0	1	0	0	0	1	0	0	8	0	0	0	0	0	29	0	0	2	0	0	0	0	5	0	0	0	0	0	0	0	0	7
Heliyon	2025-01-01	11700672	4426	292	0	1	0	0	0	0	0	0	0	0	0	0	0	0	0	0	0	0	0	0	0	0	0	0	0	0	0	0	0	0	0	0	0	0
Heliyon	2025-01-01	11635669	140040	13224	0	7	0	4	0	2	2	2	0	0	3	0	0	0	1	0	43	0	0	0	0	0	0	0	0	0	0	0	0	0	0	0	0	0
Heliyon	2025-01-01	11647809	146133	14709	0	20	0	3	0	0	1	0	0	0	7	0	0	0	1	0	166	0	1	4	0	1	0	0	0	0	0	0	0	0	1	0	0	0
Heliyon	2025-01-01	11714406	42476	3951	0	0	0	0	0	0	0	0	0	0	0	0	0	0	0	0	14	0	0	0	0	0	1	2	0	0	0	0	0	0	0	0	0	0
Heliyon	2025-01-01	11629201	145484	10471	0	3	0	1	0	0	1	2	0	1	0	7	0	0	0	0	12	0	0	3	0	0	0	0	0	0	0	0	0	0	0	0	0	0
Heliyon	2025-01-01	11647834	66352	5931	0	8	0	3	0	0	0	0	0	0	0	0	0	0	0	0	22	0	0	1	0	0	0	0	0	0	0	0	0	0	0	0	0	0
Heliyon	2025-01-01	11629218	92211	7678	0	1	0	0	0	0	0	4	0	0	0	4	0	0	0	0	33	0	0	0	0	1	0	0	0	0	0	0	0	2	0	0	0	0
Heliyon	2025-01-01	11647857	104502	8208	0	5	0	3	0	0	1	1	0	0	0	2	0	0	0	0	30	0	0	0	0	0	0	0	0	0	0	0	0	0	0	0	0	0
Heliyon	2025-01-01	11636128	139777	13281	0	3	0	3	0	0	1	2	0	0	1	0	0	0	0	0	23	0	1	1	0	0	0	4	0	0	0	0	1	0	0	0	0	0
Heliyon	2025-01-01	11652845	109394	10224	1	3	1	4	0	0	1	0	0	0	0	3	0	0	0	0	27	0	0	2	0	0	0	0	0	0	0	0	0	0	0	0	0	0
Heliyon	2025-01-01	11625278	58687	5219	0	1	0	0	0	0	0	1	0	0	1	4	0	0	0	0	12	0	0	2	0	0	0	0	0	0	0	0	0	0	0	0	0	0
Heliyon	2025-01-01	11635660	120069	10291	0	12	0	5	0	0	4	6	0	2	0	1	0	0	0	0	18	0	0	1	0	0	0	0	0	0	0	0	0	0	0	0	0	0
Heliyon	2025-01-01	11629232	117593	9718	0	1	1	0	0	0	3	2	0	0	0	1	0	0	0	0	43	0	0	3	0	0	0	0	0	0	0	0	0	0	0	0	0	0
Heliyon	2025-01-01	11635730	155939	16835	1	5	2	2	0	0	1	5	0	0	1	5	0	0	0	0	113	0	0	21	0	0	13	0	2	0	0	0	0	0	0	0	0	0
Heliyon	2025-01-01	11636119	109504	9370	0	3	0	2	0	0	2	2	0	0	0	1	0	0	0	0	22	0	0	1	0	0	0	0	0	0	0	0	0	0	0	0	0	0
Heliyon	2025-01-01	11629182	125312	9802	0	2	0	0	0	0	2	0	0	1	0	0	0	0	0	0	22	0	0	0	0	0	0	0	0	0	0	0	0	0	0	1	0	0
Heliyon	2025-01-01	11636116	129235	12240	1	12	1	1	0	0	3	2	0	1	1	0	0	0	1	0	34	0	0	1	0	0	1	0	0	0	0	0	0	0	1	0	0	0
Heliyon	2025-01-01	11648107	182289	18361	1	2	3	3	1	0	3	4	0	0	0	0	0	0	0	0	37	1	2	11	0	0	0	0	0	0	0	0	0	0	0	0	0	0
Heliyon	2025-01-01	11629198	127417	11335	0	20	0	2	0	0	2	7	0	1	1	7	0	0	0	0	17	0	0	0	0	0	0	0	0	0	0	0	0	0	0	0	0	0
Heliyon	2025-01-01	11665336	107982	8933	0	3	0	0	0	0	0	3	0	0	0	1	0	0	0	0	42	0	0	0	0	0	0	0	0	0	0	0	1	0	0	0	0	0
Heliyon	2025-01-01	11629216	152111	11603	0	9	1	4	0	0	5	0	0	0	0	3	0	0	0	0	44	0	0	1	0	0	0	0	0	0	0	0	0	0	0	0	0	0
Heliyon	2025-01-01	11780928	273373	11044	0	9	0	2	0	0	1	1	0	0	47	1	0	0	0	0	29	0	0	0	0	1	0	0	0	0	0	0	0	0	0	0	0	0
Heliyon	2025-01-01	11696647	63420	6433	0	2	0	1	0	0	3	3	0	0	0	4	0	0	0	0	23	0	0	0	0	0	0	0	0	0	0	0	0	0	0	0	0	0
Heliyon	2025-01-01	11693893	143080	13089	2	4	0	0	0	0	7	7	0	0	17	5	0	0	0	0	24	0	0	0	0	0	0	0	0	0	0	0	0	1	0	1	0	0
Heliyon	2025-01-01	11693911	3981	264	0	0	0	0	0	0	0	0	0	0	0	0	0	0	0	0	0	0	0	0	0	0	0	0	0	0	0	0	0	0	0	0	0	0
Heliyon	2025-01-01	11666940	85532	7857	0	2	0	1	0	0	0	0	0	9	0	0	0	0	0	0	13	0	0	0	0	0	1	0	0	0	0	0	0	0	0	0	0	0
Heliyon	2025-01-01	11699376	148806	11086	0	2	0	0	0	0	2	4	0	0	8	6	0	0	0	0	30	0	0	2	0	0	0	0	0	0	0	0	0	0	0	0	0	0
Heliyon	2025-01-01	11665549	111966	10236	0	9	2	10	0	0	3	1	0	1	0	1	0	0	0	0	73	0	0	14	0	0	1	0	0	0	0	0	1	0	1	0	0	0
Heliyon	2025-01-01	11667598	113488	11134	1	10	0	0	0	0	2	2	0	0	1	1	0	0	1	0	27	0	0	0	0	1	1	0	0	0	0	0	0	0	0	0	0	0
Heliyon	2025-01-01	11693900	137920	12475	1	8	0	5	0	0	8	4	0	0	14	2	0	0	0	0	55	0	0	2	0	0	0	1	0	0	0	0	0	0	1	0	0	0
Heliyon	2025-01-01	11696668	90669	8790	0	3	0	0	0	0	0	2	0	0	0	8	0	0	0	0	11	0	0	0	0	2	0	0	2	0	1	0	0	0	0	0	0	1
Heliyon	2025-01-01	11761301	123819	10663	0	3	0	6	0	0	0	0	0	0	5	7	0	0	0	0	26	0	0	5	0	1	0	1	0	0	0	0	0	0	0	0	0	0
Heliyon	2025-01-01	11666942	218896	13867	0	6	0	0	0	0	2	2	0	0	8	5	0	1	0	0	43	0	0	0	0	0	0	0	0	0	0	0	0	1	0	0	0	0
Heliyon	2025-01-01	11693918	132299	10387	0	5	1	2	0	0	0	0	0	0	0	0	0	0	0	0	26	0	0	0	0	0	0	0	0	0	0	0	0	0	0	0	0	0
Heliyon	2025-01-01	11667602	134133	11728	0	4	0	0	0	0	8	5	0	0	0	1	0	0	0	0	26	0	0	8	0	0	2	0	5	0	0	0	0	0	1	0	0	0
Heliyon	2025-01-01	11665457	100117	8221	0	2	0	0	0	0	0	2	0	0	0	2	0	0	0	0	12	0	0	0	0	0	0	0	0	0	0	0	0	0	0	0	0	0
Heliyon	2025-01-01	11693908	100559	9175	0	5	0	2	0	0	0	2	0	0	0	4	0	0	0	0	11	0	0	0	0	0	0	0	1	0	0	0	0	0	0	0	0	0
Heliyon	2025-01-01	11693916	136310	11816	0	0	0	1	0	0	5	2	0	1	1	2	0	0	0	0	28	0	0	4	0	0	0	0	0	0	0	0	0	0	1	0	0	0
Heliyon	2025-01-01	11693890	90155	8277	0	1	0	11	0	0	1	0	0	0	0	1	0	0	0	0	44	0	0	6	0	0	0	0	0	0	0	0	0	1	0	0	0	0
Heliyon	2025-01-01	11698918	115006	9730	1	8	0	0	0	0	6	6	0	0	8	0	0	0	0	0	14	0	0	2	0	0	0	0	0	0	0	0	0	0	0	2	0	0
Heliyon	2025-01-01	11698919	96615	9192	0	9	0	7	0	0	1	2	0	1	1	1	0	0	0	0	34	0	0	0	0	0	8	0	0	0	0	0	0	0	1	0	0	0
Heliyon	2025-01-01	11693902	156873	13125	0	3	0	8	0	0	1	1	0	213	2	1	0	0	0	0	75	0	0	0	0	0	4	0	0	0	0	0	0	0	0	0	0	0
Heliyon	2025-01-01	11667611	100902	7553	0	1	0	5	0	0	0	0	0	1	8	0	0	0	0	0	30	0	0	0	0	0	0	1	1	0	0	0	0	0	0	0	0	0
Heliyon	2025-01-01	11693917	74893	6835	0	5	0	2	0	0	0	3	0	0	3	2	0	0	0	0	32	0	0	1	0	0	2	0	0	0	0	0	0	0	0	0	0	0
Heliyon	2025-01-01	11714412	86875	7442	0	7	0	0	0	0	1	1	0	0	1	3	0	0	0	0	28	0	0	0	0	1	0	0	0	0	0	0	0	0	0	0	0	0
Heliyon	2025-01-01	11698928	174664	14838	0	10	0	10	0	0	1	3	0	0	2	1	0	0	0	0	19	0	0	3	0	0	0	0	0	0	0	0	0	0	0	0	0	0
Heliyon	2025-01-01	11732573	118707	10625	0	3	1	0	0	0	2	1	0	0	4	6	0	0	1	0	74	0	0	0	0	0	0	0	0	0	0	0	0	0	0	0	0	0
Heliyon	2025-01-01	11698933	115973	10361	0	3	1	0	0	0	1	1	0	4	10	7	0	0	0	0	33	0	0	0	0	0	0	0	0	0	0	0	1	0	0	0	0	0
Heliyon	2025-01-01	11696661	106776	10092	0	4	0	3	0	0	0	0	0	0	0	0	0	0	2	0	11	0	0	0	0	0	1	2	0	0	0	0	0	0	0	0	0	0
Heliyon	2025-01-01	11719352	120969	10088	0	5	0	0	0	0	0	3	0	1	2	1	0	0	0	0	55	0	0	2	0	0	0	1	0	0	0	0	0	0	0	0	0	0
Heliyon	2025-01-01	11724767	127105	10081	0	4	0	0	0	0	0	0	0	0	0	1	0	0	1	0	7	0	0	0	0	0	1	0	0	0	0	0	0	0	0	0	0	0
Heliyon	2025-01-01	11696656	197995	17511	0	2	0	0	0	0	1	0	0	2	0	0	0	0	0	0	9	0	0	1	0	2	1	0	1	0	0	0	0	0	0	0	0	0
Heliyon	2025-01-01	11699104	125275	8460	0	3	1	1	0	0	2	4	0	1	9	4	0	0	0	1	30	0	0	0	0	0	0	0	0	0	0	0	0	0	0	0	0	0
Heliyon	2025-01-01	11699337	137613	10269	0	0	0	1	0	0	1	1	0	0	4	5	0	0	0	0	36	0	0	0	0	0	0	0	0	0	0	0	0	0	0	0	0	0
Heliyon	2025-01-01	11732670	63471	6127	1	3	0	2	0	0	4	1	0	0	1	3	0	0	0	0	7	0	0	0	0	0	0	0	0	0	0	0	0	0	0	0	0	0
Heliyon	2025-01-01	11696662	153290	14766	0	9	0	2	0	1	1	3	0	1	3	4	0	0	0	0	50	0	0	2	0	0	0	0	0	0	0	0	0	0	0	0	0	0
Heliyon	2025-01-01	11699440	179052	15545	0	4	0	1	0	0	1	2	0	0	1	16	0	0	1	0	55	0	0	1	0	0	0	0	0	0	0	0	2	0	0	0	0	0
Heliyon	2025-01-01	11696667	94681	8314	0	9	1	2	0	0	6	0	0	0	0	1	0	0	0	0	55	0	0	1	0	0	0	1	0	0	0	0	0	0	0	0	0	0
Heliyon	2025-01-01	11696779	117117	10228	0	10	0	0	0	0	20	1	0	0	4	0	0	0	0	0	32	0	1	0	0	0	1	3	0	0	0	0	0	0	0	1	0	0
Heliyon	2025-01-01	11743080	182491	14091	0	4	0	2	0	0	0	0	0	0	2	0	0	0	0	0	7	0	0	1	0	0	6	0	0	0	0	0	0	0	0	0	0	0
Heliyon	2025-01-01	11696772	69272	6499	0	7	0	4	0	0	0	3	0	0	2	2	0	0	0	0	23	0	0	6	0	0	0	0	0	0	0	0	0	0	0	0	0	0
Heliyon	2025-01-01	11700242	149503	10831	0	14	0	1	0	0	10	12	0	0	5	10	0	0	0	0	39	0	0	3	0	0	0	1	0	0	0	0	0	0	0	0	0	1
Heliyon	2025-01-01	11732671	33839	3243	0	0	0	0	0	0	0	0	0	0	0	0	0	0	0	0	3	0	0	0	0	0	0	0	0	0	0	0	0	0	0	0	0	0
Heliyon	2025-01-01	11699243	159025	13558	2	5	0	2	0	0	7	11	0	0	4	5	0	1	0	3	31	0	0	2	0	0	0	0	0	0	0	0	0	0	0	0	0	1
Heliyon	2025-01-01	11699407	39253	3697	0	2	0	3	0	0	0	2	0	0	0	0	0	0	1	0	23	0	0	1	0	0	0	0	0	0	0	0	0	0	0	0	0	0
Heliyon	2025-01-01	11699335	177407	18285	0	5	0	3	0	0	1	2	0	2	5	13	0	0	0	0	45	0	0	2	0	2	1	0	0	0	0	0	0	0	0	0	0	0
Heliyon	2025-01-01	11697546	61860	6133	0	5	0	2	0	0	4	2	0	9	0	5	0	0	0	0	17	0	0	0	0	0	0	0	0	0	0	0	0	0	0	0	0	0
Heliyon	2025-01-01	11697552	120325	8177	0	0	0	1	0	0	1	2	0	0	4	2	0	0	0	0	25	0	0	0	0	0	0	0	0	0	0	0	0	0	0	0	0	0
Heliyon	2025-01-01	11696660	80189	5631	0	0	0	0	0	0	0	2	0	0	0	6	0	0	0	0	6	0	0	3	0	0	2	0	0	0	0	0	0	1	0	0	0	0
Heliyon	2025-01-01	11700276	178092	14035	0	9	0	3	0	0	0	3	0	0	7	1	0	0	0	0	35	0	0	7	0	0	0	0	1	0	0	0	0	0	1	0	0	0
Heliyon	2025-01-01	11731197	79770	6556	0	6	2	0	0	0	0	2	0	0	0	1	0	0	4	0	32	0	0	0	0	0	0	0	0	0	0	0	0	0	0	0	0	0
Heliyon	2025-01-01	11730205	178836	16042	1	3	0	4	1	0	14	23	0	0	0	6	0	0	0	0	92	0	1	11	0	0	0	0	0	0	0	0	0	1	0	0	2	0
Heliyon	2025-01-01	11729658	56167	5181	0	3	0	0	0	0	2	3	0	0	0	4	0	0	0	0	60	0	0	2	0	0	0	0	0	0	0	0	0	0	0	0	0	0
Heliyon	2025-01-01	11748682	105219	9228	0	4	0	1	0	0	10	1	0	2	0	5	0	0	1	0	12	0	0	1	0	0	0	0	1	0	0	0	0	0	0	0	0	0
Heliyon	2025-01-01	11728886	133220	11890	0	8	2	1	0	0	0	1	0	0	1	1	0	0	0	0	12	0	0	0	0	0	0	0	0	0	0	0	0	0	0	0	0	0
Heliyon	2025-01-01	11721262	185078	6749	0	0	0	0	0	0	0	1	0	0	7	0	0	0	0	0	22	0	0	0	0	0	0	0	0	0	0	0	0	0	0	0	0	0
Heliyon	2025-01-01	11728952	136523	12253	0	5	0	3	0	0	3	2	0	0	2	0	0	0	0	0	41	0	0	1	0	2	0	0	1	0	0	0	0	0	0	0	0	0
Heliyon	2025-01-01	11732439	71774	8068	0	14	0	3	0	0	1	10	0	0	0	9	0	0	0	0	36	0	0	1	0	0	0	0	0	0	3	0	1	2	0	0	0	0
Heliyon	2025-01-01	11762179	183160	16051	0	18	0	16	0	0	11	8	0	0	7	4	1	0	0	1	52	0	1	9	0	0	2	0	0	0	0	0	0	1	2	0	0	0
Heliyon	2025-01-01	11760841	115818	10251	0	1	0	0	0	0	2	1	0	0	25	1	0	0	0	0	31	0	0	5	0	0	0	0	1	0	0	0	1	1	2	0	0	0
Heliyon	2025-01-01	11732667	79862	7002	0	0	0	1	0	0	0	0	0	0	0	2	0	0	0	0	6	0	0	0	0	0	0	0	0	0	0	0	0	0	0	0	0	0
Heliyon	2025-01-01	11720914	235199	18797	0	0	1	0	0	0	12	4	0	2	0	3	0	0	0	0	55	0	0	5	0	0	0	0	0	0	0	0	0	0	0	0	0	0
Heliyon	2025-01-01	11748685	71468	5546	0	0	0	0	0	0	1	0	0	2	0	1	0	0	0	0	6	0	0	0	0	0	0	0	2	0	0	0	1	0	0	0	0	0
Heliyon	2025-01-01	11720944	62028	6926	0	0	0	0	0	0	0	4	0	0	5	8	0	0	0	0	8	0	0	0	0	0	0	0	0	0	0	0	0	0	0	0	0	0
Heliyon	2025-01-01	11729650	38283	3683	0	8	0	0	0	0	0	1	0	2	0	2	0	0	0	0	27	0	0	3	0	0	0	0	0	0	0	0	0	0	0	0	0	0
Heliyon	2025-01-01	11720949	190673	14584	2	6	1	2	0	0	3	13	0	0	4	5	0	0	0	0	57	0	0	1	0	1	0	0	0	0	0	0	1	0	0	0	0	0
Heliyon	2025-01-01	11720900	107120	9846	0	3	0	0	0	0	2	1	0	0	0	4	0	0	2	0	20	0	0	1	0	1	0	0	0	0	0	0	0	0	0	0	0	0
Heliyon	2025-01-01	11786664	95023	7972	0	4	0	0	0	0	1	0	0	0	0	4	0	0	0	0	13	0	0	0	0	0	0	0	0	0	0	0	0	0	0	0	0	0
Heliyon	2025-01-01	11728928	118046	10828	0	2	0	0	0	0	1	2	0	0	1	8	0	0	0	0	38	0	0	0	0	0	0	0	0	0	0	0	0	0	0	0	0	0
Heliyon	2025-01-01	11758130	64167	5832	0	3	0	6	0	0	2	0	0	0	0	0	0	0	0	0	33	0	0	2	0	0	0	0	0	0	0	0	0	0	0	0	0	0
Heliyon	2025-01-01	11720912	232010	15810	0	0	0	2	0	0	4	1	0	2	1	4	0	0	0	0	62	0	1	2	0	0	0	1	0	0	0	0	0	5	0	0	0	0
Heliyon	2025-01-01	11719285	143096	12940	0	1	0	14	0	0	1	2	0	0	1	2	0	0	0	0	24	0	0	7	0	0	0	0	0	0	0	0	0	0	2	0	0	0
Heliyon	2025-01-01	11728941	118514	10598	0	3	0	2	0	0	0	2	0	1	3	0	0	0	0	0	35	0	0	2	0	0	0	0	0	0	0	0	0	0	0	0	0	0
Heliyon	2025-01-01	11732676	108348	10227	0	3	1	1	0	0	1	6	0	0	1	6	0	0	0	0	46	0	0	1	0	0	4	0	0	0	0	0	0	0	0	0	0	0
Heliyon	2025-01-01	11729653	112292	9771	0	3	2	3	0	0	0	0	0	0	4	2	0	0	3	0	33	0	0	0	0	0	2	0	0	0	0	0	0	0	0	0	0	0
Heliyon	2025-01-01	11730245	109219	8424	1	7	1	0	0	0	1	5	0	1	2	3	0	0	0	0	30	0	0	0	0	0	0	0	0	0	0	0	0	0	0	0	0	0
Heliyon	2025-01-01	11730206	82348	7431	0	3	0	7	0	0	2	1	0	0	0	3	0	0	0	0	17	0	0	0	0	0	0	0	0	0	0	0	0	0	0	0	0	0
Heliyon	2025-01-01	11732691	171588	8151	0	3	1	0	0	0	2	7	0	1	1	5	0	0	0	0	20	0	0	1	0	0	0	0	0	0	0	0	0	0	0	0	0	0
Heliyon	2025-01-01	11732663	77739	6565	0	1	0	0	0	0	4	0	0	0	0	0	0	0	0	0	12	0	0	1	0	0	0	0	0	0	0	0	0	0	0	0	0	0
Heliyon	2025-01-01	11748684	205885	19424	0	6	0	0	0	0	0	9	0	1	0	9	0	0	0	0	33	0	0	1	0	0	0	0	1	0	2	0	0	0	0	0	0	0
Heliyon	2025-01-01	11732537	99961	9209	0	20	0	1	0	0	3	4	0	2	2	2	0	0	0	0	10	0	1	0	0	0	0	0	0	0	0	0	0	0	0	0	0	0
Heliyon	2025-01-01	11730228	189952	17166	0	6	1	2	0	0	6	26	0	0	29	14	0	0	0	1	81	0	0	7	0	2	2	0	0	0	0	0	0	0	0	1	0	4
Heliyon	2025-01-01	11743292	86905	7193	0	1	1	2	0	0	1	1	0	0	2	0	0	0	0	0	68	0	0	4	0	0	0	0	0	0	0	0	0	0	1	0	0	0
Heliyon	2025-01-01	11732672	102690	9460	0	15	1	4	0	0	2	5	0	0	6	2	0	0	0	0	57	0	0	1	0	0	0	0	0	0	0	0	1	1	0	0	0	0
Heliyon	2025-01-01	11751401	91596	7778	0	4	1	0	0	0	3	1	0	0	2	5	0	0	0	0	16	0	0	0	0	0	0	0	0	0	0	0	0	0	0	0	0	0
Heliyon	2025-01-01	11743296	43644	4072	0	3	0	1	0	0	0	0	0	0	3	4	0	0	0	0	29	0	0	0	0	0	0	0	0	0	0	0	0	0	0	0	0	0
Heliyon	2025-01-01	11743109	157082	12968	0	9	0	8	0	0	3	6	0	0	1	0	0	0	1	0	48	0	0	2	0	2	0	0	0	0	0	0	1	1	0	0	0	2
Heliyon	2025-01-01	11730527	77303	7514	0	3	1	1	0	0	0	5	0	1	1	3	0	0	0	0	22	0	0	0	0	0	0	0	0	0	0	0	0	0	0	0	0	0
Heliyon	2025-01-01	11743090	75564	5593	0	6	0	0	0	0	1	1	0	2	1	3	0	1	0	0	8	0	0	0	0	0	1	0	0	0	0	0	0	0	0	0	0	0
Heliyon	2025-01-01	11730563	101870	9592	0	5	0	1	0	0	0	8	0	0	1	4	0	0	0	0	38	0	0	0	0	0	0	0	0	0	0	0	0	0	0	0	0	0
Heliyon	2025-01-01	11730854	139720	10870	0	5	0	1	0	0	3	2	0	0	5	0	0	0	1	0	83	0	0	1	0	0	0	0	0	0	0	0	0	0	1	0	0	0
Heliyon	2025-01-01	11759628	196385	12542	1	7	0	1	0	0	3	1	0	0	0	3	0	0	0	0	6	0	0	0	0	0	0	0	0	0	0	0	0	0	0	0	0	0
Heliyon	2025-01-01	11732659	55087	5998	0	5	0	0	0	0	3	0	0	0	0	1	0	0	1	0	28	0	0	1	0	0	0	0	0	0	0	0	0	0	0	0	0	1
Heliyon	2025-01-01	11732664	94421	8133	0	1	1	1	0	0	1	1	0	3	1	4	0	0	0	0	9	0	0	0	0	0	0	0	0	0	0	0	0	0	0	0	0	0
Heliyon	2025-01-01	11731567	132747	10131	0	2	1	2	0	0	8	2	0	0	0	3	0	0	0	0	53	0	0	7	0	0	0	0	0	0	0	0	0	0	0	0	0	0
Heliyon	2025-01-01	11759635	122934	11017	0	1	0	4	0	0	2	1	0	0	0	7	0	0	0	0	49	0	2	2	0	1	0	0	0	0	0	0	0	0	0	0	0	0
Heliyon	2025-01-01	11730866	79752	7501	1	5	0	2	0	0	0	4	0	14	0	5	0	0	0	0	26	0	0	1	0	0	0	0	0	0	0	0	0	0	0	0	0	0
Heliyon	2025-01-01	11741899	83207	8067	0	5	1	2	0	0	4	0	0	0	0	4	0	0	0	0	27	0	0	4	0	0	0	0	0	0	0	0	0	0	0	0	0	0
Heliyon	2025-01-01	11731467	135805	11940	0	1	2	4	0	0	2	13	0	0	1	1	0	0	1	0	43	0	0	1	0	0	1	0	0	0	0	0	1	0	0	0	0	0
Heliyon	2025-01-01	11745798	265055	12766	0	8	0	11	0	0	0	0	0	0	2	13	0	0	0	0	26	0	0	0	0	0	0	0	1	0	0	0	1	0	0	0	0	0
Heliyon	2025-01-01	11787642	132257	12277	0	9	2	6	0	0	6	8	0	0	4	4	0	0	0	0	75	0	0	5	0	0	1	0	0	0	0	0	0	0	0	0	0	0
Heliyon	2025-01-01	11783019	132072	11258	0	6	0	1	0	0	1	2	0	0	6	3	0	0	0	0	33	0	0	8	0	0	0	0	0	0	0	0	0	0	0	1	0	0
Heliyon	2025-01-01	11786671	214123	17808	0	7	2	0	0	0	1	6	0	1	1	2	0	0	0	0	20	0	0	6	0	0	0	0	0	0	0	0	0	0	0	0	0	0
Heliyon	2025-01-01	11754173	59453	5780	0	5	0	3	0	0	0	1	0	0	3	0	0	0	3	0	15	0	0	2	0	0	0	0	0	0	0	0	0	0	0	0	0	0
Heliyon	2025-01-01	11751528	93507	7762	0	7	0	2	0	0	0	0	0	0	0	0	0	0	1	0	13	0	0	0	0	0	0	0	0	0	0	0	0	0	0	0	0	0
Heliyon	2025-01-01	11755033	169042	14710	0	2	0	2	0	0	6	8	0	1	4	0	0	0	1	0	39	0	0	2	0	0	0	0	0	0	0	1	0	3	0	0	0	0
Heliyon	2025-01-01	11754176	99023	9022	0	12	0	5	0	0	0	1	0	0	2	1	0	0	0	0	117	0	0	0	0	0	1	0	0	0	0	0	0	0	0	0	0	0
Heliyon	2025-01-01	11759639	144385	13407	0	2	1	5	0	0	4	1	0	8	14	4	0	0	0	0	46	0	0	1	0	0	3	0	0	0	2	1	0	0	0	0	0	0
Heliyon	2025-01-01	11754174	101681	8742	0	2	0	1	0	0	0	0	0	0	0	7	0	0	0	0	10	0	0	0	0	0	0	0	0	0	0	0	0	0	0	0	0	0
Heliyon	2025-01-01	11758208	76724	7126	0	5	0	2	0	0	0	1	0	0	0	2	0	0	0	0	10	0	0	0	0	0	0	0	0	0	0	0	0	0	0	0	0	0
Heliyon	2025-01-01	11758127	85800	6995	0	2	0	1	0	0	0	2	0	2	0	1	0	0	0	0	22	0	0	0	0	0	0	0	0	0	0	0	0	0	0	0	0	0
Heliyon	2025-01-01	11754520	220057	18638	0	1	0	0	0	0	0	2	0	1	1	6	0	0	0	0	72	0	0	16	0	1	2	0	0	0	0	0	0	0	1	0	1	0
Heliyon	2025-01-01	11750499	66928	5828	0	1	0	2	0	0	1	2	0	0	3	2	0	0	0	0	24	0	0	1	0	0	0	0	0	0	0	0	0	0	0	0	0	0
Heliyon	2025-01-01	11754178	210098	18983	0	1	1	3	0	0	6	1	0	1	0	4	0	0	0	0	46	0	0	6	0	0	0	0	0	0	0	0	0	0	1	0	0	0
Heliyon	2025-01-01	11754517	243709	21022	0	2	0	3	0	0	4	2	0	0	3	13	0	0	0	0	76	0	0	1	0	0	0	0	2	0	0	0	0	0	0	0	0	0
Heliyon	2025-01-01	11754167	85052	7712	0	7	0	1	0	0	2	6	0	0	1	3	0	0	1	0	50	0	0	2	0	0	1	0	0	0	0	0	0	1	0	1	0	0
Heliyon	2025-01-01	11754516	86216	7426	0	4	0	0	0	0	0	0	0	1	0	2	0	1	0	0	7	0	0	1	0	0	0	0	0	0	0	0	0	0	0	0	0	0
Heliyon	2025-01-01	11755053	100482	9116	0	3	0	4	0	1	4	2	0	1	0	1	0	0	0	0	15	0	0	0	0	0	0	0	0	0	0	0	0	0	0	0	0	0
Heliyon	2025-01-01	11758123	72370	6076	0	1	0	0	0	0	0	3	0	0	2	0	0	0	0	0	14	0	0	0	0	0	0	0	0	0	2	0	0	0	0	0	0	0
Heliyon	2025-01-01	11755055	99339	9211	0	1	0	6	0	0	0	0	0	0	3	0	0	1	0	0	35	0	0	1	0	0	0	0	0	0	0	0	0	0	0	0	0	0
Heliyon	2025-01-01	11791273	87709	7818	0	1	1	0	0	0	0	0	0	0	0	0	0	0	0	0	20	0	0	1	0	0	0	0	0	0	0	0	0	0	0	0	0	0
Heliyon	2025-01-01	11755037	80825	7117	0	5	0	0	0	0	1	2	0	0	1	0	0	0	0	0	52	0	0	0	0	0	0	0	0	0	0	0	0	0	0	0	0	0
Heliyon	2025-01-01	11755045	117119	9253	0	3	0	5	0	0	0	0	0	0	0	1	0	0	0	0	41	0	0	2	0	0	0	0	0	0	0	0	0	0	0	0	0	0
Heliyon	2025-01-01	11761335	164213	13290	0	20	0	3	0	0	1	5	0	1	16	0	0	0	0	0	22	0	0	0	0	0	0	0	0	0	0	1	0	0	0	0	1	0
Heliyon	2025-01-01	11758959	119899	11281	0	12	0	1	0	0	0	0	0	6	0	1	0	0	0	0	15	0	0	0	0	0	0	0	0	0	0	0	0	0	0	0	0	0
