journal	date	pmc_id	Nchars	Nwords	delve	analyse	acknowledge	assess	appraise	dissect	explore	examine	extricate	expose	estimate	investigate	inquire	inspect	interpret	scrutinise	study	unearth	uncover	understand	ponder	research	reason	retrieve	avoid	discount	disregard	dismiss	ignore	neglect	overlook	omit	skip	reject
Heliyon	2022-07-01	9014388	109535	9887	0	2	0	1	0	0	0	5	0	0	1	1	0	0	1	0	64	0	0	7	0	0	1	4	0	0	0	0	0	0	0	0	0	0
Heliyon	2022-07-01	9010624	137299	10972	0	0	0	0	0	0	2	0	0	0	0	0	0	0	0	0	17	0	0	0	0	1	0	0	0	0	0	0	0	0	0	0	0	0
Heliyon	2022-07-01	9014383	58289	4866	0	5	0	0	0	0	0	0	0	0	0	1	0	0	0	0	7	0	0	0	0	0	0	0	0	0	0	0	0	0	0	0	0	0
Heliyon	2022-07-01	9006860	190004	15273	0	3	0	0	0	0	3	7	0	2	5	3	0	0	2	0	25	0	0	2	0	0	0	6	0	0	0	0	1	0	0	1	0	0
Heliyon	2022-07-01	9019243	79670	7542	0	3	0	0	0	0	0	2	0	0	0	5	0	0	1	0	18	0	0	0	0	0	0	0	0	0	0	0	0	0	0	0	0	0
Heliyon	2022-07-01	9006660	124349	12437	0	5	1	1	3	0	0	0	0	0	3	5	0	0	2	0	52	0	1	3	0	0	0	1	0	0	0	0	0	0	1	0	0	0
Heliyon	2022-07-01	9018391	77912	5584	0	2	0	0	0	0	0	3	0	0	0	5	0	0	2	0	17	0	0	0	0	0	0	0	0	0	0	0	0	0	0	0	0	0
Heliyon	2022-07-01	9010632	64967	5882	0	0	0	1	0	0	2	3	0	0	0	0	0	0	0	0	24	0	0	0	0	0	0	0	0	0	0	0	0	0	0	0	0	0
Heliyon	2022-07-01	9006851	111033	9281	0	3	0	1	0	0	0	1	0	0	0	1	0	0	2	0	41	0	0	0	0	1	0	0	0	0	0	0	0	0	0	0	0	0
Heliyon	2022-07-01	9019244	49812	4392	0	2	0	0	0	0	0	0	0	0	0	0	0	0	2	0	5	0	0	0	0	0	0	0	0	0	0	0	0	0	0	0	0	0
Heliyon	2022-07-01	9018154	101596	8868	0	10	1	0	0	0	5	3	0	1	0	6	0	0	6	0	14	0	0	0	0	0	0	0	0	0	0	0	0	0	0	0	0	0
Heliyon	2022-07-01	9010638	152313	9779	0	3	0	0	0	0	4	5	0	1	5	8	0	3	6	0	14	0	0	1	0	0	0	0	0	0	0	0	0	0	0	0	0	0
Heliyon	2022-07-01	9043989	72997	7105	0	10	0	1	0	0	0	0	0	0	0	1	0	0	4	0	16	0	0	0	0	1	0	0	0	0	0	0	0	0	0	0	0	0
Heliyon	2022-07-01	8991245	75739	6326	0	2	1	0	0	0	0	0	0	0	0	0	0	0	0	0	9	0	0	3	0	0	0	0	0	0	0	0	0	0	0	0	0	0
Heliyon	2022-07-01	9006859	76442	7810	0	4	0	0	0	0	0	2	0	0	0	4	0	0	2	0	10	0	0	0	0	0	0	0	0	0	0	0	0	0	0	0	0	0
Heliyon	2022-07-01	9006861	57493	5756	0	3	0	1	0	0	0	2	0	1	0	0	0	0	2	0	9	0	0	0	0	0	0	0	0	0	0	0	0	1	0	0	0	0
Heliyon	2022-07-01	9018150	40707	3833	0	1	0	0	0	0	0	0	0	0	0	0	0	0	1	0	6	0	0	0	0	0	0	0	0	0	0	0	0	0	0	0	0	0
Heliyon	2022-07-01	9018149	91221	8411	0	3	0	4	0	0	0	1	0	1	0	2	0	0	3	0	28	0	0	0	0	0	0	0	0	0	0	0	0	0	0	0	0	0
Heliyon	2022-07-01	9006853	71169	8364	0	8	0	0	0	0	2	0	0	0	0	1	0	0	1	0	8	0	0	2	0	0	0	0	0	0	1	0	0	2	0	0	0	0
Heliyon	2022-07-01	9014396	120585	9336	0	1	0	0	0	0	1	1	0	1	7	1	0	0	1	0	12	0	0	0	0	0	1	0	0	0	0	0	0	0	0	0	0	0
Heliyon	2022-07-01	8991259	94676	9778	0	3	1	0	0	0	0	3	0	0	5	0	0	0	2	0	34	0	0	0	0	0	2	0	0	0	0	0	0	0	0	0	0	0
Heliyon	2022-07-01	9010636	120582	10470	0	8	0	2	0	0	4	6	0	0	3	3	0	0	2	0	26	0	0	9	0	0	1	0	0	0	0	0	0	0	0	0	0	0
Heliyon	2022-07-01	9038559	97231	8204	0	11	0	8	0	0	1	1	0	0	2	8	0	0	3	0	27	0	0	0	0	0	0	0	0	0	0	0	0	1	0	0	0	0
Heliyon	2022-07-01	9038558	74260	6786	0	8	0	0	1	0	0	0	0	0	2	1	0	0	3	0	52	0	0	0	0	0	2	0	0	0	0	0	0	0	0	0	0	0
Heliyon	2022-07-01	9034064	139062	12245	0	9	0	0	0	0	2	1	0	0	0	4	0	0	0	0	62	0	1	7	0	0	0	0	0	0	0	0	0	1	0	0	0	0
Heliyon	2022-07-01	9026578	144168	12849	0	4	0	1	0	0	2	6	0	0	0	2	0	0	1	0	28	0	0	2	0	0	1	0	0	0	0	0	0	0	0	4	0	3
Heliyon	2022-07-01	9026562	47249	4658	0	6	0	1	0	0	0	0	0	1	5	0	0	0	2	0	9	0	0	0	0	0	1	0	1	0	0	0	0	0	0	0	0	0
Heliyon	2022-07-01	9026614	90764	6870	0	4	0	0	0	0	0	0	0	0	0	1	0	0	2	0	18	0	0	0	0	0	0	0	0	0	0	0	0	0	0	0	0	0
Heliyon	2022-07-01	9038563	55619	5703	0	7	0	0	0	0	0	5	0	0	0	4	0	0	1	0	19	0	0	1	0	0	0	0	0	0	0	0	0	0	0	0	0	0
Heliyon	2022-07-01	9043397	132639	11706	0	8	0	1	0	0	1	11	0	2	2	1	0	1	1	0	30	0	0	0	0	0	0	0	0	0	0	0	0	0	0	0	0	0
Heliyon	2022-07-01	9026649	207421	15086	0	2	1	0	0	0	0	0	0	0	10	14	0	0	1	0	21	0	0	0	0	0	0	0	1	0	0	0	1	1	0	0	0	0
Heliyon	2022-07-01	9038553	78470	9053	0	5	2	0	0	0	4	0	0	0	0	3	0	0	1	1	60	0	1	3	0	2	2	0	0	0	0	0	1	0	1	0	0	0
Heliyon	2022-07-01	9038554	124242	11133	0	5	0	5	0	0	0	0	0	0	0	4	0	0	2	0	28	0	0	1	0	0	0	0	0	0	0	0	0	0	0	0	0	0
Heliyon	2022-07-01	9026575	101308	9070	0	23	0	2	0	0	18	9	0	0	0	1	0	0	0	0	59	0	0	0	0	0	0	2	0	0	0	0	0	0	0	0	0	0
Heliyon	2022-07-01	9026615	178889	15989	0	4	0	7	0	0	7	4	0	0	0	5	0	0	1	0	98	0	0	9	0	0	1	0	0	0	0	0	0	0	0	0	0	0
Heliyon	2022-07-01	9035721	154084	13872	0	10	1	5	0	0	1	1	0	1	3	0	0	0	4	0	89	0	0	1	0	1	0	0	0	0	0	0	0	0	0	0	0	0
Heliyon	2022-07-01	9018388	80195	7286	0	5	0	1	0	0	0	0	0	2	5	0	0	0	3	0	23	0	0	0	0	0	0	0	0	0	0	0	0	0	0	0	0	0
Heliyon	2022-07-01	9043986	77811	8084	0	7	0	0	0	1	0	0	0	2	12	0	0	0	6	0	8	0	0	0	0	0	1	0	0	0	0	0	0	0	0	0	0	0
Heliyon	2022-07-01	9026591	94010	8593	0	4	0	2	0	0	1	2	0	0	0	1	0	0	3	0	22	0	0	0	0	0	1	0	0	0	0	0	0	0	0	0	0	0
Heliyon	2022-07-01	9018152	76953	8500	0	18	0	0	0	0	2	3	0	2	1	16	0	0	2	0	37	0	0	0	0	0	0	0	1	0	0	0	0	0	0	0	0	0
Heliyon	2022-07-01	9044002	176268	16566	0	4	0	7	0	0	5	5	0	0	4	17	0	2	3	0	69	0	0	4	0	0	4	0	1	0	0	0	0	0	0	0	0	2
Heliyon	2022-07-01	9061263	205157	21307	0	7	0	1	0	0	5	2	0	0	8	13	0	0	0	0	31	0	0	3	0	0	0	0	0	0	0	0	0	0	0	0	0	0
Heliyon	2022-07-01	9043995	83316	8060	0	9	0	0	0	0	1	1	0	0	5	2	0	0	2	0	12	0	0	0	0	3	0	1	0	0	0	0	0	0	0	0	0	0
Heliyon	2022-07-01	9043411	81995	8242	0	3	0	3	0	0	3	0	0	0	0	5	0	0	2	0	4	0	0	0	0	0	0	0	0	0	0	0	0	0	0	0	0	0
Heliyon	2022-07-01	9061260	110960	11953	0	8	0	2	0	0	2	11	0	0	3	0	0	0	2	0	38	0	0	6	0	0	1	0	0	0	0	0	3	0	0	0	0	1
Heliyon	2022-07-01	9039843	71915	6443	0	2	0	0	0	0	0	8	0	0	0	9	0	0	1	0	32	0	0	3	0	1	0	2	0	0	0	0	0	0	0	1	0	1
Heliyon	2022-07-01	9043988	84135	7844	0	3	0	1	0	0	0	1	0	2	1	7	0	0	3	0	10	0	0	1	0	0	0	0	0	0	0	0	0	0	0	0	0	0
Heliyon	2022-07-01	9062251	67984	5046	0	3	0	0	0	0	0	0	0	0	0	0	0	0	2	0	3	0	0	0	0	0	0	0	0	0	0	0	0	0	0	0	0	0
Heliyon	2022-07-01	9048090	89340	7543	0	7	0	0	0	0	1	0	0	0	2	3	0	0	4	0	4	0	0	3	0	0	5	0	0	0	0	0	0	0	0	0	1	0
Heliyon	2022-07-01	9079702	44760	3668	0	1	1	0	0	0	0	0	0	0	0	0	0	0	0	1	1	0	0	0	0	0	1	0	1	0	0	0	0	0	0	0	0	0
Heliyon	2022-07-01	9046953	109314	9403	0	5	0	0	0	0	1	5	0	0	2	7	0	0	3	0	20	0	0	0	0	0	0	0	0	0	0	0	0	0	0	0	0	0
Heliyon	2022-07-01	9061640	86375	8061	0	4	0	0	0	0	1	1	0	1	0	6	0	0	2	0	17	0	0	0	0	0	0	0	0	0	0	0	0	0	0	0	0	0
Heliyon	2022-07-01	9048091	137904	13381	0	4	0	15	0	0	5	0	0	0	1	9	0	0	1	0	73	0	0	0	0	0	1	3	0	0	0	0	0	0	0	0	0	0
Heliyon	2022-07-01	9061264	159390	14064	0	7	0	0	0	0	1	3	0	0	0	13	0	0	3	0	57	0	0	0	0	0	0	0	0	0	0	0	0	0	0	0	0	0
Heliyon	2022-07-01	9061624	76079	6151	0	4	1	1	0	0	0	0	0	0	0	0	0	0	3	0	21	0	0	0	0	0	0	0	1	0	0	0	0	0	0	0	0	0
Heliyon	2022-07-01	9065623	75438	7883	0	10	0	1	0	0	0	5	0	1	0	4	0	0	3	0	11	0	0	0	0	0	0	0	0	0	0	0	0	0	0	0	0	0
Heliyon	2022-07-01	9062677	114078	12571	0	22	1	1	0	0	2	3	0	0	1	0	0	0	3	0	60	0	0	3	0	1	3	0	0	0	0	0	0	0	0	0	0	0
Heliyon	2022-07-01	9136264	76279	6968	0	3	0	0	0	0	1	1	0	0	1	6	0	0	2	0	33	0	0	1	0	1	0	0	0	0	0	0	0	0	0	0	0	0
Heliyon	2022-07-01	9136342	107689	10011	0	4	2	1	0	0	0	1	0	0	3	4	0	0	2	0	16	0	0	0	0	0	0	0	0	0	0	0	0	0	0	0	0	0
Heliyon	2022-07-01	9157005	91950	8067	0	18	0	6	0	0	0	1	0	0	1	0	0	0	1	0	23	0	0	0	0	0	3	0	0	0	0	0	1	0	0	0	0	0
Heliyon	2022-07-01	9142846	106070	10724	0	45	1	0	0	0	1	0	0	0	2	10	0	0	2	0	80	0	0	0	0	0	1	0	0	0	0	0	3	0	0	0	0	0
Heliyon	2022-07-01	9156993	106219	11921	0	1	2	0	0	0	4	0	0	1	0	2	0	0	1	0	40	0	0	5	0	0	0	0	1	0	0	0	1	0	0	0	0	0
Heliyon	2022-07-01	9142853	71574	6963	0	6	2	1	0	0	1	0	0	0	0	0	0	0	3	0	12	0	0	0	0	0	0	0	0	0	0	0	0	0	0	0	0	0
Heliyon	2022-07-01	9156888	121004	10556	0	7	0	5	0	0	3	5	0	0	0	3	0	0	4	0	102	0	0	0	0	1	1	0	0	0	0	0	0	0	1	0	0	0
Heliyon	2022-07-01	9156871	180841	13834	0	8	0	1	0	0	1	0	0	0	4	3	0	0	2	0	41	0	0	0	0	0	0	0	0	0	0	0	0	0	0	0	0	0
Heliyon	2022-07-01	9157197	65160	6276	0	5	0	4	0	0	0	0	0	0	3	1	0	0	2	0	23	0	0	0	0	0	0	0	0	0	0	0	0	0	0	0	0	0
Heliyon	2022-07-01	9157218	72037	6821	0	7	0	0	0	0	0	0	0	0	8	1	0	0	3	0	3	0	0	0	0	0	0	0	0	0	0	0	0	0	0	0	0	0
Heliyon	2022-07-01	9127320	129382	9122	0	1	0	0	0	0	0	0	0	0	0	0	0	0	1	0	1	0	0	1	0	0	0	0	0	0	0	0	0	0	0	0	0	0
Heliyon	2022-07-01	9142850	113454	8235	0	4	1	0	0	0	0	4	0	1	8	8	0	0	1	0	14	0	0	0	0	1	1	0	1	0	0	0	0	0	1	0	0	0
Heliyon	2022-07-01	9157210	89807	9020	0	4	0	4	0	0	0	0	0	0	4	1	0	0	4	0	13	0	0	0	0	0	0	0	0	1	0	0	0	0	0	0	0	0
Heliyon	2022-07-01	9127326	138372	12419	0	8	0	0	0	0	0	0	0	2	2	2	0	0	4	0	18	0	0	0	0	0	0	0	0	0	0	0	0	0	0	0	0	0
Heliyon	2022-07-01	9156887	66539	6506	0	5	1	0	0	0	0	0	0	0	1	2	0	0	3	0	2	0	0	0	0	0	0	1	0	0	0	0	0	0	0	0	0	0
Heliyon	2022-07-01	9131249	89931	7910	0	7	0	2	0	4	1	6	0	0	0	3	0	0	3	0	22	0	2	0	0	0	0	0	0	0	0	0	0	0	0	0	0	0
Heliyon	2022-07-01	9131159	107196	9694	0	6	0	0	0	0	0	1	0	0	0	1	0	0	3	0	12	0	0	0	0	1	1	0	0	0	0	0	0	0	0	0	0	0
Heliyon	2022-07-01	9126937	74897	6375	0	3	0	0	0	0	2	0	0	0	2	2	0	0	2	0	14	0	0	0	0	0	0	0	0	0	0	0	0	0	0	0	0	0
Heliyon	2022-07-01	9160470	56440	5461	0	5	0	3	0	0	1	4	0	1	0	2	0	0	3	1	44	0	0	3	0	1	0	0	0	0	0	0	1	0	0	0	0	0
Heliyon	2022-07-01	9136277	98741	8168	0	1	1	1	0	0	0	0	0	0	1	1	0	0	0	0	26	0	0	0	0	0	0	0	0	0	0	0	0	0	0	0	0	0
Heliyon	2022-07-01	9133583	54460	5603	0	24	0	0	0	0	2	1	0	0	0	1	0	0	4	0	14	0	0	0	0	0	0	0	0	0	0	0	0	0	0	0	0	0
Heliyon	2022-07-01	9136274	119487	8938	0	5	3	0	0	0	0	0	0	0	23	0	0	0	2	0	44	0	0	1	0	0	0	0	0	0	0	0	1	0	0	0	0	1
Heliyon	2022-07-01	9130535	72498	7265	0	3	0	7	0	0	0	1	0	1	1	1	0	1	1	0	33	0	0	0	0	0	1	0	0	0	0	0	0	0	0	0	0	1
Heliyon	2022-07-01	9156995	77943	6673	0	12	0	7	0	0	0	2	0	0	19	1	0	0	2	0	26	0	0	0	0	0	2	0	0	0	0	0	0	0	0	0	0	0
Heliyon	2022-07-01	9126922	130052	10433	0	1	0	0	0	0	0	1	0	0	1	7	0	0	1	0	34	0	0	1	0	0	0	0	0	0	0	0	0	11	0	0	0	0
Heliyon	2022-07-01	9118124	78847	6270	0	2	0	2	0	0	0	0	0	0	9	0	0	0	1	0	1	0	0	0	0	0	1	2	0	0	0	0	1	0	0	0	1	0
Heliyon	2022-07-01	9115319	66752	6633	0	3	1	1	0	0	0	0	0	11	4	1	0	0	2	0	29	0	0	0	0	0	0	0	0	0	0	0	0	0	0	0	0	0
Heliyon	2022-07-01	9118486	56167	5021	0	5	0	1	0	0	0	6	0	0	0	3	0	0	1	0	32	0	0	0	0	0	0	0	1	0	0	0	0	0	0	0	0	0
Heliyon	2022-07-01	9079690	119821	10770	0	4	0	1	0	0	0	0	0	0	3	6	0	0	2	0	13	0	0	3	0	0	0	0	0	0	0	0	0	0	0	0	0	1
Heliyon	2022-07-01	9124710	130258	8014	0	5	0	1	0	3	0	0	0	0	0	1	0	0	2	0	40	0	0	9	0	0	0	0	0	0	0	0	0	3	0	0	0	0
Heliyon	2022-07-01	9118117	76134	6754	0	3	1	1	0	0	0	1	0	1	0	3	0	0	2	0	8	0	0	1	0	0	1	0	0	0	0	0	0	0	0	0	0	0
Heliyon	2022-07-01	9096677	93955	8691	0	2	0	2	0	0	1	1	0	0	2	2	0	0	1	0	45	0	0	0	0	0	0	0	0	0	0	0	1	0	0	0	0	0
Heliyon	2022-07-01	9118498	133130	12566	1	11	0	1	0	0	3	2	0	0	3	3	0	0	1	0	34	0	0	4	0	3	0	3	0	0	0	0	0	0	0	0	0	0
Heliyon	2022-07-01	9092991	136787	12680	0	18	1	5	0	0	0	5	0	0	1	0	0	0	1	0	57	0	0	1	0	1	0	0	2	0	0	0	0	0	0	0	0	0
Heliyon	2022-07-01	9092986	109765	11718	0	4	0	4	0	0	1	1	0	3	1	1	0	0	1	0	62	0	0	4	0	0	0	1	0	0	0	0	0	2	0	0	0	0
Heliyon	2022-07-01	9111996	100050	10202	0	10	1	0	0	0	2	2	0	5	3	2	0	0	6	0	38	0	0	2	0	0	0	0	0	0	0	0	0	0	0	0	0	0
Heliyon	2022-07-01	9095737	81405	7176	0	6	0	1	0	0	0	0	0	0	4	2	0	0	2	0	18	0	0	0	0	1	0	0	0	0	0	0	0	0	0	0	0	0
Heliyon	2022-07-01	9108884	100525	7692	0	4	0	1	0	0	0	0	0	0	0	5	0	3	1	0	11	0	0	1	0	0	1	0	1	0	0	0	0	0	0	0	0	0
Heliyon	2022-07-01	9118686	156843	13714	0	10	0	0	0	0	1	0	0	0	2	1	0	0	3	0	82	0	0	1	0	0	1	3	0	0	0	0	0	1	0	0	0	0
Heliyon	2022-07-01	9111893	75918	6860	0	3	0	2	0	0	0	1	0	1	0	0	1	1	2	0	81	0	0	0	0	0	0	0	4	0	0	0	0	0	0	0	3	0
Heliyon	2022-07-01	9111999	31232	3024	0	4	0	0	0	0	0	0	0	0	1	2	0	0	2	0	19	0	0	0	0	0	0	0	0	0	0	0	0	0	0	0	0	0
Heliyon	2022-07-01	9111890	137450	12279	0	6	4	4	0	0	1	0	0	0	0	2	0	0	0	0	45	0	0	5	0	0	0	0	1	0	0	0	1	0	0	0	0	0
Heliyon	2022-07-01	9096676	137725	15193	0	6	0	0	0	0	0	3	0	1	4	0	0	0	1	0	10	0	0	13	0	0	2	0	1	0	0	0	2	0	0	0	0	0
Heliyon	2022-07-01	9120234	146554	13992	0	5	0	2	0	0	4	6	0	0	0	4	0	0	2	0	64	0	0	2	0	0	0	0	0	0	0	0	0	0	0	0	1	0
Heliyon	2022-07-01	9160046	109247	9281	0	2	2	1	0	0	3	1	0	1	2	2	0	0	0	0	18	0	0	0	0	0	0	1	0	0	0	0	0	0	0	0	0	0
Heliyon	2022-07-01	9119837	158660	14068	0	10	0	2	0	0	4	8	0	0	2	2	1	0	1	0	85	0	2	5	0	0	3	0	0	0	0	0	0	0	0	0	0	0
Heliyon	2022-07-01	9107177	56632	5069	0	4	0	4	0	0	1	0	0	0	1	0	1	0	1	0	33	0	0	2	0	0	0	0	0	0	0	0	0	0	0	0	0	0
Heliyon	2022-07-01	9133578	117648	9779	0	2	0	2	0	0	2	1	0	0	0	0	0	0	2	0	74	0	0	0	0	0	0	2	0	0	0	0	0	0	0	0	0	0
Heliyon	2022-07-01	9108877	100707	8813	0	2	1	0	0	0	1	0	0	0	3	0	0	0	1	0	23	0	0	0	0	0	0	0	1	0	0	0	0	1	0	0	0	0
Heliyon	2022-07-01	9118492	66620	6085	0	3	0	1	0	0	0	0	0	0	0	0	0	0	2	0	11	0	0	0	0	0	0	0	0	0	0	0	0	0	0	0	0	0
Heliyon	2022-07-01	9126920	172328	16299	0	10	0	3	0	0	0	1	0	1	57	2	0	0	2	0	33	0	0	5	0	0	3	2	0	0	0	0	0	0	0	2	0	0
Heliyon	2022-07-01	9123227	94006	8275	1	6	0	0	0	0	2	0	0	1	6	0	0	0	3	0	23	0	1	0	0	1	1	0	0	0	0	0	0	0	0	0	0	0
Heliyon	2022-07-01	9118674	59234	5545	0	7	0	0	0	0	0	0	0	0	0	2	0	0	4	0	9	0	0	0	0	0	1	0	0	0	0	0	0	0	0	0	0	0
Heliyon	2022-07-01	9118489	74500	6796	0	5	0	1	0	0	1	0	0	0	0	4	0	0	3	0	58	0	0	0	0	0	2	0	0	0	0	0	0	0	0	0	0	0
Heliyon	2022-07-01	9126933	60158	5697	0	5	0	0	0	0	0	0	0	0	4	1	0	0	2	0	18	0	0	2	0	0	1	0	0	0	0	0	0	0	0	0	0	0
Heliyon	2022-07-01	9112004	68129	6592	0	9	1	0	1	0	2	4	0	0	0	2	0	0	2	0	27	0	0	1	0	0	1	0	0	0	0	0	1	0	0	0	0	0
Heliyon	2022-07-01	9118487	53680	4988	0	8	0	1	0	0	0	0	0	0	0	0	0	0	3	0	6	0	0	0	0	1	0	0	0	0	0	0	0	0	0	0	0	0
Heliyon	2022-07-01	9106396	68039	6607	0	3	0	1	0	0	1	3	0	0	0	1	0	0	3	0	54	0	0	2	0	0	0	2	0	0	0	0	0	0	0	0	0	0
Heliyon	2022-07-01	9123209	118986	11137	0	13	0	9	0	0	3	3	0	3	8	0	0	0	2	0	66	0	0	0	0	0	0	0	0	0	0	0	0	0	0	0	0	1
Heliyon	2022-07-01	9123194	64164	5725	0	3	0	3	0	0	0	5	0	0	4	1	0	1	3	0	68	0	0	1	0	0	0	0	0	0	0	0	0	0	0	0	0	0
Heliyon	2022-07-01	9107336	130357	10872	0	8	0	1	0	0	5	10	0	0	3	4	0	0	3	0	46	0	0	3	0	0	2	0	0	0	0	0	0	0	1	0	0	0
Heliyon	2022-07-01	9111894	135595	8703	0	2	0	1	0	0	1	3	0	0	0	4	0	0	1	0	15	0	0	0	0	0	0	0	1	0	0	0	0	0	0	0	0	0
Heliyon	2022-07-01	9123224	69808	6263	0	5	0	1	0	0	1	4	0	0	0	5	0	0	3	0	23	0	0	1	0	0	0	0	0	0	0	0	0	0	0	0	0	0
Heliyon	2022-07-01	9126930	148189	11132	0	12	1	3	0	0	2	9	0	1	46	0	0	0	4	0	16	0	0	2	0	0	0	0	0	0	0	0	0	0	0	0	0	0
Heliyon	2022-07-01	9120224	99176	9038	0	13	0	1	0	0	3	0	0	1	0	9	0	0	2	0	36	0	0	0	0	0	0	0	0	0	0	0	0	0	0	0	0	0
Heliyon	2022-07-01	9120239	123025	8630	0	5	0	1	0	0	0	1	0	0	2	1	0	0	3	0	71	0	0	0	0	0	0	0	0	0	0	0	0	0	0	0	0	0
Heliyon	2022-07-01	9107281	85161	7465	0	1	0	2	0	0	7	2	0	1	0	4	0	0	1	0	44	0	0	0	0	0	0	0	0	0	0	0	0	0	0	0	0	0
Heliyon	2022-07-01	9118499	272702	24307	0	1	0	2	0	0	1	2	0	3	34	5	0	0	0	0	18	0	0	6	0	0	0	0	1	0	0	0	0	0	3	0	0	0
Heliyon	2022-07-01	9113763	66935	6224	0	7	1	7	0	0	1	0	0	0	1	5	0	0	3	0	51	0	0	0	0	0	0	0	0	0	0	0	0	0	1	0	0	0
Heliyon	2022-07-01	9127308	77889	6754	0	3	0	3	0	0	0	0	0	0	1	1	0	0	1	0	44	0	0	1	0	0	1	0	0	0	0	0	0	1	1	0	3	0
Heliyon	2022-07-01	9136253	126635	10541	0	5	3	0	0	0	0	0	0	1	2	3	0	0	3	0	15	0	0	2	0	0	0	0	0	0	0	0	0	0	0	0	0	0
Heliyon	2022-07-01	9157010	123718	10952	0	11	0	0	0	0	0	4	0	0	0	0	0	0	1	0	49	0	0	1	0	1	0	0	0	0	0	0	0	0	0	0	0	0
Heliyon	2022-07-01	9127329	231871	18751	0	4	0	0	0	0	14	0	0	1	0	0	0	0	2	0	44	0	0	5	0	3	0	0	0	0	0	0	0	0	0	0	0	0
Heliyon	2022-07-01	9124708	95738	8142	0	7	0	1	0	0	0	0	0	0	0	0	0	0	3	0	13	0	0	1	0	0	0	0	0	0	0	0	0	0	0	0	0	0
Heliyon	2022-07-01	9126926	66019	6077	0	9	0	1	0	0	4	6	0	0	2	2	0	0	3	0	45	0	0	1	0	0	0	0	1	0	0	0	0	0	0	0	0	0
Heliyon	2022-07-01	9127311	65055	6316	0	3	0	3	0	0	1	3	0	0	1	1	0	0	1	0	19	0	0	7	0	0	0	0	0	0	0	0	0	0	0	0	0	0
Heliyon	2022-07-01	9130539	121274	11262	0	3	0	4	0	0	0	0	0	1	0	6	0	0	2	0	14	0	0	0	0	1	1	0	0	0	0	0	0	0	0	0	0	0
Heliyon	2022-07-01	9156997	73003	7101	0	4	0	12	0	0	3	2	0	0	4	1	0	1	5	0	111	0	0	0	0	1	0	1	0	0	0	0	0	0	0	0	0	0
Heliyon	2022-07-01	9136249	66777	6796	0	3	0	2	0	0	2	1	0	0	4	0	0	0	2	0	49	0	0	2	0	0	0	1	0	0	0	0	2	1	1	0	0	0
Heliyon	2022-07-01	9131161	91259	7248	0	5	0	0	0	0	0	0	0	0	0	4	0	0	2	0	17	0	0	0	0	0	0	0	0	0	0	0	0	0	0	2	0	0
Heliyon	2022-07-01	9133582	96413	9472	0	4	0	1	0	0	0	0	0	1	1	0	0	0	4	0	36	0	0	1	0	1	2	0	0	0	0	0	0	0	0	1	0	0
Heliyon	2022-07-01	9142852	93788	8978	0	2	1	1	0	0	0	3	0	4	3	0	0	1	2	0	48	0	0	4	0	0	0	0	1	0	0	0	0	7	0	0	0	0
Heliyon	2022-07-01	9156886	102523	8905	0	1	1	0	0	0	0	3	0	0	13	2	0	0	1	0	32	0	0	1	0	0	0	0	0	0	0	0	2	0	1	0	0	1
Heliyon	2022-07-01	9124704	62804	5208	0	3	0	0	0	0	2	0	0	0	3	0	0	0	3	0	45	0	0	0	0	0	0	0	0	0	0	0	0	0	0	0	0	0
Heliyon	2022-07-01	9127315	55503	5346	0	2	0	0	0	0	0	6	0	0	1	1	0	0	1	0	12	0	0	0	0	0	0	0	0	0	0	0	0	0	0	0	0	0
Heliyon	2022-07-01	9136266	67308	6382	0	4	0	4	0	0	0	4	0	0	3	1	0	0	1	0	39	0	0	0	0	0	0	0	0	0	0	0	0	0	0	0	0	0
Heliyon	2022-07-01	9142856	74003	6327	0	6	0	0	0	0	3	0	0	0	0	1	0	0	3	0	19	0	0	0	0	0	0	0	0	0	0	0	0	0	0	0	0	0
Heliyon	2022-07-01	9243165	128727	12393	0	5	1	2	0	0	7	13	0	0	0	3	0	0	3	0	37	0	2	6	0	0	2	1	0	0	0	0	0	0	0	0	4	0
Heliyon	2022-07-01	9234598	100530	9061	0	8	0	1	0	0	0	6	0	0	1	8	0	0	3	0	59	0	0	1	0	1	1	9	0	0	0	0	0	0	0	0	0	0
Heliyon	2022-07-01	9233218	191717	17088	0	52	0	0	1	0	1	0	0	0	0	8	0	0	3	0	46	0	0	1	0	4	1	1	0	0	0	0	0	0	0	0	0	0
Heliyon	2022-07-01	9218837	94656	7477	0	11	0	1	0	0	1	0	0	0	4	0	0	0	2	1	72	0	0	1	0	0	0	0	0	0	0	0	0	0	0	0	0	0
Heliyon	2022-07-01	9243172	99639	9064	0	8	0	3	0	0	0	7	0	0	0	11	0	0	4	0	29	0	0	1	0	0	0	0	0	0	0	0	0	0	0	0	0	0
Heliyon	2022-07-01	9234593	101785	8257	0	6	0	0	0	0	0	0	0	0	1	2	0	0	5	0	30	0	0	0	0	0	0	0	0	0	0	0	0	0	0	0	0	0
Heliyon	2022-07-01	9218736	119930	11598	1	5	2	2	0	0	1	3	0	0	2	0	0	0	1	0	75	0	0	0	0	0	11	0	0	0	0	0	0	1	0	0	0	0
Heliyon	2022-07-01	9213705	76197	7782	0	3	0	0	0	0	0	0	0	0	2	0	0	0	2	0	40	0	0	0	0	0	0	0	0	0	0	0	0	0	0	0	0	0
Heliyon	2022-07-01	9218155	73698	6509	0	4	1	1	0	0	1	0	0	0	0	1	0	0	2	0	20	0	0	0	0	0	0	0	0	0	0	0	0	0	0	0	0	0
Heliyon	2022-07-01	9234585	115155	10086	0	9	0	6	2	0	2	3	0	0	2	1	0	0	5	0	136	0	0	1	0	1	1	1	0	0	0	0	0	0	0	0	0	1
Heliyon	2022-07-01	9249848	56132	5098	0	3	0	6	0	0	0	0	0	0	51	1	0	0	2	0	26	0	0	2	0	0	0	0	0	0	0	0	0	0	0	0	0	0
Heliyon	2022-07-01	9244756	19893	1922	0	0	0	0	0	0	0	0	0	0	0	0	0	0	0	0	0	0	0	0	0	0	0	0	0	0	0	0	0	0	0	0	0	0
Heliyon	2022-07-01	9344322	129957	4005	0	2	0	0	0	0	0	0	0	0	2	1	0	0	2	0	0	0	0	0	0	0	0	0	0	0	0	0	0	0	0	0	0	0
Heliyon	2022-07-01	9344327	61744	5521	0	6	0	0	0	0	0	0	0	0	2	1	0	0	1	0	2	0	0	0	0	0	0	0	0	0	0	0	0	0	0	0	0	0
Heliyon	2022-07-01	9243170	90240	8132	0	4	0	1	0	0	0	0	0	0	4	2	0	0	3	0	13	0	0	0	0	0	0	0	1	0	0	0	0	0	0	0	0	0
Heliyon	2022-07-01	9344326	112687	10764	0	2	2	1	0	1	0	0	0	3	20	0	0	0	1	0	79	0	0	1	0	1	0	1	0	0	0	0	0	1	0	0	0	0
Heliyon	2022-07-01	9233225	150765	11843	0	17	1	1	0	0	0	0	0	0	3	1	0	0	5	0	32	0	0	0	0	0	0	0	0	0	0	0	0	0	0	0	0	0
Heliyon	2022-07-01	9249857	119040	11982	0	9	0	0	0	0	1	3	0	0	0	2	0	0	2	0	28	0	0	2	0	0	0	0	0	0	0	0	0	0	0	0	0	0
Heliyon	2022-07-01	9240988	107067	9718	0	7	0	1	0	0	2	6	0	0	0	6	0	0	0	0	41	0	0	1	0	0	0	0	0	0	0	0	0	0	0	0	0	0
Heliyon	2022-07-01	9234606	309158	8528	0	1	1	0	0	0	0	9	0	0	4	2	0	0	1	0	8	0	0	0	0	0	0	0	0	0	0	0	0	0	0	0	0	0
Heliyon	2022-07-01	9234604	127291	12244	0	26	0	1	0	0	0	0	0	0	4	3	0	0	5	0	20	0	1	0	0	0	1	0	0	0	0	0	0	0	0	0	0	0
Heliyon	2022-07-01	9218157	69091	5909	0	1	0	2	0	0	0	3	0	0	1	1	0	0	1	0	11	0	0	0	0	1	0	0	0	0	0	0	0	0	0	0	0	0
Heliyon	2022-07-01	9249827	56676	5863	0	9	0	0	0	0	3	0	0	3	0	1	0	0	1	0	17	0	0	0	0	0	0	0	2	0	0	0	0	0	0	0	0	0
Heliyon	2022-07-01	9233205	102126	10254	1	10	2	0	0	0	3	2	0	0	1	0	0	0	2	0	48	0	0	8	0	0	6	2	0	0	0	0	1	0	0	0	0	0
Heliyon	2022-07-01	9213710	157109	14158	0	3	0	5	0	0	2	6	0	0	13	9	0	0	2	0	50	0	0	3	0	1	0	8	1	0	0	0	0	0	0	0	0	0
Heliyon	2022-07-01	9193873	94525	8035	0	2	1	0	0	0	1	2	0	0	11	0	0	0	2	0	6	0	0	1	0	0	0	3	2	0	0	0	0	0	0	0	0	0
Heliyon	2022-07-01	9189894	111686	9744	0	9	0	1	0	0	2	4	0	0	1	7	0	0	2	0	42	0	0	4	0	0	0	0	0	0	0	0	0	0	0	0	0	0
Heliyon	2022-07-01	9193912	121987	13279	0	7	4	3	0	0	0	0	0	0	0	0	0	0	1	0	11	0	0	1	0	0	0	0	0	0	0	0	0	0	0	0	0	0
Heliyon	2022-07-01	9189886	115546	11019	0	6	0	3	0	0	10	11	0	0	9	5	0	0	4	0	82	0	0	1	0	0	4	0	0	0	0	0	0	0	0	0	0	0
Heliyon	2022-07-01	9189032	103962	6997	0	7	0	3	0	0	4	3	0	0	1	2	0	0	1	0	21	0	0	1	0	0	0	0	0	0	0	0	0	0	0	0	0	0
Heliyon	2022-07-01	9192809	88185	7842	0	7	0	4	0	0	0	2	0	0	3	2	0	0	1	0	35	0	0	1	0	0	0	0	1	0	0	0	0	0	1	0	0	0
Heliyon	2022-07-01	9189891	206505	17007	0	3	0	0	0	0	4	1	0	0	0	0	0	0	0	0	17	0	0	1	0	0	0	0	1	0	0	0	0	1	0	0	0	0
Heliyon	2022-07-01	9192808	75697	6789	0	3	0	0	0	0	0	0	0	0	2	6	0	0	2	0	18	0	0	0	0	0	0	0	0	0	0	0	0	0	0	0	0	0
Heliyon	2022-07-01	9189887	103682	9787	0	2	0	2	0	0	1	1	0	0	1	2	0	0	2	0	33	0	0	0	0	0	2	0	1	0	0	0	0	1	0	0	0	0
Heliyon	2022-07-01	9189892	200717	18743	0	5	2	17	0	0	4	18	0	0	2	3	0	0	1	1	95	0	0	4	0	0	1	0	1	0	0	0	0	0	0	0	0	14
Heliyon	2022-07-01	9193908	136995	11589	0	5	0	10	0	0	2	5	0	0	4	4	0	0	3	0	36	0	0	0	0	0	0	0	0	0	0	0	0	0	0	0	0	1
Heliyon	2022-07-01	9167979	81593	7367	0	2	0	0	0	0	0	1	0	0	3	2	0	0	3	0	30	0	0	0	0	1	0	0	0	0	0	0	0	0	0	0	0	0
Heliyon	2022-07-01	9189028	147498	7255	0	4	0	2	0	0	0	0	0	0	7	0	0	5	3	0	12	0	0	0	0	0	0	0	0	0	0	0	0	0	0	0	0	0
Heliyon	2022-07-01	9204664	76463	7389	0	10	0	5	0	0	3	1	0	0	4	3	0	0	1	0	125	0	0	0	0	0	1	2	0	0	0	0	0	0	0	0	0	0
Heliyon	2022-07-01	9198334	125165	12894	0	4	5	0	0	0	11	0	0	0	0	0	2	0	0	0	22	0	0	12	0	0	1	1	0	0	0	0	0	0	0	0	0	0
Heliyon	2022-07-01	9189889	90198	7628	0	3	0	0	0	0	0	0	0	0	1	4	0	0	2	0	7	0	0	0	0	0	0	0	0	0	0	0	0	0	0	0	0	0
Heliyon	2022-07-01	9167975	82276	7387	0	4	0	0	0	0	2	0	0	0	0	4	0	0	3	0	8	0	0	0	0	0	0	0	0	0	0	0	0	0	0	0	0	0
Heliyon	2022-07-01	9192811	80582	6032	0	2	0	0	0	0	0	0	0	0	0	1	0	0	1	0	13	0	0	0	0	0	0	0	0	0	0	0	0	0	0	0	0	0
Heliyon	2022-07-01	9190005	101539	9929	0	18	0	0	0	0	10	0	0	0	1	2	0	0	2	0	14	0	0	0	0	0	0	0	0	0	0	0	0	0	0	0	0	0
Heliyon	2022-07-01	9178346	125257	10106	0	11	0	1	0	0	4	0	0	0	0	15	0	0	3	0	13	0	0	0	0	0	0	0	0	0	0	0	0	0	0	1	0	0
Heliyon	2022-07-01	9176182	119887	10309	0	14	2	1	0	0	0	5	0	0	0	0	0	0	2	0	20	0	0	0	0	0	1	0	0	0	0	0	0	0	0	0	0	0
Heliyon	2022-07-01	9192804	26550	2487	0	0	0	0	0	0	0	1	0	0	1	0	0	0	0	0	2	0	0	0	0	0	0	0	0	0	0	0	0	0	0	0	0	0
Heliyon	2022-07-01	9189876	84860	7572	0	5	0	0	0	0	1	0	0	0	0	1	0	0	1	0	9	0	0	0	0	0	0	0	0	0	0	0	0	0	0	0	0	0
Heliyon	2022-07-01	9189897	192242	15511	0	3	0	0	0	0	3	0	0	0	3	2	0	0	1	0	13	0	0	0	0	1	0	1	0	0	0	0	0	0	0	0	0	0
Heliyon	2022-07-01	9192817	93393	9129	0	28	0	0	0	0	1	0	0	0	1	2	0	0	1	0	32	0	0	0	0	0	0	0	0	0	0	0	0	0	0	0	0	0
Heliyon	2022-07-01	9207658	97795	8748	0	5	0	1	0	0	0	1	0	1	10	0	0	0	0	0	24	0	0	2	0	0	0	0	0	0	0	0	0	0	0	0	0	0
Heliyon	2022-07-01	9213719	108843	10696	0	9	0	1	0	0	0	0	0	1	0	3	0	0	3	0	18	0	1	0	0	0	0	5	0	0	0	0	0	0	0	0	0	0
Heliyon	2022-07-01	9207615	96279	7805	0	5	0	5	0	0	1	13	0	0	0	4	0	0	1	0	37	0	0	1	0	0	1	3	0	0	0	0	0	0	0	0	0	0
Heliyon	2022-07-01	9213711	77106	6796	0	9	0	2	0	0	1	3	0	0	2	1	0	0	2	0	22	0	0	0	0	0	0	0	0	0	0	0	1	0	0	0	0	0
Heliyon	2022-07-01	9207616	63277	5525	0	2	0	0	0	0	2	0	0	0	0	0	0	0	1	0	6	0	0	1	0	0	1	0	1	0	0	0	0	0	0	4	0	0
Heliyon	2022-07-01	9218379	122658	11110	0	3	1	1	0	0	5	1	0	0	6	9	0	0	1	0	45	0	0	1	0	1	3	13	0	0	0	0	0	0	0	0	0	0
Heliyon	2022-07-01	9207614	21028	2099	0	1	0	0	0	0	0	0	0	0	1	0	0	0	0	0	1	0	0	0	0	0	0	0	0	0	0	0	0	0	0	0	0	0
Heliyon	2022-07-01	9207664	58685	4712	0	5	0	0	0	0	0	0	0	0	0	0	0	0	2	0	4	0	0	1	0	0	0	1	0	0	0	0	0	0	0	0	0	0
Heliyon	2022-07-01	9198336	90898	7072	0	6	0	0	0	0	1	0	0	0	1	0	0	0	2	0	17	0	0	0	0	0	2	0	0	0	0	0	0	0	0	0	0	0
Heliyon	2022-07-01	9233222	91412	8222	0	5	0	17	3	0	0	8	0	0	0	0	0	0	1	0	47	0	0	1	0	0	1	1	0	0	0	0	0	0	0	0	0	0
Heliyon	2022-07-01	9204663	84403	7884	0	5	0	1	0	0	0	6	0	0	0	3	0	1	1	0	46	0	0	1	0	0	0	0	0	0	0	0	0	0	0	0	0	0
Heliyon	2022-07-01	9213718	113027	9126	0	2	0	1	0	0	0	0	0	0	0	0	0	0	1	0	12	0	0	0	0	0	0	0	0	0	0	0	0	0	0	0	0	0
Heliyon	2022-07-01	9207669	107937	8625	0	4	0	0	0	0	0	0	0	0	10	0	0	0	2	0	18	0	0	0	0	0	0	0	0	0	0	0	0	3	0	0	0	0
Heliyon	2022-07-01	9213714	195987	19044	0	7	1	2	0	0	10	13	0	0	0	15	0	0	1	0	92	0	0	3	0	0	0	1	0	0	0	0	0	0	0	0	0	1
Heliyon	2022-07-01	9213715	63939	7062	0	9	0	1	0	0	0	0	0	0	0	0	0	0	1	0	8	0	0	1	0	0	0	0	0	0	0	0	0	0	0	0	0	0
Heliyon	2022-07-01	9207607	16792	2057	0	0	0	0	0	0	0	0	0	0	1	0	0	0	0	0	0	0	0	0	0	0	0	0	0	0	0	0	0	0	0	0	0	0
Heliyon	2022-07-01	9212986	68858	6027	0	1	0	0	0	0	0	2	0	0	1	3	0	0	1	0	15	0	0	1	0	0	0	0	0	0	0	0	0	0	0	0	0	0
Heliyon	2022-07-01	9233212	114150	10471	0	18	0	0	0	0	1	0	0	0	2	1	0	0	3	0	36	0	0	2	0	0	0	0	0	0	0	0	0	0	0	0	0	1
Heliyon	2022-07-01	9213723	102751	9139	0	4	0	4	0	0	1	0	0	0	7	0	0	0	3	0	26	0	0	0	0	0	0	0	0	0	0	0	0	0	0	0	0	0
Heliyon	2022-07-01	9218382	118775	10922	0	14	0	0	0	0	0	0	0	1	6	2	0	0	2	0	18	0	0	0	0	0	0	0	0	0	0	0	0	0	0	0	0	0
Heliyon	2022-07-01	9249675	67515	6589	0	7	0	0	0	0	1	0	0	0	0	1	0	0	2	0	10	0	0	0	0	0	0	0	0	0	0	0	0	0	0	0	0	0
Heliyon	2022-07-01	9233214	60626	5827	0	6	0	7	0	0	0	2	0	0	0	2	0	0	3	0	1	0	0	0	0	0	0	0	0	0	0	0	0	0	0	0	0	0
Heliyon	2022-07-01	9253920	87366	7582	0	3	0	4	0	0	3	2	0	0	3	4	0	0	2	0	63	0	0	0	0	0	0	3	0	0	0	0	0	0	0	0	0	0
Heliyon	2022-07-01	9253365	259590	9281	0	1	0	0	0	0	0	0	0	0	2	0	0	0	1	0	0	0	0	0	0	0	0	0	0	0	0	0	0	0	0	0	0	0
Heliyon	2022-07-01	9218150	60773	5411	0	13	0	2	0	0	0	0	0	0	0	1	0	0	2	0	23	0	0	0	0	0	0	0	0	0	0	0	0	0	0	0	0	0
Heliyon	2022-07-01	9249839	325101	23753	0	3	0	1	0	0	4	3	0	5	4	5	0	0	0	0	15	0	0	0	0	0	0	0	0	0	0	0	0	0	0	0	0	0
Heliyon	2022-07-01	9243171	155820	11874	0	7	0	3	0	0	2	6	0	1	11	4	0	0	2	0	85	0	0	1	0	0	1	1	0	0	0	0	0	0	0	2	0	4
Heliyon	2022-07-01	9249830	84361	8466	0	6	0	0	0	0	0	1	0	0	0	1	0	0	4	0	14	0	0	2	0	2	0	0	0	0	0	0	0	0	0	0	0	0
Heliyon	2022-07-01	9218149	122631	11128	0	7	0	11	0	0	9	5	0	0	1	6	0	0	1	0	49	0	0	2	0	1	2	2	0	0	0	0	0	0	0	0	0	0
Heliyon	2022-07-01	9212937	38851	3874	0	7	0	0	0	0	0	0	0	0	0	0	0	0	2	0	6	0	0	0	0	0	0	0	0	0	0	0	0	0	0	0	0	0
Heliyon	2022-07-01	9214814	87507	9223	0	3	0	6	0	0	7	4	0	1	1	0	0	0	2	0	42	0	0	2	0	0	1	1	0	0	0	0	2	0	0	0	0	0
Heliyon	2022-07-01	9249840	111990	10236	0	7	0	0	0	0	0	1	0	0	2	1	0	0	2	0	12	0	0	0	0	0	0	0	0	0	0	0	0	0	0	0	0	1
Heliyon	2022-07-01	9241038	65690	5973	0	6	0	1	0	0	0	0	0	5	3	0	0	0	2	0	18	0	0	0	0	0	0	0	0	0	0	0	0	0	0	0	0	0
Heliyon	2022-07-01	9253351	82086	8251	0	10	0	3	0	1	1	1	0	0	1	1	0	0	5	0	28	0	0	0	0	0	0	0	0	0	0	0	0	0	0	0	0	0
Heliyon	2022-07-01	9240991	278456	21531	0	7	0	6	0	0	0	0	0	6	1	12	0	0	0	0	63	0	0	0	0	0	0	0	0	0	0	0	0	0	0	0	0	0
Heliyon	2022-07-01	9249865	323271	24046	0	1	0	0	0	0	0	0	0	2	0	2	0	0	0	0	45	0	0	0	0	0	0	0	1	0	0	0	0	0	0	0	0	0
Heliyon	2022-07-01	9253158	124881	10556	0	0	0	0	0	0	0	2	0	0	0	3	0	0	0	0	14	0	0	0	0	0	0	0	0	0	0	0	0	0	1	0	0	0
Heliyon	2022-07-01	9218147	75429	6466	0	4	0	0	0	0	0	0	0	1	5	5	0	1	1	0	5	0	0	1	0	0	1	0	0	0	0	0	0	0	0	0	0	0
Heliyon	2022-07-01	9241033	126046	10572	0	18	0	2	0	0	3	7	0	0	0	6	0	0	3	0	37	0	0	5	0	0	0	0	0	0	0	0	0	0	0	0	0	0
Heliyon	2022-07-01	9234592	84700	8961	0	6	1	0	0	0	10	2	0	1	0	0	0	0	2	0	54	0	0	5	0	0	1	0	0	0	0	0	1	0	0	0	0	0
Heliyon	2022-07-01	9304738	108723	11390	0	6	0	8	0	0	5	5	0	0	0	1	0	0	1	0	33	0	0	2	0	0	3	2	0	0	0	0	0	0	0	0	0	0
Heliyon	2022-07-01	9307440	104904	8559	0	5	0	0	0	0	0	0	0	0	0	1	0	0	4	0	10	0	0	0	0	0	0	0	0	0	0	0	0	0	0	0	0	0
Heliyon	2022-07-01	9293653	106262	10818	0	10	1	2	0	0	0	0	0	5	6	1	0	0	2	0	21	0	0	0	0	0	1	0	0	0	0	0	0	0	0	0	0	0
Heliyon	2022-07-01	9287466	71440	6621	0	4	0	3	0	0	1	0	0	1	1	1	0	0	3	0	61	0	0	0	0	0	0	0	0	0	0	0	0	0	0	0	0	3
Heliyon	2022-07-01	9287157	60125	5079	0	4	0	0	0	0	0	0	0	0	0	1	0	0	3	0	9	0	0	1	0	2	0	0	0	0	0	0	0	0	0	0	0	0
Heliyon	2022-07-01	9304742	114353	9077	0	5	0	0	0	0	3	2	0	0	3	1	0	0	2	0	20	0	0	1	0	0	0	0	0	0	0	0	0	0	0	0	0	0
Heliyon	2022-07-01	9287464	86693	7640	0	6	0	1	0	0	3	0	0	2	3	1	0	0	3	0	52	0	0	1	0	0	1	1	0	0	0	0	0	0	0	0	0	0
Heliyon	2022-07-01	9294197	74927	6497	0	9	0	7	0	0	1	1	0	0	0	1	0	0	1	0	10	0	0	2	0	0	0	0	0	0	0	0	0	0	0	0	0	0
Heliyon	2022-07-01	9287797	72316	6458	0	5	0	0	0	0	1	0	0	0	7	0	0	0	1	0	8	0	0	0	0	0	0	0	1	0	0	0	0	0	0	1	0	0
Heliyon	2022-07-01	9293732	80060	7208	0	3	0	0	0	0	1	1	0	0	0	8	0	0	3	0	13	0	0	3	0	0	0	0	0	0	0	0	0	0	0	0	0	0
Heliyon	2022-07-01	9287802	133834	12346	0	4	1	5	0	0	0	1	0	2	2	0	0	0	1	0	32	0	0	0	0	0	0	0	0	0	0	0	0	0	0	0	0	0
Heliyon	2022-07-01	9309655	68751	7005	0	11	0	0	0	0	2	2	0	0	0	2	0	0	7	0	9	0	0	2	0	0	3	1	0	0	0	0	0	0	0	0	0	1
Heliyon	2022-07-01	9307459	78795	7205	0	12	0	0	0	0	0	1	0	0	0	0	0	0	4	0	24	0	0	0	0	0	0	0	0	0	0	0	0	0	0	0	0	0
Heliyon	2022-07-01	9294057	133565	9996	0	9	0	3	0	0	0	0	0	0	9	2	0	0	2	0	88	0	0	0	0	1	0	1	0	0	0	0	0	0	0	0	0	0
Heliyon	2022-07-01	9304723	82981	8001	0	4	0	0	0	0	1	0	0	0	3	4	0	0	3	0	29	0	1	0	0	0	0	0	0	0	0	0	0	0	0	0	0	0
Heliyon	2022-07-01	9304741	98983	9537	0	3	0	2	0	0	2	0	0	0	4	3	0	0	3	0	17	0	0	0	0	1	0	0	0	0	0	0	0	0	0	0	0	0
Heliyon	2022-07-01	9293629	52408	4972	0	2	1	1	0	0	0	0	0	0	1	1	0	0	1	0	8	0	0	0	0	0	1	0	0	0	0	0	0	0	0	0	0	0
Heliyon	2022-07-01	9305346	87867	7730	0	16	0	1	0	0	1	0	0	0	1	3	0	0	3	0	34	0	0	0	0	0	0	0	0	0	0	0	0	0	0	0	0	0
Heliyon	2022-07-01	9294194	102059	8300	0	0	0	5	0	0	1	1	0	3	1	0	0	0	0	0	36	0	0	0	0	0	0	0	0	0	0	0	0	0	0	0	0	0
Heliyon	2022-07-01	9304706	94787	8649	0	6	0	29	0	0	6	1	0	0	13	0	0	0	5	0	46	0	0	1	0	0	0	0	0	0	0	0	0	0	0	0	0	0
Heliyon	2022-07-01	9304718	51554	5247	0	2	0	0	0	0	1	3	0	0	0	2	0	0	1	0	1	0	0	3	0	0	0	1	1	0	0	0	0	0	0	0	0	1
Heliyon	2022-07-01	9305394	252412	25145	0	8	0	0	0	0	0	3	0	8	0	12	0	0	0	0	33	0	0	1	0	1	1	0	0	0	0	0	0	0	0	0	0	0
Heliyon	2022-07-01	9293654	86790	8033	0	3	1	0	0	0	0	0	0	0	0	0	0	0	1	0	73	0	0	0	0	0	0	0	0	0	0	0	0	1	0	0	0	0
Heliyon	2022-07-01	9287795	74958	6945	0	6	0	3	0	0	1	1	0	0	0	0	0	0	2	0	43	0	0	1	0	1	0	0	0	0	0	0	0	0	0	0	0	0
Heliyon	2022-07-01	9304740	166302	14981	0	2	0	0	0	0	0	1	0	2	2	13	0	0	2	0	99	0	0	0	0	0	0	0	0	0	0	0	0	0	0	0	0	0
