journal	date	pmc_id	Nchars	Nwords	delve	analyse	acknowledge	assess	appraise	dissect	explore	examine	extricate	expose	estimate	investigate	inquire	inspect	interpret	scrutinise	study	unearth	uncover	understand	ponder	research	reason	retrieve	avoid	discount	disregard	dismiss	ignore	neglect	overlook	omit	skip	reject
Heliyon	2023-01-01	9557911	100686	8759	0	3	0	0	0	0	0	1	0	0	1	8	0	0	1	0	49	0	0	2	0	0	0	0	0	0	0	0	0	1	0	0	0	0
Heliyon	2023-01-01	9563159	141493	12855	0	13	0	3	0	0	1	0	0	0	6	11	0	0	0	0	67	0	0	4	0	0	1	2	0	0	0	0	1	3	1	1	0	0
Heliyon	2023-01-01	9557871	187038	12189	0	3	0	6	0	0	0	0	0	0	2	0	0	0	2	0	3	0	0	0	0	1	1	0	0	0	0	0	0	0	0	0	0	0
Heliyon	2023-01-01	9562338	55920	5894	0	29	0	1	0	0	0	4	0	0	2	2	0	0	1	0	15	0	0	4	0	0	0	0	0	0	0	0	0	0	0	0	0	0
Heliyon	2023-01-01	9557828	80927	7984	0	13	0	0	0	0	0	0	0	0	0	0	0	0	1	0	5	0	0	0	0	0	2	0	0	0	0	0	0	0	0	0	0	0
Heliyon	2023-01-01	9568839	78111	7617	0	5	0	2	0	0	0	0	0	1	0	4	0	0	2	0	18	0	0	0	0	0	0	0	0	0	0	0	0	0	0	0	0	0
Heliyon	2023-01-01	9562445	58675	4962	0	4	0	0	0	1	0	1	0	0	2	0	0	0	3	0	11	0	0	0	0	0	0	0	0	0	0	0	0	0	0	0	0	0
Heliyon	2023-01-01	9578984	117016	8756	0	2	1	2	0	0	0	3	0	5	11	2	0	0	1	0	41	0	0	2	0	0	1	0	0	0	0	0	0	0	0	1	0	0
Heliyon	2023-01-01	9573922	63110	5885	0	3	0	6	0	0	0	2	0	0	0	1	0	1	1	0	5	0	0	0	0	0	0	0	0	0	0	0	0	0	0	0	0	0
Heliyon	2023-01-01	9582714	70339	7115	0	5	0	0	0	0	1	1	0	0	0	1	0	0	2	0	11	0	0	0	0	0	0	0	0	0	0	0	0	0	0	0	0	0
Heliyon	2023-01-01	9576900	125316	11239	0	8	0	3	0	0	7	4	0	0	3	1	0	0	6	0	60	0	0	1	0	0	0	0	0	0	0	0	0	0	0	0	0	11
Heliyon	2023-01-01	9573878	101388	10417	0	6	1	0	0	0	1	10	0	2	0	5	0	0	3	0	52	0	0	1	0	0	2	4	0	0	0	0	0	0	0	0	0	0
Heliyon	2023-01-01	9561738	87075	7678	0	14	0	2	0	0	1	0	0	0	0	2	0	0	2	0	36	0	0	0	0	0	1	0	0	0	0	0	0	0	0	0	0	0
Heliyon	2023-01-01	9562447	85120	8483	0	9	0	0	0	0	2	0	0	0	0	6	0	0	2	0	14	0	0	0	0	1	0	0	0	0	0	0	0	0	0	0	0	0
Heliyon	2023-01-01	9573876	81480	7693	0	11	0	15	0	0	0	0	0	3	6	0	0	0	3	0	35	0	0	0	0	0	0	0	1	0	0	0	0	0	0	0	0	0
Heliyon	2023-01-01	9563166	46915	4116	0	4	0	0	0	0	0	3	0	0	0	2	0	0	4	0	10	0	0	0	0	0	0	0	0	0	0	0	0	0	0	0	0	0
Heliyon	2023-01-01	9557917	132108	12610	0	5	1	3	0	0	0	0	0	0	2	2	0	0	2	0	46	0	0	2	0	0	1	0	0	0	0	0	0	0	0	2	0	0
Heliyon	2023-01-01	9561735	178714	14186	0	1	0	1	0	0	0	0	0	0	2	5	0	0	0	0	39	0	0	1	0	1	0	0	0	0	0	0	1	0	0	0	0	0
Heliyon	2023-01-01	9573889	144915	12287	0	5	1	0	0	0	1	0	0	0	12	0	0	0	3	0	23	0	0	2	0	0	0	0	0	0	0	0	0	0	0	0	0	0
Heliyon	2023-01-01	9589188	92445	8036	0	8	0	0	0	0	3	2	0	0	3	4	0	0	2	0	24	0	0	1	0	0	0	0	0	0	0	0	0	0	0	0	0	0
Heliyon	2023-01-01	9568855	126320	10169	0	6	0	0	0	0	0	6	0	0	2	6	0	0	2	0	11	0	0	0	0	0	0	0	0	0	0	0	0	0	0	0	0	0
Heliyon	2023-01-01	9573917	157061	13973	0	0	0	0	0	0	0	0	0	3	0	2	0	0	0	0	18	0	0	0	0	1	0	0	4	0	0	0	0	0	0	0	0	0
Heliyon	2023-01-01	9557926	83202	6023	0	6	0	0	0	0	0	2	0	0	0	2	0	0	2	0	13	0	0	0	0	0	0	0	0	0	0	0	0	0	0	0	0	0
Heliyon	2023-01-01	9573933	455046	36535	0	8	2	0	0	0	0	0	0	0	6	9	0	0	0	0	9	0	0	0	0	3	1	0	1	0	1	0	0	0	0	0	0	1
Heliyon	2023-01-01	9582729	204773	18174	0	2	1	1	0	0	2	2	0	0	0	5	0	0	0	0	24	0	0	1	0	0	0	0	0	0	0	0	0	0	0	0	0	0
Heliyon	2023-01-01	9589162	75901	6710	0	5	0	1	0	0	0	0	0	0	0	0	0	0	3	0	18	0	0	0	0	0	0	0	0	0	0	0	0	0	0	1	0	0
Heliyon	2023-01-01	9583108	110600	9194	0	8	0	1	0	0	5	3	0	0	2	2	0	0	0	0	68	0	0	0	0	0	1	2	0	0	0	0	0	0	0	0	0	0
Heliyon	2023-01-01	9578991	77973	7133	0	4	0	0	0	0	1	0	0	0	0	1	0	0	1	0	22	0	0	0	0	1	0	0	0	0	0	0	0	0	0	0	0	0
Heliyon	2023-01-01	9593298	272636	23013	0	0	1	0	0	0	8	1	0	1	2	11	0	0	0	0	69	0	0	3	0	2	2	0	1	0	0	0	0	0	0	0	0	0
Heliyon	2023-01-01	9586911	54150	5136	0	9	0	6	0	0	0	3	0	0	10	3	0	0	3	0	29	0	0	0	0	0	1	1	0	0	0	0	0	0	0	0	0	0
Heliyon	2023-01-01	9586904	68914	6601	0	4	0	4	0	0	0	0	0	0	0	0	0	0	2	0	34	0	0	0	0	0	0	0	1	0	0	0	0	0	0	0	0	0
Heliyon	2023-01-01	9578999	103072	8812	0	3	0	9	0	0	1	3	0	2	1	2	0	0	1	0	23	0	0	0	0	0	0	0	0	0	0	0	1	0	0	0	0	0
Heliyon	2023-01-01	9586894	83761	7344	0	4	0	0	0	0	0	2	0	0	0	0	0	0	1	0	10	0	0	1	0	0	0	0	0	0	0	0	0	0	0	0	0	0
Heliyon	2023-01-01	9634275	85884	7719	0	3	0	3	0	0	0	0	0	0	1	1	0	0	1	0	11	0	0	0	0	0	0	0	0	0	0	0	0	0	0	0	0	0
Heliyon	2023-01-01	9582726	75066	7805	0	4	0	1	0	0	1	3	0	0	0	0	0	0	1	0	26	0	0	5	0	0	1	2	0	0	0	0	0	0	0	0	0	0
Heliyon	2023-01-01	9732121	43680	4162	0	3	0	0	0	0	0	0	0	0	0	4	0	0	3	0	9	0	0	0	0	0	0	0	0	0	0	0	0	0	0	0	0	0
Heliyon	2023-01-01	9614862	60448	5977	0	13	0	2	0	0	4	1	0	0	0	4	0	0	2	0	7	0	0	0	0	1	0	0	0	0	0	0	0	0	0	0	0	0
Heliyon	2023-01-01	9587273	90837	8299	0	8	0	1	0	0	5	2	0	0	1	0	0	0	2	0	6	0	0	1	0	0	1	1	0	0	0	0	0	0	0	0	0	0
Heliyon	2023-01-01	9587285	245383	20110	0	0	0	1	0	0	6	1	0	0	0	2	0	0	0	0	34	0	0	5	0	0	0	0	0	0	0	0	0	0	1	0	0	0
Heliyon	2023-01-01	9586903	138250	11130	0	1	0	1	0	0	3	1	0	5	1	1	0	0	0	0	16	0	0	1	0	0	0	0	0	0	0	0	0	0	0	0	0	0
Heliyon	2023-01-01	9587327	80948	6585	0	7	0	0	0	0	2	1	0	0	0	5	0	0	4	0	27	0	0	0	0	0	0	0	0	0	0	0	0	0	0	0	0	0
Heliyon	2023-01-01	9637671	220466	20211	0	4	2	3	0	0	0	4	0	0	4	4	0	0	4	0	74	0	0	1	0	1	0	0	0	0	0	0	0	1	0	0	0	0
Heliyon	2023-01-01	9578995	103265	9446	0	5	0	1	0	0	1	1	0	0	0	2	0	0	2	0	13	0	9	1	0	0	0	0	0	0	0	0	0	0	0	0	0	0
Heliyon	2023-01-01	9587325	104982	11005	0	10	0	0	0	0	12	2	0	0	1	1	0	0	6	2	24	0	0	6	0	0	5	5	5	0	0	0	0	0	0	0	0	0
Heliyon	2023-01-01	9587269	55545	5402	0	3	2	0	0	0	0	5	0	4	1	2	0	0	2	0	30	0	0	0	0	0	1	0	1	0	0	0	1	0	0	0	0	0
Heliyon	2023-01-01	9586893	109303	10411	0	11	1	3	0	1	7	2	0	0	1	3	0	0	4	0	47	0	0	2	0	0	0	0	0	0	0	0	0	0	0	0	0	0
Heliyon	2023-01-01	9578988	63493	4549	0	3	0	2	0	0	0	0	0	0	4	0	0	0	3	0	7	0	0	0	0	1	0	0	0	0	0	0	0	0	0	0	0	0
Heliyon	2023-01-01	9586918	215274	18247	0	34	0	3	0	0	1	4	0	0	0	7	0	5	4	0	53	0	0	1	0	0	0	6	0	0	0	0	0	0	0	0	0	0
Heliyon	2023-01-01	9578994	190401	14943	0	4	0	1	0	0	6	0	0	5	0	0	0	0	0	0	30	0	0	0	0	1	0	0	0	0	0	0	0	0	0	0	0	0
Heliyon	2023-01-01	9593205	75307	8056	0	7	0	0	0	0	0	2	0	1	4	0	0	0	4	0	29	0	0	3	0	0	0	0	0	0	0	0	0	0	0	0	0	0
Heliyon	2023-01-01	9593193	85329	8309	0	0	0	0	0	0	1	1	0	0	0	3	0	0	0	0	25	0	0	6	0	0	3	0	1	0	0	0	2	0	0	0	0	0
Heliyon	2023-01-01	9593183	98129	8866	0	5	0	4	0	0	7	2	0	5	10	3	0	0	6	0	73	0	0	2	0	0	0	0	0	0	0	0	0	6	0	0	0	0
Heliyon	2023-01-01	9626878	140375	12373	0	5	0	1	0	0	5	11	0	2	3	3	0	0	2	0	52	0	0	7	0	0	2	0	0	0	0	0	0	1	0	1	0	0
Heliyon	2023-01-01	9638732	183644	4931	0	2	0	0	0	0	0	0	0	0	0	1	0	0	2	0	2	0	0	0	0	0	0	0	0	0	0	0	0	0	0	0	0	0
Heliyon	2023-01-01	9593201	113277	10547	0	16	2	1	0	0	7	6	0	0	2	3	0	0	0	0	15	0	0	2	0	0	0	0	0	0	0	0	0	0	0	0	0	0
Heliyon	2023-01-01	9626941	57714	5594	0	4	0	0	0	0	3	1	0	0	1	1	0	0	3	0	12	0	0	0	0	0	0	0	0	0	0	0	0	0	0	0	0	0
Heliyon	2023-01-01	9614860	127074	11888	0	11	1	0	0	0	0	0	0	0	0	2	0	0	2	0	25	0	0	0	0	0	0	2	0	0	0	0	0	0	0	0	0	0
Heliyon	2023-01-01	9593174	123461	13301	0	6	2	2	0	0	7	1	0	1	0	0	0	0	3	0	93	0	0	3	0	0	2	0	0	0	0	0	0	0	0	0	2	0
Heliyon	2023-01-01	9593190	78821	7169	0	12	1	0	0	0	0	1	0	2	0	1	0	0	1	0	22	0	0	2	0	0	0	0	0	0	0	0	0	0	0	0	0	0
Heliyon	2023-01-01	9589186	162087	14710	0	11	1	2	0	0	2	0	0	2	0	0	0	0	5	0	45	0	0	0	0	0	0	0	2	0	0	0	0	4	0	0	0	0
Heliyon	2023-01-01	9593173	67570	7272	0	3	0	3	0	0	1	13	0	2	0	4	0	1	2	0	50	0	0	0	0	0	1	1	0	0	0	0	0	0	0	0	0	0
Heliyon	2023-01-01	9619001	142715	13728	0	14	0	2	0	0	0	1	0	0	1	0	0	0	2	0	12	0	0	3	0	0	1	4	0	0	0	0	3	0	0	0	0	0
Heliyon	2023-01-01	9626548	127485	10912	0	4	0	1	0	0	2	16	0	0	5	1	0	0	2	0	81	0	0	1	0	0	1	1	0	0	0	0	0	1	0	0	0	0
Heliyon	2023-01-01	9626940	89787	8643	0	8	0	0	0	0	1	0	0	2	0	1	0	0	3	0	14	0	0	1	0	0	1	0	1	0	0	0	0	0	0	0	0	0
Heliyon	2023-01-01	9636486	123212	12191	0	11	0	2	0	0	0	1	0	0	0	3	0	0	4	0	22	0	0	2	0	0	0	0	0	0	0	0	0	0	0	0	0	0
Heliyon	2023-01-01	9615317	210972	7888	0	1	0	0	0	0	1	3	0	1	1	1	0	0	2	0	7	0	0	1	0	0	0	0	0	0	0	0	0	0	0	0	0	0
Heliyon	2023-01-01	9593290	112672	9375	0	6	0	0	0	0	3	0	0	0	1	1	0	0	5	0	8	0	0	0	0	0	0	0	0	0	0	0	0	0	0	0	0	0
Heliyon	2023-01-01	9634021	101452	8758	0	8	0	1	0	0	0	0	0	0	0	2	0	0	1	0	49	0	0	0	0	0	0	0	0	0	0	0	0	0	0	0	0	0
Heliyon	2023-01-01	9593276	23695	2185	0	0	0	0	0	0	0	0	0	0	0	0	0	0	0	0	0	0	0	0	0	0	0	0	0	0	0	0	0	0	0	0	0	0
Heliyon	2023-01-01	9593199	155866	13131	0	2	1	2	0	0	0	5	0	0	8	6	0	0	1	0	40	0	0	0	0	0	0	0	0	0	0	0	1	0	0	0	0	0
Heliyon	2023-01-01	9586896	67064	7110	0	3	1	0	0	0	9	0	0	1	0	2	0	0	3	0	68	0	0	3	0	0	4	2	0	0	1	0	0	3	0	0	0	0
Heliyon	2023-01-01	9712568	48782	4476	0	12	0	0	0	0	0	2	0	0	0	3	0	0	2	0	28	0	0	0	0	0	0	0	0	0	0	0	0	0	0	0	0	0
Heliyon	2023-01-01	9706701	102489	7942	0	3	0	0	0	0	0	0	0	0	1	1	0	0	3	0	11	0	0	0	0	0	0	0	0	0	0	0	0	0	0	0	0	0
Heliyon	2023-01-01	9706710	136289	9274	0	5	0	0	0	0	1	2	0	0	7	2	0	0	2	0	19	0	0	2	0	0	1	1	0	0	0	0	0	0	0	0	0	0
Heliyon	2023-01-01	9713338	60783	6203	0	9	0	3	0	0	0	1	0	0	1	6	0	0	1	0	7	0	0	0	0	1	0	0	0	0	0	0	0	0	0	0	0	0
Heliyon	2023-01-01	9706160	96082	7668	0	3	0	3	0	0	0	0	0	0	4	0	0	0	0	3	51	0	0	0	0	0	0	1	0	0	0	0	1	3	0	0	0	0
Heliyon	2023-01-01	9703613	57874	5766	0	3	0	0	0	0	0	0	0	0	0	5	0	0	1	0	9	0	0	0	0	0	0	0	0	0	0	0	0	0	0	0	0	0
Heliyon	2023-01-01	9706696	79047	8859	0	14	0	1	0	0	0	0	0	0	18	0	0	0	3	0	16	0	0	0	0	0	2	2	0	0	0	0	0	0	0	0	0	0
Heliyon	2023-01-01	9708699	95413	8159	0	2	1	0	0	0	0	1	0	0	0	0	0	0	1	0	36	0	0	0	0	0	0	0	0	0	0	0	0	0	0	0	0	0
Heliyon	2023-01-01	9706703	77042	6684	0	3	0	0	0	0	0	0	0	0	0	2	0	0	2	0	15	0	0	0	0	0	1	0	0	0	0	0	0	0	0	0	0	0
Heliyon	2023-01-01	9706693	74000	5471	0	13	0	0	0	0	0	0	0	0	4	0	0	0	2	0	5	0	0	0	0	0	1	0	0	0	0	0	0	0	0	0	0	0
Heliyon	2023-01-01	9706176	117891	7500	0	12	0	0	0	0	0	0	0	0	0	2	0	0	2	0	25	0	0	0	0	0	0	0	0	0	0	0	0	0	0	0	0	0
Heliyon	2023-01-01	9708790	62679	6161	0	2	0	0	0	0	0	0	0	0	1	2	0	0	3	0	22	0	0	0	0	0	0	0	0	0	0	0	0	0	0	0	0	0
Heliyon	2023-01-01	9713331	49327	6004	0	5	0	0	0	0	0	0	0	0	0	0	0	0	1	0	17	0	0	0	0	0	5	1	0	0	0	0	0	0	0	0	0	0
Heliyon	2023-01-01	9708801	123083	10982	0	0	0	0	1	0	4	0	0	0	1	4	0	0	0	0	19	0	0	0	0	2	0	0	0	0	0	0	0	0	0	0	0	0
Heliyon	2023-01-01	9706692	56733	5163	0	5	0	0	0	0	0	1	0	0	1	0	0	0	3	0	30	0	0	0	0	0	1	0	0	0	0	0	0	0	0	0	0	0
Heliyon	2023-01-01	9708753	115043	10773	0	7	0	7	0	0	0	1	0	2	2	4	0	0	3	0	46	0	0	0	0	1	3	0	0	0	0	0	0	0	0	0	0	0
Heliyon	2023-01-01	9713353	199292	15781	1	0	0	0	0	0	6	1	0	2	0	5	0	0	0	0	22	0	0	1	0	2	0	0	0	0	0	0	2	0	0	0	0	0
Heliyon	2023-01-01	9706161	59399	5512	0	15	0	0	0	0	0	0	0	0	0	4	0	0	3	0	10	0	0	0	0	0	0	0	0	0	0	0	0	0	0	0	0	0
Heliyon	2023-01-01	9712555	57812	5000	0	9	1	3	0	0	0	0	0	1	0	0	0	0	3	0	40	0	0	2	0	0	0	1	0	0	0	0	0	0	0	0	0	0
Heliyon	2023-01-01	9713260	121435	11205	0	3	0	2	0	0	2	1	0	1	3	3	0	0	1	0	19	0	0	1	0	0	0	0	0	0	0	0	0	0	0	0	0	0
Heliyon	2023-01-01	9712565	124522	10993	0	5	0	1	0	0	0	1	0	4	0	1	0	0	1	0	17	0	0	0	0	0	1	0	1	0	0	0	0	0	0	0	0	0
Heliyon	2023-01-01	9706125	80535	7455	0	5	0	1	0	0	0	4	0	0	1	2	0	0	3	0	30	0	0	0	0	0	0	1	0	0	0	0	0	0	0	0	0	0
Heliyon	2023-01-01	9708788	87236	8808	0	2	0	0	0	0	1	0	0	18	0	1	0	0	1	0	18	0	0	1	0	0	0	0	0	0	0	0	0	0	0	0	0	0
Heliyon	2023-01-01	9713333	109723	7973	0	4	0	0	0	0	0	2	0	0	0	0	0	0	2	0	19	0	0	0	0	1	0	0	0	0	0	0	1	0	0	0	0	0
Heliyon	2023-01-01	9706164	95963	9075	0	6	0	3	0	1	0	0	0	0	2	5	0	0	3	0	22	0	0	0	0	0	0	0	0	0	0	0	0	0	0	0	0	0
Heliyon	2023-01-01	9649976	142504	13488	0	3	1	3	0	0	2	6	0	0	0	3	0	0	1	0	38	0	0	0	0	0	6	0	2	0	0	0	0	0	0	0	0	0
Heliyon	2023-01-01	9663872	125618	11098	0	8	0	3	0	1	0	2	0	0	0	5	0	0	2	0	31	0	0	0	0	0	0	0	0	0	0	0	0	0	0	0	0	0
Heliyon	2023-01-01	9647490	142299	9193	0	2	0	0	0	0	1	1	0	1	1	1	0	0	2	0	17	0	0	0	0	0	0	0	0	0	0	0	0	0	0	0	0	0
Heliyon	2023-01-01	9647439	134503	9478	0	9	0	0	0	0	0	0	0	0	1	0	0	0	3	0	3	0	0	0	0	0	0	0	0	0	1	0	4	0	0	1	0	0
Heliyon	2023-01-01	9667265	51573	4865	0	4	1	5	0	0	1	0	0	0	0	0	0	0	1	0	34	0	0	1	0	0	2	1	0	0	0	0	0	0	0	0	0	0
Heliyon	2023-01-01	9647361	99032	9473	0	6	0	0	0	0	6	1	0	1	15	12	0	0	2	0	25	0	0	2	0	0	0	0	0	0	0	0	5	2	0	0	0	3
Heliyon	2023-01-01	9647493	658293	13566	0	3	0	0	0	0	0	0	0	0	0	0	0	0	3	0	4	0	0	0	0	0	0	0	0	0	0	0	0	0	0	0	0	0
Heliyon	2023-01-01	9641220	78599	6278	0	4	1	0	0	0	1	0	0	0	1	1	0	0	3	0	35	0	0	0	0	0	2	0	0	0	0	0	0	0	0	0	0	0
Heliyon	2023-01-01	9647461	73687	6367	0	2	0	1	0	0	1	2	0	0	0	8	0	0	0	0	52	0	0	0	0	0	0	2	0	0	0	0	0	0	0	0	0	0
Heliyon	2023-01-01	9668679	142911	11980	0	6	1	2	0	0	0	3	0	0	2	1	0	0	8	0	37	0	0	1	0	0	1	0	0	0	0	0	0	0	0	0	0	0
Heliyon	2023-01-01	9660591	56604	5041	0	6	0	0	0	0	1	0	0	0	0	5	0	0	3	0	18	0	0	0	0	0	0	0	0	0	0	0	0	0	0	0	0	0
Heliyon	2023-01-01	9647475	46404	4970	0	9	0	1	0	0	0	0	0	4	0	9	0	0	2	0	10	0	0	0	0	0	0	0	0	0	0	0	0	0	0	0	0	0
Heliyon	2023-01-01	9649975	88777	7240	0	4	0	0	0	0	0	0	0	0	0	0	0	0	3	0	19	0	0	0	0	0	0	0	0	0	0	0	0	0	0	0	0	0
Heliyon	2023-01-01	9649987	156143	12610	0	17	1	17	0	0	0	0	0	0	5	5	0	0	4	0	134	0	0	1	0	0	0	2	0	0	0	0	0	0	0	1	0	0
Heliyon	2023-01-01	9660602	109766	11019	0	6	0	2	0	0	0	3	0	1	0	1	0	1	2	0	25	0	0	0	0	0	0	0	0	0	0	0	0	0	0	0	0	0
Heliyon	2023-01-01	9647501	185497	13318	0	4	0	1	1	0	0	0	0	2	4	0	0	0	1	0	41	0	0	0	0	0	0	1	0	0	1	0	2	0	2	0	0	0
Heliyon	2023-01-01	9647364	109533	7235	0	2	0	0	0	0	0	0	0	0	1	1	0	0	1	0	5	0	0	0	0	0	0	0	0	0	0	0	0	0	0	0	0	0
Heliyon	2023-01-01	9650007	87889	8230	0	14	0	1	0	0	2	1	0	0	9	0	0	0	3	0	16	0	0	2	0	0	0	0	0	0	0	0	0	0	0	1	0	0
Heliyon	2023-01-01	9667249	197999	9782	0	6	0	0	0	0	0	0	0	0	0	1	0	0	3	0	7	0	0	0	0	0	0	0	0	0	0	0	0	0	0	0	0	0
Heliyon	2023-01-01	9647348	117353	12115	0	6	1	14	0	0	2	8	0	3	14	3	0	0	3	0	56	0	0	0	0	0	0	0	0	0	0	0	0	0	0	0	0	0
Heliyon	2023-01-01	9667273	134406	13055	2	3	1	4	0	0	1	2	0	4	1	1	0	4	3	0	62	0	0	2	0	0	0	0	0	0	2	0	0	1	0	0	0	2
Heliyon	2023-01-01	9649963	32963	3113	0	4	0	0	0	0	1	0	0	0	0	2	0	0	3	0	4	0	0	0	0	0	0	0	0	0	0	0	0	0	0	0	0	0
Heliyon	2023-01-01	9674499	70878	5692	0	0	0	1	0	0	0	0	0	0	1	0	0	0	0	0	16	0	0	0	0	0	0	0	0	0	0	0	0	0	0	0	0	0
Heliyon	2023-01-01	9668686	99376	9774	0	2	0	0	0	0	1	3	0	7	3	2	0	0	1	0	47	0	2	1	0	0	0	11	1	0	0	0	0	0	0	0	0	2
Heliyon	2023-01-01	9660592	162992	13550	0	5	0	0	0	0	1	0	0	0	0	0	0	0	0	0	18	0	0	0	0	0	0	0	0	0	0	0	0	0	0	0	0	0
Heliyon	2023-01-01	9706142	110563	10962	0	5	0	2	0	0	4	7	0	3	0	5	0	0	2	0	13	0	0	0	0	0	0	0	0	0	0	0	0	0	0	0	0	0
Heliyon	2023-01-01	9674510	96825	8572	0	10	1	2	0	0	0	0	0	0	0	2	0	0	3	0	17	0	0	1	0	0	0	0	0	0	0	0	0	0	0	0	0	0
Heliyon	2023-01-01	9674553	147548	13487	0	5	1	8	0	0	0	0	0	1	8	1	0	0	1	0	25	0	0	0	0	0	0	0	2	0	0	0	0	0	0	0	0	0
Heliyon	2023-01-01	9668569	153097	6810	0	2	0	0	0	0	0	0	0	0	0	0	0	0	2	0	5	0	1	0	0	0	0	0	0	0	0	0	0	0	0	0	0	0
Heliyon	2023-01-01	9674496	85740	8746	0	5	2	2	0	0	3	15	0	0	12	3	0	0	1	0	43	0	0	3	0	0	0	1	0	0	0	0	0	0	0	0	0	0
Heliyon	2023-01-01	9674887	90291	11177	0	1	0	1	0	0	1	2	0	3	0	0	0	0	3	0	65	0	0	2	0	0	1	0	0	0	0	0	2	1	1	0	0	2
Heliyon	2023-01-01	9667259	72897	7143	0	4	0	1	0	0	0	0	0	1	0	0	0	0	3	0	14	0	0	0	0	0	0	0	0	0	0	0	0	0	0	0	0	0
Heliyon	2023-01-01	9674511	188020	16798	0	3	0	0	0	0	9	5	0	0	0	6	0	0	0	0	28	0	0	4	0	1	0	0	0	0	0	0	0	0	0	0	0	0
Heliyon	2023-01-01	9674905	62884	6190	0	7	0	0	0	0	0	1	0	0	1	0	0	0	5	0	26	0	0	0	0	0	4	0	0	0	0	0	1	0	0	0	0	0
Heliyon	2023-01-01	9674882	157150	10184	0	9	0	2	0	0	2	1	0	6	0	1	0	0	1	0	13	0	0	2	0	0	1	0	1	0	0	0	1	0	0	0	0	0
Heliyon	2023-01-01	9674502	96647	9546	0	9	0	3	0	0	0	0	0	1	2	3	0	0	3	0	27	0	0	0	0	0	0	0	0	0	0	0	1	1	0	0	0	0
Heliyon	2023-01-01	9674913	92286	8278	0	3	0	0	0	0	0	0	0	1	3	4	0	0	4	0	63	0	0	0	0	0	0	0	0	0	0	0	0	0	0	1	0	0
Heliyon	2023-01-01	9674910	94831	9290	0	7	0	11	0	0	0	4	0	2	4	9	0	0	1	0	81	0	0	1	0	0	0	0	0	0	0	0	0	0	0	0	0	0
Heliyon	2023-01-01	9678696	116728	9327	0	16	0	1	0	0	0	0	0	1	0	0	0	0	3	0	20	0	1	2	0	0	0	0	0	0	0	0	0	0	0	0	0	0
Heliyon	2023-01-01	9668519	136893	14322	1	17	0	2	0	0	0	0	0	0	2	3	0	0	3	0	19	0	0	1	0	4	19	0	1	0	0	1	0	0	0	0	0	0
Heliyon	2023-01-01	9674902	84599	5445	0	3	0	2	0	0	0	3	0	0	3	0	0	0	1	0	22	0	0	0	0	0	0	0	1	0	0	0	0	0	0	0	0	0
Heliyon	2023-01-01	9674903	137866	10539	0	11	0	2	0	0	0	0	0	1	3	2	0	0	3	0	40	0	0	2	0	2	5	5	0	0	0	0	0	0	0	0	0	0
Heliyon	2023-01-01	9668682	137653	11920	0	8	0	4	0	0	1	0	0	1	8	0	0	0	4	0	24	0	0	2	0	0	0	0	0	0	0	0	0	0	0	0	0	0
Heliyon	2023-01-01	9718984	74955	6006	0	3	0	0	0	0	0	2	0	0	2	10	0	0	1	0	27	0	0	0	0	0	0	0	0	0	0	0	0	0	0	0	0	0
Heliyon	2023-01-01	9674507	126705	12795	0	5	0	4	0	0	0	4	0	0	2	1	0	0	1	0	51	0	0	1	0	0	0	0	0	0	0	0	0	1	0	0	0	0
Heliyon	2023-01-01	9667271	64680	6421	0	3	0	1	0	0	0	1	0	0	0	3	0	0	2	0	19	0	0	0	0	0	0	0	0	0	0	0	0	1	0	0	0	0
Heliyon	2023-01-01	9691926	79074	8485	0	7	0	0	0	0	2	0	0	0	0	0	0	0	3	0	13	0	0	2	0	0	0	0	0	0	0	0	0	0	0	0	0	0
Heliyon	2023-01-01	9676520	78321	6998	0	6	0	0	0	0	0	0	0	0	3	0	0	0	3	0	18	0	1	0	0	0	0	0	0	0	0	0	0	0	0	0	0	0
Heliyon	2023-01-01	9674911	128895	9116	0	9	0	2	0	0	1	1	0	0	4	0	0	0	1	0	25	0	0	1	0	0	1	0	1	0	0	0	0	0	0	0	0	0
Heliyon	2023-01-01	9667246	61914	5367	0	1	0	2	0	0	0	2	0	0	1	0	0	0	0	0	29	0	0	1	0	0	1	0	0	0	0	0	0	0	0	0	0	0
Heliyon	2023-01-01	9708631	82678	7376	0	8	0	2	0	0	0	5	0	0	1	6	0	0	2	0	27	0	0	2	0	0	0	0	0	0	0	0	1	0	0	0	0	1
Heliyon	2023-01-01	9694098	89927	7368	0	16	0	0	0	0	9	5	0	0	3	6	0	0	2	0	32	0	0	0	0	0	0	0	0	0	0	0	0	0	0	0	0	0
Heliyon	2023-01-01	9699980	79292	7047	0	10	0	0	0	0	0	0	0	2	0	6	0	0	3	0	19	0	0	0	0	1	0	0	0	0	0	0	0	0	0	0	0	0
Heliyon	2023-01-01	9691932	132726	11649	0	6	0	0	0	0	0	0	0	0	0	10	0	0	2	0	38	0	0	1	0	0	0	0	0	0	0	0	0	0	0	0	0	0
Heliyon	2023-01-01	9703610	63032	6059	0	5	1	3	0	0	1	1	0	0	0	1	0	0	2	0	31	0	0	3	0	0	0	0	0	0	0	0	0	0	0	1	0	0
Heliyon	2023-01-01	9694148	80227	8852	0	18	0	0	0	0	0	0	0	0	1	1	0	0	5	0	17	0	0	1	0	0	0	0	0	0	0	0	2	0	0	0	0	0
Heliyon	2023-01-01	9708628	197977	12054	0	2	0	1	0	0	0	3	0	0	12	0	0	0	1	0	15	0	0	1	0	1	0	1	0	1	0	0	0	0	0	0	0	1
Heliyon	2023-01-01	9681654	152333	13637	0	3	0	0	0	0	0	0	0	0	48	3	0	0	3	0	61	0	0	3	0	0	0	0	0	0	0	0	0	0	0	0	0	0
Heliyon	2023-01-01	9713280	103874	9632	0	14	0	2	0	0	1	0	0	0	0	7	0	0	3	0	17	0	0	0	0	0	0	0	0	0	0	0	0	0	0	0	0	0
Heliyon	2023-01-01	9694103	64635	6004	0	8	0	1	0	0	0	3	0	0	0	6	0	0	5	0	44	0	0	0	0	0	0	0	0	0	0	0	0	0	0	0	0	0
Heliyon	2023-01-01	9699975	71290	5910	0	5	0	2	0	0	1	0	0	0	0	2	0	0	1	0	22	0	0	3	0	0	0	0	0	0	0	0	0	0	0	0	0	0
Heliyon	2023-01-01	9681642	78483	6426	0	5	0	0	0	0	0	2	0	0	0	1	0	0	2	0	14	0	0	0	0	0	1	1	0	0	0	0	0	1	0	0	0	0
Heliyon	2023-01-01	9708688	132661	12833	0	5	5	20	0	0	1	5	0	2	1	0	0	0	8	0	181	0	0	0	0	1	0	0	0	0	0	0	0	0	0	0	0	0
Heliyon	2023-01-01	9718972	92047	10323	0	19	0	0	0	0	0	0	0	1	0	3	0	0	6	0	44	0	1	0	0	0	0	0	0	0	0	0	0	0	0	0	0	0
Heliyon	2023-01-01	9699972	130014	11075	0	3	0	2	0	0	2	0	0	0	1	4	0	0	1	0	18	0	0	1	0	0	0	0	0	0	0	0	0	0	0	0	0	0
Heliyon	2023-01-01	9699988	384195	27081	0	2	1	0	0	0	4	0	0	9	12	4	0	0	0	0	35	0	0	0	0	0	0	0	0	0	0	0	0	2	0	1	0	0
Heliyon	2023-01-01	9691912	93707	9196	0	4	0	3	0	0	8	4	0	0	2	4	0	1	2	0	53	0	0	5	0	0	1	0	1	0	0	0	1	1	0	0	0	0
Heliyon	2023-01-01	9706135	133434	12032	0	5	0	1	1	0	6	6	0	0	9	5	0	0	2	0	58	0	0	1	0	0	0	1	0	0	0	0	2	0	0	0	0	0
Heliyon	2023-01-01	9691927	112445	7756	0	2	0	0	0	0	0	0	0	0	0	0	0	0	2	0	8	0	0	0	0	0	0	0	0	0	0	0	0	0	0	0	0	0
Heliyon	2023-01-01	9708626	94317	9722	0	9	1	1	0	1	0	0	0	0	0	0	0	0	1	0	19	0	1	1	0	0	0	0	0	0	0	0	0	0	0	0	0	0
Heliyon	2023-01-01	9699962	82649	8450	0	3	0	0	0	0	0	4	0	0	9	1	0	0	3	0	6	0	0	0	0	0	0	0	0	0	0	0	0	0	0	0	0	0
Heliyon	2023-01-01	9681652	97239	10113	0	7	0	9	0	0	0	10	0	2	1	4	0	0	3	0	61	0	0	0	0	0	0	0	0	0	0	0	0	0	0	4	0	0
Heliyon	2023-01-01	9694389	77439	6485	0	7	0	0	0	0	0	1	0	0	4	5	0	0	4	0	40	0	0	0	0	0	0	0	0	0	0	0	0	0	0	0	0	0
Heliyon	2023-01-01	9834750	109262	8638	0	3	0	2	0	0	0	0	0	3	7	3	0	0	1	0	15	0	0	0	0	0	0	0	0	0	0	0	0	1	0	0	0	0
Heliyon	2023-01-01	9813725	123559	11832	0	5	1	4	0	0	10	5	0	0	1	1	0	0	4	0	24	0	0	9	0	0	1	0	0	0	0	0	1	0	0	0	0	0
Heliyon	2023-01-01	9830167	118580	11803	0	16	0	8	0	0	1	7	0	0	1	1	0	1	3	0	48	0	0	3	0	0	1	0	0	0	0	0	0	0	0	0	0	0
Heliyon	2023-01-01	9813733	143366	12906	0	4	1	3	0	0	4	1	0	3	2	2	0	0	2	0	78	0	0	4	0	0	0	3	0	0	0	0	0	0	0	0	0	0
Heliyon	2023-01-01	9830152	78282	7607	0	5	1	2	0	0	0	0	0	0	0	2	0	0	3	0	7	0	0	0	0	0	0	0	0	0	0	0	0	0	0	0	0	0
Heliyon	2023-01-01	9834744	103413	9397	0	7	1	2	0	0	1	6	0	0	4	0	0	0	2	0	64	0	0	6	0	0	0	2	0	1	0	0	0	0	0	0	0	0
Heliyon	2023-01-01	9816784	90415	7870	0	3	0	0	0	0	0	1	0	0	0	6	0	0	3	0	25	0	0	0	0	0	0	0	0	0	0	0	0	0	0	0	0	1
Heliyon	2023-01-01	9816766	91051	9134	0	12	1	5	0	1	0	0	0	0	0	0	0	0	3	0	7	0	0	1	0	0	1	0	0	0	1	0	0	0	1	0	0	0
Heliyon	2023-01-01	9830162	125895	9551	0	8	0	1	0	0	0	2	0	5	3	0	0	0	5	0	33	0	0	0	0	0	0	0	0	0	0	0	0	0	0	0	0	0
Heliyon	2023-01-01	9834742	94260	8041	0	8	0	7	0	0	2	0	0	0	2	2	0	0	3	0	42	0	0	1	0	0	0	0	0	0	0	0	0	0	0	0	0	0
Heliyon	2023-01-01	9830176	92867	8628	0	4	0	1	0	0	1	0	0	0	0	0	0	0	2	0	50	0	0	0	0	1	0	0	1	0	0	0	0	0	0	0	0	1
Heliyon	2023-01-01	9830180	224842	18187	0	0	0	0	0	0	2	3	0	1	1	8	0	0	0	0	28	0	0	3	0	0	1	0	0	0	0	0	0	0	0	2	0	0
Heliyon	2023-01-01	9830165	99999	10211	0	3	0	0	0	0	1	4	0	0	0	0	0	0	1	0	17	0	0	0	0	0	0	0	0	0	0	0	0	0	0	0	0	0
Heliyon	2023-01-01	9834715	272542	21699	0	11	0	5	0	0	3	1	0	0	4	1	0	0	1	0	81	0	0	5	0	0	0	0	0	0	0	0	0	0	0	0	0	0
Heliyon	2023-01-01	9830163	116093	10329	0	10	0	0	0	0	0	0	0	0	2	0	0	0	3	0	16	0	0	0	0	0	0	0	0	0	0	0	0	0	0	0	0	0
Heliyon	2023-01-01	9816967	75194	6436	0	1	0	0	0	0	2	0	0	0	0	1	0	0	1	0	6	0	0	3	0	0	0	0	0	0	0	0	0	0	0	0	0	0
Heliyon	2023-01-01	9813705	73205	7373	0	2	0	2	0	0	5	1	0	1	0	3	0	0	1	0	39	0	0	2	0	0	0	1	1	0	0	0	0	0	0	0	0	0
Heliyon	2023-01-01	9830171	139073	12515	0	5	0	0	0	0	1	0	0	0	0	0	0	0	3	0	7	0	0	0	0	0	0	0	0	0	0	0	0	0	0	0	0	0
Heliyon	2023-01-01	9834771	130302	10440	0	1	0	0	0	0	0	0	0	5	2	0	0	0	0	0	5	0	0	0	0	0	0	0	0	0	0	0	0	0	0	0	0	0
Heliyon	2023-01-01	9834769	62915	6304	0	6	0	0	0	0	3	0	0	0	0	1	0	0	1	0	30	0	0	0	0	0	0	0	0	0	0	0	1	0	0	0	0	0
Heliyon	2023-01-01	9816968	80159	7064	0	4	0	2	0	0	3	16	0	0	0	1	0	0	2	0	43	0	0	0	0	0	0	0	0	0	0	0	0	0	0	0	0	0
Heliyon	2023-01-01	9834775	142380	13449	0	5	0	1	0	0	0	0	0	0	0	0	0	0	3	0	43	0	0	2	0	0	1	0	0	0	0	0	0	0	0	0	0	0
Heliyon	2023-01-01	9834772	159655	16050	0	7	1	8	0	0	2	5	0	0	0	8	0	0	4	1	113	0	0	10	0	4	1	0	0	0	0	0	0	0	0	0	0	1
Heliyon	2023-01-01	9834747	111145	9422	0	6	0	6	0	0	5	5	0	0	12	2	0	0	1	0	49	0	0	1	0	0	0	0	0	0	0	0	1	2	0	0	0	1
Heliyon	2023-01-01	9834754	150275	14596	0	4	0	6	0	0	0	2	0	0	8	1	0	0	2	0	35	0	0	2	0	0	6	0	1	0	1	0	1	2	10	0	0	0
Heliyon	2023-01-01	9761722	71636	7430	0	7	0	1	0	0	7	0	0	0	0	0	0	0	0	0	83	0	2	0	0	1	2	2	0	0	0	0	0	0	0	0	0	0
Heliyon	2023-01-01	9764186	61649	5624	0	2	0	0	0	0	1	0	0	0	1	0	0	0	0	0	14	0	0	0	0	0	0	0	0	0	0	0	0	0	0	0	1	0
Heliyon	2023-01-01	9747590	101305	8962	0	1	0	4	0	0	0	3	0	1	2	4	0	0	1	0	122	0	0	1	0	0	1	0	1	0	0	0	0	0	0	0	0	0
Heliyon	2023-01-01	9747595	199584	13013	0	4	0	1	0	0	1	7	0	0	39	2	0	0	5	0	42	0	0	0	0	0	0	0	0	0	0	0	1	0	0	1	0	3
Heliyon	2023-01-01	9747579	88169	8363	0	7	0	2	0	0	2	1	0	8	0	9	0	0	2	0	30	0	0	0	0	0	0	0	0	0	0	0	0	0	0	0	0	0
Heliyon	2023-01-01	9761608	132939	11622	0	10	0	1	0	0	2	2	0	2	2	1	0	0	7	0	25	0	0	0	0	0	0	0	0	0	0	0	0	0	0	0	0	0
Heliyon	2023-01-01	9761708	90947	5877	0	1	0	0	0	0	0	0	0	0	3	2	0	0	1	0	43	0	0	0	0	0	0	0	0	0	0	0	0	0	0	0	0	0
Heliyon	2023-01-01	9816990	135851	14717	0	2	2	0	0	0	1	1	0	2	0	0	0	0	1	0	13	0	1	2	0	0	0	0	0	0	0	0	0	0	0	1	0	0
Heliyon	2023-01-01	9747605	151111	10993	0	3	0	0	0	0	4	0	0	0	0	4	0	0	3	0	15	0	0	0	0	0	0	0	0	0	0	0	0	0	0	0	0	0
Heliyon	2023-01-01	9791359	84785	8007	0	19	0	0	0	0	3	1	0	0	0	8	0	0	1	0	16	0	1	1	0	0	0	0	0	0	0	0	0	0	0	0	0	0
Heliyon	2023-01-01	9763747	52443	4440	0	2	0	0	0	0	1	2	0	0	0	2	0	0	2	0	2	0	0	0	0	0	1	0	0	0	0	0	0	1	0	0	0	0
Heliyon	2023-01-01	9761728	147844	13594	0	6	0	5	0	0	3	0	0	2	4	0	0	0	2	0	25	0	0	1	0	0	0	0	0	0	0	0	0	0	0	0	0	0
Heliyon	2023-01-01	9763764	87637	8213	0	5	0	0	0	0	2	4	0	2	2	5	0	0	2	0	42	0	0	1	0	0	2	1	0	0	0	0	0	1	1	0	0	0
Heliyon	2023-01-01	9758402	50378	4337	0	6	0	0	0	0	0	0	0	0	0	0	0	0	2	0	6	0	0	0	0	0	0	0	0	0	0	0	0	0	0	0	0	0
Heliyon	2023-01-01	9764192	130146	11406	0	4	0	0	0	0	1	4	0	1	6	1	0	0	2	0	39	0	0	8	0	0	0	0	1	0	0	0	0	0	0	0	0	0
Heliyon	2023-01-01	9761610	94129	7186	0	9	0	1	0	0	3	1	0	0	3	7	0	0	4	0	32	0	0	0	0	0	1	1	0	0	0	0	0	0	0	0	0	0
Heliyon	2023-01-01	9761603	100448	7564	0	4	0	0	0	0	0	0	0	1	2	0	0	0	3	0	16	0	0	0	0	0	0	0	0	0	0	0	0	0	0	0	0	0
Heliyon	2023-01-01	9761707	71364	7779	0	12	0	1	0	0	1	0	0	0	0	1	0	1	3	0	46	0	0	3	0	0	1	0	0	0	0	0	0	0	1	0	0	1
Heliyon	2023-01-01	9761713	127602	11573	0	15	1	1	0	0	3	1	0	0	0	2	0	0	3	0	43	0	0	0	0	0	0	0	0	0	0	0	0	0	0	0	0	0
Heliyon	2023-01-01	9763748	77900	7016	0	3	0	0	0	0	1	0	0	0	0	0	0	0	3	0	13	0	0	0	0	0	0	0	0	0	0	0	0	0	0	0	0	0
Heliyon	2023-01-01	9761726	77010	7208	0	6	0	0	0	0	0	1	0	1	1	0	0	0	2	0	28	0	0	0	0	1	0	0	0	0	0	0	0	0	0	0	0	0
Heliyon	2023-01-01	9763766	59094	5484	0	7	0	0	0	0	0	0	0	0	3	2	0	0	5	0	4	0	0	0	0	0	0	0	0	0	0	0	0	0	0	0	0	0
Heliyon	2023-01-01	9761725	80392	8006	0	6	0	0	0	0	5	1	0	9	1	1	0	0	2	0	11	0	0	0	0	0	0	1	0	0	0	0	0	0	0	0	0	0
Heliyon	2023-01-01	9747589	200692	14054	0	11	0	0	0	0	7	1	0	0	2	4	0	0	1	0	41	0	0	1	0	1	1	0	0	0	0	0	0	0	0	0	0	0
Heliyon	2023-01-01	9768318	89910	6588	0	4	0	0	0	0	0	0	0	0	2	2	0	0	2	0	19	0	0	2	0	0	0	0	0	0	0	0	0	0	0	0	0	0
Heliyon	2023-01-01	9816671	71286	7405	0	37	0	2	0	0	8	2	0	0	1	9	0	0	3	0	33	0	4	1	0	1	4	0	0	0	0	0	0	0	0	0	0	0
Heliyon	2023-01-01	9793173	69260	6271	0	3	0	1	0	0	0	1	0	0	1	1	0	0	1	0	5	0	0	0	0	1	0	0	0	0	0	0	0	0	0	0	0	0
Heliyon	2023-01-01	9793258	63424	6526	0	11	0	0	0	0	3	0	0	0	1	9	0	0	3	0	15	0	0	2	0	0	0	0	0	0	0	0	0	0	0	0	0	0
Heliyon	2023-01-01	9871079	106688	11157	0	6	0	4	0	1	1	0	0	0	0	4	0	0	2	0	48	0	0	0	0	0	0	0	0	0	0	0	1	6	0	0	0	0
Heliyon	2023-01-01	9791825	58679	5851	0	3	0	1	0	0	0	0	0	1	0	0	0	0	1	0	13	0	0	0	0	0	0	0	0	0	0	0	0	0	0	0	0	0
Heliyon	2023-01-01	9813710	119384	7980	0	3	0	0	0	0	0	0	0	0	2	2	0	0	2	0	27	0	0	0	0	0	0	0	0	0	0	0	0	1	0	0	0	0
Heliyon	2023-01-01	9793282	137676	10813	0	5	0	4	0	0	5	0	0	0	1	2	0	0	3	0	47	0	0	1	0	0	0	1	0	0	0	0	0	0	0	0	0	0
Heliyon	2023-01-01	9792754	81560	7408	0	4	1	0	0	0	0	0	0	0	0	8	0	0	3	0	8	0	0	0	0	0	0	0	0	0	0	0	0	0	0	0	0	0
Heliyon	2023-01-01	9801083	65897	5931	0	5	1	1	0	0	0	2	0	0	3	0	0	0	1	0	9	0	0	0	0	0	0	0	0	0	0	0	0	0	0	0	0	0
Heliyon	2023-01-01	9800327	136977	10885	0	14	0	1	0	0	0	3	0	0	3	3	0	0	1	0	33	0	0	2	0	0	0	0	0	0	0	0	4	0	0	0	0	0
Heliyon	2023-01-01	9792753	88192	8344	0	17	0	6	0	0	2	17	0	2	3	2	0	0	4	0	32	0	0	0	0	0	0	0	0	0	0	0	0	0	0	0	0	1
Heliyon	2023-01-01	9988470	78921	7307	0	5	0	1	0	0	5	4	0	0	1	2	0	0	3	0	43	0	0	0	0	0	0	0	0	0	0	0	0	0	0	0	0	0
Heliyon	2023-01-01	9792747	97283	9557	0	9	0	7	0	0	0	1	0	2	5	1	0	0	3	0	32	0	0	0	0	1	0	0	0	0	0	0	0	0	0	0	0	0
Heliyon	2023-01-01	9803788	124864	10305	0	3	0	1	0	0	1	0	0	0	2	2	0	0	2	0	22	0	0	1	0	0	0	0	0	0	0	0	0	0	0	0	0	0
Heliyon	2023-01-01	9792743	111044	13131	0	2	0	0	0	0	2	2	0	0	1	1	0	0	1	0	25	0	0	0	0	0	2	1	0	0	0	0	0	1	0	0	0	0
Heliyon	2023-01-01	9792805	53016	4934	0	6	0	0	0	0	0	1	0	0	1	0	0	0	3	0	22	0	0	0	0	0	0	0	0	0	0	0	0	0	0	0	0	0
Heliyon	2023-01-01	9792758	122168	13341	0	12	0	0	0	0	6	1	0	0	3	1	0	0	1	0	27	0	0	2	0	0	2	0	0	0	0	0	0	0	0	0	0	2
Heliyon	2023-01-01	9816981	121873	10033	0	3	0	1	0	0	1	1	0	0	0	2	0	0	0	0	39	0	0	0	0	0	0	0	0	0	0	0	0	0	0	0	0	0
Heliyon	2023-01-01	9794896	88241	8323	0	7	0	1	0	1	0	0	0	0	0	1	0	0	3	0	30	0	0	0	0	0	1	0	0	0	0	0	0	0	0	0	0	0
Heliyon	2023-01-01	9794902	101307	10716	0	7	2	1	0	0	0	0	0	0	0	1	0	0	2	0	38	0	0	1	0	0	0	0	0	0	0	0	0	0	0	0	0	0
Heliyon	2023-01-01	9830173	75863	6456	0	4	0	1	0	0	2	0	0	0	0	1	0	0	1	0	20	0	0	0	0	0	0	0	0	0	0	0	0	0	0	0	0	0
Heliyon	2023-01-01	9800332	146410	12676	0	4	0	2	0	0	1	1	0	0	1	7	0	0	2	0	69	0	0	0	0	0	0	0	0	0	0	0	0	0	0	0	0	0
Heliyon	2023-01-01	9801086	96864	6914	0	3	0	0	0	0	0	0	0	0	2	0	0	0	2	0	6	0	0	0	0	2	0	0	0	0	0	0	0	0	0	0	0	0
Heliyon	2023-01-01	9813691	96207	8633	0	4	0	2	0	0	0	1	0	2	14	0	0	0	2	0	24	0	0	1	0	0	0	0	0	0	0	0	0	0	0	0	0	0
Heliyon	2023-01-01	9813718	54827	5034	0	7	0	1	0	0	0	0	0	0	0	2	0	0	3	0	19	0	0	0	0	0	0	0	0	0	0	0	0	1	0	0	0	0
Heliyon	2023-01-01	9834773	1428860	32380	0	3	0	0	0	0	3	0	0	15	65	4	0	0	1	0	22	0	0	1	0	0	0	0	0	0	0	0	1	0	0	2	0	0
Heliyon	2023-01-01	9803791	75255	9460	0	4	0	0	0	0	0	0	0	3	0	0	0	0	1	0	11	0	0	0	0	0	0	0	1	0	0	0	0	0	0	0	0	0
Heliyon	2023-01-01	9850002	80828	6351	0	9	0	0	0	0	1	0	0	0	0	2	0	0	1	0	9	0	0	0	0	0	0	0	1	0	0	0	0	0	0	0	0	0
Heliyon	2023-01-01	9860277	150642	10443	0	3	0	1	0	0	1	0	0	2	2	0	0	0	3	0	5	0	0	1	0	0	0	0	0	0	0	0	0	0	0	0	0	0
Heliyon	2023-01-01	9830155	131527	9113	0	4	0	1	0	0	0	0	0	1	61	0	0	0	3	0	8	0	0	0	0	1	0	0	0	0	0	0	0	0	0	0	0	0
Heliyon	2023-01-01	9803776	57658	6083	0	12	0	0	0	0	0	1	0	2	0	4	0	0	6	0	39	0	0	1	0	0	0	0	0	0	0	0	0	0	0	0	0	0
Heliyon	2023-01-01	9803792	91119	9566	0	11	1	2	0	0	1	0	0	0	3	0	0	0	3	0	31	0	0	1	0	0	0	0	0	0	0	0	0	0	0	0	0	0
Heliyon	2023-01-01	9816785	78091	7129	0	4	0	0	0	0	0	1	0	1	0	1	0	0	2	0	12	0	0	0	0	0	0	0	0	0	0	0	0	0	0	0	0	0
Heliyon	2023-01-01	9803767	29776	3129	0	1	0	0	0	0	0	1	0	0	0	2	0	0	1	1	11	0	0	0	0	0	0	0	1	0	0	0	0	0	0	0	0	0
Heliyon	2023-01-01	9803688	124066	10314	0	3	0	2	0	0	0	4	0	0	12	5	0	0	1	0	53	0	0	0	0	0	5	0	0	0	0	0	0	0	0	0	0	0
Heliyon	2023-01-01	9803712	157634	13439	0	15	0	2	0	0	0	0	0	2	10	1	0	0	3	0	70	0	0	0	0	0	1	0	0	0	0	0	1	0	0	0	0	0
Heliyon	2023-01-01	9834712	195113	15600	0	6	0	0	1	0	0	0	0	0	69	1	0	0	2	0	36	0	0	1	0	0	1	1	0	0	0	0	0	0	1	0	0	0
Heliyon	2023-01-01	9803824	116305	9559	0	9	0	3	0	0	0	2	0	1	8	1	0	1	4	0	29	0	0	5	0	0	2	0	0	0	0	0	0	0	0	1	0	0
Heliyon	2023-01-01	9830175	87847	7507	0	4	0	0	0	0	1	0	0	0	1	6	0	0	2	0	9	0	0	1	0	0	0	0	1	0	0	0	0	0	0	0	0	0
Heliyon	2023-01-01	9812704	145981	11505	0	11	0	0	0	0	0	8	0	0	5	6	1	0	1	0	35	0	0	0	0	0	1	2	1	0	0	0	1	0	0	0	0	0
Heliyon	2023-01-01	9834745	134368	12778	0	7	0	2	0	0	6	6	0	0	1	5	0	0	4	0	53	0	0	3	0	0	0	0	0	0	0	0	0	0	0	1	0	3
Heliyon	2023-01-01	9816984	128813	11594	0	6	0	2	0	0	2	7	0	0	2	8	0	0	1	0	48	0	0	2	0	0	1	1	0	0	0	0	0	0	0	0	0	0
Heliyon	2023-01-01	9830177	99219	11185	0	10	4	6	0	0	0	1	0	0	0	0	0	0	2	0	46	0	0	1	0	0	0	0	0	0	0	0	0	0	0	0	0	0
Heliyon	2023-01-01	9813711	110507	9408	0	2	0	1	0	0	0	0	0	3	1	0	0	0	0	0	24	0	0	1	0	0	0	0	0	0	0	0	0	0	0	0	0	0
Heliyon	2023-01-01	9812712	97317	8231	0	4	0	1	0	0	2	0	0	0	0	0	0	0	1	0	24	0	0	0	0	1	0	1	0	0	0	0	0	0	0	0	0	0
Heliyon	2023-01-01	9938497	142505	11755	0	9	5	3	0	0	7	1	0	0	3	2	0	0	8	0	24	0	0	4	0	0	0	0	0	0	0	0	0	1	0	0	0	0
Heliyon	2023-01-01	9938496	80752	7377	0	8	0	1	0	1	0	0	0	4	0	0	0	0	3	0	12	0	0	0	0	0	1	0	0	0	0	0	0	0	0	0	0	0
Heliyon	2023-01-01	9898685	112119	9509	0	9	0	1	0	0	1	1	0	1	3	4	0	0	3	0	73	0	0	1	0	0	1	0	0	0	0	0	0	0	0	0	0	0
Heliyon	2023-01-01	9938421	234408	12737	0	16	0	1	0	0	1	1	0	0	1	1	0	0	4	0	21	0	0	1	0	1	2	0	0	0	0	0	0	0	0	0	0	0
Heliyon	2023-01-01	9898646	70156	7118	0	12	0	1	0	0	4	0	0	0	0	2	0	0	1	0	14	0	0	0	0	0	1	0	0	0	0	0	0	0	0	0	0	0
Heliyon	2023-01-01	9939539	75153	7179	0	4	0	0	0	0	0	0	0	0	1	2	0	0	1	0	15	0	0	0	0	0	0	0	1	0	0	0	0	0	0	0	0	0
Heliyon	2023-01-01	9873668	115099	13853	0	2	1	0	0	0	4	0	0	0	0	6	0	0	0	0	13	0	0	3	0	0	1	0	0	0	0	0	0	0	0	0	0	0
Heliyon	2023-01-01	9938408	139282	10341	0	12	0	1	0	0	0	0	0	1	11	4	0	0	1	0	12	0	0	0	0	0	0	0	0	0	0	0	0	0	0	0	0	0
Heliyon	2023-01-01	9898642	104073	9221	0	3	0	0	0	0	1	10	0	1	3	3	0	0	2	0	27	0	0	3	0	0	0	0	0	0	0	0	0	0	0	0	0	0
Heliyon	2023-01-01	9938500	95174	8059	0	16	1	2	0	0	0	0	0	0	6	1	0	0	2	0	23	0	0	0	0	1	0	0	0	0	0	0	0	0	0	0	0	0
Heliyon	2023-01-01	9938414	97858	8349	0	5	0	0	0	0	3	3	0	0	1	0	0	0	2	0	33	0	0	1	0	0	0	0	0	0	0	0	0	0	0	0	0	0
Heliyon	2023-01-01	9938480	168659	15425	0	31	1	4	0	0	2	0	0	0	1	1	0	0	0	0	46	0	0	2	0	2	2	0	0	0	1	0	0	0	0	0	0	0
Heliyon	2023-01-01	9898645	87563	8125	0	8	0	0	0	0	3	7	0	0	0	0	0	0	2	0	21	0	1	0	0	0	0	2	0	0	0	0	0	0	0	0	0	0
Heliyon	2023-01-01	9898734	76156	6508	0	3	0	0	0	0	0	5	0	0	1	0	0	0	1	0	7	0	0	0	0	0	1	0	0	0	0	0	0	0	0	0	0	0
Heliyon	2023-01-01	9905936	54989	5595	0	3	0	0	0	0	0	0	0	0	17	0	0	0	0	0	11	0	0	0	0	0	0	0	0	0	0	0	0	0	0	0	0	0
Heliyon	2023-01-01	9938416	92746	8517	0	24	0	0	0	0	3	0	0	0	0	0	0	0	1	0	27	0	0	1	0	0	0	0	0	0	0	0	0	0	0	0	0	0
Heliyon	2023-01-01	9932365	89692	10487	0	6	2	0	0	0	1	0	0	1	0	3	0	0	3	0	22	0	0	0	0	0	0	0	0	0	0	0	0	0	0	0	0	0
Heliyon	2023-01-01	9898661	183175	15704	0	1	0	1	0	0	0	4	0	0	5	3	0	0	0	0	12	0	0	1	0	2	0	0	0	0	0	0	0	0	0	0	0	0
Heliyon	2023-01-01	9898641	90340	9312	0	7	1	1	0	0	0	1	0	0	0	2	0	0	0	0	10	0	0	2	0	0	0	1	0	0	0	0	0	0	0	0	0	0
Heliyon	2023-01-01	9938478	73395	6091	0	10	0	0	0	0	0	1	0	0	0	0	0	0	3	0	2	0	0	0	0	0	0	0	0	0	0	0	0	0	0	0	0	0
Heliyon	2023-01-01	9938410	48091	4837	0	0	0	0	0	0	0	0	0	0	0	1	0	0	0	0	9	0	0	0	0	0	0	0	0	0	0	0	0	0	0	0	0	0
Heliyon	2023-01-01	9938412	88990	7544	0	6	0	2	0	0	1	0	0	0	0	1	0	0	2	0	7	0	0	3	0	0	0	0	0	0	0	0	0	0	0	0	0	0
Heliyon	2023-01-01	9937895	104371	9436	0	1	0	0	0	0	5	1	0	0	2	2	0	0	2	0	46	0	1	3	0	0	1	1	1	0	0	0	1	0	0	0	0	0
Heliyon	2023-01-01	9876966	83997	6750	0	5	0	0	0	0	2	0	0	0	3	1	0	0	2	0	17	0	0	1	0	0	0	0	0	0	0	0	0	0	0	0	0	0
Heliyon	2023-01-01	9898752	81409	7157	0	4	0	2	0	0	1	0	0	0	0	0	0	0	3	0	21	0	0	0	0	0	0	0	0	0	0	0	0	0	0	0	0	0
