journal	date	pmc_id	Nchars	Nwords	delve	analyse	acknowledge	assess	appraise	dissect	explore	examine	extricate	expose	estimate	investigate	inquire	inspect	interpret	scrutinise	study	unearth	uncover	understand	ponder	research	reason	retrieve	avoid	discount	disregard	dismiss	ignore	neglect	overlook	omit	skip	reject
IJMS	2023-04-01	9860930	136296	11716	0	8	0	0	0	0	7	0	0	0	6	4	0	0	1	0	27	0	0	0	0	0	0	0	0	0	0	0	0	0	0	0	0	0
IJMS	2023-04-01	9861277	91654	7503	0	4	0	1	0	0	0	0	0	0	0	1	0	0	0	0	26	0	0	0	0	0	0	2	0	0	0	0	0	0	0	0	0	0
IJMS	2023-04-01	9867456	213893	14851	0	2	1	0	0	0	9	0	0	0	0	1	0	0	0	0	25	0	0	5	0	0	1	1	0	0	0	0	0	0	0	1	0	0
IJMS	2023-04-01	9863005	120904	11004	0	3	0	0	0	0	0	1	0	0	1	0	0	0	0	0	19	0	0	0	0	0	0	0	0	0	0	0	0	0	0	0	0	0
IJMS	2023-04-01	9864135	90632	7856	0	1	0	0	0	0	0	1	0	0	0	0	0	0	0	0	10	0	0	0	0	0	1	0	0	0	0	0	0	0	0	0	0	0
IJMS	2023-04-01	9865246	106388	9240	0	5	0	1	0	0	0	4	0	2	0	0	0	0	0	0	26	0	0	1	0	0	0	0	0	0	0	0	0	0	0	0	0	0
IJMS	2023-04-01	9867142	133390	11268	0	9	0	1	0	0	0	0	0	0	0	1	0	0	0	0	15	0	0	4	0	0	0	0	0	0	0	0	0	0	0	0	0	0
IJMS	2023-04-01	9861790	190413	14257	0	1	0	1	0	0	0	0	0	2	1	3	0	0	0	0	12	0	0	1	0	0	0	0	0	0	0	0	1	0	0	0	0	0
IJMS	2023-04-01	9866908	162110	13155	0	6	0	1	0	0	0	0	0	0	1	5	0	1	0	0	15	0	0	0	0	0	0	0	0	0	0	0	0	0	0	0	0	0
IJMS	2023-04-01	9864839	115291	10056	0	4	0	1	0	1	0	0	0	4	2	1	0	0	0	0	20	0	0	0	0	0	1	0	0	0	0	0	0	0	0	0	0	0
IJMS	2023-04-01	9864053	87146	8209	0	3	0	0	0	0	0	1	0	2	1	7	0	0	0	0	10	0	0	0	0	0	0	0	0	0	0	0	0	0	0	0	0	0
IJMS	2023-04-01	9863880	136928	11142	0	2	0	0	0	2	1	0	0	0	0	1	0	0	0	0	14	0	1	0	0	0	0	0	0	0	0	0	0	0	0	0	0	0
IJMS	2023-04-01	9860923	271000	23465	0	9	1	0	0	0	1	4	0	0	1	4	0	0	0	0	35	0	0	5	0	0	0	0	1	0	0	0	0	0	0	0	1	0
IJMS	2023-04-01	9864379	97917	9077	0	4	0	1	0	0	1	0	0	0	1	1	0	0	0	0	17	0	0	1	0	0	1	0	1	0	0	0	0	0	0	0	0	0
IJMS	2023-04-01	9863867	200448	17442	0	11	0	6	0	0	2	6	0	46	1	1	0	0	0	0	27	0	0	0	0	0	0	0	0	0	0	0	0	0	0	0	0	0
IJMS	2023-04-01	9866429	132897	13308	0	4	0	7	0	2	0	8	0	10	1	10	0	0	0	0	32	0	0	2	0	0	0	0	0	0	0	0	0	0	0	0	0	0
IJMS	2023-04-01	9867201	98369	9369	0	3	0	0	0	0	0	1	0	0	0	0	0	0	0	0	2	0	0	0	0	0	0	0	0	0	0	0	0	0	0	0	0	0
IJMS	2023-04-01	9866051	164599	15796	0	6	1	0	1	0	0	1	0	0	0	11	0	0	0	0	30	0	0	1	0	0	0	0	0	0	0	0	0	0	0	0	0	0
IJMS	2023-04-01	9866338	124931	10490	0	4	0	1	0	0	1	1	0	0	4	6	0	0	0	0	24	0	0	1	0	0	0	0	0	0	0	0	0	0	0	0	0	0
IJMS	2023-04-01	9867378	105570	9616	0	8	1	2	0	0	0	4	0	1	0	2	0	0	0	0	32	0	0	0	0	0	0	0	0	0	0	0	0	0	0	0	0	0
IJMS	2023-04-01	9863162	213882	18820	0	14	0	3	0	1	7	1	0	7	0	0	0	0	0	0	9	0	5	2	0	0	0	0	0	0	0	0	0	0	0	0	0	0
IJMS	2023-04-01	9867261	218432	19005	0	13	0	0	0	0	0	0	0	42	0	0	0	0	0	0	16	0	0	0	0	0	0	0	0	0	0	0	0	0	0	0	0	0
IJMS	2023-04-01	9861383	91652	7398	0	3	0	4	0	0	1	1	0	0	0	2	0	0	0	0	24	0	0	0	0	0	0	0	0	0	0	0	0	0	0	0	0	0
IJMS	2023-04-01	9864182	346279	28340	0	3	1	17	0	0	4	1	0	3	0	1	0	0	0	0	13	0	0	2	0	0	0	0	0	0	0	0	0	0	1	0	0	1
IJMS	2023-04-01	9866623	183848	15139	0	10	0	8	0	0	3	2	0	0	6	4	0	0	0	0	39	0	0	0	0	0	0	0	0	0	0	0	0	0	0	0	0	0
IJMS	2023-04-01	9862607	185084	14333	0	0	0	0	0	0	0	6	0	2	2	7	0	0	0	0	52	0	0	0	0	0	0	0	0	0	0	0	0	0	0	0	0	0
IJMS	2023-04-01	9867011	127839	11464	0	7	0	0	0	0	6	2	0	0	0	1	0	0	0	0	13	0	0	0	0	0	0	0	0	0	0	0	0	0	0	0	0	0
IJMS	2023-04-01	9861006	278986	20914	0	0	0	0	0	1	2	3	0	0	0	0	0	0	0	0	40	0	0	1	0	1	0	0	0	0	0	0	0	0	0	0	0	0
IJMS	2023-04-01	9866013	124424	10320	0	12	0	0	0	0	0	0	0	0	0	7	0	0	0	0	27	0	0	0	0	0	0	0	0	0	0	0	0	0	0	0	0	0
IJMS	2023-04-01	9865595	160518	13117	0	0	0	0	0	0	3	0	0	0	0	2	0	0	0	0	31	0	0	4	0	0	0	0	0	0	0	0	0	0	0	0	0	0
IJMS	2023-04-01	9861106	182848	16110	0	42	0	5	0	0	2	12	0	3	0	1	0	0	1	0	39	0	2	4	0	0	0	0	0	0	0	0	0	0	0	0	0	0
IJMS	2023-04-01	9863728	332988	28074	0	6	0	1	0	1	0	0	0	4	0	2	0	0	0	0	78	0	0	0	0	0	0	0	1	0	0	0	0	0	0	0	0	0
IJMS	2023-04-01	9865012	249182	21923	0	8	1	1	0	0	0	23	0	0	0	16	0	0	0	0	21	0	0	0	0	0	1	0	0	0	0	0	0	0	0	2	0	0
IJMS	2023-04-01	9866862	137682	13672	0	0	1	0	0	0	0	0	0	0	0	3	0	0	0	0	11	0	0	0	0	0	1	0	0	0	0	0	0	0	0	0	0	0
IJMS	2023-04-01	9865901	150053	12165	0	3	0	1	0	1	3	0	0	0	0	2	0	0	0	0	10	0	1	0	0	0	0	0	0	0	0	0	0	0	0	0	0	0
IJMS	2023-04-01	9865291	339934	23328	0	0	0	0	0	0	1	0	0	1	1	0	0	0	0	0	58	0	0	1	0	0	7	0	1	0	0	0	0	0	1	0	0	0
IJMS	2023-04-01	9860774	208611	15059	0	0	0	0	0	0	0	0	0	0	1	0	0	0	0	0	16	0	0	0	0	0	1	0	0	0	0	0	0	0	0	0	0	0
IJMS	2023-04-01	9860819	85482	7834	0	1	0	0	0	0	2	1	0	1	0	1	0	0	0	0	5	0	0	0	0	0	0	0	0	0	0	0	0	0	0	0	0	0
IJMS	2023-04-01	9865583	122670	11969	0	11	0	3	0	0	0	0	0	23	0	4	0	0	0	0	27	0	0	2	0	1	0	0	0	0	0	0	0	0	0	0	0	0
IJMS	2023-04-01	9866116	136137	11862	0	4	0	1	0	1	0	4	0	3	0	2	0	0	0	0	29	0	0	4	0	0	0	0	0	0	0	0	0	0	0	0	0	0
IJMS	2023-04-01	9864435	105097	9201	0	5	0	0	0	0	1	2	0	0	0	0	0	0	0	0	29	0	0	1	0	0	1	0	0	0	0	0	0	0	0	0	0	0
IJMS	2023-04-01	9863576	220798	18519	0	11	1	0	0	1	1	1	0	0	2	2	0	0	0	0	23	0	3	0	0	0	0	1	0	0	0	0	0	0	0	0	0	0
IJMS	2023-04-01	9864819	147409	14127	0	13	0	4	0	0	0	0	0	0	3	2	0	0	0	0	12	0	0	0	0	0	0	0	1	0	0	0	0	0	0	0	0	0
IJMS	2023-04-01	9865619	149563	12134	0	6	0	0	0	1	2	0	0	0	0	0	0	0	0	0	13	0	0	1	0	0	0	0	0	0	0	0	0	0	0	0	0	0
IJMS	2023-04-01	9862315	134757	12555	0	5	0	1	0	2	2	0	0	1	0	4	0	0	0	0	13	0	0	0	0	0	0	0	0	0	0	0	1	0	0	0	0	0
IJMS	2023-04-01	9864150	325483	24204	0	8	0	4	0	0	6	0	0	0	0	2	0	0	0	0	16	0	0	1	0	0	0	2	0	0	0	0	0	0	0	0	0	0
IJMS	2023-04-01	9863262	92409	8191	0	17	0	1	0	0	0	17	0	0	0	1	0	0	0	0	8	0	0	1	0	0	0	0	0	0	0	0	0	0	0	0	0	0
IJMS	2023-04-01	9864139	168141	12459	0	0	0	0	0	0	1	0	0	0	0	0	0	0	0	0	14	0	0	0	0	0	0	0	0	0	0	0	0	0	0	0	0	0
IJMS	2023-04-01	9864602	253838	18533	0	3	0	0	0	0	1	0	0	0	1	2	0	0	0	0	47	0	0	4	0	0	0	0	1	0	0	0	0	0	0	0	0	0
IJMS	2023-04-01	9865163	107400	9900	0	7	1	0	0	0	0	0	0	0	1	3	0	0	0	0	8	0	0	2	0	0	0	0	0	0	0	0	0	0	0	0	0	0
IJMS	2023-04-01	9916952	76052	6476	0	2	0	1	0	0	0	0	0	0	0	0	0	0	0	0	10	0	0	0	0	0	0	0	0	0	0	0	0	0	0	0	0	0
IJMS	2023-04-01	9916405	137565	11023	0	0	0	0	0	0	1	0	0	1	0	2	0	0	0	0	17	0	0	6	0	0	0	0	0	0	0	0	0	0	0	0	0	0
IJMS	2023-04-01	9916810	182136	14153	0	0	0	1	0	0	2	0	0	0	0	1	0	0	0	0	23	0	0	1	0	0	0	0	0	0	0	0	0	0	0	0	0	0
IJMS	2023-04-01	9917050	150608	12918	0	0	0	0	0	0	0	0	0	0	0	11	0	0	0	0	3	0	0	0	0	0	0	0	0	0	0	0	0	0	0	0	0	0
IJMS	2023-04-01	9917210	165460	12212	0	1	0	0	0	0	0	0	0	0	0	1	0	0	0	0	4	0	0	1	0	0	0	0	0	0	0	0	0	0	0	0	0	0
IJMS	2023-04-01	9916978	143197	10208	0	4	1	2	0	0	0	0	0	0	0	8	0	0	0	1	27	0	0	4	0	0	0	0	0	0	0	0	0	0	0	0	0	0
IJMS	2023-04-01	9916808	116252	9201	0	3	0	1	0	0	0	0	0	0	1	0	0	0	0	0	3	0	0	0	0	0	0	0	0	0	0	0	0	0	0	0	0	0
IJMS	2023-04-01	9917107	74168	6640	0	1	0	0	0	0	0	0	0	0	0	1	0	0	0	0	2	0	0	1	0	1	0	0	0	0	0	0	0	0	0	0	0	0
IJMS	2023-04-01	9917139	190347	18303	0	5	0	0	0	0	0	2	0	0	0	2	0	0	0	0	33	0	0	0	0	0	0	0	0	0	0	0	0	1	0	0	0	0
IJMS	2023-04-01	9917358	81196	8301	0	12	0	0	0	1	0	0	0	1	1	1	0	0	0	0	15	0	0	0	0	0	3	0	0	0	0	0	0	0	0	0	0	0
IJMS	2023-04-01	9917343	82764	7578	0	1	0	8	0	0	1	0	0	0	1	2	0	0	0	0	50	0	0	0	0	0	2	0	0	0	0	0	0	0	1	0	0	0
IJMS	2023-04-01	9916775	273269	20173	0	0	2	1	0	0	8	0	0	0	0	5	0	0	0	0	54	0	0	5	0	0	0	0	2	0	0	0	0	0	0	0	0	0
IJMS	2023-04-01	9916417	96226	8526	0	11	1	1	0	0	2	2	0	0	0	1	0	0	0	0	16	0	0	3	0	0	0	0	0	0	0	0	0	0	0	0	0	0
IJMS	2023-04-01	9917264	62074	5790	0	0	0	0	0	0	0	0	0	0	1	0	0	0	0	0	3	0	0	0	0	0	0	0	1	0	0	0	0	0	0	0	0	0
IJMS	2023-04-01	9917186	256940	19433	0	1	0	0	0	0	1	0	0	2	1	2	0	0	0	0	19	0	5	4	0	0	0	1	0	0	0	0	0	0	0	0	0	0
IJMS	2023-04-01	9917023	153459	17156	0	15	0	0	0	0	0	1	0	2	3	4	0	0	0	0	8	0	0	0	0	0	0	0	0	0	0	0	0	0	0	0	0	0
IJMS	2023-04-01	9917051	123984	10410	0	0	0	0	0	0	0	0	0	4	2	2	0	0	0	0	21	0	0	0	0	0	0	0	0	0	0	0	0	0	0	0	0	0
IJMS	2023-04-01	9917353	94151	8148	0	10	0	2	0	0	0	0	0	0	5	2	0	0	0	0	27	0	0	0	0	0	0	0	0	0	0	0	0	0	0	0	0	0
IJMS	2023-04-01	9916971	136934	10887	0	3	0	1	0	0	4	0	0	2	0	3	0	0	0	0	49	0	0	3	0	0	0	0	0	0	0	0	0	0	0	0	0	0
IJMS	2023-04-01	9917204	171234	14713	0	8	0	0	0	1	0	2	0	0	0	4	0	0	0	0	26	0	0	1	0	0	0	0	0	0	0	0	0	0	0	0	0	0
IJMS	2023-04-01	9916448	162550	13274	0	19	0	0	0	0	1	0	0	0	1	5	0	0	0	0	13	0	0	0	0	0	0	0	0	0	0	0	0	0	0	0	0	0
IJMS	2023-04-01	9916410	89417	8199	0	4	0	3	0	0	1	2	0	0	0	5	0	0	0	0	40	0	1	0	0	0	0	0	1	0	0	0	0	0	0	0	0	0
IJMS	2023-04-01	9917137	153190	12733	0	1	0	0	0	0	0	2	0	0	1	4	0	0	0	0	12	0	0	0	0	0	0	0	0	0	0	0	0	0	0	0	0	0
IJMS	2023-04-01	9916479	110704	9376	0	17	1	2	0	0	1	0	0	1	0	3	0	0	1	0	28	0	0	0	0	0	0	0	0	0	0	0	0	0	0	0	0	0
IJMS	2023-04-01	9916666	181447	13613	0	1	0	1	0	0	1	0	0	0	4	3	0	0	0	0	49	0	0	0	0	0	0	0	0	0	0	0	0	0	0	0	0	0
IJMS	2023-04-01	9918019	91341	7188	0	0	0	0	0	0	0	0	0	0	0	0	0	0	0	0	14	0	0	0	0	0	0	0	0	0	0	0	0	0	0	0	0	0
IJMS	2023-04-01	9917864	191407	14104	0	1	0	1	0	0	1	0	0	1	0	0	0	0	0	0	11	0	0	2	0	0	0	0	0	0	0	0	0	0	0	0	0	0
IJMS	2023-04-01	9917415	135503	10964	0	9	0	1	0	0	0	1	0	0	0	1	0	0	0	0	26	0	0	2	0	0	0	0	0	0	0	0	0	0	0	0	0	0
IJMS	2023-04-01	9917595	170992	15255	0	26	0	0	0	0	0	0	0	0	1	3	0	0	0	0	27	0	1	0	0	0	0	0	0	0	0	0	0	1	0	0	0	0
IJMS	2023-04-01	9917504	125530	11665	0	7	0	0	0	0	0	5	0	2	1	4	0	0	0	0	25	0	0	0	0	0	0	0	0	0	0	0	0	0	0	0	0	0
IJMS	2023-04-01	9917348	124151	10202	0	0	0	0	0	0	0	0	0	1	3	1	0	0	0	0	29	0	0	0	0	0	1	0	1	0	0	0	0	0	0	0	0	0
IJMS	2023-04-01	9917766	74062	6954	0	4	0	0	0	0	0	0	0	1	1	1	0	0	0	0	4	0	0	0	0	0	0	0	0	0	0	0	0	0	0	0	0	0
IJMS	2023-04-01	9917371	186661	14266	0	1	0	1	0	0	2	2	0	0	1	4	0	0	0	0	21	0	0	7	0	0	2	0	1	0	0	0	0	0	0	0	0	0
IJMS	2023-04-01	9917861	383884	30085	0	3	0	0	0	0	0	1	0	3	3	2	0	0	0	0	49	0	0	1	0	0	0	0	0	0	0	0	0	0	0	0	0	0
IJMS	2023-04-01	9917081	95453	8412	0	2	1	3	0	0	0	5	0	0	2	7	0	0	0	1	11	0	0	0	0	0	1	0	1	0	0	0	0	0	0	0	0	0
IJMS	2023-04-01	9917150	134772	11589	0	1	0	0	0	0	0	1	0	0	2	0	0	0	0	0	29	0	0	0	0	0	5	0	0	0	0	0	0	0	0	0	0	0
IJMS	2023-04-01	9917778	99687	8195	0	1	0	2	0	0	0	2	0	40	0	0	0	0	0	0	9	0	0	0	0	0	0	0	0	0	0	0	0	0	0	0	0	0
IJMS	2023-04-01	9917849	153167	12791	0	2	0	0	0	0	1	0	0	0	5	5	0	0	0	0	17	0	1	0	0	0	0	0	0	0	0	0	0	0	0	0	0	0
IJMS	2023-04-01	9917250	119668	10444	0	11	0	2	0	0	5	1	0	0	0	4	0	0	0	0	16	0	0	0	0	0	0	0	0	0	0	0	0	0	0	0	0	0
IJMS	2023-04-01	9917155	125525	11664	0	1	1	2	0	0	0	1	0	0	1	1	0	0	0	0	20	0	0	0	0	0	0	0	0	0	0	0	0	0	0	0	0	0
IJMS	2023-04-01	9916901	155789	14392	0	10	0	3	0	0	6	1	0	3	1	0	0	0	0	0	10	0	0	3	0	0	0	1	0	0	0	0	0	0	0	0	0	0
IJMS	2023-04-01	9917472	419216	30566	0	3	0	4	0	0	0	3	0	15	1	2	0	0	0	0	32	0	0	6	0	0	0	0	1	0	0	0	0	0	0	0	0	0
IJMS	2023-04-01	9917430	98800	7544	0	2	0	3	0	0	1	1	0	8	0	4	0	0	1	0	7	0	0	0	0	0	0	0	0	0	0	0	0	0	0	0	0	0
IJMS	2023-04-01	9917122	408563	30335	0	0	0	0	0	0	0	0	0	1	0	1	0	0	0	0	16	0	0	1	0	0	0	0	2	0	0	0	0	0	0	0	0	0
IJMS	2023-04-01	9917772	255827	19433	0	20	0	0	0	0	0	10	0	1	0	3	0	0	0	0	0	0	0	1	0	0	0	0	0	0	0	0	0	0	0	1	0	0
IJMS	2023-04-01	9917022	79393	7690	0	6	0	0	0	0	0	0	0	1	1	5	0	0	0	0	18	0	0	1	0	0	0	0	0	0	0	0	0	0	0	0	0	0
IJMS	2023-04-01	9917515	116445	9690	0	17	1	0	0	0	1	0	0	1	0	0	0	0	0	0	12	0	3	0	0	0	0	1	0	0	0	0	0	0	0	0	0	0
IJMS	2023-04-01	9917533	297029	23686	0	3	0	1	0	0	2	2	0	6	1	1	0	0	0	0	18	0	0	3	0	0	0	0	0	0	1	0	0	0	0	0	0	0
IJMS	2023-04-01	9917066	219572	13561	0	4	0	1	0	0	4	0	0	0	0	7	0	0	0	0	21	0	0	1	0	0	0	0	0	0	0	0	0	2	0	1	0	0
IJMS	2023-04-01	9917167	95495	8622	0	2	0	0	0	0	2	0	0	0	0	2	0	0	1	0	9	0	0	0	0	0	0	1	0	0	0	0	0	0	0	0	0	0
IJMS	2023-04-01	9959504	148084	12326	0	2	0	3	0	0	0	1	0	0	0	1	0	0	0	1	22	0	0	0	0	0	0	0	1	0	0	0	0	0	0	0	0	0
IJMS	2023-04-01	9965280	465871	36958	0	1	0	5	0	0	0	0	0	3	0	1	0	0	0	0	77	0	0	1	0	0	0	0	0	0	0	0	0	0	0	0	0	0
IJMS	2023-04-01	9968055	174653	13492	0	11	0	1	0	0	3	1	0	1	0	4	0	0	0	0	10	0	1	2	0	0	0	7	0	0	0	0	0	0	0	0	0	0
IJMS	2023-04-01	9968160	203827	14373	0	0	0	0	0	0	0	0	0	0	0	0	0	0	0	0	7	0	0	6	0	0	0	0	0	0	0	0	0	0	0	0	0	0
IJMS	2023-04-01	9964663	82145	7049	0	1	0	0	0	0	4	3	0	0	0	6	0	0	0	0	12	0	1	1	0	0	0	0	0	0	0	0	0	0	0	0	0	0
IJMS	2023-04-01	9960784	76559	7032	0	14	0	1	0	0	1	1	0	0	0	5	0	0	0	0	17	0	0	0	0	0	0	0	0	0	0	0	0	0	0	0	0	0
IJMS	2023-04-01	9966882	83157	7260	0	1	0	0	0	0	0	0	0	0	1	0	0	0	0	0	15	0	0	1	0	0	0	0	0	0	0	0	0	0	0	0	0	0
IJMS	2023-04-01	9960420	239442	19343	0	17	0	7	0	0	3	0	0	0	2	16	0	0	0	0	105	0	0	1	0	0	1	0	0	0	0	0	0	0	0	0	0	0
IJMS	2023-04-01	9967474	101427	9274	0	3	0	1	0	1	0	0	0	0	0	0	0	0	0	0	27	0	0	0	0	0	0	0	0	0	0	0	0	0	0	0	0	0
IJMS	2023-04-01	9963672	88657	8446	0	1	0	0	0	0	2	0	0	0	0	1	0	0	0	0	3	0	0	0	0	1	0	0	0	0	0	0	0	0	0	0	0	0
IJMS	2023-04-01	9967864	157431	14447	0	9	0	1	0	0	1	1	0	0	0	4	0	0	0	0	24	0	0	1	0	0	0	0	0	0	0	0	0	0	0	0	0	0
IJMS	2023-04-01	9959909	109057	10892	0	3	0	0	0	0	2	3	0	1	1	5	0	1	0	0	42	0	0	1	0	0	0	0	0	0	0	0	0	0	0	0	0	0
IJMS	2023-04-01	9966744	156111	13501	0	6	3	8	0	0	5	0	0	1	6	5	0	0	0	0	12	0	0	1	0	0	0	1	0	0	0	0	0	0	0	0	0	0
IJMS	2023-04-01	9964504	165271	14256	0	5	0	4	0	0	2	0	0	1	1	2	0	0	0	0	58	0	0	2	0	0	2	0	0	0	0	0	0	0	0	0	0	0
IJMS	2023-04-01	9966119	121057	9294	0	7	0	0	0	0	0	0	0	0	0	1	0	0	0	0	10	0	0	2	0	0	0	0	0	0	0	0	0	0	0	0	0	0
IJMS	2023-04-01	9966830	135890	10854	0	19	0	2	0	0	0	0	0	0	0	1	0	0	0	0	93	0	0	3	0	0	0	0	0	0	0	0	0	0	0	0	0	0
IJMS	2023-04-01	9958570	117368	10542	0	6	0	4	0	0	0	1	0	2	1	2	0	0	0	0	32	0	0	0	0	0	0	0	0	0	0	0	0	0	0	0	0	0
IJMS	2023-04-01	9965540	174956	13851	0	1	0	0	0	0	0	0	0	0	1	1	0	0	0	0	47	0	0	0	0	0	0	0	0	0	0	0	0	0	0	0	0	0
IJMS	2023-04-01	9963074	155736	13625	0	4	1	1	0	0	1	0	0	2	2	3	0	0	1	0	20	0	0	0	0	0	0	0	1	0	0	0	0	0	0	0	0	0
IJMS	2023-04-01	9961771	270851	20227	0	0	0	0	0	0	0	2	0	0	0	0	0	0	0	0	2	0	0	1	0	0	0	0	0	0	0	0	0	0	0	0	0	0
IJMS	2023-04-01	9961831	144225	12022	0	9	0	1	0	1	0	0	0	0	0	0	0	0	0	0	14	0	0	3	0	0	0	0	0	0	0	0	0	0	0	0	0	0
IJMS	2023-04-01	9964286	128340	12018	0	7	0	1	0	1	0	0	0	2	1	2	0	0	0	0	31	0	0	3	0	0	0	0	0	0	0	0	0	0	0	0	0	0
IJMS	2023-04-01	9961271	94887	8676	0	3	0	1	0	0	2	0	0	0	0	2	0	0	0	0	26	0	0	0	0	0	0	0	0	0	0	0	0	0	0	0	0	0
IJMS	2023-04-01	9967340	159778	11700	0	2	0	1	0	0	0	0	0	3	0	4	0	0	0	0	22	0	0	4	0	0	0	0	0	0	0	0	0	0	0	0	0	0
IJMS	2023-04-01	9966784	192415	16941	0	18	1	2	0	0	1	0	0	17	1	5	0	0	0	0	29	0	0	0	0	0	0	0	0	0	0	0	0	0	0	0	0	0
IJMS	2023-04-01	9959214	114881	9498	0	5	0	1	0	0	1	0	0	0	0	0	0	0	0	0	21	0	0	1	0	0	0	0	0	0	0	0	0	0	0	0	0	0
IJMS	2023-04-01	9966116	124612	10829	0	14	0	1	0	0	1	0	0	0	0	22	0	0	0	0	6	0	0	0	0	0	0	0	0	0	0	0	0	0	0	0	0	0
IJMS	2023-04-01	9965539	158411	13388	0	8	1	5	0	0	0	0	0	25	1	9	0	0	0	0	31	0	0	0	0	0	0	0	0	0	0	0	0	0	0	0	0	0
IJMS	2023-04-01	9962610	139764	10947	0	3	0	0	0	0	5	0	0	0	2	0	0	0	1	0	17	0	0	2	0	0	0	0	0	0	0	0	0	0	0	0	0	0
IJMS	2023-04-01	9966050	124424	10861	0	19	0	0	0	0	1	2	0	6	0	0	0	0	0	0	19	0	0	4	0	0	0	0	0	0	0	0	0	0	0	0	0	0
IJMS	2023-04-01	9960496	114237	8957	0	2	0	0	0	0	0	0	0	0	1	3	0	0	0	0	17	0	0	1	0	0	0	1	0	0	0	0	0	0	0	0	0	0
IJMS	2023-04-01	9963834	95841	9866	0	17	0	0	0	1	1	4	0	3	0	4	0	0	0	0	15	0	0	0	0	0	0	1	0	0	0	0	0	0	0	0	0	0
IJMS	2023-04-01	9960776	218952	16209	0	2	0	1	0	0	0	0	0	0	0	2	0	0	0	0	10	0	0	3	0	0	0	0	0	0	0	0	0	0	0	0	0	0
IJMS	2023-04-01	9960108	97931	9445	0	2	0	0	0	0	0	0	0	2	1	3	0	0	0	0	11	0	0	2	0	0	0	0	0	0	0	0	0	0	0	0	0	0
IJMS	2023-04-01	9964230	114342	9546	0	6	0	2	0	0	1	0	0	0	0	7	0	0	0	0	60	0	0	1	0	0	0	0	0	0	0	0	0	0	0	0	0	0
IJMS	2023-04-01	9960057	111027	9589	0	15	0	0	0	0	3	1	0	0	1	1	0	0	0	0	18	0	0	1	0	0	0	0	0	0	0	0	0	0	0	0	0	0
IJMS	2023-04-01	9960522	160097	14454	0	11	0	1	0	1	1	1	0	0	2	1	0	0	1	0	25	0	0	1	0	0	0	0	1	0	0	0	0	0	0	0	0	0
IJMS	2023-04-01	9961492	144323	11124	0	0	0	0	0	0	2	1	0	0	2	1	0	0	0	0	17	0	0	3	0	0	0	0	0	0	0	0	0	0	0	0	0	0
IJMS	2023-04-01	9962163	129554	11405	0	10	0	6	0	2	4	1	0	15	2	7	0	0	0	0	18	0	0	0	0	0	0	0	0	0	0	0	0	0	0	0	0	0
IJMS	2023-04-01	9959742	206762	15861	0	1	0	0	0	0	0	1	0	1	0	0	0	0	0	0	13	0	0	5	0	0	0	0	0	0	0	0	0	0	0	0	0	0
IJMS	2023-04-01	9962604	153655	12789	0	0	3	1	0	0	0	2	0	1	3	3	0	0	0	0	44	0	0	5	0	0	2	0	0	0	0	0	0	0	0	0	0	0
IJMS	2023-04-01	9964258	65506	5826	0	13	0	2	0	0	1	2	0	0	0	1	0	0	0	0	15	0	0	0	0	0	0	0	0	0	0	0	0	0	0	0	0	0
IJMS	2023-04-01	9967224	240093	19184	0	1	0	0	0	0	1	0	0	1	0	3	0	0	0	0	8	0	1	5	0	0	1	0	0	0	0	0	0	0	1	0	0	0
IJMS	2023-04-01	9959061	245896	20078	0	10	1	6	0	0	1	1	0	21	2	8	0	0	0	0	25	0	0	0	2	0	1	0	0	0	0	0	0	0	0	0	0	0
IJMS	2023-04-01	9964215	125213	10569	0	5	0	4	0	0	3	0	0	0	0	0	0	0	0	0	29	0	0	0	0	0	0	0	0	0	0	0	0	0	0	0	0	0
IJMS	2023-04-01	9959336	292395	22825	0	22	0	0	0	0	0	0	0	0	3	0	0	0	0	0	15	0	0	2	0	0	0	2	0	0	0	0	0	0	0	0	0	0
IJMS	2023-04-01	9964221	178432	13992	0	3	0	0	0	0	3	1	0	0	0	2	0	0	0	0	25	0	0	2	0	0	1	0	0	0	0	0	0	0	0	0	0	0
IJMS	2023-04-01	9961504	122753	11167	0	0	0	7	0	0	0	1	0	0	0	6	0	0	0	0	17	0	0	0	0	0	0	0	0	0	0	0	0	0	0	0	0	0
IJMS	2023-04-01	9965620	152383	13457	0	16	0	0	0	0	0	1	0	0	0	1	0	0	0	0	41	0	0	4	0	1	0	0	1	0	0	0	1	1	0	1	0	0
IJMS	2023-04-01	9968045	319985	23634	0	2	0	0	0	0	1	1	0	1	1	3	0	0	0	0	58	0	0	2	0	0	0	0	0	0	0	0	0	0	0	0	0	0
IJMS	2023-04-01	10002358	173112	14159	0	2	0	0	0	0	1	1	0	0	5	8	0	0	0	0	52	0	0	0	0	0	0	0	0	0	0	0	0	0	0	0	0	0
IJMS	2023-04-01	10002504	133226	11310	0	5	2	1	0	0	1	0	0	0	0	5	0	0	0	0	26	0	0	3	0	0	2	0	0	0	0	0	0	0	0	0	0	0
IJMS	2023-04-01	10002030	19914	1780	0	0	0	0	0	0	0	0	0	0	0	0	0	0	0	0	7	0	0	0	0	0	0	0	1	0	0	0	0	0	0	0	0	0
IJMS	2023-04-01	10001983	109603	9211	0	12	0	0	0	0	1	0	0	0	0	4	0	0	0	0	7	0	0	1	0	0	0	0	0	0	0	0	0	0	0	0	0	0
IJMS	2023-04-01	10001763	148537	11406	0	10	2	0	0	0	0	1	0	0	1	6	0	0	0	0	16	0	0	4	0	0	0	0	0	0	0	0	0	0	0	0	0	0
IJMS	2023-04-01	10001941	132502	10527	0	2	0	0	0	0	1	0	0	0	2	2	0	0	0	0	26	0	0	2	0	0	1	0	0	0	0	0	0	0	0	0	0	0
IJMS	2023-04-01	10001751	105592	8023	0	0	0	0	0	3	2	0	0	3	0	1	0	0	0	0	20	0	0	10	0	0	0	0	0	0	0	0	0	0	0	0	0	0
IJMS	2023-04-01	10002155	102953	8884	0	7	0	0	0	0	1	2	0	0	0	3	0	0	0	0	6	0	0	2	0	0	0	0	0	0	0	0	0	0	0	0	0	0
IJMS	2023-04-01	10002223	210217	20031	0	27	0	1	0	0	0	26	0	0	0	3	0	0	0	0	20	0	17	1	0	0	0	0	0	0	0	0	0	0	0	0	0	0
IJMS	2023-04-01	10002135	135403	11398	0	1	0	0	0	0	1	1	0	0	0	5	0	0	0	0	6	0	0	0	0	0	0	0	0	0	0	0	0	0	0	0	0	0
IJMS	2023-04-01	10002048	105178	9203	0	2	0	1	0	0	1	0	0	0	1	0	0	0	0	0	5	0	0	0	0	0	0	0	0	0	0	0	0	0	0	0	0	0
IJMS	2023-04-01	10002145	181814	14932	0	13	1	0	0	0	1	1	0	0	0	3	0	0	1	0	58	0	0	1	0	0	1	0	1	0	0	0	0	0	0	0	0	0
IJMS	2023-04-01	10001455	131319	11100	0	8	0	4	0	0	0	0	0	0	0	4	0	0	0	0	16	0	0	0	0	0	0	0	0	0	0	0	0	0	0	0	0	0
IJMS	2023-04-01	10002464	203656	16484	0	16	0	6	0	1	2	1	0	0	2	1	0	0	1	0	36	0	0	2	0	0	1	0	0	0	0	0	0	0	0	0	0	0
IJMS	2023-04-01	10001577	135704	12533	0	23	0	4	0	0	0	6	0	1	1	7	0	0	0	0	14	0	0	3	0	0	0	0	0	0	0	0	1	0	0	0	0	0
IJMS	2023-04-01	10002283	128282	9620	0	0	0	0	0	0	0	0	0	1	0	0	0	0	0	0	9	0	0	1	0	0	0	0	0	0	0	0	0	0	0	0	0	0
IJMS	2023-04-01	10001635	230753	18044	0	2	0	0	0	0	3	1	0	14	1	5	0	0	0	0	25	0	0	1	0	1	0	0	0	0	0	0	0	0	0	0	0	0
IJMS	2023-04-01	10002064	116671	9832	0	5	0	2	0	0	0	0	0	0	0	0	0	0	0	0	31	0	0	0	0	0	2	0	0	0	0	0	0	0	0	0	0	0
IJMS	2023-04-01	10002107	166645	14139	0	14	0	1	0	0	0	3	0	1	4	1	0	0	0	0	11	0	0	0	0	0	0	1	0	0	0	0	0	0	0	0	0	0
IJMS	2023-04-01	10001969	210065	17147	0	8	4	28	0	0	3	0	0	0	1	1	0	0	1	0	146	0	0	0	0	0	3	1	0	0	0	0	0	0	0	0	0	0
IJMS	2023-04-01	10001986	415052	34515	0	8	0	3	0	0	0	3	0	0	3	2	0	0	1	0	143	0	0	0	0	2	0	0	1	0	0	0	0	0	0	0	0	1
IJMS	2023-04-01	10001958	249058	17941	0	2	0	0	0	0	4	0	0	0	0	2	0	0	0	0	57	0	0	4	0	0	0	0	1	0	0	0	0	1	0	0	0	0
IJMS	2023-04-01	10002536	85559	8097	0	15	1	2	0	0	0	0	0	0	0	0	0	0	0	0	10	0	0	1	0	0	1	0	1	0	0	0	0	0	0	0	0	0
IJMS	2023-04-01	10001612	202610	17033	0	14	0	2	0	3	0	0	0	0	0	5	0	0	0	0	16	0	0	0	0	0	0	0	0	0	0	0	0	0	0	0	0	0
IJMS	2023-04-01	10001449	74960	6706	0	5	0	2	0	0	1	0	0	0	1	10	0	0	3	0	17	0	0	1	0	0	0	0	0	0	0	0	0	0	0	0	0	0
IJMS	2023-04-01	10003513	124292	10639	0	8	0	0	0	0	0	3	0	1	0	0	0	0	0	0	23	0	0	0	0	0	0	0	0	0	0	0	0	0	0	0	0	0
IJMS	2023-04-01	10003718	189682	16405	0	10	4	4	0	0	0	0	0	6	7	0	0	0	0	0	36	0	0	1	0	0	0	0	0	0	0	0	0	1	0	0	0	0
IJMS	2023-04-01	10003739	497873	36694	0	2	0	0	0	0	3	0	0	1	5	8	0	0	0	0	122	0	0	5	0	1	0	0	0	0	0	0	0	0	0	0	0	0
IJMS	2023-04-01	10003299	131002	11460	0	4	0	2	0	0	4	0	0	0	0	0	0	0	0	0	11	0	0	2	0	0	0	0	0	0	0	0	0	0	0	0	0	0
IJMS	2023-04-01	10003350	153516	13934	0	5	0	6	0	0	6	0	0	3	2	1	0	0	0	0	45	0	0	0	0	0	1	0	0	0	0	0	0	0	0	0	0	0
IJMS	2023-04-01	10003317	171959	13002	0	1	0	0	0	0	5	2	0	4	0	6	0	0	0	0	17	0	0	0	0	0	0	0	0	0	0	0	0	0	0	0	0	0
IJMS	2023-04-01	10002851	243068	19275	0	1	0	0	0	0	3	0	0	5	0	3	0	0	0	0	23	0	0	1	0	0	0	0	0	0	0	0	0	0	0	0	0	0
IJMS	2023-04-01	10003380	153575	11967	0	0	0	0	0	0	0	0	0	0	0	0	0	0	0	0	15	0	0	1	0	0	0	0	0	0	0	0	0	0	0	0	0	0
IJMS	2023-04-01	10003364	233253	18091	0	6	0	0	0	0	1	0	0	1	1	3	0	0	0	0	15	0	0	4	0	0	0	0	0	0	0	0	0	2	0	0	0	0
IJMS	2023-04-01	10003042	97549	8901	0	2	0	10	0	0	0	1	0	0	4	10	0	0	0	0	35	0	0	2	0	0	1	9	0	0	0	0	0	1	0	0	0	0
IJMS	2023-04-01	10003472	315281	23225	0	1	0	1	0	0	0	0	0	1	0	2	0	0	0	0	28	0	0	3	0	0	0	0	0	0	0	0	0	0	0	0	0	0
IJMS	2023-04-01	10002556	94957	8565	0	4	0	4	0	0	1	9	0	0	4	3	0	0	0	0	17	0	0	1	0	0	1	0	0	0	0	0	0	0	0	0	0	0
IJMS	2023-04-01	10002936	106764	9323	0	1	1	0	0	0	4	0	0	0	0	5	0	0	0	0	4	0	0	0	0	1	1	0	0	0	0	0	0	0	0	0	0	0
IJMS	2023-04-01	10003180	105859	9668	0	4	0	3	0	0	1	0	0	0	0	1	0	0	0	0	17	0	1	0	0	0	0	1	0	0	0	0	0	1	0	0	0	0
IJMS	2023-04-01	10003701	182768	13662	0	0	1	0	0	0	0	0	0	1	0	1	0	0	0	0	36	0	0	0	0	0	0	0	0	0	0	0	0	0	0	0	0	0
IJMS	2023-04-01	10003186	156884	9507	0	2	0	0	0	0	1	1	0	0	0	1	0	2	0	1	22	0	0	0	0	0	0	0	0	0	0	0	0	0	0	0	0	0
IJMS	2023-04-01	10003153	171019	14511	0	15	0	0	0	0	1	5	0	0	0	4	0	0	0	0	20	0	0	1	0	0	0	0	1	0	0	0	0	0	0	0	0	0
IJMS	2023-04-01	10002572	244485	17633	0	0	0	0	0	0	1	3	0	1	0	1	0	0	0	0	12	0	1	1	0	0	0	0	0	0	0	0	0	0	0	0	0	0
IJMS	2023-04-01	10003444	129006	10546	0	7	0	0	0	0	0	0	0	0	0	1	0	1	0	0	8	0	0	1	0	0	0	1	0	0	0	0	0	0	0	0	0	0
IJMS	2023-04-01	10003091	125045	10880	0	6	0	7	0	0	0	10	0	0	1	6	0	0	0	0	20	0	0	1	0	0	1	0	0	0	0	0	0	0	0	0	0	0
IJMS	2023-04-01	10003724	121505	10377	0	5	0	4	0	0	2	0	0	0	0	0	0	0	0	0	16	0	0	6	0	0	0	0	0	0	0	0	0	0	0	0	0	0
IJMS	2023-04-01	10003312	101937	8908	0	1	0	1	0	0	0	0	0	0	1	0	0	0	0	0	29	0	0	0	0	0	0	0	0	0	0	0	0	0	0	0	0	0
IJMS	2023-04-01	10003136	271745	19306	0	1	0	0	0	1	1	0	0	0	0	0	0	0	0	0	15	0	0	1	0	0	0	0	1	0	0	0	0	0	0	0	0	0
IJMS	2023-04-01	10002521	116718	10177	0	13	0	2	0	0	0	1	0	0	1	1	0	0	0	0	33	0	0	1	0	0	0	0	0	0	0	0	0	0	0	0	0	0
IJMS	2023-04-01	10002546	141676	12019	0	6	0	1	0	1	0	2	0	0	1	2	0	0	0	1	18	0	0	3	0	0	0	2	0	0	0	0	0	0	0	0	0	0
IJMS	2023-04-01	10049321	208724	16965	0	10	0	10	0	0	0	1	0	12	0	1	0	0	0	0	28	0	0	2	0	0	0	0	0	0	0	0	0	0	0	0	0	0
IJMS	2023-04-01	10049738	203085	16327	0	6	0	1	0	0	0	1	0	4	2	2	0	0	0	0	8	0	0	0	0	0	0	0	0	0	0	0	0	0	0	0	0	0
IJMS	2023-04-01	10049520	202764	17239	0	1	0	0	0	0	0	1	0	0	0	3	0	0	0	0	18	0	0	0	0	0	0	0	0	0	0	0	0	0	0	0	0	0
IJMS	2023-04-01	10048811	164106	10361	0	0	1	0	0	0	0	0	0	0	19	2	0	0	0	0	11	0	0	0	0	0	0	0	0	0	0	0	0	1	0	0	0	0
IJMS	2023-04-01	10048891	174744	15417	0	10	1	0	0	0	0	3	0	0	0	1	0	0	0	0	33	0	0	0	0	0	0	0	0	0	0	0	0	0	0	0	0	0
IJMS	2023-04-01	10049713	125784	11161	0	8	1	1	0	0	1	0	0	1	1	2	0	0	0	0	3	0	0	0	0	0	0	0	0	0	0	0	0	0	1	0	0	0
IJMS	2023-04-01	10049355	105514	10295	0	2	0	1	0	0	0	1	0	0	3	1	0	0	0	0	13	0	0	0	0	0	0	0	1	0	0	0	0	0	0	0	0	0
IJMS	2023-04-01	10048957	92130	9319	0	14	1	0	0	0	0	0	0	0	2	4	0	0	0	0	12	0	0	0	0	0	0	0	1	0	0	0	0	0	0	0	2	0
IJMS	2023-04-01	10048809	124206	10370	0	3	0	0	0	3	0	2	0	4	0	1	0	0	0	0	16	0	0	1	0	0	0	0	0	0	0	0	0	0	0	0	0	0
IJMS	2023-04-01	10048805	106609	9477	0	6	0	1	0	1	10	0	0	0	1	4	0	0	0	0	15	0	0	0	0	0	0	0	0	0	0	0	0	0	0	0	0	0
IJMS	2023-04-01	10049504	132943	12133	0	9	0	0	0	0	6	7	0	0	0	6	0	0	0	0	26	0	0	1	0	0	0	0	0	0	0	0	0	0	0	0	0	0
IJMS	2023-04-01	10049215	111771	9840	0	13	0	1	0	0	5	1	0	0	0	1	0	0	1	0	18	0	0	2	0	0	0	0	0	0	0	0	0	0	0	0	0	0
IJMS	2023-04-01	10049381	94523	8187	0	8	1	5	0	0	2	3	0	3	3	1	0	0	0	0	31	0	0	0	0	0	0	0	0	0	0	0	0	0	0	0	0	0
IJMS	2023-04-01	10049122	138193	11939	0	10	0	3	0	0	0	3	0	4	1	3	0	0	0	0	18	0	0	2	0	0	1	0	0	0	0	0	0	0	0	0	0	0
IJMS	2023-04-01	10048917	124247	9946	0	10	0	2	0	0	0	1	0	0	1	5	0	0	0	0	6	0	0	0	0	0	0	0	0	0	0	0	0	0	0	0	0	0
IJMS	2023-04-01	10049549	58988	5281	0	2	0	2	0	0	0	1	0	0	0	0	0	0	0	0	13	0	0	0	0	0	0	0	0	0	0	0	0	0	0	0	0	0
IJMS	2023-04-01	10049241	112378	9723	0	1	0	3	0	0	1	0	0	1	0	0	0	0	0	0	19	0	0	0	0	0	0	0	0	0	0	0	0	0	0	0	0	0
IJMS	2023-04-01	10049281	216793	17918	0	24	1	2	0	0	1	1	0	51	0	1	0	0	1	0	57	0	0	0	0	0	2	0	0	0	0	0	1	0	0	0	0	0
IJMS	2023-04-01	10049684	267686	16845	0	4	0	2	0	0	0	1	0	0	6	4	0	0	0	0	81	0	0	0	0	0	0	1	0	0	0	0	0	0	0	0	0	0
IJMS	2023-04-01	10049227	122086	10553	0	3	2	5	0	0	0	0	0	0	1	0	0	0	0	0	23	0	0	0	0	0	2	0	0	0	0	0	0	0	0	0	0	0
IJMS	2023-04-01	10049278	174187	13926	0	16	0	0	0	0	0	5	0	1	0	3	0	0	1	0	2	0	0	0	0	0	0	0	0	0	0	0	0	0	0	0	0	0
IJMS	2023-04-01	10048879	121711	10813	0	4	0	4	0	0	1	3	0	10	1	2	0	0	0	0	12	0	0	0	0	0	1	0	0	0	0	0	0	1	0	0	0	0
IJMS	2023-04-01	10049225	151085	12589	0	11	0	0	0	0	2	0	0	0	0	5	0	0	0	0	24	0	1	3	0	0	0	0	0	0	0	0	0	0	0	0	0	0
IJMS	2023-04-01	10049500	144020	12197	0	16	1	1	0	0	1	8	0	0	4	2	0	0	1	0	50	0	0	1	0	0	1	0	1	0	0	0	0	0	0	0	0	0
IJMS	2023-04-01	10049717	85227	7654	0	3	0	0	0	0	3	0	0	0	1	2	0	0	0	0	34	0	0	0	0	0	0	0	0	0	0	0	0	0	0	0	0	0
IJMS	2023-04-01	10056885	185209	14397	0	4	0	1	0	0	0	0	0	0	0	1	0	0	0	0	17	0	0	3	0	0	0	0	0	0	0	0	0	0	0	0	0	0
IJMS	2023-04-01	10057840	181686	15396	0	10	0	1	0	3	1	0	0	0	2	1	0	0	0	0	20	0	0	0	0	0	0	0	0	0	0	0	0	0	0	0	0	0
IJMS	2023-04-01	10055970	135247	11181	0	4	0	0	0	0	0	0	0	0	11	3	0	0	0	0	50	0	0	1	0	0	0	0	0	0	0	0	0	0	0	0	0	0
IJMS	2023-04-01	10054503	126158	10535	0	8	1	0	0	0	1	0	0	1	20	0	0	0	0	0	33	0	0	0	0	0	1	0	0	0	0	0	0	0	0	0	0	0
IJMS	2023-04-01	10051970	191348	14613	0	2	2	0	0	0	0	5	0	0	0	3	0	0	0	0	53	0	0	4	0	0	0	1	0	0	0	0	0	0	0	0	0	0
IJMS	2023-04-01	10057403	104870	8946	0	12	0	1	0	0	0	0	0	1	0	1	0	0	0	0	14	0	0	0	0	0	0	0	0	0	0	0	0	0	0	0	0	0
IJMS	2023-04-01	10053717	136181	11854	0	9	0	1	0	0	1	1	0	0	8	3	0	0	0	0	47	0	0	1	0	0	0	0	0	0	0	0	0	0	0	0	0	0
IJMS	2023-04-01	10052051	10710	950	0	1	0	0	0	0	0	0	0	0	0	0	0	0	0	0	0	0	0	0	0	0	0	0	0	0	0	0	0	0	0	0	0	0
IJMS	2023-04-01	10053791	105991	10310	0	1	0	6	0	0	1	4	0	0	0	0	0	0	0	0	23	0	0	0	0	0	0	0	0	0	0	0	0	0	0	1	0	0
IJMS	2023-04-01	10051430	193130	14906	1	1	0	1	0	0	1	2	0	5	0	1	0	0	0	0	16	0	0	3	0	0	0	0	0	0	0	0	0	0	0	0	0	0
IJMS	2023-04-01	10057534	199166	15221	0	3	0	0	0	0	0	0	0	1	0	1	0	0	0	0	19	0	0	1	0	0	0	0	0	0	0	0	0	0	0	0	0	0
IJMS	2023-04-01	10058914	123472	11834	0	17	0	1	0	0	4	1	0	0	1	0	0	0	0	0	36	0	0	0	0	0	0	0	0	0	0	0	0	0	0	0	0	0
IJMS	2023-04-01	10057697	89595	6507	0	0	0	0	0	0	1	0	0	0	1	1	0	0	0	0	17	0	0	3	0	0	1	0	0	0	0	0	0	0	0	0	0	0
IJMS	2023-04-01	10053314	84868	7858	0	1	0	1	0	0	0	1	0	1	0	0	0	0	0	0	25	0	0	0	0	0	0	0	0	0	0	0	0	0	0	0	0	0
IJMS	2023-04-01	10059826	116429	10608	0	1	0	4	0	0	0	0	0	1	8	1	0	0	0	0	27	0	0	0	0	0	0	0	0	0	0	0	0	0	0	0	0	0
IJMS	2023-04-01	10056770	9159	673	0	0	0	0	0	0	0	0	0	0	0	0	0	0	0	0	1	0	0	0	0	0	0	0	0	0	0	0	0	0	0	0	0	0
IJMS	2023-04-01	10053661	17560	1663	0	0	0	0	0	0	1	0	0	0	0	0	0	0	0	0	8	0	0	1	0	0	0	0	0	0	0	0	0	0	0	0	0	0
IJMS	2023-04-01	10051125	119773	9803	0	6	0	2	0	0	0	0	0	0	0	8	0	0	0	0	31	0	0	2	0	0	0	0	0	0	0	0	0	0	0	0	0	0
IJMS	2023-04-01	10056900	264055	21639	0	1	0	0	0	0	2	0	0	1	0	4	0	0	0	0	56	0	0	6	0	0	0	0	1	0	0	0	0	0	0	0	0	0
IJMS	2023-04-01	10058619	107798	9153	0	8	0	0	0	0	3	2	0	15	0	3	0	0	0	0	20	0	0	0	0	0	0	0	0	0	0	0	0	0	0	0	0	0
IJMS	2023-04-01	10053455	292934	15574	0	2	0	1	0	0	3	3	0	0	0	5	0	0	0	0	44	0	0	0	0	0	0	0	0	0	0	0	0	0	0	0	0	0
IJMS	2023-04-01	10054552	136094	11836	0	6	1	0	0	0	3	1	0	2	0	12	0	0	0	0	32	0	0	1	0	0	0	0	0	0	0	0	0	0	1	0	0	0
IJMS	2023-04-01	10057711	111720	10225	0	8	0	6	0	0	0	0	0	5	1	6	0	0	0	0	15	0	0	0	0	0	0	0	0	0	0	0	0	0	0	0	0	0
IJMS	2023-04-01	10053301	147103	12210	0	2	1	2	0	0	2	0	0	0	1	10	0	0	0	0	33	0	0	0	0	0	0	1	1	0	0	0	0	0	0	0	0	0
IJMS	2023-04-01	10051278	247172	18903	0	15	0	1	0	0	0	2	0	0	1	1	0	0	0	0	19	0	0	4	0	0	1	0	2	0	0	0	0	0	0	0	0	0
IJMS	2023-04-01	10056268	116323	9743	0	2	1	2	0	0	1	0	0	0	0	0	0	0	0	0	17	0	0	1	0	1	0	0	0	0	0	0	0	0	0	0	0	0
IJMS	2023-04-01	10052157	101938	8796	0	5	0	0	0	0	1	0	0	0	0	6	0	0	0	0	15	0	0	0	0	0	0	0	0	0	0	0	0	1	0	0	0	0
IJMS	2023-04-01	10057307	130536	12102	0	20	0	0	0	0	0	0	0	1	0	3	0	0	0	0	12	0	0	0	0	0	0	0	0	0	0	0	0	0	0	0	0	0
IJMS	2023-04-01	10055722	94961	8246	0	12	0	3	0	0	0	1	0	1	0	0	0	0	0	0	15	0	0	2	0	0	0	0	0	0	0	0	0	0	0	0	0	0
IJMS	2023-04-01	10054879	119183	11339	0	7	0	5	0	0	1	4	0	0	0	10	0	0	0	0	16	0	1	1	0	0	0	0	0	0	0	0	0	0	0	0	0	0
IJMS	2023-04-01	10054605	110045	8883	0	12	0	2	0	1	0	1	0	2	0	3	0	0	0	2	24	0	0	1	0	0	0	0	1	0	0	0	0	0	0	0	0	0
IJMS	2023-04-01	10059003	125213	10394	0	0	0	0	0	0	0	1	0	0	1	4	0	1	0	0	17	0	0	0	0	0	2	0	0	0	0	0	0	0	0	0	0	0
IJMS	2023-04-01	10059276	164504	13042	0	1	0	0	0	0	3	0	0	2	0	2	0	0	0	0	36	0	0	5	0	0	0	0	0	0	0	0	0	0	0	0	0	0
IJMS	2023-04-01	10057647	94924	8618	0	2	0	2	0	0	1	4	0	0	0	4	0	0	0	0	9	0	0	0	0	0	0	0	0	0	0	0	0	0	0	0	0	0
IJMS	2023-04-01	10059267	91127	8321	0	5	0	0	0	0	0	1	0	1	0	1	0	0	1	0	36	0	1	0	0	0	0	0	0	0	0	0	0	0	0	0	0	0
IJMS	2023-04-01	10056118	99950	9120	0	8	0	0	0	0	4	0	0	0	0	4	0	0	0	0	23	0	0	1	0	0	0	0	1	0	0	0	0	0	0	0	0	0
IJMS	2023-04-01	10052022	162578	12009	0	2	0	0	0	0	0	1	0	0	1	0	0	0	0	0	21	0	0	3	0	0	0	0	0	0	0	0	0	0	0	0	0	0
IJMS	2023-04-01	10059739	421927	32727	0	13	0	0	0	0	0	1	0	5	1	1	0	0	1	0	57	0	0	1	0	0	0	0	0	0	0	0	0	0	0	0	0	0
IJMS	2023-04-01	10059798	383865	27091	0	4	0	0	0	0	1	2	0	0	0	10	0	0	0	0	26	0	0	0	0	0	3	0	0	0	0	0	0	0	0	0	0	0
IJMS	2023-04-01	10057633	165276	13942	0	6	0	4	0	0	1	1	0	0	3	0	0	0	1	0	51	0	0	0	0	0	0	0	0	0	0	0	0	0	0	0	0	0
IJMS	2023-04-01	10051235	196836	14339	0	1	0	3	0	0	0	0	0	1	1	0	0	0	0	0	38	0	3	0	0	0	0	0	0	0	0	0	0	0	0	0	0	0
IJMS	2023-04-01	10056486	100846	8804	0	4	0	1	0	1	0	1	0	2	0	0	0	0	0	0	23	0	0	1	0	0	0	0	0	0	0	0	0	0	0	0	0	0
IJMS	2023-04-01	10054228	83607	7272	0	10	0	1	0	0	0	1	0	0	0	7	0	0	0	0	14	0	0	0	0	0	0	0	0	0	0	0	0	0	0	0	0	0
IJMS	2023-04-01	10051867	81047	7262	0	4	0	0	0	0	0	0	0	0	1	0	0	0	0	0	7	0	0	0	0	0	0	0	0	0	0	0	0	0	0	0	0	0
IJMS	2023-04-01	10051637	363954	27237	0	1	0	0	0	0	1	1	0	3	0	1	0	0	0	0	33	0	2	6	0	0	0	0	3	0	0	0	0	0	0	0	0	0
IJMS	2023-04-01	10053002	82521	6522	0	6	0	6	0	1	0	2	0	1	0	4	0	0	0	0	11	0	0	0	0	0	0	0	0	0	0	0	0	0	0	0	0	0
IJMS	2023-04-01	10056863	95925	7776	0	2	0	0	0	0	0	3	0	0	1	0	0	0	0	0	29	0	0	0	0	0	0	0	0	0	0	0	0	0	0	0	0	1
IJMS	2023-04-01	10054636	232176	18393	0	2	0	0	0	0	1	0	0	3	2	0	0	0	0	0	20	0	0	3	0	0	0	0	2	0	0	0	0	0	1	0	0	0
IJMS	2023-04-01	10052063	127658	11837	0	16	0	0	0	1	0	1	0	0	0	2	0	0	0	0	22	0	0	0	0	0	1	0	0	0	0	0	0	0	0	0	0	0
IJMS	2023-04-01	10051150	145416	13763	0	1	0	1	0	0	0	11	0	1	0	0	0	0	0	0	25	0	0	1	0	0	0	0	0	0	0	0	0	0	0	0	0	0
IJMS	2023-04-01	10094933	138054	12385	0	2	0	2	0	0	1	3	0	8	0	1	0	0	0	0	13	0	1	0	0	0	0	0	0	0	0	0	0	0	0	0	0	0
IJMS	2023-04-01	10095106	103258	9179	0	9	0	0	0	0	1	0	0	0	0	4	0	0	0	0	18	0	0	2	0	0	0	0	0	0	0	0	0	0	0	0	0	0
IJMS	2023-04-01	10095144	160780	12788	0	2	0	0	0	0	1	0	0	0	1	3	0	0	0	0	40	0	0	2	0	0	0	0	0	0	0	0	0	0	0	0	0	0
IJMS	2023-04-01	10095239	103976	9255	0	2	0	1	0	0	1	1	0	2	1	0	0	0	0	0	13	0	0	0	0	0	1	0	0	0	0	0	0	0	0	0	0	0
IJMS	2023-04-01	10094945	102955	8753	0	1	0	0	0	0	0	9	0	0	0	0	0	0	0	0	9	0	0	0	0	0	0	0	0	0	0	0	0	0	0	0	0	0
IJMS	2023-04-01	10095325	118133	10449	0	3	0	0	0	0	0	1	0	4	3	0	0	0	0	0	34	0	0	0	0	0	0	0	0	0	0	0	0	0	0	0	0	0
IJMS	2023-04-01	10095312	201574	16558	0	2	2	1	0	0	4	2	0	1	6	0	0	0	0	0	38	0	0	6	0	0	0	0	0	0	0	0	0	0	0	0	0	0
IJMS	2023-04-01	10095196	101665	9515	0	7	0	3	0	0	0	3	0	4	0	8	0	0	0	0	21	0	0	0	0	0	0	0	0	0	0	0	0	0	0	0	0	0
IJMS	2023-04-01	10095036	143692	11620	0	2	0	3	0	0	1	2	0	0	0	3	0	0	0	0	9	0	0	0	0	0	1	0	0	0	0	0	0	0	0	0	0	0
IJMS	2023-04-01	10094850	159355	13281	0	7	0	4	0	0	8	4	0	1	0	0	0	0	0	0	26	0	0	0	0	0	0	0	0	0	0	0	0	0	0	0	0	0
IJMS	2023-04-01	10095447	151892	14659	0	17	0	17	0	0	2	1	0	14	3	5	0	0	0	0	25	0	0	2	0	0	0	0	1	0	0	0	0	0	0	0	0	0
IJMS	2023-04-01	10095097	94992	8729	0	7	0	1	0	0	2	1	0	1	1	4	0	0	0	0	10	0	0	1	0	0	0	0	0	0	0	0	0	0	0	0	0	0
IJMS	2023-04-01	10095016	172781	15541	0	0	3	6	0	0	0	0	0	2	2	0	0	0	0	0	13	0	0	0	0	0	0	0	0	0	0	0	0	0	0	0	0	0
IJMS	2023-04-01	10094943	110556	10103	0	1	1	0	0	0	0	1	0	1	1	1	0	0	0	0	19	0	0	0	0	0	1	0	1	0	0	0	0	0	0	0	0	0
IJMS	2023-04-01	10095509	213656	17897	0	32	0	6	0	0	1	0	0	8	0	2	0	0	0	0	19	0	0	1	0	0	0	2	1	0	0	0	0	0	0	0	0	0
IJMS	2023-04-01	10095399	264423	20185	0	0	1	0	0	0	9	2	0	0	2	0	0	0	0	0	46	0	0	5	0	0	1	0	1	0	0	0	0	0	0	0	0	0
IJMS	2023-04-01	10095593	334644	25603	0	1	0	0	0	0	1	0	0	0	1	3	0	0	0	0	38	0	0	0	0	0	0	0	0	0	0	0	0	0	0	0	0	0
IJMS	2023-04-01	10094972	124104	9890	0	1	0	2	0	0	0	0	0	0	0	0	0	0	0	0	22	0	0	0	0	0	0	0	0	0	0	0	0	0	0	0	0	0
IJMS	2023-04-01	10094808	86810	7430	0	24	0	0	0	2	0	0	0	0	1	1	0	0	0	0	16	0	0	3	0	0	0	0	0	0	0	0	1	0	0	0	0	0
IJMS	2023-04-01	10094837	114536	10554	0	7	0	0	0	1	0	0	0	4	0	2	0	0	3	0	21	0	0	1	0	0	0	0	0	0	0	0	0	0	0	1	0	0
IJMS	2023-04-01	10095529	288045	22569	0	32	0	1	0	0	0	3	0	0	15	0	0	0	0	0	38	0	0	1	0	1	0	0	0	0	0	0	1	0	0	0	0	0
IJMS	2023-04-01	10095317	118848	10854	0	5	1	3	0	0	1	5	0	0	2	5	0	0	0	0	9	0	0	0	0	0	0	0	0	0	0	0	0	0	0	0	0	0
IJMS	2023-04-01	10095026	146062	12815	0	2	0	1	0	0	0	3	0	0	0	0	0	0	0	1	5	0	1	3	0	0	1	0	0	0	0	0	0	0	1	0	0	0
IJMS	2023-04-01	10095437	211125	18421	0	30	0	3	0	0	0	3	0	0	3	3	0	0	0	0	29	0	0	2	0	0	1	1	0	0	0	0	0	1	0	0	0	0
IJMS	2023-04-01	10094965	103390	9134	0	6	1	1	0	0	0	0	0	0	0	6	0	0	1	0	33	0	0	0	0	0	0	0	0	0	0	0	0	0	0	0	0	0
