journal	date	pmc_id	Nchars	Nwords	delve	analyse	acknowledge	assess	appraise	dissect	explore	examine	extricate	expose	estimate	investigate	inquire	inspect	interpret	scrutinise	study	unearth	uncover	understand	ponder	research	reason	retrieve	avoid	discount	disregard	dismiss	ignore	neglect	overlook	omit	skip	reject
IJMS	2023-07-01	10138580	136338	10984	0	1	0	2	0	0	0	1	0	0	4	0	0	0	0	0	35	0	0	0	0	0	0	0	0	0	0	0	0	0	0	0	0	0
IJMS	2023-07-01	10138692	79003	7774	0	6	1	6	0	1	2	0	0	3	0	1	0	0	0	0	21	0	0	3	0	0	1	0	0	0	0	0	0	0	0	0	0	0
IJMS	2023-07-01	10138399	126595	10076	0	0	0	1	0	0	1	0	0	0	0	6	0	0	0	0	36	0	0	1	0	0	0	0	0	0	0	0	0	0	0	0	0	0
IJMS	2023-07-01	10138764	125775	9723	0	0	0	1	0	0	1	0	0	0	0	0	0	0	0	0	9	0	0	4	0	0	0	0	0	0	0	0	0	0	0	0	0	0
IJMS	2023-07-01	10138759	84181	7845	0	5	0	3	0	0	0	2	0	0	1	0	0	0	0	0	11	0	1	0	0	0	1	0	1	0	0	0	0	1	0	0	0	0
IJMS	2023-07-01	10138297	90413	7456	0	3	1	0	0	0	2	1	0	0	0	3	0	0	0	0	13	0	0	4	0	0	1	0	0	0	0	0	0	0	0	0	0	0
IJMS	2023-07-01	10138525	114237	10769	0	5	0	3	0	0	2	1	0	0	0	4	0	0	0	0	11	0	0	0	0	0	0	0	0	0	0	0	0	0	0	0	0	0
IJMS	2023-07-01	10138656	257720	18419	0	2	0	0	0	0	1	1	0	2	0	0	0	0	0	0	19	0	0	3	0	0	0	0	0	0	0	0	0	0	0	0	0	0
IJMS	2023-07-01	10095334	139445	11223	0	1	0	0	0	0	0	0	0	0	1	1	0	0	0	0	12	0	0	1	0	0	1	0	0	0	0	0	1	0	0	0	0	0
IJMS	2023-07-01	10138394	236076	17883	0	4	0	1	0	0	3	0	0	1	1	5	0	0	1	0	32	0	0	2	0	0	0	0	0	0	0	0	0	0	0	0	0	0
IJMS	2023-07-01	10138661	109119	8056	0	1	0	3	0	0	1	0	0	0	0	3	0	0	1	0	16	0	1	1	0	0	0	0	0	0	0	0	0	0	0	0	0	0
IJMS	2023-07-01	10138777	94608	8057	0	20	0	5	0	0	0	0	0	0	1	4	0	0	0	0	21	0	0	0	0	0	0	0	0	0	0	0	0	0	0	0	0	0
IJMS	2023-07-01	10138997	94872	7717	0	0	0	0	0	0	3	3	0	0	0	1	0	0	0	0	8	0	0	0	0	0	0	0	0	0	0	0	0	0	0	0	0	0
IJMS	2023-07-01	10095550	181256	16489	0	8	0	0	0	0	2	2	0	0	0	3	0	0	0	0	8	0	0	0	0	0	1	0	0	0	0	0	0	0	0	0	0	0
IJMS	2023-07-01	10138679	142691	11647	0	7	0	0	0	0	2	1	0	0	4	6	0	0	0	0	37	0	0	3	0	0	0	0	0	0	0	0	0	0	0	0	0	0
IJMS	2023-07-01	10095039	103758	9476	0	5	0	1	0	0	0	0	0	1	3	4	0	1	0	0	32	0	0	0	0	0	0	1	0	0	0	0	0	0	0	0	0	0
IJMS	2023-07-01	10139104	167090	13280	1	14	0	0	0	0	0	0	0	1	0	0	0	0	0	0	5	0	0	1	0	0	2	1	1	0	0	0	0	0	2	0	0	0
IJMS	2023-07-01	10138952	147432	11933	0	8	0	0	0	0	0	4	0	0	1	2	0	0	0	0	13	0	0	4	0	0	0	0	0	0	0	0	1	0	0	0	0	0
IJMS	2023-07-01	10138869	150492	12797	0	0	0	4	0	0	0	0	0	0	4	0	0	0	0	0	24	0	0	0	0	0	1	0	1	0	0	0	0	0	0	0	0	0
IJMS	2023-07-01	10138916	247385	22279	0	9	0	1	0	0	0	0	0	1	5	1	0	0	4	0	80	0	0	0	0	0	0	0	0	0	0	0	0	0	0	0	0	0
IJMS	2023-07-01	10138517	242827	23707	0	55	0	5	0	0	0	2	0	2	0	3	0	0	0	0	71	0	0	1	0	0	0	0	0	0	0	0	0	0	0	0	0	0
IJMS	2023-07-01	10095508	255157	19424	0	0	0	0	0	0	0	1	0	1	1	1	0	0	0	0	36	0	0	2	0	0	0	0	0	0	0	0	1	0	0	0	0	0
IJMS	2023-07-01	10094815	66791	6786	0	2	1	0	0	0	1	1	0	2	3	3	0	0	1	0	6	0	0	0	0	0	1	0	0	0	0	0	0	0	0	0	0	0
IJMS	2023-07-01	10139185	81781	7160	0	9	0	1	0	0	8	0	0	0	0	2	0	0	2	0	15	0	1	1	0	0	0	0	0	0	0	0	0	0	0	0	0	0
IJMS	2023-07-01	10138808	500280	43450	0	0	0	4	0	0	8	3	0	5	0	18	0	0	0	0	116	0	0	1	0	0	3	0	2	0	0	0	0	1	0	0	0	0
IJMS	2023-07-01	10139187	131109	11058	0	4	0	0	0	1	0	0	0	0	1	0	0	0	0	0	6	0	1	0	0	0	0	0	1	0	0	0	0	0	0	0	0	0
IJMS	2023-07-01	10139072	138357	12195	0	8	0	1	0	0	1	1	0	13	0	3	0	0	0	0	25	0	0	0	0	0	0	0	0	0	0	0	0	0	0	0	0	0
IJMS	2023-07-01	10138351	112124	9508	0	3	0	2	0	0	0	0	0	0	0	4	0	0	0	0	27	0	0	0	0	0	0	1	0	0	0	0	0	0	0	0	0	0
IJMS	2023-07-01	10138383	363869	27277	0	3	0	0	0	0	1	0	0	0	0	2	0	0	0	0	55	0	0	0	0	0	1	0	0	0	0	0	0	0	0	0	0	0
IJMS	2023-07-01	10139434	236634	19576	0	9	0	0	0	0	0	0	0	0	2	1	0	0	0	0	11	0	0	0	0	0	0	0	0	0	0	0	0	0	0	0	0	0
IJMS	2023-07-01	10138715	323004	23065	0	0	0	0	0	0	2	0	0	0	0	0	0	0	0	0	9	0	0	0	0	0	0	0	1	0	0	0	0	0	0	0	0	0
IJMS	2023-07-01	10138768	72970	6048	0	5	0	0	0	0	0	0	0	1	0	0	0	0	0	0	3	0	0	0	0	0	0	0	0	0	0	0	0	0	0	0	0	0
IJMS	2023-07-01	10138949	163690	14467	0	2	0	0	0	2	0	3	0	1	1	5	0	0	0	0	37	0	0	3	0	0	0	0	0	0	1	0	0	0	1	0	0	0
IJMS	2023-07-01	10138926	66634	6195	0	1	0	0	0	0	0	0	0	0	0	3	0	0	0	0	4	0	0	0	0	0	0	0	0	0	0	0	0	0	0	0	0	0
IJMS	2023-07-01	10139404	249448	20826	0	8	0	2	0	0	0	1	0	1	2	0	0	0	0	0	42	0	1	0	0	0	0	0	1	0	0	0	1	0	0	0	0	0
IJMS	2023-07-01	10138639	113975	10271	0	1	0	2	0	0	0	1	0	0	3	0	0	0	0	0	26	0	0	0	0	0	0	0	0	0	0	0	0	0	0	0	0	0
IJMS	2023-07-01	10138344	193409	15232	0	20	0	0	0	1	1	5	0	0	0	4	0	0	0	0	33	0	0	0	0	0	0	0	0	0	0	0	0	0	0	0	0	0
IJMS	2023-07-01	10138582	140572	11278	0	6	0	3	0	0	0	2	0	0	0	0	0	0	0	0	27	0	0	1	0	0	0	0	0	0	0	0	0	0	0	0	0	0
IJMS	2023-07-01	10138573	713317	50145	0	3	0	0	0	1	7	2	0	0	1	5	0	0	0	0	77	0	0	8	0	1	0	0	0	0	0	0	0	0	0	0	0	0
IJMS	2023-07-01	10138993	88245	7511	0	7	0	3	0	0	2	0	0	0	2	0	0	0	0	0	16	0	0	1	0	0	0	0	0	0	0	0	0	0	0	0	0	0
IJMS	2023-07-01	10139430	177784	13720	0	0	0	0	0	0	0	0	0	0	1	0	0	0	0	0	13	0	0	5	0	0	0	0	0	0	0	0	0	0	0	0	0	0
IJMS	2023-07-01	10138595	248489	20442	0	0	0	0	0	0	1	0	0	2	0	3	0	0	0	0	47	0	0	1	0	0	1	0	1	0	0	0	0	0	0	0	0	0
IJMS	2023-07-01	10138558	98690	8211	0	1	0	0	0	0	1	0	0	3	0	2	0	0	0	0	12	0	0	2	0	0	0	0	0	0	0	0	0	0	0	0	0	0
IJMS	2023-07-01	10138384	257438	19307	0	4	0	3	0	0	1	0	0	0	0	6	0	0	3	0	50	0	0	4	0	0	0	0	0	0	0	0	0	0	0	0	0	0
IJMS	2023-07-01	10138636	152480	12458	0	16	0	0	0	1	2	0	0	1	1	3	0	0	0	0	7	0	0	4	0	0	0	1	0	0	0	0	0	0	0	0	0	0
IJMS	2023-07-01	10138312	119332	11105	0	5	0	0	0	0	2	0	0	16	0	2	0	0	0	0	9	0	0	0	0	0	0	0	0	0	0	0	0	0	0	0	0	0
IJMS	2023-07-01	10138838	157991	14365	0	2	0	6	0	0	0	0	0	0	2	6	0	0	0	0	21	0	0	2	0	0	0	0	0	0	0	0	1	0	0	0	0	0
IJMS	2023-07-01	10138760	27891	2236	0	0	0	0	0	0	0	0	0	0	0	0	0	0	0	0	2	0	0	0	0	0	0	0	0	0	0	0	0	0	0	0	0	0
IJMS	2023-07-01	10138710	192844	16300	0	8	1	1	0	0	2	9	0	0	1	0	0	0	0	0	47	0	0	2	0	0	0	0	0	0	0	0	0	0	0	0	0	0
IJMS	2023-07-01	10138402	95274	8650	0	7	0	2	0	0	0	4	0	0	0	5	0	0	0	0	14	0	0	2	0	0	1	0	0	0	0	0	0	0	0	0	0	0
IJMS	2023-07-01	10141761	342571	27621	0	1	0	0	0	0	0	2	0	5	1	2	0	0	0	0	43	0	1	1	0	0	0	0	1	0	0	0	0	0	0	0	0	0
IJMS	2023-07-01	10178466	315285	24831	0	11	0	2	0	0	4	0	0	2	0	9	0	0	0	0	55	0	0	2	0	0	1	0	0	0	0	0	0	0	0	0	0	0
IJMS	2023-07-01	10144831	138019	11753	0	5	0	0	0	0	0	1	0	1	2	3	0	0	0	0	32	0	0	0	0	0	0	0	0	0	0	0	0	0	0	0	0	0
IJMS	2023-07-01	10178237	111316	9498	0	9	0	1	0	0	1	0	0	0	0	2	0	0	0	0	32	0	0	0	0	0	0	0	0	0	0	0	0	0	0	0	0	0
IJMS	2023-07-01	10141037	80890	7351	0	4	0	9	0	0	2	0	0	2	0	8	0	0	0	0	18	0	0	0	0	0	0	0	0	0	0	0	0	0	0	0	0	0
IJMS	2023-07-01	10178514	84121	7258	0	6	0	0	0	0	0	3	0	0	1	13	0	0	0	0	31	0	0	0	0	0	0	0	0	0	0	0	0	0	0	0	0	0
IJMS	2023-07-01	10143413	93891	8296	0	2	0	0	0	0	0	0	0	0	1	3	0	0	0	0	6	0	0	0	0	0	0	0	0	0	0	0	0	0	0	0	0	0
IJMS	2023-07-01	10142177	83840	6854	0	10	0	0	0	1	1	3	0	0	0	2	0	0	0	0	12	0	0	2	0	0	0	0	0	0	0	0	0	0	0	0	0	0
IJMS	2023-07-01	10144688	371145	27207	0	7	0	1	0	0	2	0	0	0	2	5	0	0	0	0	111	0	0	1	0	0	0	0	0	0	0	0	0	0	0	0	0	0
IJMS	2023-07-01	10143466	20838	1784	0	1	0	0	0	0	0	1	0	1	0	1	0	0	0	0	5	0	0	2	0	0	0	0	0	0	0	0	0	0	0	0	0	0
IJMS	2023-07-01	10142106	146316	12814	0	8	0	0	0	0	1	2	0	0	0	5	0	0	0	0	18	0	2	0	0	0	0	0	0	0	0	0	0	0	0	0	0	0
IJMS	2023-07-01	10142662	92933	8582	0	11	0	2	0	1	4	5	0	0	0	3	0	0	0	0	26	0	0	1	0	0	2	0	0	0	0	0	0	0	0	0	0	0
IJMS	2023-07-01	10140865	20340	1561	0	0	0	0	0	0	0	0	0	0	0	0	0	0	0	0	2	0	0	0	0	0	0	0	0	0	0	0	0	0	0	0	0	0
IJMS	2023-07-01	10141893	244740	20508	0	2	0	1	0	0	0	0	0	2	0	13	0	0	2	0	61	0	0	1	0	0	0	0	0	0	0	0	0	0	0	0	0	0
IJMS	2023-07-01	10177936	112234	9669	0	1	0	2	0	0	0	1	0	3	0	1	0	0	0	0	13	0	0	2	0	0	0	0	0	0	0	0	0	0	0	0	0	0
IJMS	2023-07-01	10143760	118177	10325	0	6	1	0	0	0	4	1	0	0	1	3	0	0	0	0	4	0	0	2	0	0	0	0	0	0	0	0	1	0	0	0	0	0
IJMS	2023-07-01	10142796	160013	12712	0	0	0	0	0	0	0	0	0	0	0	2	0	0	0	0	12	0	0	0	0	0	0	0	0	0	0	0	0	0	0	0	0	0
IJMS	2023-07-01	10145650	115717	9980	0	3	0	20	0	0	0	12	0	0	0	11	0	0	0	0	23	0	0	3	0	0	0	0	0	0	0	0	0	0	0	0	0	0
IJMS	2023-07-01	10145811	315057	24466	0	13	0	1	0	2	0	5	0	38	1	1	0	0	0	0	35	0	0	2	0	0	0	0	0	1	0	0	0	0	0	0	0	0
IJMS	2023-07-01	10145529	97814	9007	0	7	0	0	0	0	1	0	0	0	0	0	0	0	0	0	8	0	0	4	0	0	0	0	0	0	0	0	0	0	0	0	0	0
IJMS	2023-07-01	10140931	71471	7297	0	18	0	0	0	0	0	0	0	24	0	2	0	0	0	0	21	0	0	4	0	0	0	0	0	0	0	0	0	0	0	0	0	0
IJMS	2023-07-01	10144714	113964	9922	0	5	0	0	0	0	0	0	0	1	0	2	0	0	0	0	11	0	0	0	0	0	0	0	0	0	0	0	0	0	0	0	0	0
IJMS	2023-07-01	10178864	89060	7508	0	0	0	0	0	1	0	0	0	0	0	0	0	0	0	0	2	0	0	0	0	0	0	0	0	0	0	0	0	0	0	0	0	0
IJMS	2023-07-01	10142893	101583	8921	0	6	0	1	0	1	1	0	0	0	0	1	0	0	0	0	21	0	0	1	0	0	0	0	0	0	0	0	1	0	0	0	0	0
IJMS	2023-07-01	10178261	116342	11768	0	4	0	1	0	0	3	11	0	3	1	4	0	0	0	0	40	0	0	3	0	0	0	0	0	0	0	0	0	0	0	0	0	0
IJMS	2023-07-01	10179086	220316	17873	0	13	0	3	0	0	0	0	0	4	1	1	0	0	0	0	81	0	0	0	0	0	0	0	0	0	0	0	0	0	0	0	0	0
IJMS	2023-07-01	10179204	107109	9349	0	1	2	3	0	0	0	4	0	4	1	5	0	0	0	0	38	0	0	2	0	0	0	0	0	0	0	0	0	0	0	0	0	0
IJMS	2023-07-01	10179261	185094	15033	0	1	0	1	0	0	4	7	0	0	1	0	0	0	0	0	69	0	0	1	0	0	1	0	0	0	0	0	0	0	0	0	0	0
IJMS	2023-07-01	10178534	160598	12441	0	4	0	0	0	1	1	1	0	0	1	1	0	0	0	0	26	0	0	5	0	0	0	0	0	0	0	0	0	0	0	0	0	0
IJMS	2023-07-01	10178869	109158	9277	0	2	1	0	0	0	0	0	0	3	1	0	0	0	1	0	6	0	0	0	0	0	0	0	0	0	0	0	0	0	0	0	0	0
IJMS	2023-07-01	10179047	157908	13705	0	2	1	0	0	0	0	0	0	0	0	1	0	0	0	0	4	0	0	0	0	0	0	0	0	0	0	0	0	0	0	0	0	0
IJMS	2023-07-01	10179312	101570	9298	0	3	0	2	0	1	0	3	0	4	1	0	0	0	0	0	11	0	0	0	0	0	0	0	0	0	0	0	0	0	0	0	0	0
IJMS	2023-07-01	10178349	101056	8909	0	14	1	0	0	0	0	0	0	0	1	2	0	0	0	0	7	0	0	1	0	0	1	0	0	0	0	0	0	0	0	0	0	0
IJMS	2023-07-01	10179468	117069	9071	0	7	0	0	0	0	0	3	0	0	0	0	0	0	1	0	21	0	0	2	0	0	0	0	0	0	0	0	0	0	0	0	0	0
IJMS	2023-07-01	10179369	276697	22548	0	4	0	0	0	0	1	0	0	1	0	2	0	0	0	0	23	0	1	1	0	0	0	0	0	0	0	0	0	0	0	1	0	0
IJMS	2023-07-01	10178888	195429	16460	0	1	0	1	0	0	0	0	0	0	2	18	0	0	1	0	64	0	0	0	0	0	1	0	0	0	0	0	0	0	0	0	0	0
IJMS	2023-07-01	10178960	138477	14168	0	16	0	1	0	5	6	1	0	0	0	0	0	0	0	0	14	0	1	0	0	0	0	0	0	0	0	0	0	0	0	0	0	0
IJMS	2023-07-01	10179732	285933	21082	0	1	0	4	0	0	1	1	0	1	1	10	0	0	0	0	40	0	0	1	0	0	1	0	0	0	0	0	0	0	0	0	0	0
IJMS	2023-07-01	10179595	99108	9250	0	3	0	0	0	0	0	1	0	0	1	6	0	0	0	0	26	0	0	1	0	0	0	0	0	0	0	0	0	0	0	0	0	0
IJMS	2023-07-01	10179162	178943	17377	0	13	2	1	0	0	0	1	0	1	1	0	0	2	0	0	26	0	0	1	0	0	0	0	0	0	0	0	0	0	0	0	0	0
IJMS	2023-07-01	10178850	99136	9118	0	3	0	0	0	0	0	4	0	5	2	0	0	0	0	0	3	0	0	0	0	0	1	0	0	0	0	0	0	0	0	0	0	0
IJMS	2023-07-01	10178712	141589	11439	0	7	0	0	0	0	4	1	0	0	0	4	0	0	1	0	35	0	0	3	0	0	0	0	0	0	0	0	0	0	0	0	0	0
IJMS	2023-07-01	10178440	125601	11266	0	4	0	1	0	0	4	0	0	1	1	5	0	0	0	0	12	0	0	1	0	0	0	1	0	0	0	0	0	0	0	0	0	0
IJMS	2023-07-01	10178952	208767	16470	0	8	0	3	0	0	1	0	0	0	2	1	0	0	1	0	9	0	2	4	0	0	0	4	0	0	0	0	0	0	0	0	11	0
IJMS	2023-07-01	10179446	160345	12904	0	8	0	0	0	0	0	0	0	0	0	5	0	0	0	0	10	0	1	1	0	0	0	4	0	0	0	0	0	0	0	0	0	0
IJMS	2023-07-01	10178694	133031	10522	0	6	0	1	0	0	4	0	0	1	0	1	0	0	0	0	23	0	0	1	0	0	0	0	0	0	0	0	0	0	0	0	0	0
IJMS	2023-07-01	10179565	117213	11175	0	13	0	9	0	0	6	2	0	8	0	3	0	0	0	0	34	0	0	0	0	0	0	0	0	0	0	0	0	0	0	0	0	0
IJMS	2023-07-01	10179097	121676	10006	0	18	0	1	0	0	0	0	0	0	0	3	0	0	0	0	22	0	0	0	0	0	0	0	0	0	0	0	0	0	0	0	0	0
IJMS	2023-07-01	10179098	171999	14163	0	19	1	0	0	0	11	3	0	1	0	4	0	0	0	0	17	0	0	2	0	1	0	1	0	0	0	0	0	0	0	0	0	0
IJMS	2023-07-01	10178530	161130	14950	0	2	0	2	0	0	0	4	0	0	1	5	0	0	0	0	12	0	0	0	0	0	2	0	0	0	0	0	0	0	0	0	0	0
IJMS	2023-07-01	10179127	105545	8785	0	3	0	1	0	0	4	0	0	2	2	2	0	0	0	0	18	0	0	0	0	0	0	0	0	0	0	0	0	0	0	0	0	0
IJMS	2023-07-01	10179429	106572	9086	0	1	0	0	0	1	4	0	0	0	0	1	0	0	0	0	30	0	1	1	0	0	0	0	0	0	0	0	0	0	0	0	0	0
IJMS	2023-07-01	10179122	145349	12354	0	7	0	0	0	0	0	0	0	0	1	1	0	0	0	0	42	0	0	0	0	0	0	0	0	0	0	0	0	0	0	0	0	0
IJMS	2023-07-01	10179555	227540	21353	0	16	0	4	0	0	0	0	0	0	0	4	0	0	0	0	42	0	0	0	0	0	0	0	1	0	0	0	0	0	1	0	0	0
IJMS	2023-07-01	10179728	92733	9251	0	6	0	1	0	0	1	0	0	1	0	2	0	0	0	0	8	0	0	0	0	0	0	0	0	0	0	0	0	0	0	0	0	0
IJMS	2023-07-01	10179240	113545	9661	0	9	0	1	0	0	1	10	0	0	2	1	0	0	0	0	33	0	0	1	0	0	0	0	0	0	0	0	0	0	0	0	0	0
IJMS	2023-07-01	10179214	383068	28351	0	1	1	0	0	0	0	1	0	6	1	1	0	0	0	0	21	0	0	4	0	0	1	0	1	0	0	0	0	0	0	0	0	0
IJMS	2023-07-01	10179209	19961	1716	0	0	0	1	0	0	0	0	0	0	0	0	0	0	0	0	0	0	0	1	0	0	0	0	0	0	0	0	0	0	0	0	0	0
IJMS	2023-07-01	10178918	117913	11505	0	10	1	0	0	0	0	3	0	0	3	1	0	0	0	0	2	0	0	0	0	0	1	0	0	0	0	0	0	0	0	1	0	0
IJMS	2023-07-01	10179269	157706	12273	0	2	0	2	0	0	0	1	0	4	0	0	0	0	0	0	13	0	0	2	0	0	0	0	0	0	0	0	0	0	0	0	0	0
IJMS	2023-07-01	10179237	185069	13960	0	5	0	0	0	0	0	3	0	0	0	4	0	0	0	0	12	0	1	0	0	0	0	0	0	0	0	0	0	0	0	0	0	0
IJMS	2023-07-01	10179686	167281	15424	0	4	1	3	0	0	0	1	0	2	6	7	0	0	0	0	21	0	0	0	0	0	0	0	1	0	0	0	0	0	0	0	0	0
IJMS	2023-07-01	10179672	323438	24192	0	7	0	1	0	0	10	0	0	0	0	4	0	0	0	0	44	0	3	2	0	1	1	0	0	0	0	0	0	0	0	0	0	0
IJMS	2023-07-01	10179114	255334	19897	0	0	0	2	0	0	2	0	0	5	7	4	0	0	0	0	28	0	0	1	0	0	0	0	0	0	0	0	0	1	0	0	0	0
IJMS	2023-07-01	10179373	132275	11525	0	20	0	0	0	0	1	2	0	0	1	0	0	0	1	0	15	0	0	2	0	0	0	0	0	0	0	0	0	0	0	0	0	0
IJMS	2023-07-01	10179296	211210	18457	0	9	0	6	0	1	1	11	0	0	0	6	0	0	0	0	21	0	1	3	0	0	0	1	0	0	0	0	0	0	0	0	0	0
IJMS	2023-07-01	10179071	252729	21545	0	8	0	0	0	0	0	1	1	1	5	4	0	0	1	0	41	0	0	2	0	0	0	1	0	0	0	0	0	0	0	0	0	0
IJMS	2023-07-01	10179182	119594	10905	0	6	0	1	0	0	0	2	0	0	0	1	0	0	0	0	19	0	0	5	0	0	0	1	0	0	0	0	0	0	0	0	0	0
IJMS	2023-07-01	10179089	436719	33060	0	1	0	0	0	0	2	0	0	0	0	6	0	0	0	0	27	0	0	11	0	0	0	0	0	0	0	0	0	0	0	0	0	0
IJMS	2023-07-01	10179569	122830	9809	0	3	0	0	0	1	0	1	0	2	0	5	0	0	0	0	15	0	0	1	0	0	0	0	0	0	0	0	0	0	0	0	0	0
IJMS	2023-07-01	10179202	156528	12822	0	3	0	0	0	0	3	0	0	0	2	0	0	0	0	0	8	0	1	0	0	0	0	0	0	0	0	0	0	0	0	0	0	0
IJMS	2023-07-01	10179643	283008	21462	0	2	0	0	0	0	4	0	0	0	0	1	0	0	0	0	45	0	0	2	0	0	0	2	0	0	0	0	0	0	0	0	0	0
IJMS	2023-07-01	10178988	176682	15193	0	1	0	1	0	0	3	2	0	1	1	2	0	0	1	0	29	0	0	1	0	0	0	0	0	0	0	0	0	0	0	0	0	0
IJMS	2023-07-01	10179438	93551	8260	0	4	0	2	0	0	1	1	0	2	0	1	0	0	0	0	15	0	0	1	0	0	0	0	0	0	0	0	0	0	0	0	0	0
IJMS	2023-07-01	10179449	161262	14869	0	5	0	1	0	0	0	1	0	1	0	6	0	0	0	0	13	0	0	1	0	0	0	0	2	0	0	0	0	0	0	0	0	0
IJMS	2023-07-01	10218707	201937	17366	0	12	0	0	0	2	6	0	0	0	0	5	0	0	0	0	27	0	0	0	0	0	0	0	0	0	0	0	0	0	0	0	0	0
IJMS	2023-07-01	10217822	139337	11322	0	5	0	0	1	0	0	4	0	16	0	4	0	0	0	0	31	0	0	0	0	0	0	0	0	0	0	0	0	0	0	1	0	0
IJMS	2023-07-01	10218578	125065	12284	0	14	0	2	0	0	0	2	0	1	1	0	0	0	0	0	46	0	0	2	0	0	0	0	0	0	0	0	0	0	0	5	0	0
IJMS	2023-07-01	10218288	120772	10413	0	5	0	0	0	0	1	0	0	0	0	2	0	0	0	0	32	0	0	3	0	0	0	0	0	0	0	0	0	0	0	0	0	0
IJMS	2023-07-01	10218187	120390	10469	0	9	0	2	0	2	1	0	0	5	1	1	0	0	0	0	24	0	0	0	0	0	0	0	0	0	0	0	0	0	0	0	0	0
IJMS	2023-07-01	10218466	118261	10437	0	5	0	1	0	0	0	1	0	1	2	1	0	0	1	0	18	0	0	0	0	0	0	0	0	0	0	0	0	0	0	0	0	0
IJMS	2023-07-01	10218139	173660	15145	0	11	0	4	0	0	1	2	0	1	0	1	0	0	1	0	20	0	0	0	0	0	0	1	0	0	0	0	0	0	0	0	0	0
IJMS	2023-07-01	10218442	22651	2116	0	1	0	0	0	0	0	0	0	0	0	2	0	0	0	0	8	0	0	1	0	0	0	0	0	0	0	0	0	0	0	0	0	0
IJMS	2023-07-01	10217897	117951	10447	0	11	0	4	1	0	4	0	0	4	1	1	0	0	0	0	16	0	0	1	0	0	1	0	0	0	0	0	0	0	0	0	0	0
IJMS	2023-07-01	10217879	98617	8971	0	5	0	0	0	0	0	0	0	2	0	1	0	0	0	0	5	0	0	0	0	0	0	0	0	0	0	0	0	0	0	0	0	0
IJMS	2023-07-01	10218259	129752	12198	1	11	1	2	0	0	0	0	0	1	3	3	0	0	0	0	34	0	0	1	0	0	0	0	0	0	0	0	0	0	0	0	0	0
IJMS	2023-07-01	10217992	178913	14811	0	0	0	3	0	0	2	1	0	6	1	11	0	0	1	0	50	0	1	2	0	0	0	0	0	0	0	0	0	0	0	0	0	0
IJMS	2023-07-01	10218605	291812	14385	0	6	0	0	0	0	0	2	0	0	0	9	0	0	0	0	11	0	0	1	0	0	0	0	0	0	0	0	0	0	0	0	0	0
IJMS	2023-07-01	10218145	272109	21123	0	4	0	0	0	0	0	4	0	7	1	1	0	0	0	0	58	0	0	7	0	0	1	0	0	0	0	0	0	0	0	0	0	0
IJMS	2023-07-01	10218175	38341	3354	0	4	0	0	0	0	0	0	0	0	0	4	0	0	0	0	5	0	0	4	0	0	0	0	0	0	0	0	0	0	0	0	0	0
IJMS	2023-07-01	10218685	97321	8672	0	6	0	2	0	0	0	10	0	0	0	3	0	0	0	0	20	0	0	0	0	0	0	0	0	0	0	0	0	0	0	0	0	0
IJMS	2023-07-01	10218099	197197	15703	0	6	0	0	0	0	0	1	0	0	2	8	0	0	0	0	9	0	0	0	0	0	1	0	0	0	0	0	0	0	0	0	0	0
IJMS	2023-07-01	10218470	173524	13681	0	12	0	0	0	0	0	0	0	0	0	0	0	0	0	0	47	0	0	0	0	0	0	0	0	0	0	0	0	0	0	0	0	0
IJMS	2023-07-01	10218704	106261	10507	0	1	0	0	0	0	4	0	0	0	0	9	0	0	0	0	15	0	0	0	0	0	0	0	0	0	0	0	0	0	0	0	0	0
IJMS	2023-07-01	10218353	169257	15897	0	14	0	3	0	0	1	1	0	0	0	10	0	0	0	0	21	0	0	0	0	0	0	0	0	0	0	0	0	0	0	0	0	0
IJMS	2023-07-01	10218702	246933	19924	2	3	0	5	0	1	2	9	0	2	0	3	0	0	0	0	74	0	0	1	0	0	0	0	0	0	0	0	0	0	0	1	0	0
IJMS	2023-07-01	10218074	111686	9178	0	16	0	0	0	0	2	0	0	0	0	0	0	0	0	0	16	0	0	1	0	0	0	0	0	0	0	0	0	0	0	0	0	0
IJMS	2023-07-01	10218072	87273	7679	0	4	0	1	0	0	1	0	0	0	0	0	0	0	0	0	17	0	0	0	0	0	0	0	0	0	0	0	1	0	0	0	0	0
IJMS	2023-07-01	10218819	121134	10212	0	3	1	1	0	0	0	1	0	1	0	0	0	0	0	0	29	0	1	0	0	0	0	0	0	0	0	0	0	0	0	0	0	0
IJMS	2023-07-01	10217930	126069	10922	0	17	0	3	0	0	1	5	0	0	0	7	0	0	0	0	16	0	0	1	0	0	0	0	0	1	0	0	0	0	0	0	0	0
IJMS	2023-07-01	10219530	411087	29774	0	0	0	1	0	0	0	1	0	1	0	6	0	0	0	0	36	1	0	2	0	1	0	0	0	0	0	0	0	0	0	0	0	0
IJMS	2023-07-01	10219477	285016	17882	0	3	0	0	0	0	2	0	0	0	1	6	0	0	0	0	18	0	0	4	0	0	0	0	0	0	0	0	0	0	0	0	0	0
IJMS	2023-07-01	10218871	150416	13575	0	12	3	1	0	0	6	0	0	0	2	12	0	0	0	0	32	0	0	1	0	0	0	0	1	0	0	0	0	0	0	0	0	0
IJMS	2023-07-01	10219443	103485	9233	0	4	0	5	0	0	3	0	0	0	0	7	0	0	0	0	18	0	0	0	0	0	0	0	0	0	0	0	0	0	0	0	0	0
IJMS	2023-07-01	10219050	86587	6875	0	5	0	0	0	0	1	0	0	0	0	0	0	0	0	0	29	0	0	2	0	0	0	0	1	0	0	0	0	0	0	0	0	0
IJMS	2023-07-01	10219330	202591	16381	0	28	0	1	0	0	4	0	0	0	3	4	0	0	0	0	33	0	0	1	0	0	0	4	0	0	0	3	0	0	0	0	0	0
IJMS	2023-07-01	10219433	115058	9761	0	4	0	0	0	0	1	0	0	0	0	1	0	0	0	0	29	0	0	2	0	0	0	0	0	0	0	0	0	0	0	0	0	0
IJMS	2023-07-01	10219320	189267	15733	0	13	0	5	0	1	0	1	0	0	0	1	0	0	0	0	33	0	1	1	0	0	1	0	0	0	0	0	0	0	0	0	0	0
IJMS	2023-07-01	10219472	91864	8463	0	9	0	0	0	0	0	0	0	1	1	4	0	0	0	0	9	0	0	0	0	0	0	0	0	0	0	0	0	0	0	0	0	0
IJMS	2023-07-01	10218821	95393	8643	0	5	1	0	0	0	10	13	0	1	2	6	0	0	0	0	17	0	0	0	0	0	0	0	0	0	0	0	0	0	0	0	0	0
IJMS	2023-07-01	10218858	167588	14622	0	0	0	3	0	0	0	0	0	0	3	1	0	0	0	0	21	0	0	2	0	0	0	9	0	0	0	0	0	0	0	0	0	0
IJMS	2023-07-01	10219092	315184	22318	0	1	0	2	0	0	3	3	0	1	2	3	0	0	0	0	46	0	0	4	0	0	0	0	0	0	0	0	0	0	0	0	0	0
IJMS	2023-07-01	10219382	238302	18526	0	8	1	0	0	0	0	1	0	0	0	2	0	0	0	0	27	0	0	3	0	0	0	0	0	0	0	0	0	0	0	0	0	0
IJMS	2023-07-01	10219106	150990	12888	0	16	0	0	0	0	0	1	0	0	2	2	0	0	0	0	20	0	0	1	0	0	0	0	0	0	0	0	0	0	0	0	0	0
IJMS	2023-07-01	10219450	101440	9010	0	3	0	0	0	0	0	0	0	1	0	4	0	0	0	0	33	0	0	0	0	0	0	0	0	0	0	0	0	0	0	0	0	0
IJMS	2023-07-01	10218864	121976	10080	0	2	0	0	0	0	1	0	0	0	0	3	0	0	0	0	32	0	0	6	0	0	0	0	0	0	0	0	0	0	0	0	0	0
IJMS	2023-07-01	10218986	20736	1903	0	0	0	0	0	0	0	0	0	0	0	4	0	0	0	0	12	0	0	0	0	0	0	0	0	0	0	0	0	0	0	0	0	0
IJMS	2023-07-01	10218941	190176	16711	0	4	0	0	0	0	1	2	0	0	3	7	0	0	0	0	52	0	0	1	0	0	0	0	0	0	0	0	0	0	0	0	0	0
IJMS	2023-07-01	10219003	206892	18594	0	0	1	5	0	0	6	0	0	3	0	14	0	0	1	0	23	0	0	0	0	1	0	0	0	0	0	0	0	0	0	0	0	0
IJMS	2023-07-01	10218992	108891	9711	0	20	0	0	0	0	0	0	0	2	0	6	0	0	0	0	18	0	0	1	0	0	0	0	0	0	0	0	0	0	0	0	0	0
IJMS	2023-07-01	10219173	239393	18465	0	4	0	0	0	0	1	0	0	1	0	1	0	0	0	0	27	0	0	6	0	0	2	0	0	0	0	0	0	0	0	0	0	0
IJMS	2023-07-01	10219500	140655	13042	0	8	2	3	0	0	0	4	0	0	1	0	0	0	0	0	15	0	0	0	0	0	0	0	0	0	0	0	0	0	0	0	0	0
IJMS	2023-07-01	10218959	23090	2128	0	1	0	0	0	0	2	0	0	1	0	0	0	0	0	0	0	0	0	0	0	0	0	0	1	0	0	0	0	0	0	0	0	0
IJMS	2023-07-01	10219236	25262	2944	0	1	0	0	0	0	0	1	0	1	0	1	0	0	0	0	11	0	0	1	0	0	0	0	1	0	0	0	0	0	0	0	0	0
IJMS	2023-07-01	10219373	141114	12390	0	2	0	3	0	0	2	0	0	1	1	1	0	0	0	3	16	0	0	0	0	0	1	0	1	0	0	0	0	0	0	0	0	0
IJMS	2023-07-01	10254051	89752	7822	0	7	1	0	0	0	0	0	0	0	0	1	0	0	0	0	17	0	0	0	0	0	0	0	1	0	0	0	0	0	0	0	0	0
IJMS	2023-07-01	10253647	98691	8497	0	31	0	3	0	0	0	1	0	0	0	0	0	0	0	0	15	0	0	0	0	0	0	0	0	0	0	0	0	0	0	0	0	0
IJMS	2023-07-01	10253724	162203	13857	0	5	0	5	0	0	4	3	0	13	5	6	0	0	0	0	30	0	0	5	0	1	0	1	0	0	0	0	0	0	1	0	0	0
IJMS	2023-07-01	10253442	61536	5044	0	5	2	0	0	0	1	0	0	1	0	2	0	0	0	0	9	0	0	0	0	0	0	0	0	0	0	0	0	0	0	0	0	0
IJMS	2023-07-01	10254052	23963	2208	0	1	0	0	0	0	0	0	0	0	0	3	0	0	0	0	8	0	0	5	0	0	0	0	0	0	0	0	0	0	0	0	0	0
IJMS	2023-07-01	10253698	140060	10944	0	1	0	2	0	0	0	0	0	0	1	3	0	0	0	0	25	0	0	0	0	0	0	0	0	0	0	0	0	0	0	0	0	0
IJMS	2023-07-01	10253295	133723	10556	0	0	0	2	0	0	1	2	0	1	0	2	0	0	0	0	17	0	0	2	0	0	0	0	0	0	0	0	0	0	0	0	0	0
IJMS	2023-07-01	10253621	117246	10455	0	7	0	2	0	0	0	0	0	57	0	11	0	0	0	0	17	0	0	0	0	0	0	2	0	0	0	0	0	0	0	0	0	0
IJMS	2023-07-01	10253726	170385	14522	0	14	0	3	0	0	2	1	0	3	10	3	0	0	0	0	16	0	0	0	0	0	1	0	1	0	0	0	0	0	0	0	0	0
IJMS	2023-07-01	10253346	179732	14685	0	8	0	2	0	0	1	1	0	0	0	1	0	0	0	0	91	0	0	0	0	0	1	0	1	0	0	0	0	0	0	0	0	0
IJMS	2023-07-01	10253387	172523	13116	0	0	0	0	0	0	2	0	0	2	0	0	0	0	0	0	25	0	0	1	0	0	0	0	0	0	0	0	0	0	0	0	0	0
IJMS	2023-07-01	10253775	141404	11805	0	15	2	1	0	0	1	0	0	0	3	3	0	0	0	0	28	0	1	1	0	0	0	0	0	0	0	0	0	0	0	0	0	0
IJMS	2023-07-01	10253413	138012	12725	0	28	0	1	0	0	4	1	0	0	1	4	0	0	0	0	34	0	0	2	0	0	0	1	0	0	0	0	0	0	0	0	0	0
IJMS	2023-07-01	10254083	231579	18023	0	6	0	1	0	0	0	2	0	0	0	2	0	0	1	0	19	0	0	0	0	0	0	0	0	0	0	0	0	0	0	0	0	0
IJMS	2023-07-01	10253831	114374	11325	0	21	1	4	0	0	0	0	0	0	2	1	0	0	0	0	28	0	0	0	0	0	0	0	0	0	0	0	0	0	0	0	0	0
IJMS	2023-07-01	10253891	209587	16902	0	0	0	0	0	0	1	0	0	3	1	5	0	0	0	0	42	0	0	0	0	0	0	0	0	0	0	0	0	0	0	0	0	0
IJMS	2023-07-01	10253993	664909	48964	0	3	2	2	0	1	2	0	0	0	5	5	0	0	0	0	136	0	0	2	0	0	0	0	0	0	0	0	0	0	0	0	0	1
IJMS	2023-07-01	10253879	134821	11267	0	10	0	1	0	0	1	1	0	1	0	0	0	0	0	0	9	0	0	0	0	0	0	0	0	0	0	0	0	0	0	0	0	0
IJMS	2023-07-01	10253599	216119	15799	0	3	0	1	0	0	1	0	0	0	1	1	0	0	0	0	56	0	0	0	0	0	0	0	0	0	0	0	0	0	0	0	0	0
IJMS	2023-07-01	10253484	97408	9571	0	4	0	10	0	0	1	0	0	0	0	0	0	0	0	0	0	0	0	0	0	0	1	0	0	0	0	0	0	0	0	0	0	0
IJMS	2023-07-01	10253795	182091	13983	0	1	0	1	0	0	3	0	0	1	0	2	0	0	0	0	34	0	2	1	0	0	0	0	0	0	0	0	0	1	0	0	0	0
IJMS	2023-07-01	10253979	103186	9480	0	1	0	0	0	1	3	10	0	1	1	1	0	0	0	0	15	0	0	0	0	0	0	0	0	0	0	0	0	0	0	0	0	0
IJMS	2023-07-01	10253329	122529	10942	0	9	0	1	0	0	0	0	0	0	0	2	0	0	0	0	22	0	1	1	0	0	0	0	0	0	0	0	0	0	0	0	0	0
IJMS	2023-07-01	10253687	102851	8775	0	12	0	1	0	0	0	0	0	1	1	1	0	0	1	0	26	0	0	2	0	0	1	0	0	0	0	0	0	0	0	0	0	0
IJMS	2023-07-01	10253849	78589	7539	0	12	0	9	0	0	6	0	0	0	0	0	0	0	0	0	1	0	0	1	0	0	0	0	0	0	0	0	0	0	0	0	0	0
IJMS	2023-07-01	10298361	149388	15455	0	3	0	0	0	0	0	0	0	0	1	0	0	0	1	0	30	0	0	2	0	0	0	0	0	0	0	0	0	0	0	0	0	0
IJMS	2023-07-01	10298631	92048	8193	0	2	0	2	0	0	0	0	0	0	0	0	0	0	0	0	11	0	0	0	0	0	0	0	0	0	0	0	0	0	0	0	0	0
IJMS	2023-07-01	10298651	76852	7246	0	2	1	0	0	0	0	0	0	3	0	0	0	0	0	0	19	0	0	1	0	0	0	0	0	0	0	0	0	0	0	0	0	0
IJMS	2023-07-01	10298077	91397	8301	0	2	0	5	0	0	0	4	0	0	0	2	0	0	0	0	5	0	0	0	0	0	8	0	1	0	0	0	0	0	0	0	0	0
IJMS	2023-07-01	10297936	135809	11302	0	2	0	1	0	0	1	1	0	0	2	1	0	0	0	0	14	0	0	0	0	0	0	0	0	0	0	0	0	0	0	0	0	0
IJMS	2023-07-01	10298036	114640	10393	0	1	0	0	0	0	0	0	0	0	1	3	0	0	0	0	31	0	0	0	0	0	0	0	0	0	0	0	0	1	0	0	0	0
IJMS	2023-07-01	10298252	234008	17397	0	1	0	0	0	0	3	0	0	3	0	0	0	0	0	0	24	0	0	0	0	0	0	0	0	0	0	0	0	0	0	0	0	0
IJMS	2023-07-01	10298310	125912	10714	0	17	0	8	0	0	2	0	0	1	0	0	0	0	0	0	15	0	0	1	0	0	0	0	0	0	0	0	0	0	0	1	0	0
IJMS	2023-07-01	10298382	117656	10402	0	2	0	3	0	0	1	1	0	1	2	3	0	0	0	0	10	0	0	0	0	0	0	0	0	0	0	0	0	0	0	0	0	0
IJMS	2023-07-01	10297904	187889	15497	0	13	0	1	0	1	1	2	0	0	0	2	0	0	1	0	37	0	0	8	0	0	0	0	0	0	0	0	0	0	0	0	0	0
IJMS	2023-07-01	10298654	138159	13433	0	14	0	1	0	2	2	1	0	0	0	2	0	0	0	0	33	0	0	0	0	0	0	0	0	0	0	0	0	0	0	0	0	0
IJMS	2023-07-01	10298207	86700	7554	0	3	0	0	0	0	0	0	0	0	0	2	0	0	0	0	7	0	0	1	0	1	0	0	0	0	0	0	0	0	0	0	0	0
IJMS	2023-07-01	10298155	206518	18727	0	3	1	0	0	1	1	0	0	8	0	2	0	0	1	0	29	0	0	2	0	0	0	0	0	0	0	0	0	0	0	0	0	0
IJMS	2023-07-01	10298358	143235	12344	0	8	0	1	0	0	0	1	0	1	2	2	0	0	0	0	21	0	0	1	0	0	0	0	0	0	0	0	0	0	0	0	0	0
IJMS	2023-07-01	10298228	113878	9581	0	14	0	1	0	0	1	0	0	0	0	5	0	0	0	0	12	0	0	0	0	0	0	0	0	0	0	0	0	0	0	1	0	0
IJMS	2023-07-01	10298341	151047	11724	0	0	0	1	0	0	1	0	0	0	2	18	0	0	0	0	26	0	0	1	0	0	0	0	0	0	0	0	0	0	0	0	0	0
IJMS	2023-07-01	10298356	349074	26677	0	4	0	4	0	0	0	3	0	0	1	2	0	0	0	0	54	0	0	5	0	1	0	0	0	0	0	0	0	0	0	0	0	0
IJMS	2023-07-01	10298473	345181	26484	0	13	0	5	0	0	8	3	0	0	0	3	0	0	0	0	137	0	0	0	0	0	1	0	0	0	0	0	0	0	0	0	0	0
IJMS	2023-07-01	10298237	103309	9937	0	7	0	0	0	0	3	1	0	0	0	3	0	0	0	0	15	0	0	0	0	0	0	1	0	0	0	0	0	0	0	0	0	0
IJMS	2023-07-01	10298530	171449	16549	0	13	0	1	0	0	0	0	0	3	0	2	0	0	0	0	13	0	0	1	0	0	0	0	0	0	0	0	0	0	0	0	0	0
IJMS	2023-07-01	10298267	91756	8144	0	7	2	4	0	0	0	0	0	1	1	0	0	0	2	0	26	0	0	4	0	0	1	0	0	0	0	0	0	0	0	0	0	0
IJMS	2023-07-01	10297982	191683	16560	0	8	0	4	0	0	0	7	0	1	1	1	0	0	0	0	38	0	0	1	0	0	0	0	0	0	0	0	0	0	0	0	0	0
IJMS	2023-07-01	10297914	207847	16043	0	2	0	3	0	0	1	0	0	1	1	1	0	0	0	0	28	0	0	1	0	0	1	1	0	0	0	0	0	0	0	0	0	0
IJMS	2023-07-01	10298420	159011	14900	0	5	0	1	0	2	1	1	0	0	0	2	0	0	0	0	26	0	0	2	0	0	1	0	0	0	0	0	0	0	0	0	0	0
IJMS	2023-07-01	10298640	207144	17714	0	13	0	0	0	0	2	2	0	0	2	7	0	0	0	0	30	0	1	2	0	0	0	2	0	0	0	0	0	0	0	0	0	0
IJMS	2023-07-01	10299257	147965	12294	0	4	0	1	0	0	8	1	0	0	1	3	0	0	0	0	5	0	0	3	0	0	0	2	0	0	0	0	0	0	0	0	0	0
IJMS	2023-07-01	10299122	208798	15982	0	1	0	8	2	0	1	0	0	1	3	3	0	0	0	0	75	0	0	2	0	0	2	0	0	0	0	0	0	0	0	0	0	0
IJMS	2023-07-01	10299022	115373	10677	0	26	0	2	0	0	4	2	0	0	0	0	0	0	0	0	10	0	2	1	0	2	0	0	0	0	0	0	0	0	0	0	0	0
IJMS	2023-07-01	10299543	122836	9908	0	5	1	7	0	0	2	0	0	5	1	1	0	0	0	0	6	0	0	0	0	0	0	0	0	0	0	0	0	0	0	0	0	0
IJMS	2023-07-01	10299307	95231	7882	0	3	0	2	0	0	0	4	0	0	1	3	0	0	0	0	36	0	0	0	0	0	0	0	0	0	0	0	0	0	0	0	0	0
IJMS	2023-07-01	10298684	387143	28639	0	7	0	2	0	0	2	0	0	1	2	0	0	0	0	0	38	0	0	7	0	0	1	0	0	0	0	0	0	0	0	0	0	1
IJMS	2023-07-01	10299292	132697	10497	0	8	0	2	0	0	8	1	0	0	0	2	0	0	1	0	14	0	0	1	0	1	0	0	0	0	0	0	0	0	0	0	0	0
IJMS	2023-07-01	10299330	163635	13677	0	16	0	6	0	0	1	2	0	0	0	5	0	0	0	0	69	0	0	7	0	0	0	0	0	0	0	0	0	0	0	0	0	0
IJMS	2023-07-01	10298998	131505	12046	0	1	0	2	0	0	0	4	0	1	0	2	0	0	0	0	30	0	0	3	0	0	0	0	0	0	0	0	0	0	0	0	0	0
IJMS	2023-07-01	10299133	265830	22174	0	5	0	0	0	0	0	0	0	0	1	5	0	0	0	0	56	0	0	0	0	0	0	0	1	0	0	0	0	0	0	0	64	0
IJMS	2023-07-01	10298958	146756	13695	0	9	0	2	0	1	0	1	0	1	0	2	0	0	1	0	26	0	0	0	0	0	0	0	0	0	0	0	0	0	0	0	0	1
IJMS	2023-07-01	10299553	89958	7636	0	11	0	0	0	0	0	1	0	0	0	6	0	0	0	0	18	0	0	1	0	0	0	0	0	0	0	0	0	0	0	0	0	0
IJMS	2023-07-01	10299379	143320	12155	0	9	0	0	0	0	2	0	0	0	0	7	0	0	0	0	22	0	0	0	0	0	0	0	0	0	0	0	0	0	0	0	0	0
IJMS	2023-07-01	10298946	120722	10827	0	5	0	1	0	1	3	10	0	31	0	0	0	0	0	0	9	0	0	2	0	0	1	0	0	0	0	0	0	0	0	0	0	0
IJMS	2023-07-01	10298969	91891	8164	0	7	0	1	0	0	3	2	0	0	0	2	0	0	1	0	21	0	0	1	0	0	0	0	0	0	0	0	0	0	0	0	0	0
IJMS	2023-07-01	10299481	224577	17653	0	1	0	2	0	1	5	0	0	1	0	4	0	0	0	0	59	0	1	5	0	0	0	0	0	0	0	0	0	0	0	0	0	0
IJMS	2023-07-01	10299324	69132	6777	0	5	0	0	0	0	1	5	0	9	0	5	0	0	0	0	14	0	1	2	0	0	0	0	0	0	0	0	0	0	0	0	0	0
IJMS	2023-07-01	10299213	152585	12034	0	5	0	3	0	0	1	0	0	0	1	5	0	0	0	0	20	0	1	0	0	0	0	1	0	0	0	0	0	0	0	0	0	0
IJMS	2023-07-01	10299417	123179	11280	0	3	1	6	0	0	8	6	0	13	1	10	0	0	0	0	30	0	0	3	0	0	0	0	0	0	0	0	0	0	0	0	0	0
IJMS	2023-07-01	10299124	80920	8403	0	5	0	2	0	0	1	3	0	0	1	2	0	0	0	0	12	0	0	0	0	0	0	0	0	0	0	0	0	0	0	0	0	0
IJMS	2023-07-01	10298979	159325	13195	0	6	2	3	0	0	2	1	0	0	7	1	0	0	0	0	28	0	0	0	0	0	0	0	1	0	0	0	0	0	0	0	0	0
IJMS	2023-07-01	10299198	151594	11546	0	1	0	2	0	0	2	0	0	0	1	2	0	0	3	0	15	0	0	5	0	0	0	0	0	0	0	0	0	0	0	0	0	0
IJMS	2023-07-01	10299073	108046	9133	0	6	0	0	0	0	0	0	0	0	0	6	0	0	0	0	20	0	0	0	0	0	0	0	0	0	0	0	0	0	0	0	0	0
IJMS	2023-07-01	10299128	194187	15471	0	1	0	1	0	0	2	16	0	0	1	0	0	0	0	0	21	0	0	0	0	0	0	0	0	0	0	0	0	0	0	0	0	0
IJMS	2023-07-01	10298675	192895	14445	0	1	0	0	0	0	1	0	0	9	0	0	0	0	0	0	40	0	0	3	0	0	0	0	0	0	0	0	1	0	0	0	0	0
IJMS	2023-07-01	10341908	528824	41017	0	8	1	6	2	0	2	4	0	0	5	5	0	0	0	0	163	0	0	6	0	0	0	0	0	0	0	0	0	0	0	0	0	0
IJMS	2023-07-01	10342084	276547	21266	0	6	0	1	0	0	2	0	0	0	0	2	0	1	0	0	12	0	0	1	0	0	0	0	0	0	1	0	0	0	0	0	0	0
IJMS	2023-07-01	10341413	26552	2291	0	3	0	0	0	0	0	0	0	0	0	0	0	0	0	0	2	0	0	2	0	0	0	0	0	0	0	0	0	0	0	0	0	0
IJMS	2023-07-01	10341624	113234	9924	0	12	0	3	0	0	0	2	0	0	2	2	0	0	0	0	41	0	0	0	0	0	0	0	0	0	0	0	0	0	0	0	0	1
IJMS	2023-07-01	10341760	19957	1806	0	0	0	1	0	0	0	0	0	0	0	0	0	0	0	0	7	0	0	1	0	0	0	0	0	0	0	0	0	0	0	0	0	0
IJMS	2023-07-01	10341582	136158	10991	0	6	0	10	0	0	0	0	0	1	1	1	0	0	0	0	53	0	0	1	0	0	0	0	0	0	0	0	0	0	0	0	1	0
IJMS	2023-07-01	10341919	127500	10859	0	4	1	0	0	0	0	0	0	0	2	5	0	0	1	0	13	0	0	0	0	0	0	0	0	0	0	0	0	0	0	0	0	0
IJMS	2023-07-01	10341457	143367	11161	0	2	0	2	0	0	0	0	0	0	0	2	0	0	0	0	27	0	1	4	0	0	0	0	0	0	0	0	0	0	0	0	0	0
IJMS	2023-07-01	10342146	106153	9828	0	8	0	0	0	0	0	0	0	0	1	7	0	0	0	0	6	0	0	0	0	0	0	0	0	0	0	0	0	0	0	1	0	0
IJMS	2023-07-01	10341718	307619	22469	0	1	0	3	0	0	1	1	0	0	3	2	0	0	0	0	57	0	0	0	0	0	0	0	0	0	0	0	0	0	0	0	0	0
IJMS	2023-07-01	10341605	140503	11031	0	7	0	0	0	0	0	3	0	2	3	3	0	0	2	0	16	0	0	1	0	0	0	0	0	0	0	0	0	1	0	0	0	0
IJMS	2023-07-01	10341951	100892	8865	0	5	0	0	0	0	3	2	0	0	1	2	0	0	0	0	15	0	0	2	0	1	0	0	0	0	0	0	0	0	0	0	0	0
IJMS	2023-07-01	10341963	315259	25423	0	4	0	8	0	0	2	1	0	0	1	7	0	0	0	0	83	0	0	4	0	0	0	0	0	0	0	0	0	0	0	0	0	0
IJMS	2023-07-01	10341586	79785	7821	0	20	0	4	0	0	0	2	0	0	1	2	0	0	0	0	18	0	0	0	0	0	1	0	0	0	0	0	0	0	0	0	0	0
IJMS	2023-07-01	10341976	98396	8151	0	5	0	0	0	1	2	0	0	0	0	6	0	0	0	0	18	0	0	1	0	0	0	0	0	0	0	0	0	0	0	0	0	0
IJMS	2023-07-01	10341773	840052	61100	0	7	0	1	0	0	2	5	0	0	0	15	0	0	0	0	204	0	0	2	0	0	0	0	0	0	0	0	0	0	0	0	0	0
IJMS	2023-07-01	10342172	112380	10029	0	3	0	1	0	0	3	4	0	2	0	8	0	0	0	0	14	0	0	0	0	0	0	0	0	0	0	0	0	0	0	0	0	0
IJMS	2023-07-01	10342020	188086	14534	0	2	0	11	0	0	1	0	0	0	1	5	0	0	0	0	98	0	0	1	0	0	0	0	0	0	0	0	0	1	0	0	0	0
IJMS	2023-07-01	10341922	183951	15021	0	2	0	2	0	0	0	0	0	8	1	7	0	0	0	0	48	0	0	1	0	0	0	0	0	0	0	0	0	0	0	0	0	1
IJMS	2023-07-01	10342006	192315	15039	0	4	1	16	0	0	0	4	0	0	2	5	0	0	0	0	30	0	0	1	0	0	1	0	0	0	0	0	0	0	0	0	0	0
IJMS	2023-07-01	10342122	246459	21458	0	2	0	1	0	0	0	0	0	11	0	1	0	0	0	0	59	0	0	2	0	0	0	1	1	0	0	0	1	0	0	0	0	0
IJMS	2023-07-01	10341593	91253	8155	0	6	0	0	0	2	0	6	0	1	0	0	0	0	1	0	29	0	0	1	0	0	0	0	0	0	0	0	0	0	0	0	0	0
IJMS	2023-07-01	10341710	231046	19678	0	5	1	2	0	0	1	1	0	0	0	7	0	0	0	0	26	0	0	1	0	0	0	0	0	0	0	0	0	0	0	0	0	0
IJMS	2023-07-01	10341832	77757	7065	0	3	0	0	0	0	0	2	0	0	0	6	0	0	0	0	15	0	1	0	0	0	0	0	0	0	0	0	0	0	0	0	0	0
IJMS	2023-07-01	10342018	117773	9233	0	14	0	0	0	1	1	0	0	0	0	2	0	0	0	0	7	0	0	0	0	0	0	0	0	0	0	0	0	0	0	0	0	0
IJMS	2023-07-01	10341816	186108	15073	0	2	0	1	0	0	2	0	0	3	2	3	0	0	0	0	35	0	1	1	0	0	0	0	0	0	0	0	0	0	0	0	0	0
IJMS	2023-07-01	10341495	106658	8790	0	5	0	0	0	2	1	0	0	0	0	0	0	0	0	0	23	0	0	0	0	0	0	0	0	0	0	0	0	0	0	0	0	0
IJMS	2023-07-01	10342066	133319	10664	0	1	0	0	0	0	1	2	0	0	0	0	0	0	0	0	5	0	0	1	0	1	0	2	0	0	0	0	0	0	0	0	0	0
IJMS	2023-07-01	10341553	116814	9962	0	2	1	2	0	0	4	1	0	0	0	8	0	0	0	0	8	0	0	2	0	1	0	0	0	0	0	0	0	0	0	0	0	0
IJMS	2023-07-01	10341759	123660	10624	0	3	0	5	0	0	0	1	0	3	1	3	0	0	0	0	15	0	0	1	0	0	0	0	0	0	0	0	0	0	0	0	0	0
IJMS	2023-07-01	10341682	128718	11098	0	16	1	7	0	0	0	1	0	1	0	0	0	0	0	0	24	0	0	0	0	0	0	0	1	0	0	0	0	0	0	0	0	0
IJMS	2023-07-01	10341846	109823	9368	0	4	1	3	0	0	2	4	0	6	0	2	0	0	0	0	33	0	0	1	0	0	0	0	0	0	0	0	0	0	0	0	0	0
IJMS	2023-07-01	10342115	94674	8915	0	15	0	1	0	0	1	4	0	0	2	1	0	0	0	0	6	0	0	1	0	0	0	2	0	0	0	0	0	0	0	0	0	0
IJMS	2023-07-01	10341734	187850	15659	0	17	0	0	0	0	5	0	0	0	0	5	0	0	0	0	20	0	0	1	0	0	0	0	0	0	0	0	0	0	0	0	0	0
IJMS	2023-07-01	10341502	118095	11192	0	13	0	3	0	1	1	1	0	0	2	1	0	0	1	0	27	0	0	1	0	0	0	0	0	0	0	0	0	0	0	0	0	0
IJMS	2023-07-01	10342009	132233	10522	0	9	2	3	0	0	3	1	0	0	0	7	0	0	0	0	24	0	0	1	0	0	0	0	0	0	0	0	0	0	0	0	0	0
IJMS	2023-07-01	10342068	225744	17241	0	5	2	1	0	0	1	0	0	1	1	5	0	0	0	0	24	0	0	1	0	0	1	1	0	0	0	0	0	0	0	0	0	0
IJMS	2023-07-01	10342120	127036	9942	0	13	0	0	0	1	3	3	0	0	0	4	0	0	0	0	24	0	0	0	0	0	0	0	0	0	0	0	0	0	0	0	0	0
IJMS	2023-07-01	10341945	83737	7994	0	1	0	0	0	0	2	0	0	4	1	0	0	0	0	0	12	0	0	1	0	0	0	0	7	0	0	0	0	0	0	0	0	0
IJMS	2023-07-01	10341524	274136	21831	0	9	0	0	0	0	2	3	0	0	6	5	0	0	0	0	51	0	0	5	0	0	0	0	0	0	0	0	0	0	0	0	0	0
IJMS	2023-07-01	10341388	86283	7948	0	6	2	1	0	0	1	0	0	0	0	2	0	0	0	0	9	0	0	0	0	0	0	0	0	0	0	0	0	0	0	0	0	0
IJMS	2023-07-01	10341981	96816	9229	0	0	0	0	0	0	3	4	0	2	1	3	0	0	0	2	29	0	2	4	0	0	0	0	0	0	0	0	0	0	0	1	0	0
IJMS	2023-07-01	10342142	327502	25217	0	1	1	0	0	0	7	2	0	0	0	6	0	0	0	0	62	0	0	6	0	0	0	0	0	0	0	0	0	0	0	0	0	0
IJMS	2023-07-01	10341657	213038	16049	0	3	0	0	0	0	3	0	0	2	0	1	0	0	0	0	22	0	0	2	0	0	0	0	0	0	0	0	0	0	0	0	0	0
IJMS	2023-07-01	10342003	169743	13721	0	2	1	0	0	0	1	6	0	4	0	0	0	0	0	0	19	0	0	0	0	0	0	0	0	0	0	0	0	0	0	0	0	0
IJMS	2023-07-01	10341952	172613	13214	0	4	0	1	0	0	0	3	0	0	0	7	0	0	0	0	44	0	0	2	0	0	0	0	0	0	0	0	0	0	0	0	0	0
IJMS	2023-07-01	10341815	170499	14244	0	12	1	3	0	0	4	1	0	0	1	0	0	1	0	0	17	0	0	4	0	0	0	0	0	0	0	0	0	0	0	0	0	0
IJMS	2023-07-01	10342090	97270	8054	0	3	0	0	0	0	0	0	0	0	10	4	0	0	1	0	22	0	0	0	0	0	0	0	0	0	0	0	0	0	0	0	0	0
IJMS	2023-07-01	10341879	209968	17346	0	5	0	7	0	0	1	0	0	0	2	22	0	0	1	0	184	0	0	0	0	0	1	5	0	0	0	0	0	0	0	0	0	0
IJMS	2023-07-01	10341699	199635	17254	0	20	0	1	0	1	2	1	0	0	0	2	0	0	0	0	19	0	0	0	0	0	0	1	0	0	0	0	0	0	0	0	0	0
