journal	date	pmc_id	Nchars	Nwords	delve	analyse	acknowledge	assess	appraise	dissect	explore	examine	extricate	expose	estimate	investigate	inquire	inspect	interpret	scrutinise	study	unearth	uncover	understand	ponder	research	reason	retrieve	avoid	discount	disregard	dismiss	ignore	neglect	overlook	omit	skip	reject
IJMS	2021-10-01	8306915	118898	10344	0	3	0	0	0	0	0	0	0	1	0	3	0	0	0	0	17	0	1	0	0	0	0	0	0	0	0	0	0	0	0	0	0	0
IJMS	2021-10-01	8305140	132895	12728	0	11	0	1	0	1	0	0	0	0	2	0	0	0	0	0	10	0	0	3	0	0	0	0	1	0	0	0	1	0	0	0	0	0
IJMS	2021-10-01	8306826	159094	14709	0	7	0	0	0	0	0	0	0	1	1	4	0	0	0	0	26	0	1	0	0	0	1	0	0	0	0	0	0	0	0	0	0	0
IJMS	2021-10-01	8307904	203403	17315	0	8	1	0	0	0	0	0	0	0	1	3	0	0	0	0	29	0	0	0	0	0	0	0	0	0	0	0	0	0	0	0	0	0
IJMS	2021-10-01	8307986	235319	17530	0	3	0	1	0	0	0	0	0	0	0	2	0	0	0	0	21	0	0	0	0	0	0	0	0	0	0	0	0	0	0	0	0	0
IJMS	2021-10-01	8303886	298152	28571	0	0	0	4	0	0	2	0	0	0	2	7	0	0	0	0	19	0	0	1	0	0	0	0	0	0	0	0	0	0	0	0	0	0
IJMS	2021-10-01	8306069	172403	12659	0	2	1	0	0	0	2	0	0	1	1	1	0	0	0	0	29	0	0	0	0	0	1	0	1	0	0	0	0	0	0	0	0	0
IJMS	2021-10-01	8303848	115470	10899	0	5	0	4	0	0	0	2	0	0	0	0	0	0	0	0	9	0	0	0	0	0	0	0	0	0	0	0	0	1	0	0	0	0
IJMS	2021-10-01	8305791	94421	8605	0	3	0	1	0	0	0	2	0	0	1	0	0	0	0	0	20	0	0	1	0	0	0	0	0	0	0	0	0	0	0	0	0	0
IJMS	2021-10-01	8307211	128729	11349	0	11	0	0	0	0	2	9	0	0	0	0	0	0	0	0	26	0	0	1	0	0	0	4	0	0	0	0	0	0	0	0	0	0
IJMS	2021-10-01	8303915	165910	13652	0	0	1	0	0	0	0	0	0	2	1	1	0	0	0	0	41	0	1	5	0	0	0	0	0	0	0	0	0	0	0	0	0	0
IJMS	2021-10-01	8303251	127593	10152	0	8	0	2	0	0	5	0	0	2	12	8	0	0	0	0	31	0	0	0	0	0	1	0	0	0	0	0	0	0	0	0	0	0
IJMS	2021-10-01	8307967	110677	9206	0	8	0	0	0	0	0	2	0	0	1	2	0	0	0	0	26	0	0	1	0	0	0	0	0	0	0	0	0	0	0	0	0	0
IJMS	2021-10-01	8306359	131864	10752	0	6	0	0	0	0	0	1	0	0	0	4	0	0	0	0	9	0	0	1	0	0	0	0	0	0	0	0	0	0	0	0	0	0
IJMS	2021-10-01	8303147	113248	10526	0	7	1	1	0	0	2	0	0	0	0	7	0	0	0	0	40	0	0	0	0	0	0	0	0	0	0	0	0	0	0	0	0	0
IJMS	2021-10-01	8307504	250971	20145	0	1	0	1	0	0	0	0	0	1	0	0	0	0	0	0	21	0	1	4	0	0	0	0	0	0	0	0	0	0	0	0	0	0
IJMS	2021-10-01	8303370	147218	12956	0	19	2	0	0	0	1	2	0	0	0	1	0	0	0	0	10	0	0	0	0	0	0	0	0	0	0	0	0	0	0	0	0	0
IJMS	2021-10-01	8306088	115130	11508	0	16	0	2	0	0	3	6	0	0	0	5	0	0	0	0	17	0	0	0	0	0	0	0	0	0	0	0	0	0	0	0	0	0
IJMS	2021-10-01	8304577	168308	14716	0	19	0	1	0	0	7	0	0	0	0	2	0	0	0	0	20	0	0	0	0	0	0	0	1	0	0	0	1	0	0	0	0	0
IJMS	2021-10-01	8307950	121428	11400	0	6	0	0	0	0	0	20	0	0	0	10	0	0	0	0	18	0	0	1	0	0	1	0	0	0	0	0	0	0	0	0	0	0
IJMS	2021-10-01	8307594	157728	13107	0	27	0	0	0	0	2	1	0	0	14	2	0	0	0	0	12	0	0	0	0	0	0	1	1	0	0	0	0	0	0	1	0	0
IJMS	2021-10-01	8305477	163919	13915	0	3	0	0	0	0	0	0	0	6	1	2	0	0	0	0	44	0	2	4	0	0	0	1	0	1	0	0	0	0	0	0	0	0
IJMS	2021-10-01	8306912	144947	12405	0	3	0	1	0	2	2	0	0	2	0	2	0	0	0	0	14	0	0	1	0	0	0	0	0	0	0	0	0	0	0	0	0	0
IJMS	2021-10-01	8303132	64319	5633	0	0	0	0	0	0	0	0	0	1	2	0	0	0	0	0	9	0	0	2	0	0	0	0	0	0	0	0	0	0	0	0	0	0
IJMS	2021-10-01	8305091	72837	7196	0	1	0	0	0	0	0	1	0	5	0	6	0	0	0	0	10	0	0	0	0	0	0	0	0	0	0	0	0	0	0	0	0	0
IJMS	2021-10-01	8306873	121932	10182	0	14	1	0	0	0	1	0	0	0	0	2	0	0	0	0	2	0	0	1	0	0	2	0	0	0	0	0	0	0	0	0	0	0
IJMS	2021-10-01	8303963	98683	8922	0	1	0	0	0	0	1	0	0	0	0	0	0	0	1	0	5	0	0	0	0	0	0	0	0	0	0	0	0	0	0	0	0	0
IJMS	2021-10-01	8303639	155663	12413	0	0	0	5	0	0	1	7	0	1	3	4	0	0	0	0	26	0	0	9	0	0	1	0	0	0	0	0	0	0	0	0	0	0
IJMS	2021-10-01	8305533	83210	7347	0	13	0	0	0	1	0	8	0	0	0	9	0	0	0	0	27	0	0	0	0	0	0	0	0	0	0	0	0	0	0	0	0	0
IJMS	2021-10-01	8304598	165841	14741	0	15	0	1	0	0	0	19	0	0	0	1	0	0	0	0	44	0	0	0	0	0	3	0	1	0	0	0	0	0	0	1	0	0
IJMS	2021-10-01	8307010	136787	12251	0	4	0	0	0	0	0	1	0	2	0	1	0	0	0	0	7	0	0	1	0	0	0	0	0	0	0	0	1	0	0	0	0	0
IJMS	2021-10-01	8304781	277372	20562	0	4	0	2	0	0	1	0	0	0	0	2	0	0	0	0	40	0	1	6	0	0	0	0	2	0	0	0	0	0	1	0	0	0
IJMS	2021-10-01	8305211	119927	11008	0	5	0	2	0	0	0	0	0	0	1	0	0	0	0	0	30	0	0	2	0	0	0	0	0	0	0	0	0	0	0	0	0	0
IJMS	2021-10-01	8303767	105743	9018	0	4	0	0	0	0	1	0	0	2	0	2	0	0	0	0	14	0	0	0	0	0	0	1	0	0	0	0	0	0	0	0	0	0
IJMS	2021-10-01	8305476	112749	10992	0	12	0	0	0	0	0	2	0	0	3	11	0	0	0	0	14	0	0	0	0	0	0	0	0	0	0	0	0	0	0	1	0	0
IJMS	2021-10-01	8307704	119849	11257	0	14	0	8	0	0	0	0	0	0	0	2	0	0	0	0	32	0	0	0	0	0	0	0	0	0	0	0	0	0	0	0	0	0
IJMS	2021-10-01	8307961	104524	9848	0	10	0	2	0	0	0	1	0	0	0	2	0	0	0	0	35	0	0	1	0	0	0	0	0	0	0	0	0	0	0	0	0	0
IJMS	2021-10-01	8303675	94451	8564	0	1	0	0	0	0	0	4	0	0	0	1	0	0	0	0	13	0	0	4	0	0	0	1	0	0	0	0	0	0	0	0	0	0
IJMS	2021-10-01	8307455	92315	8698	0	4	0	1	0	0	3	5	0	0	1	0	0	0	0	0	12	0	0	1	0	0	0	0	0	0	0	0	0	0	0	0	0	0
IJMS	2021-10-01	8305137	152724	11953	0	1	0	2	0	0	0	5	0	14	0	2	0	0	0	0	27	0	0	2	0	0	0	0	0	0	0	0	0	0	0	0	0	0
IJMS	2021-10-01	8306870	39097	3678	0	2	0	0	0	0	1	0	0	0	0	1	0	0	0	0	4	0	0	4	0	0	1	0	0	0	0	0	0	0	0	0	0	0
IJMS	2021-10-01	8307620	183642	14701	0	0	1	0	0	0	7	0	0	0	1	0	0	0	0	0	7	0	0	1	0	0	1	0	0	0	0	0	0	0	0	0	0	0
IJMS	2021-10-01	8304776	95916	8679	0	2	0	0	0	0	0	2	0	3	1	5	0	0	0	0	15	0	0	1	0	0	0	0	0	0	0	0	0	0	0	0	0	0
IJMS	2021-10-01	8303136	240058	17668	0	1	0	0	0	1	0	0	0	0	0	0	0	0	0	0	40	0	0	0	0	0	0	0	0	0	0	0	0	0	0	1	0	0
IJMS	2021-10-01	8307755	92192	8183	0	3	0	1	0	0	2	3	0	0	0	4	0	0	0	0	9	0	0	0	0	0	0	0	0	0	0	0	0	0	0	0	0	0
IJMS	2021-10-01	8303501	123834	10612	0	13	0	0	0	0	0	3	0	1	1	1	0	0	0	0	13	0	0	2	0	0	0	0	0	0	0	0	0	0	0	0	0	0
IJMS	2021-10-01	8304068	207459	16502	0	5	0	2	0	0	0	5	0	1	0	2	0	0	0	0	26	0	0	1	0	0	0	0	1	0	0	0	0	0	0	0	0	0
IJMS	2021-10-01	8305204	119514	11301	0	8	0	2	0	1	0	2	0	0	5	3	0	0	1	0	14	0	1	3	0	0	0	0	0	0	0	0	0	0	0	0	0	0
IJMS	2021-10-01	8305008	178162	13592	0	1	0	0	0	1	1	2	0	1	0	1	0	0	0	0	12	0	0	1	0	0	0	0	0	0	0	0	0	0	0	0	0	0
IJMS	2021-10-01	8307513	176460	16525	0	17	0	2	0	2	0	1	0	1	3	0	0	0	0	0	74	0	0	0	0	1	1	0	0	0	0	0	0	0	0	0	0	0
IJMS	2021-10-01	8346079	131555	12968	0	14	0	1	0	1	0	2	0	0	2	2	0	0	0	0	31	0	0	0	0	0	0	0	1	0	0	0	0	0	0	0	0	0
IJMS	2021-10-01	8346077	168877	15795	0	10	1	4	0	2	0	2	0	1	1	0	0	0	0	0	31	0	0	0	0	0	0	0	0	0	0	0	0	0	0	0	0	0
IJMS	2021-10-01	8345998	105100	8044	0	1	0	0	0	0	0	1	0	0	0	1	0	0	0	0	9	0	0	0	0	0	0	0	0	0	0	0	0	0	0	0	0	0
IJMS	2021-10-01	8346121	247906	20705	0	1	0	0	0	0	0	1	0	13	0	2	0	0	0	0	21	0	0	1	0	0	0	0	0	0	0	0	0	0	0	0	0	0
IJMS	2021-10-01	8346112	65346	6505	0	4	0	1	0	1	0	1	0	0	4	3	0	0	0	0	11	0	0	0	0	0	0	0	1	0	0	0	0	0	0	0	0	0
IJMS	2021-10-01	8346170	181822	16210	0	12	0	0	0	0	1	8	0	2	1	3	0	0	0	0	27	0	0	0	0	0	0	0	0	0	0	0	0	0	0	0	0	0
IJMS	2021-10-01	8346155	165029	13994	0	23	0	1	0	0	0	3	0	1	1	3	0	0	0	0	31	0	0	0	0	0	1	0	0	0	0	0	0	0	0	0	0	0
IJMS	2021-10-01	8346013	109832	9299	0	10	0	0	0	0	0	4	0	0	0	2	0	0	0	0	7	0	0	0	0	0	0	0	0	0	0	0	0	0	0	0	0	0
IJMS	2021-10-01	8306181	114151	9460	0	0	0	0	0	1	0	0	0	0	0	0	0	0	0	0	8	0	0	0	0	0	0	0	0	0	0	0	0	0	0	0	0	0
IJMS	2021-10-01	8345941	324381	23558	0	3	0	0	0	0	1	0	0	0	0	2	0	0	0	0	49	0	0	0	0	0	0	0	0	0	0	0	0	0	0	0	0	0
IJMS	2021-10-01	8346022	97308	9284	0	5	0	0	0	1	0	3	0	1	0	5	0	0	0	0	15	0	0	0	0	0	0	0	0	0	0	0	0	0	0	0	0	0
IJMS	2021-10-01	8346161	76962	7130	0	13	0	6	0	0	2	2	0	6	0	5	0	0	0	0	16	0	0	0	0	0	0	0	0	0	0	0	0	0	0	0	0	0
IJMS	2021-10-01	8303780	118708	12592	0	1	0	4	0	0	0	2	0	4	0	0	0	0	0	0	15	0	0	2	0	0	0	0	0	0	0	0	0	0	0	0	0	0
IJMS	2021-10-01	8345999	122268	12130	0	12	0	0	0	0	14	2	0	0	0	0	0	0	0	0	19	0	0	1	0	0	0	0	0	0	0	0	0	0	0	0	0	0
IJMS	2021-10-01	8346143	130651	10980	0	0	0	0	0	0	0	1	0	2	0	11	0	0	0	0	14	0	0	6	0	0	0	0	0	0	0	0	0	0	0	0	0	0
IJMS	2021-10-01	8346046	63169	5916	0	3	0	0	0	0	1	4	0	1	2	1	0	0	0	0	9	0	1	0	0	0	0	0	0	0	0	0	0	0	0	0	0	0
IJMS	2021-10-01	8346100	149807	12807	0	4	1	3	0	0	1	0	0	1	11	1	0	0	1	0	28	0	0	3	0	0	0	0	0	0	0	0	0	0	0	1	0	0
IJMS	2021-10-01	8346082	363264	29360	0	25	3	0	0	0	2	0	0	2	0	1	0	0	0	0	53	0	0	2	0	0	0	0	0	0	0	0	0	0	0	1	0	0
IJMS	2021-10-01	8346105	281844	21343	0	3	0	0	0	0	0	0	0	4	7	0	0	0	0	0	31	0	0	1	0	0	0	0	0	0	0	0	0	0	0	0	0	0
IJMS	2021-10-01	8346003	125541	11427	0	16	0	0	0	0	1	1	0	0	2	23	0	0	0	0	35	0	0	4	0	0	1	0	0	0	0	0	0	0	0	0	0	0
IJMS	2021-10-01	8345993	180904	13810	0	2	0	0	0	0	0	1	0	1	0	5	0	0	0	0	37	0	0	3	0	0	1	0	0	0	0	0	0	0	0	0	0	0
IJMS	2021-10-01	8346148	141570	11685	0	10	0	2	0	0	1	0	0	0	1	0	0	0	0	0	50	0	0	0	0	0	1	2	0	0	0	0	0	1	0	0	0	0
IJMS	2021-10-01	8435220	106601	9274	0	13	1	4	0	2	0	2	0	0	0	5	0	0	0	0	11	0	0	1	0	0	1	0	0	0	0	0	0	0	0	0	0	0
IJMS	2021-10-01	8346044	86407	7054	0	0	1	1	0	0	0	0	0	0	1	0	0	0	0	0	10	0	1	0	0	0	0	0	0	0	0	0	0	0	0	0	0	0
IJMS	2021-10-01	8346169	276603	21089	0	1	0	1	0	0	10	0	0	0	0	7	0	0	0	0	35	0	0	2	0	1	0	0	0	0	0	0	0	0	0	0	0	0
IJMS	2021-10-01	8348697	190936	14503	0	0	0	0	0	0	1	0	0	0	0	3	0	0	0	0	34	0	0	1	0	0	0	0	0	0	0	0	0	1	0	0	0	0
IJMS	2021-10-01	8347363	97802	7852	0	1	0	0	0	0	3	0	0	0	0	1	0	0	0	0	14	0	0	3	0	0	0	0	0	0	0	0	0	0	0	0	0	0
IJMS	2021-10-01	8348038	193064	14143	0	0	0	1	0	0	0	0	0	0	1	0	0	0	0	0	3	0	0	3	0	0	0	0	0	0	0	0	0	0	0	0	0	0
IJMS	2021-10-01	8347370	346250	25810	0	4	0	0	0	0	0	2	0	2	0	3	0	0	0	0	71	0	0	3	0	0	0	1	2	0	0	0	0	0	0	0	0	1
IJMS	2021-10-01	8347825	209318	16349	0	0	0	1	0	0	0	0	0	2	0	7	0	0	0	0	45	0	0	2	0	0	0	0	0	0	0	0	0	0	0	1	0	0
IJMS	2021-10-01	8348975	102982	9883	0	10	0	0	0	0	1	1	0	0	1	1	0	0	0	0	9	0	0	1	0	0	0	0	0	0	0	0	0	0	0	0	0	0
IJMS	2021-10-01	8348485	339521	26677	0	1	0	4	0	0	2	1	0	0	3	12	0	0	0	0	99	0	2	4	0	7	0	0	0	0	0	0	0	0	0	0	0	0
IJMS	2021-10-01	8348617	251523	19010	0	6	0	0	0	0	0	0	0	0	0	0	0	0	0	0	9	0	2	0	0	0	0	0	1	0	0	0	0	0	0	0	0	0
IJMS	2021-10-01	8348427	92956	8359	0	3	2	0	0	0	0	1	0	0	0	0	0	0	0	0	11	0	0	0	0	0	0	0	0	0	0	0	0	0	0	0	0	0
IJMS	2021-10-01	8348851	195368	16983	0	8	0	1	0	0	0	1	0	0	0	13	0	0	0	0	13	0	0	0	0	0	0	0	0	0	0	0	0	0	0	0	0	0
IJMS	2021-10-01	8347446	112090	10072	0	8	0	0	0	0	2	2	0	1	0	8	0	0	0	0	21	0	0	0	0	1	0	0	0	0	0	0	0	0	0	0	0	0
IJMS	2021-10-01	8347196	257773	20629	0	22	0	4	0	3	0	1	0	0	1	3	0	0	0	0	21	0	0	0	0	0	0	0	0	0	0	0	0	0	0	0	0	0
IJMS	2021-10-01	8348618	159675	12936	0	0	0	0	0	0	0	0	0	0	0	7	0	0	0	0	33	0	0	0	0	0	0	0	0	0	0	0	0	0	0	0	1	1
IJMS	2021-10-01	8347144	131128	10741	0	12	0	4	0	1	2	3	0	1	8	3	0	0	0	0	18	0	1	5	0	0	0	0	0	0	0	0	0	0	0	0	0	0
IJMS	2021-10-01	8347125	191835	15570	0	0	0	0	0	0	1	0	0	0	4	6	0	0	0	0	26	0	0	1	0	0	0	0	0	0	0	0	0	0	0	0	0	0
IJMS	2021-10-01	8347589	113369	9804	0	7	0	4	0	0	1	0	0	0	0	0	0	0	0	0	13	0	0	1	0	0	0	0	0	0	0	0	0	0	0	0	0	0
IJMS	2021-10-01	8348050	273974	22482	0	0	0	3	0	0	4	0	0	16	1	5	0	0	0	0	44	0	0	4	0	0	0	0	0	0	0	0	0	0	0	0	0	0
IJMS	2021-10-01	8347032	112450	10830	0	0	2	0	0	0	0	0	0	0	0	9	0	0	0	0	15	0	0	0	0	0	0	0	0	0	0	0	0	1	0	0	0	0
IJMS	2021-10-01	8347634	64695	6106	0	3	0	0	0	0	0	0	0	0	0	3	0	0	0	0	17	0	0	1	0	0	0	0	0	0	0	0	0	0	0	0	0	0
IJMS	2021-10-01	8347052	106331	9178	0	0	0	1	0	0	1	1	0	0	0	2	0	0	0	0	9	0	1	1	0	0	1	0	1	0	0	0	0	0	0	0	0	0
IJMS	2021-10-01	8347620	102873	9609	0	22	0	0	0	0	2	0	0	0	0	0	0	0	0	0	12	0	1	0	0	0	0	0	0	0	0	0	0	0	0	0	0	0
IJMS	2021-10-01	8348237	195255	14407	0	2	0	0	0	0	1	1	0	0	0	0	0	0	0	0	17	0	2	4	0	0	0	0	0	0	0	0	0	0	0	0	0	0
IJMS	2021-10-01	8348311	87436	8515	0	2	0	0	0	0	0	0	0	0	2	0	0	0	0	0	8	0	0	0	0	0	0	0	0	0	0	0	0	0	0	0	0	0
IJMS	2021-10-01	8347015	179257	14679	0	18	0	5	0	0	1	0	0	0	0	3	0	0	0	0	18	0	0	1	0	0	1	0	1	0	0	0	0	0	0	0	0	0
IJMS	2021-10-01	8347025	119578	9644	0	3	0	0	0	0	0	1	0	0	1	2	0	1	1	0	19	0	0	0	0	0	0	2	0	0	0	0	0	0	0	0	0	0
IJMS	2021-10-01	8395176	105203	8792	0	1	0	1	0	0	0	0	0	0	1	0	0	0	0	0	20	0	0	1	0	0	0	0	0	0	0	0	0	0	0	0	0	0
IJMS	2021-10-01	8395182	122678	9923	0	6	0	0	0	0	0	2	0	0	0	0	0	0	1	0	26	0	0	0	0	0	0	0	0	0	0	0	0	0	0	0	0	0
IJMS	2021-10-01	8395157	89018	8651	0	7	0	0	0	0	0	5	0	0	0	2	0	0	0	0	17	0	0	0	0	0	0	0	0	0	0	0	0	0	0	0	0	0
IJMS	2021-10-01	8395195	265718	20262	0	3	0	0	0	0	1	0	0	0	0	9	0	0	0	0	27	0	0	1	0	0	0	0	0	0	0	0	0	0	0	0	0	0
IJMS	2021-10-01	8395136	8299	641	0	0	0	0	0	0	0	0	0	0	0	0	0	0	0	0	0	0	0	0	0	0	0	0	0	0	0	0	0	0	0	0	0	0
IJMS	2021-10-01	8395175	100691	8479	0	5	0	0	0	0	0	0	0	0	0	0	0	0	1	0	24	0	0	1	0	0	0	0	0	0	0	0	0	0	0	0	0	0
IJMS	2021-10-01	8395116	95685	8366	0	8	0	5	0	3	0	0	0	1	0	4	0	0	0	0	8	0	0	0	0	0	0	0	0	0	0	0	0	0	0	0	0	0
IJMS	2021-10-01	8395158	111534	10990	0	9	0	3	0	1	0	1	0	1	1	3	0	0	0	0	42	0	0	0	0	0	0	0	0	0	0	0	0	0	0	0	0	0
IJMS	2021-10-01	8395162	195499	15677	0	2	0	0	0	0	0	1	0	0	2	10	0	0	0	0	42	0	0	5	0	0	2	0	0	0	0	0	0	0	0	0	0	0
IJMS	2021-10-01	8395132	109764	10639	0	18	0	2	0	1	0	3	0	0	1	4	0	0	0	0	11	0	0	0	0	0	0	0	0	0	0	0	0	0	0	0	0	0
IJMS	2021-10-01	8395187	165960	15333	0	12	0	0	0	0	0	0	0	2	3	1	0	0	0	0	12	0	0	0	0	0	0	0	0	0	0	0	0	0	0	0	0	0
IJMS	2021-10-01	8395088	68742	6496	0	7	0	0	0	0	1	0	0	0	0	4	0	0	0	0	20	0	0	2	0	0	0	0	0	0	0	0	0	0	0	0	0	0
IJMS	2021-10-01	8395091	118608	10962	0	2	0	14	0	0	0	0	0	2	1	1	0	0	0	0	15	0	0	2	0	0	2	0	0	0	0	0	0	0	0	0	0	0
IJMS	2021-10-01	8395206	62440	5801	0	1	0	0	0	0	0	0	0	0	0	6	0	0	0	0	15	0	0	0	0	0	0	0	0	0	0	0	0	0	0	0	0	0
IJMS	2021-10-01	8395087	250770	19283	0	0	0	0	0	0	1	0	0	1	2	1	0	0	0	0	25	0	0	4	0	0	0	0	0	0	0	0	0	0	0	0	0	0
IJMS	2021-10-01	8395205	108185	10267	0	5	0	1	0	1	0	0	0	1	0	1	0	1	0	0	19	0	0	3	0	0	0	0	0	0	0	0	0	0	0	0	0	0
IJMS	2021-10-01	8395196	126400	10030	0	14	0	0	0	0	1	1	0	0	2	9	0	0	0	0	18	0	0	1	0	0	0	0	0	0	0	0	0	0	0	0	0	0
IJMS	2021-10-01	8395168	230011	16845	0	0	0	0	0	0	2	1	0	1	1	1	0	0	0	0	25	0	0	2	0	0	2	0	0	0	0	0	0	0	0	0	0	0
IJMS	2021-10-01	8395229	128381	11442	0	1	0	0	0	2	0	3	0	9	1	2	0	0	3	0	23	0	0	0	0	0	0	0	0	0	0	0	0	0	0	0	0	0
IJMS	2021-10-01	8395201	94179	8316	0	10	0	0	0	0	1	0	0	0	0	1	0	0	0	0	16	0	0	0	0	0	0	0	0	0	0	0	0	0	0	0	0	0
IJMS	2021-10-01	8395122	97855	10090	0	15	0	0	0	0	0	0	0	1	0	0	0	0	0	0	24	0	0	0	0	0	2	0	0	0	0	0	0	0	0	0	0	0
IJMS	2021-10-01	8395209	87221	7567	0	3	0	4	0	0	0	2	0	3	1	1	0	0	0	0	11	0	0	0	0	0	1	0	0	0	0	0	0	0	0	0	0	0
IJMS	2021-10-01	8395232	177932	14287	0	0	0	0	0	0	0	0	0	1	0	0	0	0	0	0	14	0	0	3	0	0	0	0	0	0	0	0	0	0	0	0	0	0
IJMS	2021-10-01	8395180	143656	12857	0	7	0	4	0	0	0	2	0	0	2	5	0	0	0	0	35	0	0	0	0	0	0	0	0	0	0	0	0	0	0	0	0	0
IJMS	2021-10-01	8395217	87913	6824	0	2	0	0	0	0	0	2	0	0	0	3	0	0	0	0	10	0	0	0	0	0	0	0	0	0	0	0	0	0	0	0	0	0
IJMS	2021-10-01	8395713	244806	19035	0	3	0	0	0	0	0	1	0	0	4	5	0	0	0	0	21	0	0	3	0	0	0	1	1	0	0	0	0	0	0	0	0	0
IJMS	2021-10-01	8395475	151972	12302	0	0	0	0	0	0	3	0	0	1	0	3	0	0	0	0	21	0	0	7	0	0	0	0	0	0	0	0	0	0	0	0	0	0
IJMS	2021-10-01	8395978	109657	9629	0	7	0	0	0	0	2	0	0	0	0	7	0	0	0	0	18	0	0	0	0	2	0	0	0	0	0	0	0	0	0	0	0	0
IJMS	2021-10-01	8395723	129449	10303	0	2	0	0	0	0	0	0	0	0	0	0	0	0	0	0	17	0	0	0	0	0	0	0	0	0	0	0	0	0	0	0	0	0
IJMS	2021-10-01	8395419	138812	12576	0	5	0	1	0	0	1	1	0	0	1	1	0	0	0	0	27	0	0	1	0	0	1	0	0	0	0	0	0	0	0	0	0	0
IJMS	2021-10-01	8395710	98574	9170	0	13	1	3	0	0	0	0	0	1	4	1	0	0	0	0	12	0	0	0	0	0	2	0	0	0	0	0	0	0	0	0	0	0
IJMS	2021-10-01	8395427	367089	29405	0	9	0	4	0	0	0	6	0	3	2	5	0	0	0	0	71	0	0	5	0	0	0	0	0	0	0	0	0	0	0	0	0	0
IJMS	2021-10-01	8395529	109169	9773	0	5	0	0	0	0	2	0	0	0	5	0	0	0	0	0	9	0	0	0	0	0	0	0	0	0	0	0	0	0	0	0	0	0
IJMS	2021-10-01	8395736	110949	10137	0	0	0	0	0	0	0	0	0	1	2	0	0	0	0	0	12	0	0	4	0	0	0	3	0	0	0	0	0	1	0	0	0	0
IJMS	2021-10-01	8395740	115406	9162	0	0	0	0	0	0	0	0	0	15	0	0	0	0	0	0	8	0	0	0	0	0	0	0	0	0	0	0	0	0	0	0	0	0
IJMS	2021-10-01	8395461	124470	10457	0	12	0	2	0	0	1	1	0	0	1	7	0	0	1	0	19	0	1	2	0	0	0	0	0	0	0	0	0	0	0	0	0	0
IJMS	2021-10-01	8395417	117337	9839	0	11	0	0	0	0	1	0	0	0	0	0	0	0	0	0	1	0	0	0	0	0	0	0	0	0	0	0	0	0	0	0	0	0
IJMS	2021-10-01	8395432	264134	22457	0	2	0	0	0	0	2	1	0	3	1	0	0	0	2	1	35	0	0	4	0	0	0	0	0	0	0	0	0	0	0	0	0	0
IJMS	2021-10-01	8395819	135655	11441	0	3	0	9	0	0	0	1	0	0	0	0	0	0	0	0	16	0	0	0	0	0	0	1	0	0	0	0	0	1	0	0	0	0
IJMS	2021-10-01	8395522	189692	14405	0	0	0	0	0	0	0	2	0	1	0	2	0	0	0	0	19	0	0	0	0	0	0	0	0	0	0	0	0	0	0	0	0	0
IJMS	2021-10-01	8395929	152046	14129	0	20	0	3	0	1	0	10	0	0	2	3	0	0	0	0	8	0	0	1	0	0	0	0	0	0	0	0	0	0	0	1	0	0
IJMS	2021-10-01	8395761	229212	18268	0	2	1	0	0	0	0	0	0	2	0	3	0	0	0	0	23	0	0	5	0	0	0	0	0	0	0	0	0	1	0	0	0	0
IJMS	2021-10-01	8395518	140428	12135	0	0	0	0	0	0	3	0	0	0	0	0	0	0	0	0	26	0	0	2	0	1	0	0	0	0	0	0	0	0	0	0	0	0
IJMS	2021-10-01	8396047	325887	23332	0	4	0	0	0	0	2	1	0	0	0	0	0	0	0	0	58	0	0	1	0	0	0	0	0	0	0	0	0	0	0	0	0	0
IJMS	2021-10-01	8395984	117895	10472	0	2	0	2	0	0	2	4	0	1	11	9	0	0	0	0	30	0	0	0	0	1	0	0	0	0	0	0	0	0	0	0	0	0
IJMS	2021-10-01	8395494	151980	12366	0	4	1	0	0	0	1	4	0	0	1	1	0	0	1	0	17	0	0	0	0	0	0	0	0	0	1	0	0	0	0	0	0	0
IJMS	2021-10-01	8395981	114073	11190	0	5	0	0	0	0	0	1	0	0	6	1	0	0	0	0	15	0	1	1	0	0	0	0	0	0	0	0	0	0	0	1	0	0
IJMS	2021-10-01	8395918	111729	10066	0	3	0	7	0	0	0	6	0	0	1	2	0	0	0	0	16	0	0	1	0	0	0	0	0	0	0	0	0	0	0	0	0	0
IJMS	2021-10-01	8395737	75366	7334	0	2	1	1	0	1	4	0	0	0	0	3	0	0	0	0	19	0	0	0	0	0	0	0	0	0	0	0	0	0	0	0	0	0
IJMS	2021-10-01	8395395	7994	802	0	1	0	0	0	0	0	0	0	0	0	1	0	0	0	0	0	0	0	0	0	0	0	0	0	0	0	0	0	0	0	0	0	0
IJMS	2021-10-01	8396546	207934	15265	0	4	0	0	0	0	3	0	0	1	0	0	0	0	0	0	11	0	0	1	0	0	0	0	0	0	0	0	0	0	0	0	0	0
IJMS	2021-10-01	8396647	121867	12206	0	6	0	1	0	0	3	0	0	2	1	7	0	0	2	0	19	0	0	5	0	0	1	0	0	0	0	0	1	0	0	0	0	0
IJMS	2021-10-01	8396438	104929	8869	0	5	0	0	0	0	0	0	0	0	0	1	0	0	0	0	12	0	0	2	0	0	0	0	0	0	0	0	0	0	0	1	2	0
IJMS	2021-10-01	8396500	138012	11108	0	0	0	1	0	0	1	1	0	0	0	1	0	0	0	0	15	0	1	1	0	0	0	0	0	0	0	0	0	0	0	0	0	0
IJMS	2021-10-01	8396506	145556	13093	0	6	0	0	0	0	0	0	0	0	0	0	0	0	1	0	26	0	0	0	0	0	0	0	0	0	0	0	0	0	0	2	0	0
IJMS	2021-10-01	8396440	492897	36628	0	5	1	19	0	0	3	0	0	5	5	2	0	0	0	0	60	0	0	3	0	0	0	1	1	0	0	0	1	0	0	0	0	0
IJMS	2021-10-01	8396676	288402	22573	0	5	0	0	0	0	0	0	0	0	0	0	0	0	0	0	18	0	0	1	0	0	0	0	0	0	0	0	2	0	0	0	0	0
IJMS	2021-10-01	8396435	223565	17283	0	1	0	0	0	0	0	0	0	0	1	1	0	0	0	0	27	0	0	3	0	0	0	0	0	0	0	0	0	0	0	0	0	0
IJMS	2021-10-01	8396515	167245	13038	0	1	0	0	0	0	2	1	0	0	0	1	0	0	0	0	11	0	0	1	0	1	0	0	0	0	0	0	0	0	0	0	0	0
IJMS	2021-10-01	8396556	165483	12656	0	17	1	0	0	0	1	5	0	2	0	2	0	0	0	0	24	0	1	0	0	0	0	0	0	0	0	0	0	0	0	0	0	0
IJMS	2021-10-01	8396526	114443	10378	0	11	0	7	0	0	2	2	0	3	0	1	0	0	0	0	34	0	0	0	0	0	1	0	0	0	0	0	0	0	0	0	0	0
IJMS	2021-10-01	8396436	106566	9613	0	11	0	3	0	1	0	10	0	0	0	1	0	0	0	0	28	0	0	0	0	0	0	0	0	0	0	0	0	0	0	0	0	0
IJMS	2021-10-01	8396466	131411	11928	0	5	0	4	0	0	0	9	0	0	3	6	0	0	0	0	16	0	0	1	0	0	0	0	1	0	0	0	0	0	0	0	0	0
IJMS	2021-10-01	8396528	140883	10743	0	0	0	1	0	0	2	1	0	2	0	1	0	0	0	0	30	0	0	2	0	0	0	0	0	0	0	0	0	0	0	0	0	0
IJMS	2021-10-01	8396607	179099	15528	0	4	0	8	0	0	7	5	0	3	1	3	0	0	0	0	23	0	0	6	0	0	1	0	2	0	0	0	0	0	0	0	0	0
IJMS	2021-10-01	8396651	149303	12608	0	4	0	1	0	1	3	3	0	11	0	0	0	0	0	0	37	0	0	1	0	0	1	0	0	0	0	0	0	0	0	0	0	0
IJMS	2021-10-01	8396540	172250	14950	0	11	0	3	0	0	6	0	0	0	0	0	0	0	1	0	28	0	0	0	0	0	1	0	0	0	0	0	0	0	0	0	0	0
IJMS	2021-10-01	8396665	225003	17261	0	4	0	1	0	0	1	0	0	0	0	3	0	0	0	0	47	0	3	3	0	0	0	0	0	0	0	0	0	0	0	0	0	0
IJMS	2021-10-01	8396505	228395	15910	0	0	1	0	0	0	2	1	0	0	0	10	0	0	0	0	57	0	0	2	0	0	0	0	0	0	0	0	0	0	0	0	0	1
IJMS	2021-10-01	8396502	277401	19729	0	4	1	0	0	0	1	0	0	0	0	1	0	0	0	0	22	0	0	0	0	0	0	0	0	0	0	0	0	0	0	0	0	0
IJMS	2021-10-01	8396476	95711	8422	0	10	0	2	0	0	1	1	0	2	1	1	0	0	0	0	12	0	0	0	0	0	0	0	2	0	0	0	0	0	0	0	0	0
IJMS	2021-10-01	8396497	93381	8740	0	12	0	3	0	0	1	1	0	2	2	2	0	0	0	0	26	0	0	0	0	0	0	0	0	0	0	0	0	0	0	0	0	0
IJMS	2021-10-01	8396650	133013	10481	0	0	0	1	0	0	1	1	0	0	0	8	0	0	0	0	17	0	0	1	0	0	0	0	0	0	0	0	0	0	0	0	0	0
IJMS	2021-10-01	8396642	121639	11524	0	6	0	0	0	0	0	1	0	0	1	1	0	0	0	0	33	0	0	2	0	0	0	0	0	0	0	0	0	0	0	0	0	0
IJMS	2021-10-01	8396655	121097	11124	0	10	0	3	0	0	2	3	0	2	0	3	0	1	0	0	13	0	0	0	0	0	0	0	0	0	0	0	0	0	0	0	0	0
IJMS	2021-10-01	8431717	92429	8269	0	1	0	2	0	0	1	3	0	0	0	0	0	0	0	0	18	0	1	0	0	0	0	0	0	0	0	0	0	0	0	0	0	0
IJMS	2021-10-01	8431671	167140	13166	0	1	0	0	0	0	0	0	0	1	1	0	0	0	0	0	28	0	0	3	0	0	0	0	0	0	0	0	0	0	0	0	0	0
IJMS	2021-10-01	8431481	98233	9541	0	2	0	1	0	0	0	1	0	0	1	6	0	0	0	0	7	0	0	2	0	0	0	0	0	0	0	0	0	0	0	0	0	0
IJMS	2021-10-01	8431596	65095	5623	0	1	0	2	0	0	0	0	0	0	0	3	0	0	0	1	8	0	0	1	0	0	0	0	0	0	0	0	0	0	0	0	0	0
IJMS	2021-10-01	8430969	540648	39027	0	1	0	1	0	0	6	1	0	0	0	8	0	0	0	0	69	0	0	2	0	0	0	1	0	0	0	0	0	0	0	0	0	0
IJMS	2021-10-01	8430710	114288	10443	0	6	2	0	0	0	1	1	0	1	0	6	0	0	0	0	16	0	0	1	0	0	0	0	1	0	0	0	0	0	0	0	0	0
IJMS	2021-10-01	8430767	297364	25561	0	30	3	5	0	0	1	0	0	9	1	8	0	0	0	0	28	0	0	3	0	0	2	0	0	0	0	0	0	0	0	0	0	0
IJMS	2021-10-01	8431431	120356	11192	0	6	0	3	0	0	0	0	0	2	0	2	0	0	0	0	24	0	0	0	0	0	0	0	0	0	0	0	0	0	0	0	0	0
IJMS	2021-10-01	8431071	87674	8378	0	14	0	5	0	0	0	0	0	2	0	2	0	0	0	0	13	0	0	0	0	0	0	0	0	0	0	0	0	0	0	0	0	0
IJMS	2021-10-01	8430982	163745	14948	0	5	0	0	0	0	0	4	0	1	1	0	0	0	0	0	40	0	0	0	0	0	0	0	0	0	0	0	0	0	0	0	0	0
IJMS	2021-10-01	8430713	115554	10501	0	8	1	0	0	0	0	1	0	1	0	1	0	0	0	0	22	0	0	0	0	0	0	0	0	0	0	0	0	0	0	0	0	0
IJMS	2021-10-01	8430509	133973	12624	0	5	0	6	0	0	4	0	0	4	1	2	0	1	0	0	15	0	0	0	0	0	0	0	0	0	0	0	0	0	0	0	0	0
IJMS	2021-10-01	8431176	179260	16712	0	14	0	0	0	0	1	0	0	0	1	2	0	0	0	0	34	0	0	1	0	0	0	0	1	0	0	0	0	0	0	0	0	0
IJMS	2021-10-01	8430477	246742	19437	0	0	0	0	0	0	1	0	0	1	0	2	0	0	0	0	28	0	0	1	0	0	0	0	0	0	0	0	0	0	0	0	0	0
IJMS	2021-10-01	8431144	267234	20562	0	1	0	0	0	0	1	2	0	0	0	1	0	0	0	0	31	0	0	3	0	0	0	0	1	0	0	0	0	0	0	0	0	0
IJMS	2021-10-01	8431678	275216	21464	0	1	0	1	0	0	4	2	0	1	2	4	0	0	0	0	39	0	0	2	0	0	0	0	1	1	0	0	0	0	1	0	0	0
IJMS	2021-10-01	8430800	83058	7432	0	3	0	1	0	1	5	0	0	3	0	0	0	0	0	0	13	0	0	1	0	0	0	0	0	0	0	0	0	0	0	0	0	0
IJMS	2021-10-01	8430633	113191	9493	0	10	0	8	0	1	1	0	0	1	0	0	0	0	0	0	21	0	0	0	0	0	0	0	0	0	0	0	0	0	0	0	0	0
IJMS	2021-10-01	8430504	140208	12115	0	22	0	1	0	0	1	2	0	0	1	10	0	0	0	0	32	0	0	0	0	0	0	0	0	0	0	0	0	0	0	0	0	0
IJMS	2021-10-01	8431501	256690	19489	0	0	0	1	0	0	5	0	0	0	0	3	0	0	0	0	36	0	0	0	0	0	0	0	0	0	0	0	0	0	0	0	0	0
IJMS	2021-10-01	8431052	360162	27427	0	4	0	2	0	0	0	0	0	2	1	3	0	0	0	0	47	0	0	3	0	0	0	0	0	0	0	0	0	0	0	0	0	0
IJMS	2021-10-01	8430797	265001	20963	0	10	0	1	0	1	1	0	0	1	2	4	0	0	0	0	52	0	2	4	0	0	1	0	0	0	0	0	0	0	0	0	0	0
IJMS	2021-10-01	8430949	136275	10891	0	7	0	1	0	0	0	0	0	2	0	5	0	0	0	0	9	0	0	0	0	0	0	0	0	0	0	0	0	0	0	0	0	0
IJMS	2021-10-01	8430496	64911	5803	0	1	0	1	0	0	1	3	0	4	0	0	0	0	0	0	6	0	0	0	0	0	0	0	0	0	0	0	0	0	0	0	0	0
IJMS	2021-10-01	8431573	128427	11349	0	11	0	0	0	0	2	0	0	0	1	0	0	0	0	0	6	0	0	0	0	0	0	2	1	0	0	0	0	0	0	1	0	0
IJMS	2021-10-01	8431789	218032	17416	0	4	0	0	0	0	2	1	0	0	1	0	0	0	0	0	37	0	0	1	0	0	2	0	1	0	0	0	0	0	0	0	0	0
IJMS	2021-10-01	8468108	82845	7282	0	2	1	0	0	4	0	0	0	0	0	1	0	0	0	0	25	0	0	0	0	0	0	0	0	0	0	0	0	0	0	0	0	0
IJMS	2021-10-01	8465798	120610	10440	0	14	0	1	0	0	4	1	0	6	0	11	0	0	0	0	17	0	0	0	0	0	0	0	0	0	0	0	0	1	0	0	0	0
IJMS	2021-10-01	8464894	206736	19003	0	6	0	5	0	2	1	8	0	1	2	6	0	0	3	0	16	0	0	0	0	0	0	0	0	0	0	0	0	1	0	0	0	0
IJMS	2021-10-01	8468534	204279	15528	0	2	0	0	0	0	1	1	0	1	0	0	0	0	0	0	36	0	0	4	0	0	0	0	0	0	0	0	0	0	0	0	0	0
IJMS	2021-10-01	8466274	119958	9455	0	2	0	0	0	0	0	2	0	0	0	3	0	0	0	0	25	0	0	3	0	0	0	0	0	0	0	0	0	0	0	0	0	0
IJMS	2021-10-01	8431817	573058	56377	0	5	0	4	0	0	10	7	0	2	0	23	0	0	0	0	140	0	0	3	0	0	0	0	4	0	0	0	0	0	0	0	0	1
IJMS	2021-10-01	8469891	117008	11050	0	4	0	0	0	0	1	1	0	1	3	2	0	0	0	0	20	0	0	0	0	0	1	1	0	0	0	0	0	0	0	0	0	0
IJMS	2021-10-01	8467759	71820	6877	0	7	1	0	0	0	0	0	0	3	0	0	0	0	0	0	9	0	0	0	0	0	1	0	0	0	0	0	0	0	0	0	0	0
IJMS	2021-10-01	8431792	147193	11567	0	0	0	0	0	0	1	1	0	0	0	0	0	0	0	0	11	0	0	2	0	0	0	0	0	0	0	0	0	0	0	0	0	0
IJMS	2021-10-01	8468742	130884	11587	0	8	0	2	0	0	0	1	0	0	1	6	0	0	0	0	31	0	0	1	0	0	0	0	0	0	0	0	0	0	0	0	0	0
IJMS	2021-10-01	8465612	289714	23420	0	1	0	0	0	0	7	0	0	1	0	8	0	0	0	0	27	0	0	3	0	0	0	0	0	0	0	0	0	0	0	0	0	0
IJMS	2021-10-01	8431797	209829	17985	0	5	0	1	0	0	6	1	0	0	4	2	0	0	0	0	34	0	0	0	0	1	1	0	0	0	0	0	0	0	0	0	0	0
IJMS	2021-10-01	8431794	86777	6973	0	0	0	0	0	0	1	0	0	0	1	2	0	0	0	0	11	0	0	0	0	0	0	2	0	0	0	0	0	0	0	0	0	0
IJMS	2021-10-01	8468741	86862	8087	0	5	0	0	0	0	0	4	0	0	0	3	0	0	0	0	15	0	0	0	0	0	0	0	0	0	0	0	0	0	0	0	0	0
IJMS	2021-10-01	8472469	155787	14468	0	15	0	15	0	1	2	1	0	16	0	5	0	0	4	0	41	0	0	2	0	0	0	0	0	0	0	0	0	0	0	0	0	0
IJMS	2021-10-01	8471598	119677	10300	0	1	2	0	0	0	0	0	0	0	3	3	0	0	0	0	19	0	0	2	0	0	0	0	0	0	0	0	0	0	0	0	0	0
IJMS	2021-10-01	8470049	290842	22754	0	4	0	0	0	0	0	2	0	2	0	0	0	0	0	0	89	0	0	3	0	0	0	1	0	0	0	0	0	0	0	0	0	0
IJMS	2021-10-01	8471219	224554	17746	0	3	0	2	0	0	0	1	0	1	2	0	0	0	0	0	28	0	0	1	0	0	1	0	2	0	0	0	0	0	0	0	0	0
IJMS	2021-10-01	8467259	57766	5343	0	7	0	4	0	1	0	6	0	0	2	0	0	0	0	0	2	0	0	0	0	0	0	0	0	0	0	0	1	0	0	0	0	0
IJMS	2021-10-01	8466126	202016	16595	0	14	0	2	0	0	1	9	0	0	2	1	0	0	3	0	27	0	1	2	0	0	0	1	1	0	0	0	0	0	0	0	0	0
IJMS	2021-10-01	8431815	132347	12225	0	25	1	1	0	1	0	0	0	0	0	4	0	0	0	0	7	0	0	0	0	0	0	0	0	0	0	1	0	0	0	0	0	0
IJMS	2021-10-01	8472220	179694	15159	0	4	0	12	0	0	0	0	0	0	1	0	0	0	0	0	48	0	1	1	0	0	0	0	0	0	0	0	0	0	0	0	0	0
IJMS	2021-10-01	8432172	104340	9115	0	5	0	0	0	0	0	0	0	0	0	2	0	0	0	0	11	0	0	0	0	0	0	0	0	0	0	0	0	1	0	0	0	0
IJMS	2021-10-01	8431788	138975	12014	0	7	0	1	0	0	1	1	0	0	4	2	0	0	0	0	21	0	1	1	0	0	0	1	0	0	0	0	0	0	0	0	0	0
IJMS	2021-10-01	8467482	117468	9821	0	16	1	0	0	0	5	1	0	0	0	4	0	0	0	0	26	0	0	3	0	0	0	0	0	0	0	0	0	0	0	0	0	0
IJMS	2021-10-01	8468683	224229	17608	0	0	0	1	0	0	0	0	0	0	0	1	0	0	0	0	10	0	0	3	0	0	0	0	0	0	0	0	0	0	0	0	0	0
IJMS	2021-10-01	8469858	296978	20938	0	1	0	0	0	0	0	1	0	0	0	7	0	0	0	0	60	0	0	0	0	0	0	0	0	0	0	0	0	0	0	0	0	0
IJMS	2021-10-01	8471066	108395	10880	0	11	0	2	0	1	1	14	0	1	0	4	0	0	0	0	13	0	0	1	0	1	0	0	0	0	0	0	0	0	0	0	0	0
IJMS	2021-10-01	8465190	116868	10419	0	3	0	5	0	0	1	6	0	1	0	0	0	0	0	0	38	0	0	2	0	0	0	0	0	0	0	0	0	0	0	0	0	0
IJMS	2021-10-01	8469797	119502	10467	0	2	0	0	0	0	0	0	0	0	1	2	0	0	0	0	18	0	0	1	0	0	0	0	0	0	0	0	0	0	0	0	0	0
IJMS	2021-10-01	8469895	90574	8735	0	3	0	3	0	0	0	1	0	6	0	3	0	0	0	0	7	0	0	0	0	0	0	0	0	0	0	0	0	0	0	0	0	0
IJMS	2021-10-01	8468919	98251	8988	0	4	0	0	0	1	0	1	0	0	0	5	0	0	0	0	19	0	0	0	0	0	0	0	0	0	0	0	0	0	0	0	0	0
IJMS	2021-10-01	8469660	140229	11186	0	13	0	3	0	0	0	1	0	0	0	4	0	0	1	0	31	0	0	0	0	0	0	0	0	0	0	0	0	0	0	0	0	0
IJMS	2021-10-01	8466165	127285	10696	0	14	1	0	0	0	2	2	0	1	0	2	0	0	0	0	12	0	0	1	0	0	0	0	0	0	0	0	0	0	0	0	0	1
IJMS	2021-10-01	8468793	79550	6764	0	2	2	0	0	1	6	0	0	0	0	2	0	0	0	0	22	0	0	4	0	0	0	0	0	0	0	0	0	0	0	0	0	0
IJMS	2021-10-01	8467431	120730	10698	0	15	0	3	0	0	4	0	0	1	1	0	0	0	0	0	16	0	0	0	0	0	0	0	0	0	0	0	0	0	0	0	0	0
IJMS	2021-10-01	8471697	172127	13318	0	0	0	1	0	0	0	1	0	0	1	2	0	0	0	0	31	0	1	2	0	0	1	0	0	0	0	0	0	0	0	0	0	0
IJMS	2021-10-01	8470411	115746	11056	0	9	0	4	0	0	2	0	0	0	1	7	0	0	0	0	18	0	0	2	0	0	0	0	2	0	0	0	0	0	0	0	0	1
IJMS	2021-10-01	8468604	128798	11539	0	3	0	0	0	0	0	7	0	17	0	0	0	0	0	0	10	0	0	1	0	0	0	0	0	0	0	0	0	0	0	0	0	0
IJMS	2021-10-01	8469602	95660	8946	0	3	0	1	0	0	0	2	0	3	0	1	0	0	0	0	33	0	0	0	0	0	0	0	0	0	0	0	0	0	0	0	0	0
IJMS	2021-10-01	8467617	156791	13020	0	7	0	2	0	1	1	4	0	1	1	3	0	0	0	0	20	0	0	0	0	0	1	0	0	0	0	0	0	0	0	0	0	0
IJMS	2021-10-01	8469067	99032	8851	1	3	1	1	0	1	0	0	0	3	2	1	0	0	2	0	22	0	0	0	0	0	0	0	0	0	0	0	0	0	0	0	0	0
IJMS	2021-10-01	8466487	176006	15674	0	17	0	2	0	2	0	2	0	0	5	3	0	0	0	0	31	0	0	0	0	0	0	0	0	0	0	0	0	0	0	0	0	0
IJMS	2021-10-01	8466185	194042	15930	0	4	0	0	0	1	0	0	0	0	1	3	0	0	0	0	18	0	0	0	0	0	0	0	0	0	0	0	0	0	0	0	0	0
IJMS	2021-10-01	8468796	104895	10470	0	7	0	0	0	0	1	0	0	0	1	6	0	0	0	0	22	0	0	0	0	0	0	0	0	0	0	0	0	0	0	0	0	0
IJMS	2021-10-01	8470802	136908	12177	0	2	0	0	0	0	2	0	0	2	0	2	0	0	0	0	38	0	0	1	0	0	0	0	1	0	0	0	0	0	0	0	0	0
IJMS	2021-10-01	8472271	193628	16193	0	9	0	0	0	0	0	1	0	3	0	1	0	0	0	0	21	0	0	0	0	0	0	0	0	0	0	0	0	0	0	0	0	0
IJMS	2021-10-01	8467696	75731	7415	0	4	1	1	0	0	1	0	0	1	2	1	0	0	0	0	2	0	0	0	0	0	1	0	0	0	0	0	0	0	0	0	0	0
IJMS	2021-10-01	8468646	209345	15446	0	0	0	1	0	1	2	0	0	0	2	2	0	0	0	0	27	0	0	3	0	0	0	0	0	0	0	0	0	0	0	0	0	0
IJMS	2021-10-01	8471361	78644	7389	0	11	0	0	0	0	0	5	0	0	1	2	0	0	0	0	20	0	0	1	0	0	1	0	0	0	0	0	0	0	0	0	0	0
IJMS	2021-10-01	8466023	203419	15069	0	2	0	0	0	0	0	0	0	1	0	3	0	0	0	0	9	0	0	0	0	0	0	0	0	0	0	0	0	0	0	0	1	0
IJMS	2021-10-01	8508122	346895	27326	0	3	0	0	0	0	3	0	0	0	2	2	0	0	0	0	138	0	0	0	0	0	1	0	1	0	0	0	0	0	0	1	3	0
IJMS	2021-10-01	8508006	111303	10474	0	15	0	0	0	0	0	2	0	1	0	3	0	0	0	0	41	0	0	1	0	0	0	0	0	0	0	0	0	0	0	0	0	0
IJMS	2021-10-01	8508661	101090	9367	0	5	0	3	0	0	0	1	0	0	0	2	0	0	0	0	32	0	0	3	0	0	0	0	0	0	0	0	0	0	0	0	0	0
IJMS	2021-10-01	8508132	137608	12309	0	15	0	6	0	0	0	0	0	0	0	4	0	0	0	0	33	0	0	0	0	0	0	0	1	0	0	0	0	0	0	0	0	0
IJMS	2021-10-01	8464956	89871	8793	0	2	0	2	0	0	0	0	0	0	0	3	0	0	0	0	19	0	1	1	0	0	0	0	0	0	0	0	0	0	0	0	0	0
IJMS	2021-10-01	8467926	341410	26755	0	2	0	1	0	0	4	3	0	0	0	0	0	0	0	4	53	0	0	2	0	0	0	0	0	0	0	0	0	0	0	0	0	0
IJMS	2021-10-01	8472534	87259	7893	0	4	0	4	0	0	0	0	0	3	0	8	0	0	0	0	17	0	0	0	0	0	0	0	0	0	0	0	0	0	0	0	0	0
IJMS	2021-10-01	8470740	129704	10849	0	5	0	2	0	0	0	0	0	0	7	0	0	1	0	0	17	0	0	1	0	0	0	0	0	0	0	0	1	0	0	0	0	0
IJMS	2021-10-01	8466298	278365	21131	0	7	0	0	0	0	0	1	0	0	0	1	0	0	0	0	23	0	0	1	0	0	0	0	0	0	0	0	0	0	0	0	0	0
IJMS	2021-10-01	8508511	93303	9528	0	7	0	1	0	0	1	2	0	0	0	0	0	0	0	0	2	0	0	1	0	0	0	0	0	0	0	0	0	0	0	0	0	0
IJMS	2021-10-01	8508442	115761	10709	0	10	0	0	0	0	0	1	0	5	0	2	0	0	0	0	10	0	0	0	0	0	0	0	0	0	0	0	0	0	0	0	0	1
IJMS	2021-10-01	8472041	111684	9376	0	1	0	1	0	0	0	0	0	0	1	2	0	0	0	0	16	0	0	1	0	0	0	0	0	0	0	0	0	0	0	0	0	0
IJMS	2021-10-01	8467853	150761	13210	0	7	0	0	0	0	2	2	0	5	1	4	0	0	0	0	10	0	1	2	0	0	0	1	0	0	0	0	0	1	0	0	0	0
IJMS	2021-10-01	8468091	138088	11075	0	1	0	3	0	0	1	1	0	3	2	0	0	0	1	0	23	0	0	2	0	0	1	0	0	0	0	0	0	0	0	0	0	0
IJMS	2021-10-01	8467526	96195	8636	0	1	0	11	0	0	0	2	0	2	0	2	0	0	0	0	114	0	0	1	0	0	0	0	0	0	0	0	0	0	0	0	0	0
IJMS	2021-10-01	8468825	83139	7362	0	10	0	0	0	0	0	8	0	0	0	0	0	0	0	0	9	0	0	0	0	0	0	0	0	0	0	0	0	0	0	0	0	0
IJMS	2021-10-01	8508667	72027	6967	0	4	0	3	0	0	3	0	0	0	0	8	0	0	0	0	42	0	0	1	0	0	0	0	0	0	0	0	0	0	0	0	0	0
IJMS	2021-10-01	8508144	87000	8949	0	6	0	0	0	0	0	0	0	0	0	4	0	0	1	0	6	0	0	2	0	0	0	0	0	0	0	0	0	0	0	0	0	0
IJMS	2021-10-01	8467567	236885	20703	0	2	2	0	0	0	0	0	0	1	2	1	0	0	0	0	11	0	0	1	0	0	0	0	0	0	0	0	0	0	0	0	0	0
IJMS	2021-10-01	8508209	142477	12388	0	6	0	0	0	1	0	2	0	8	1	3	0	0	0	0	15	0	0	0	0	0	0	0	0	0	0	0	0	0	0	0	0	0
IJMS	2021-10-01	8469209	114863	11011	0	5	0	0	0	0	0	0	0	56	1	7	0	0	0	0	5	0	0	3	0	0	0	0	0	0	0	0	0	0	0	0	0	0
IJMS	2021-10-01	8470126	211368	17204	0	13	0	1	0	0	1	0	0	0	2	6	0	0	1	0	9	0	0	1	0	0	0	2	0	0	0	0	0	0	0	0	3	0
IJMS	2021-10-01	8508663	112724	10383	0	2	1	2	0	0	1	3	0	0	0	14	0	0	0	0	22	0	1	0	0	0	0	0	0	0	0	0	0	0	0	0	0	0
IJMS	2021-10-01	8508991	148101	12773	0	7	0	4	0	0	2	3	0	0	0	1	0	0	0	0	22	0	0	1	0	0	0	0	0	0	0	0	0	0	0	0	0	0
IJMS	2021-10-01	8508678	135601	12102	0	7	0	2	0	1	0	3	0	0	0	4	0	0	0	0	12	0	0	1	0	0	2	0	0	0	0	0	0	0	0	0	0	0
IJMS	2021-10-01	8508712	73334	6611	0	6	1	0	0	0	1	0	0	2	0	4	0	0	1	0	14	0	0	0	0	0	0	0	0	0	0	0	0	0	0	0	0	0
IJMS	2021-10-01	8508772	83641	6906	0	7	0	0	0	0	0	2	0	0	0	4	0	0	0	0	21	0	0	0	0	0	0	0	0	0	0	0	0	0	0	0	0	0
IJMS	2021-10-01	8509066	108996	10522	0	5	0	7	0	0	0	1	0	0	2	5	0	0	0	0	8	0	0	1	0	0	0	0	0	0	0	0	0	0	0	0	0	0
IJMS	2021-10-01	8508795	128549	11274	0	3	0	4	0	0	0	2	0	2	0	6	0	0	0	0	23	0	0	2	0	0	0	0	2	0	0	0	0	0	0	0	0	0
IJMS	2021-10-01	8509012	148251	13189	0	8	0	3	0	0	0	15	0	13	0	5	0	0	0	0	25	0	0	1	0	0	0	0	0	0	0	0	0	0	0	0	0	0
IJMS	2021-10-01	8509363	417401	31004	0	2	0	1	0	0	0	0	0	12	0	0	0	0	0	0	35	0	1	1	0	0	0	0	0	0	0	0	0	0	0	0	0	4
IJMS	2021-10-01	8508967	72286	6219	0	3	0	1	0	0	1	1	0	6	0	1	0	0	0	0	6	0	0	0	0	0	0	0	0	0	0	0	0	0	0	0	0	0
IJMS	2021-10-01	8508640	132125	11628	0	17	0	1	0	0	4	1	0	5	1	7	0	0	0	0	24	0	0	2	0	0	0	0	0	0	0	0	0	0	0	0	0	0
IJMS	2021-10-01	8508756	111626	10690	0	15	0	0	0	0	3	1	0	0	0	0	0	0	0	0	24	0	0	0	0	0	1	0	0	0	0	0	1	0	0	0	0	0
IJMS	2021-10-01	8508888	95299	7839	0	7	0	4	0	0	1	0	0	0	1	3	0	0	0	0	13	0	0	0	0	0	0	0	0	0	0	0	0	0	0	0	0	0
IJMS	2021-10-01	8509286	224339	18034	0	23	0	1	0	0	0	2	0	1	0	1	0	0	0	0	14	0	0	0	0	0	0	1	0	0	0	0	0	0	0	0	0	0
IJMS	2021-10-01	8508740	144031	11735	0	0	0	0	0	0	0	3	0	0	2	0	0	0	0	0	35	0	0	1	0	0	1	0	0	0	0	0	0	0	0	0	0	0
IJMS	2021-10-01	8508786	125485	11594	0	5	0	2	0	0	0	0	0	2	0	7	0	0	0	0	33	0	0	2	0	0	1	0	0	0	0	0	0	0	0	0	0	0
IJMS	2021-10-01	8508823	62386	6369	0	0	1	0	0	0	1	1	0	0	0	2	0	0	0	0	0	0	0	0	0	0	0	0	0	0	0	0	0	0	0	0	0	0
IJMS	2021-10-01	8508650	94822	9042	0	5	0	2	0	0	0	1	0	0	2	3	0	0	0	0	19	0	0	0	0	0	0	0	0	0	0	0	0	0	0	0	0	0
IJMS	2021-10-01	8508856	61965	5984	0	7	0	0	0	0	2	0	0	0	0	1	0	0	0	0	18	0	0	0	0	0	0	0	0	0	0	0	0	0	0	0	0	0
IJMS	2021-10-01	8508587	229441	19818	0	0	0	0	0	0	0	0	0	2	0	1	0	0	0	0	51	0	0	0	0	0	0	0	0	0	0	0	0	0	0	0	0	0
IJMS	2021-10-01	8508742	98762	8798	0	2	0	0	0	0	3	0	0	0	2	0	0	0	0	0	14	0	0	1	0	0	0	0	0	0	0	0	0	0	0	0	0	0
IJMS	2021-10-01	8508965	113395	10339	0	2	1	9	0	1	0	3	0	0	2	0	0	0	0	0	25	0	0	0	0	0	0	0	0	0	0	0	1	0	0	0	0	0
IJMS	2021-10-01	8508632	84972	8328	0	1	0	1	0	0	1	4	0	0	1	2	0	0	1	0	11	0	0	2	0	0	1	0	0	0	0	0	0	0	0	0	0	0
IJMS	2021-10-01	8509061	110747	9411	0	17	0	1	0	0	0	1	0	4	0	7	0	0	0	0	13	0	0	0	0	0	1	0	0	0	0	0	0	0	0	0	0	0
IJMS	2021-10-01	8509002	108743	9889	0	9	1	2	0	0	0	1	0	0	1	0	0	0	1	0	9	0	0	0	0	0	0	0	0	0	0	0	0	0	0	0	0	0
IJMS	2021-10-01	8508669	77529	7958	0	0	0	0	0	0	0	0	0	1	0	3	0	0	0	0	12	0	0	0	0	0	0	0	0	0	0	0	0	0	0	0	0	0
