journal	date	pmc_id	Nchars	Nwords	delve	analyse	acknowledge	assess	appraise	dissect	explore	examine	extricate	expose	estimate	investigate	inquire	inspect	interpret	scrutinise	study	unearth	uncover	understand	ponder	research	reason	retrieve	avoid	discount	disregard	dismiss	ignore	neglect	overlook	omit	skip	reject
IJMS	2023-10-01	10342931	96681	8506	0	7	0	0	0	0	5	0	0	0	0	2	0	0	0	0	27	0	0	0	0	0	0	0	0	0	0	0	0	0	0	0	0	0
IJMS	2023-10-01	10342339	229821	21267	0	0	0	0	0	1	4	0	0	2	1	10	0	0	0	0	71	0	1	7	0	0	0	0	0	0	0	0	0	0	0	0	0	0
IJMS	2023-10-01	10379393	245174	19190	0	0	0	0	0	0	1	0	0	0	0	0	0	0	0	0	19	0	0	5	0	0	0	1	0	0	0	0	0	0	0	0	0	0
IJMS	2023-10-01	10342612	123472	11464	0	10	0	0	0	0	0	4	0	0	0	4	0	0	0	0	14	0	0	1	0	0	0	0	1	0	0	0	0	0	0	0	0	0
IJMS	2023-10-01	10342833	158266	13582	0	3	0	2	0	0	1	4	0	1	2	2	0	0	0	0	20	0	0	0	0	0	2	0	0	0	0	0	0	0	0	0	0	0
IJMS	2023-10-01	10379825	235759	17681	0	1	0	0	0	1	3	0	0	0	0	1	0	0	0	0	19	0	0	2	0	0	0	0	0	0	0	0	0	0	0	0	0	0
IJMS	2023-10-01	10342522	144585	12797	0	29	0	2	0	0	0	3	0	0	0	1	0	0	0	0	32	0	0	0	0	0	0	0	0	0	0	0	0	0	0	1	0	0
IJMS	2023-10-01	10342518	213625	17189	0	3	0	1	0	0	0	0	0	0	0	1	0	0	0	0	26	0	0	0	0	0	0	0	0	0	0	0	0	0	0	0	0	0
IJMS	2023-10-01	10342881	111527	10827	0	16	0	6	0	0	0	0	0	24	0	2	0	0	0	0	36	0	0	0	0	0	0	0	0	0	0	0	0	0	0	0	0	0
IJMS	2023-10-01	10342868	154697	14663	0	6	0	6	0	0	1	4	0	2	1	7	0	0	0	1	19	0	0	1	0	0	0	1	0	0	0	0	0	0	0	0	0	0
IJMS	2023-10-01	10342849	127912	11011	0	9	0	1	0	0	0	10	0	5	3	10	0	0	0	0	7	0	0	0	0	0	0	0	0	0	0	0	0	0	0	0	0	0
IJMS	2023-10-01	10342562	113922	9716	0	10	0	1	0	1	1	1	0	0	2	3	0	0	0	0	32	0	0	8	0	0	0	0	0	0	0	0	0	0	0	0	0	0
IJMS	2023-10-01	10342888	110439	10479	0	0	0	5	0	0	3	0	0	0	0	0	0	0	0	0	68	0	0	0	0	0	0	0	0	0	0	0	0	0	0	0	0	0
IJMS	2023-10-01	10342584	142266	11975	0	3	0	5	0	0	0	0	0	0	0	1	0	0	0	0	21	0	0	1	0	0	0	0	0	0	0	0	0	0	0	0	0	0
IJMS	2023-10-01	10342444	419572	30662	0	0	0	0	0	0	1	0	0	2	7	2	0	0	1	0	48	0	0	1	0	0	0	0	0	0	0	0	0	0	0	0	0	0
IJMS	2023-10-01	10342825	173903	13252	0	0	0	1	0	0	0	1	0	0	0	0	0	0	0	0	5	0	0	1	0	0	0	0	0	0	0	0	0	0	0	0	0	0
IJMS	2023-10-01	10379093	145281	12783	0	1	0	6	0	0	0	3	0	0	0	6	0	0	0	0	51	0	0	2	0	0	0	0	0	0	0	0	0	0	0	0	0	0
IJMS	2023-10-01	10342329	166239	15806	0	19	0	3	0	0	4	0	0	1	1	4	0	0	1	0	20	0	0	0	0	0	0	0	0	0	0	2	0	0	0	0	0	0
IJMS	2023-10-01	10342549	217448	19962	0	14	0	0	0	0	5	2	0	2	0	7	0	0	0	0	21	0	0	0	0	0	0	0	0	0	0	0	0	0	0	0	0	0
IJMS	2023-10-01	10342854	118077	9809	0	9	0	1	0	0	1	0	0	0	0	14	0	0	0	0	45	0	0	2	0	0	0	0	1	0	0	0	0	0	0	0	0	0
IJMS	2023-10-01	10342250	245484	18612	0	0	0	1	0	0	0	2	0	3	0	2	0	0	0	0	44	0	0	5	0	0	0	0	0	0	0	0	0	0	0	0	0	0
IJMS	2023-10-01	10342363	441305	33886	0	1	0	0	0	0	2	0	0	0	1	0	0	0	1	0	11	1	1	6	0	0	0	0	0	0	0	0	1	0	0	0	0	0
IJMS	2023-10-01	10342660	24613	1855	0	1	0	0	0	0	0	0	0	0	0	1	0	0	0	0	3	0	0	2	0	0	0	0	0	0	0	0	0	0	0	0	0	0
IJMS	2023-10-01	10343021	190499	14964	0	0	0	1	0	0	0	1	0	2	1	1	0	0	0	0	23	0	0	8	0	0	0	0	0	0	0	0	0	1	0	0	0	0
IJMS	2023-10-01	10342664	128800	10885	0	0	1	0	0	0	0	0	0	0	0	0	0	0	0	0	41	0	0	0	0	0	0	0	0	0	0	0	0	0	0	0	0	0
IJMS	2023-10-01	10380700	196679	15000	0	21	0	1	0	0	2	0	0	0	2	0	0	0	0	0	23	0	0	1	0	0	0	0	1	0	0	0	0	0	0	0	0	0
IJMS	2023-10-01	10380810	150710	12229	0	2	2	1	0	0	2	3	0	2	2	0	0	0	0	0	18	0	0	0	0	0	0	2	0	0	0	0	0	1	0	0	0	0
IJMS	2023-10-01	10380485	259004	21054	0	4	0	1	0	0	0	1	0	0	1	1	0	0	0	0	61	0	0	0	0	0	1	0	0	0	0	0	0	0	0	0	0	0
IJMS	2023-10-01	10380248	124660	9970	0	8	0	0	0	1	1	0	0	0	0	4	0	0	0	0	26	0	0	1	0	0	0	0	0	0	0	0	0	0	0	0	0	0
IJMS	2023-10-01	10380377	76113	6634	0	2	0	0	0	0	0	0	0	0	0	0	0	0	0	0	11	0	0	0	0	0	0	0	0	0	0	0	0	0	0	0	0	0
IJMS	2023-10-01	10380368	128581	12303	0	6	0	5	0	0	0	0	0	2	2	0	0	0	1	0	16	0	0	0	0	0	0	0	0	0	0	0	0	0	0	1	0	0
IJMS	2023-10-01	10380553	67203	5423	0	1	0	0	0	0	3	0	0	0	0	3	0	0	0	0	13	0	0	0	0	0	0	0	0	0	0	0	0	0	1	0	0	0
IJMS	2023-10-01	10380449	151618	13152	0	2	0	8	0	0	0	0	0	2	1	2	0	0	0	0	25	0	0	2	0	0	0	0	0	0	0	0	0	0	0	0	0	0
IJMS	2023-10-01	10380223	116919	9977	0	13	0	1	0	0	1	2	0	9	1	0	0	0	0	0	7	0	0	0	0	0	0	0	0	0	0	0	0	0	0	0	0	0
IJMS	2023-10-01	10380640	308032	22301	0	0	0	0	0	0	3	0	0	0	0	0	0	0	0	0	23	0	0	3	0	0	0	0	0	0	0	0	0	5	0	0	0	0
IJMS	2023-10-01	10380707	348111	25165	0	0	0	2	0	0	2	0	0	1	0	1	0	0	1	0	37	0	0	4	0	0	1	0	1	0	0	0	0	1	0	0	0	0
IJMS	2023-10-01	10380922	24999	2129	0	1	0	0	0	0	0	0	0	0	0	0	0	0	0	0	4	0	0	0	0	0	0	0	0	0	0	0	0	0	0	0	0	0
IJMS	2023-10-01	10380238	165698	15508	0	27	0	0	0	0	2	1	0	0	2	8	0	0	0	0	47	0	0	4	0	0	0	0	0	0	0	0	0	0	0	1	0	0
IJMS	2023-10-01	10380290	112071	9964	0	12	0	0	0	0	2	0	0	0	0	1	0	0	0	0	13	0	0	1	0	0	0	0	0	0	0	0	0	0	0	0	0	0
IJMS	2023-10-01	10380573	87451	7849	0	9	0	1	0	0	2	3	0	10	0	1	0	0	0	0	12	0	1	0	0	0	0	0	0	0	0	0	0	0	0	0	0	0
IJMS	2023-10-01	10380625	169470	13285	0	0	1	1	0	0	0	0	0	0	3	2	0	0	0	0	52	0	0	4	0	0	0	0	0	0	0	0	0	0	0	0	0	0
IJMS	2023-10-01	10380200	90153	7835	0	3	0	4	0	0	2	5	0	1	2	3	0	0	0	0	22	0	0	0	0	0	0	0	0	0	0	0	0	0	0	0	0	0
IJMS	2023-10-01	10380391	146324	12374	0	17	0	0	0	0	1	3	0	0	2	5	0	0	0	0	18	0	0	1	0	0	1	0	0	0	0	0	0	0	0	0	0	0
IJMS	2023-10-01	10380742	105805	8656	0	4	1	0	0	0	1	14	0	0	1	2	0	0	0	0	8	0	0	3	0	0	0	0	0	0	0	0	0	0	0	1	0	0
IJMS	2023-10-01	10380655	142041	11443	0	21	0	0	0	0	1	0	0	0	5	3	0	0	0	0	61	0	0	0	0	0	0	0	0	0	0	0	0	0	0	0	0	0
IJMS	2023-10-01	10380829	138180	12342	0	6	0	7	0	0	0	2	0	1	5	0	0	0	0	0	8	0	0	0	0	0	1	0	0	0	0	0	0	0	0	0	0	0
IJMS	2023-10-01	10380514	159252	13473	0	32	0	0	0	0	0	0	0	3	0	1	0	0	0	0	66	0	0	1	0	0	0	0	0	0	0	0	0	0	0	0	0	0
IJMS	2023-10-01	10380214	115549	9159	0	7	1	0	0	0	4	0	0	0	1	5	0	0	0	0	25	0	0	0	0	0	0	0	0	0	0	0	0	0	0	0	0	0
IJMS	2023-10-01	10380455	161499	12443	0	1	0	1	0	0	4	0	0	1	2	0	0	0	0	0	36	0	0	1	0	0	0	0	0	0	0	0	0	0	0	0	0	0
IJMS	2023-10-01	10380751	92398	8531	0	3	0	1	0	0	0	1	0	0	0	5	0	0	0	0	18	0	0	2	0	0	0	0	0	0	0	0	0	0	0	0	0	0
IJMS	2023-10-01	10380472	88971	7028	0	1	0	1	0	0	2	0	0	0	0	1	0	0	0	0	33	0	0	1	0	0	3	0	0	0	0	0	0	0	0	0	0	0
IJMS	2023-10-01	10380531	346480	27522	0	56	0	9	0	0	3	1	0	1	12	2	0	0	0	0	58	0	0	1	0	0	0	0	0	0	0	0	0	0	0	0	0	0
IJMS	2023-10-01	10380497	69459	6397	0	3	0	0	0	1	0	0	0	0	1	3	0	0	0	0	8	0	0	3	0	0	0	0	0	0	0	0	0	0	0	0	0	0
IJMS	2023-10-01	10380736	316327	26174	0	4	0	3	0	0	2	3	0	0	6	2	0	0	0	0	41	0	0	0	0	0	0	0	1	0	0	0	0	0	0	0	0	0
IJMS	2023-10-01	10380868	78822	6759	0	0	0	0	0	0	2	7	0	2	3	3	0	0	0	0	15	0	0	0	0	0	0	0	0	0	0	0	0	0	0	0	0	0
IJMS	2023-10-01	10380666	180534	13744	0	1	0	0	0	0	0	0	0	1	0	0	0	0	0	0	15	0	0	2	0	0	0	0	1	0	0	0	0	0	0	0	0	0
IJMS	2023-10-01	10380447	131284	10703	0	14	0	0	0	0	0	1	0	0	0	2	0	0	0	0	10	0	0	1	0	0	0	0	0	0	0	0	0	0	0	0	0	0
IJMS	2023-10-01	10380544	102057	8517	0	2	0	1	0	0	1	6	0	0	0	7	0	0	0	0	11	0	0	3	0	0	0	0	0	0	0	0	0	0	0	0	0	0
IJMS	2023-10-01	10380210	178211	14404	0	7	0	0	0	0	2	1	0	2	0	0	0	0	0	0	20	0	0	6	0	0	0	0	1	0	0	0	0	1	0	0	0	0
IJMS	2023-10-01	10380278	139617	11180	0	4	0	4	0	1	1	0	0	0	0	3	0	0	0	0	21	0	0	0	0	0	0	0	0	0	0	0	0	0	0	0	0	0
IJMS	2023-10-01	10380906	95955	8938	0	2	1	2	0	0	0	1	0	1	0	1	0	0	0	0	14	0	1	1	0	0	2	0	1	0	0	0	0	0	0	0	0	0
IJMS	2023-10-01	10380735	135792	10947	0	0	0	0	0	0	0	0	0	0	0	0	0	0	0	0	7	0	0	2	0	0	0	0	0	0	0	0	0	0	0	0	0	0
IJMS	2023-10-01	10380710	95248	9298	0	6	0	8	0	0	3	0	0	4	0	0	0	0	0	0	5	0	0	0	0	0	1	0	0	0	0	0	0	0	0	0	0	0
IJMS	2023-10-01	10380291	363210	27381	0	4	0	2	0	2	7	1	0	1	0	6	0	0	0	0	36	0	0	7	0	1	0	0	0	0	0	0	0	0	0	0	0	0
IJMS	2023-10-01	10380737	181710	14098	0	0	0	0	0	0	2	5	0	4	0	0	0	0	0	0	7	0	0	2	0	0	0	0	0	0	0	0	0	0	0	0	0	0
IJMS	2023-10-01	10380561	26375	2661	0	0	0	0	0	0	0	4	0	0	0	0	0	0	0	0	9	0	0	5	0	0	0	0	0	0	0	0	0	0	0	0	0	0
IJMS	2023-10-01	10380212	83491	7605	0	9	0	2	0	0	0	1	0	1	1	3	0	0	0	0	11	0	0	0	0	0	0	0	0	0	0	0	0	0	0	0	0	0
IJMS	2023-10-01	10380222	144533	11893	0	3	1	0	0	0	2	1	0	0	4	13	0	1	0	0	14	0	0	0	0	0	1	0	0	0	0	0	0	0	0	0	0	0
IJMS	2023-10-01	10380944	178714	13304	0	4	0	2	0	0	1	2	0	0	2	0	0	0	2	0	67	0	0	0	0	0	0	0	0	3	0	0	0	0	0	0	0	0
IJMS	2023-10-01	10380300	158580	12924	0	17	0	1	0	0	0	0	0	1	0	2	0	0	0	0	39	0	0	1	0	0	0	0	0	0	0	0	0	0	0	0	0	0
IJMS	2023-10-01	10380918	116456	8930	0	15	1	0	0	1	2	0	0	0	1	4	0	0	0	0	18	0	0	11	0	0	0	0	0	0	0	0	0	0	0	0	0	0
IJMS	2023-10-01	10380871	80008	7930	0	3	1	3	0	0	1	0	0	0	0	0	0	0	0	0	13	0	0	0	0	0	0	0	0	0	0	0	0	0	0	0	0	0
IJMS	2023-10-01	10380494	132705	11272	0	11	0	5	0	0	1	2	0	0	5	1	0	0	0	0	13	0	0	4	0	0	0	0	0	0	0	0	0	0	0	0	0	0
IJMS	2023-10-01	10380563	152146	14558	0	10	0	0	0	0	0	1	0	0	1	7	0	0	1	0	34	0	0	1	0	0	1	0	0	0	0	0	0	0	0	0	0	0
IJMS	2023-10-01	10380632	95159	7981	0	1	1	0	0	0	0	1	0	0	0	2	0	0	0	0	2	0	0	0	0	0	0	0	0	0	0	0	0	0	0	0	0	0
IJMS	2023-10-01	10418393	134934	10531	0	2	1	0	0	0	4	0	0	0	0	0	0	0	1	0	12	0	0	3	0	0	0	0	0	0	0	0	0	0	0	0	0	0
IJMS	2023-10-01	10418702	81377	7326	0	7	0	0	0	0	3	0	0	0	0	0	0	0	0	0	11	0	0	1	0	0	0	0	0	0	0	0	0	0	0	0	0	0
IJMS	2023-10-01	10418795	110322	8896	0	2	0	5	0	0	2	1	0	0	0	4	0	0	0	0	12	0	0	1	0	0	0	0	0	0	0	0	0	0	0	0	0	0
IJMS	2023-10-01	10418974	125540	11003	0	2	0	2	0	0	2	0	0	2	0	1	0	0	0	0	16	0	0	0	0	0	0	0	0	0	0	0	0	0	0	0	0	0
IJMS	2023-10-01	10418365	187429	15676	0	0	0	1	0	0	4	0	0	1	0	1	0	0	0	0	38	0	0	1	0	1	1	0	0	0	0	0	0	0	0	0	0	0
IJMS	2023-10-01	10419280	330700	23152	0	17	0	1	0	0	0	1	0	2	3	7	0	0	0	0	73	0	0	6	0	0	0	0	0	0	0	0	0	0	1	0	0	0
IJMS	2023-10-01	10418870	160417	14905	0	0	0	0	0	0	0	2	0	0	9	2	0	0	3	0	33	0	0	0	0	0	0	0	0	0	0	0	0	0	0	0	0	0
IJMS	2023-10-01	10418983	198262	14905	0	7	0	0	0	0	1	3	0	0	1	1	0	0	0	0	23	0	0	2	0	0	0	0	0	0	0	0	0	0	0	0	0	0
IJMS	2023-10-01	10418739	165616	14384	0	13	0	3	0	1	0	0	0	2	0	0	0	0	0	0	32	0	0	1	0	0	0	0	0	0	0	0	0	0	0	0	0	0
IJMS	2023-10-01	10419072	121308	10361	0	11	1	0	0	0	1	0	0	0	0	0	0	0	0	0	10	0	0	0	0	0	0	1	0	0	0	0	0	0	0	0	0	0
IJMS	2023-10-01	10418629	160388	14391	0	6	0	0	0	0	4	2	0	8	0	12	0	0	0	0	28	0	0	3	0	0	0	0	0	0	0	0	0	0	0	0	0	0
IJMS	2023-10-01	10418447	100480	8641	0	7	0	3	0	0	0	1	0	0	0	2	0	0	0	0	15	0	0	4	0	0	0	2	0	0	0	0	0	0	0	0	0	0
IJMS	2023-10-01	10418610	168480	13757	0	1	1	0	0	0	1	0	0	0	0	5	0	0	0	0	10	0	0	0	0	0	0	0	0	0	0	0	0	0	0	1	0	0
IJMS	2023-10-01	10418759	65685	6015	0	5	0	0	0	0	0	0	0	0	0	4	0	0	1	0	14	0	0	0	0	0	0	2	0	0	0	0	0	0	0	0	0	0
IJMS	2023-10-01	10419124	142132	14628	0	6	0	0	0	1	0	23	0	4	1	0	0	0	0	0	20	0	0	1	0	0	0	0	0	0	0	0	0	0	0	0	0	0
IJMS	2023-10-01	10418638	218250	15737	0	4	0	2	1	0	5	0	0	0	1	3	0	1	0	0	15	0	0	6	0	0	0	1	0	0	0	0	0	0	0	0	0	0
IJMS	2023-10-01	10419233	87254	7822	0	10	1	0	0	0	0	0	0	0	1	0	0	0	0	0	27	0	0	0	0	0	0	0	0	0	0	0	0	0	0	0	0	0
IJMS	2023-10-01	10418673	149015	13503	0	1	0	0	0	0	1	1	0	0	4	0	0	0	0	0	3	0	0	1	0	0	0	0	1	0	0	0	1	0	0	0	0	0
IJMS	2023-10-01	10418698	188117	14619	0	0	0	0	0	0	0	0	0	4	3	2	0	0	0	0	29	0	0	2	0	0	0	0	0	0	0	0	0	0	0	0	0	0
IJMS	2023-10-01	10418374	197557	14554	0	1	0	0	0	0	2	0	0	0	0	4	0	0	0	0	22	0	1	2	0	0	0	0	0	0	0	0	0	0	0	0	0	0
IJMS	2023-10-01	10418750	129447	11035	0	1	1	1	0	0	0	1	0	0	0	0	0	0	0	0	28	0	0	2	0	0	0	0	0	0	0	0	0	0	0	0	0	0
IJMS	2023-10-01	10418986	117511	10145	0	9	0	0	0	0	2	0	0	0	0	3	0	0	0	0	13	0	1	0	0	0	2	1	0	0	0	0	0	0	0	0	0	0
IJMS	2023-10-01	10418364	138954	11238	0	21	0	0	0	1	0	0	0	0	0	11	0	0	0	0	13	0	0	0	0	0	0	0	0	0	0	0	0	0	0	0	0	0
IJMS	2023-10-01	10418730	231792	17331	0	1	0	0	0	0	1	0	0	0	2	1	0	0	0	0	32	0	0	4	0	1	0	0	0	0	0	0	0	0	0	0	0	0
IJMS	2023-10-01	10418799	225106	17188	0	0	0	0	0	0	0	0	0	1	0	6	0	0	0	0	20	0	3	2	0	0	0	0	0	0	0	0	0	0	0	0	0	0
IJMS	2023-10-01	10419851	153355	13406	0	4	0	0	0	0	0	3	0	0	1	1	0	0	0	0	18	0	1	0	0	0	0	0	0	0	0	0	0	0	0	0	0	0
IJMS	2023-10-01	10454633	143488	12995	0	8	0	6	0	0	1	0	0	0	0	0	0	0	0	0	7	0	0	1	0	0	0	0	0	0	0	0	0	0	0	0	0	0
IJMS	2023-10-01	10420004	76912	7646	0	7	0	0	0	0	7	0	0	0	0	1	0	0	0	1	15	0	0	1	0	0	0	0	0	0	0	0	0	0	0	0	0	0
IJMS	2023-10-01	10419704	193202	15357	0	2	0	2	0	0	2	4	0	0	0	0	0	0	0	0	28	0	0	0	0	0	0	0	1	0	0	0	0	0	0	0	0	0
IJMS	2023-10-01	10454125	159859	12839	0	9	0	0	0	0	3	1	0	0	0	0	0	0	0	0	51	0	0	2	0	0	0	0	0	0	0	0	0	0	0	0	0	0
IJMS	2023-10-01	10420152	105666	9390	0	3	0	1	0	0	2	0	0	0	0	6	0	0	0	0	23	0	0	0	0	0	0	0	0	0	0	0	0	0	0	1	0	0
IJMS	2023-10-01	10454443	241145	17376	0	2	0	0	0	1	0	0	0	0	0	1	0	0	0	0	12	0	0	2	0	0	1	0	0	0	0	0	0	0	0	0	0	0
IJMS	2023-10-01	10454080	82836	7563	0	3	0	4	0	0	0	1	0	0	0	4	0	0	0	0	22	0	0	0	0	0	0	0	0	0	0	0	0	0	0	0	0	0
IJMS	2023-10-01	10420070	30559	2569	0	2	0	0	0	0	2	0	0	0	0	1	0	0	0	0	7	0	0	1	0	0	0	0	0	0	0	0	0	0	0	0	0	0
IJMS	2023-10-01	10419971	169408	15071	0	6	0	10	0	0	1	0	0	0	2	6	0	0	0	0	48	0	0	1	0	0	0	0	0	0	0	0	0	0	0	0	0	0
IJMS	2023-10-01	10454865	125463	11039	0	6	0	2	0	0	1	2	0	0	0	7	0	0	0	0	20	0	0	2	0	0	0	0	0	0	0	0	0	0	0	0	0	0
IJMS	2023-10-01	10420018	165797	12289	0	0	0	0	0	1	2	3	0	0	0	7	0	0	0	0	38	0	1	4	0	0	0	0	0	0	0	0	0	0	0	0	0	0
IJMS	2023-10-01	10420176	80942	8916	0	4	0	17	0	0	3	1	0	1	0	0	0	0	0	0	14	0	0	0	0	0	0	0	0	0	0	0	0	0	0	0	0	0
IJMS	2023-10-01	10419416	195587	17845	0	17	1	4	0	0	2	2	0	0	2	2	0	0	0	0	4	0	0	0	0	0	0	0	0	0	0	0	0	0	0	0	0	0
IJMS	2023-10-01	10454626	204616	14666	1	0	0	1	0	1	6	0	0	1	0	3	0	0	0	0	14	0	0	8	0	0	0	0	0	0	0	0	0	0	0	0	0	0
IJMS	2023-10-01	10454218	197040	15723	0	25	0	5	0	0	1	1	0	0	1	3	0	0	0	0	14	0	0	0	0	0	0	0	0	0	0	0	0	0	0	0	2	0
IJMS	2023-10-01	10419664	88154	8561	0	2	0	2	0	0	0	1	0	0	0	25	0	0	0	0	21	0	0	0	0	0	0	0	0	0	0	0	0	0	0	0	0	0
IJMS	2023-10-01	10420296	184403	14582	0	4	0	0	0	0	5	1	0	0	1	2	0	0	0	0	10	0	0	3	0	0	0	0	0	0	0	0	0	0	0	0	0	0
IJMS	2023-10-01	10419845	116716	10276	0	13	0	4	0	0	1	2	0	0	0	2	0	0	0	0	9	0	0	1	0	0	0	0	1	0	0	0	0	0	0	0	0	0
IJMS	2023-10-01	10419261	79400	7010	0	6	0	0	0	0	0	1	0	13	0	1	0	0	1	0	11	0	0	0	0	0	0	0	0	0	0	0	0	0	0	0	0	0
IJMS	2023-10-01	10454721	123578	10452	0	9	0	0	0	0	0	2	0	0	0	3	0	0	0	0	19	0	2	3	0	0	0	0	1	0	0	0	1	0	0	0	0	0
IJMS	2023-10-01	10454916	299754	24152	0	0	0	0	0	0	3	0	0	1	0	7	0	0	0	0	29	0	0	1	0	1	0	0	1	0	0	0	0	0	0	0	0	0
IJMS	2023-10-01	10420049	361437	27904	0	3	0	0	0	0	4	0	0	1	1	5	0	0	0	0	61	0	2	1	0	0	0	0	0	0	0	0	0	0	0	0	0	0
IJMS	2023-10-01	10419175	208282	16896	0	2	0	0	0	0	3	3	0	0	0	9	0	0	0	0	27	0	0	10	0	0	0	0	0	0	0	0	0	0	0	0	0	0
IJMS	2023-10-01	10454657	28930	2510	0	1	0	0	0	0	0	0	0	0	0	0	0	0	0	0	2	0	0	1	0	0	0	0	1	0	0	0	0	0	0	0	0	0
IJMS	2023-10-01	10454406	164205	15052	0	29	0	0	0	0	2	3	0	0	0	3	0	0	0	0	16	0	0	3	0	0	0	0	0	0	0	0	0	0	0	0	0	0
IJMS	2023-10-01	10454726	191291	16808	0	7	2	1	0	0	2	1	0	1	1	4	0	0	0	0	35	0	0	0	0	0	0	5	1	0	0	0	0	0	1	0	0	0
IJMS	2023-10-01	10454653	254409	18876	0	6	0	0	0	1	3	0	0	0	0	1	0	0	0	0	39	0	0	7	0	0	0	0	0	0	0	0	0	0	0	0	0	0
IJMS	2023-10-01	10454405	186687	15379	0	16	0	3	0	0	1	1	0	3	0	5	0	0	0	0	88	0	0	0	0	0	0	0	1	0	0	0	0	0	0	0	0	0
IJMS	2023-10-01	10454430	204914	16310	0	0	0	0	0	0	1	0	0	0	0	9	0	0	0	0	61	0	0	0	0	0	0	0	0	0	0	0	0	0	0	0	0	0
IJMS	2023-10-01	10454100	113621	9669	0	4	1	2	0	0	3	0	0	0	0	2	0	0	0	0	27	0	0	6	0	0	0	0	0	0	0	0	0	0	0	0	0	0
IJMS	2023-10-01	10454807	142921	11493	0	6	0	1	0	0	0	0	0	0	2	1	0	0	0	0	23	0	1	0	0	0	0	0	0	0	0	0	0	0	0	0	0	0
IJMS	2023-10-01	10454725	110107	8473	0	4	0	0	0	0	2	0	0	0	0	1	0	0	0	0	14	0	0	0	0	0	0	0	0	0	0	0	0	0	0	0	0	0
IJMS	2023-10-01	10454696	74723	6026	0	4	0	1	0	0	3	7	0	0	0	3	0	0	0	0	6	0	0	0	0	0	0	0	0	0	0	0	0	0	0	0	0	0
IJMS	2023-10-01	10454083	109698	9254	0	5	0	1	0	0	2	1	0	0	0	3	0	0	0	0	17	0	0	1	0	0	0	0	1	0	0	0	0	0	0	0	0	0
IJMS	2023-10-01	10454237	165203	13833	0	16	0	1	0	0	0	0	0	1	0	1	0	0	0	0	7	0	0	0	0	0	0	0	0	0	0	0	0	0	0	0	0	0
IJMS	2023-10-01	10454676	156237	11879	0	0	0	0	0	0	2	0	0	0	0	2	0	0	0	0	11	0	0	1	0	0	0	0	0	0	0	0	0	0	0	0	0	0
IJMS	2023-10-01	10454436	42366	3311	0	3	0	0	0	0	0	0	0	0	0	0	0	0	0	0	4	0	0	1	0	0	0	0	0	0	0	0	0	0	0	0	0	0
IJMS	2023-10-01	10454940	124209	10859	0	21	0	1	0	0	0	0	0	10	1	0	0	0	0	0	19	0	0	2	0	0	0	0	0	0	0	0	0	0	0	0	0	0
IJMS	2023-10-01	10454912	103081	9280	0	6	0	0	0	0	0	1	0	2	3	5	0	0	0	0	25	0	0	0	0	0	0	0	0	0	0	0	0	0	0	0	0	0
IJMS	2023-10-01	10454574	212074	18000	0	11	1	1	0	0	1	0	0	0	8	3	0	0	1	0	45	0	0	2	0	0	1	0	0	0	0	0	0	0	0	0	0	0
IJMS	2023-10-01	10454463	115957	9863	0	4	0	3	0	0	1	0	0	0	2	2	0	0	0	0	16	0	0	1	0	0	0	0	0	0	0	0	0	0	0	0	0	0
IJMS	2023-10-01	10454097	128779	11349	2	3	0	1	0	0	5	4	0	0	0	3	0	0	0	0	21	0	0	1	0	0	0	0	0	0	0	0	0	0	0	0	0	0
IJMS	2023-10-01	10454108	115889	9973	0	9	0	1	0	0	3	1	0	0	0	6	0	0	1	0	41	0	0	4	0	0	0	0	0	0	0	0	0	0	0	0	0	0
IJMS	2023-10-01	10454365	59422	5895	0	4	0	1	0	0	0	0	0	0	1	1	0	0	0	0	7	0	0	0	0	0	0	0	0	0	0	0	0	0	0	0	0	0
IJMS	2023-10-01	10454196	132595	11707	0	23	0	11	0	0	1	0	0	0	15	2	0	0	1	0	30	0	0	0	0	0	0	5	0	0	0	0	0	0	0	0	0	1
IJMS	2023-10-01	10454320	164437	15537	0	6	1	1	0	0	0	0	0	2	2	3	0	0	1	0	14	0	0	0	0	0	1	0	0	0	0	0	0	0	0	0	0	0
IJMS	2023-10-01	10454195	385651	31713	0	1	0	2	0	0	0	0	0	0	2	2	0	0	2	0	84	0	0	1	0	0	0	0	0	0	0	0	0	0	0	0	0	0
IJMS	2023-10-01	10454022	83878	7128	0	3	0	2	0	0	0	2	0	3	0	6	0	0	0	0	12	0	0	0	0	0	1	0	0	0	0	0	0	0	0	0	0	0
IJMS	2023-10-01	10454158	137853	11850	0	8	0	0	0	1	4	0	0	0	0	2	0	0	0	0	24	0	0	2	0	0	0	2	0	0	0	0	0	0	0	0	0	0
IJMS	2023-10-01	10487446	147897	11975	0	6	1	0	0	0	0	0	0	0	0	0	0	0	1	0	18	0	0	1	0	1	0	1	0	0	0	0	0	0	0	0	0	0
IJMS	2023-10-01	10455557	126204	9441	0	0	0	0	0	0	0	0	0	0	1	0	0	0	0	0	23	0	0	2	0	0	0	0	0	0	0	0	0	0	0	0	0	0
IJMS	2023-10-01	10488108	241215	20682	0	4	0	3	0	0	0	3	0	2	1	5	0	0	0	0	68	0	0	0	0	0	0	0	2	0	0	0	1	0	0	1	0	0
IJMS	2023-10-01	10488181	143771	11199	0	0	0	0	0	0	0	0	0	1	0	3	0	0	0	0	6	0	0	0	0	0	0	0	0	0	0	0	0	0	0	0	0	0
IJMS	2023-10-01	10455311	132505	10663	0	0	0	1	0	0	0	0	0	1	4	0	0	0	0	0	9	0	0	1	0	0	0	0	0	0	0	0	0	0	0	0	0	0
IJMS	2023-10-01	10455450	131731	12999	0	7	0	0	0	0	0	0	0	0	0	5	0	0	0	0	12	0	0	1	0	0	0	0	3	0	0	0	0	0	0	0	0	0
IJMS	2023-10-01	10488016	198700	15291	0	1	0	0	0	0	2	0	0	0	0	9	0	0	0	0	39	0	1	6	0	0	0	0	0	0	0	0	0	0	0	0	0	0
IJMS	2023-10-01	10455398	103398	8791	0	5	0	0	0	0	0	2	0	0	3	0	0	0	0	0	20	0	0	1	0	0	0	0	0	0	0	0	0	0	0	0	0	0
IJMS	2023-10-01	10488110	224833	17074	0	8	0	8	0	0	0	0	0	0	2	0	0	0	0	0	28	0	0	0	0	0	0	0	0	0	0	0	0	0	0	0	0	0
IJMS	2023-10-01	10455143	331397	27841	0	0	0	0	0	0	8	0	0	1	7	7	0	0	0	0	60	0	2	1	0	2	0	0	0	0	0	0	0	0	0	0	0	0
IJMS	2023-10-01	10455303	242913	19418	0	0	0	2	0	0	2	6	0	1	0	4	0	0	0	0	32	0	0	1	0	0	0	0	0	0	0	0	2	0	0	0	0	0
IJMS	2023-10-01	10487703	196409	16262	0	1	0	0	0	0	1	0	0	3	0	4	0	0	0	0	4	0	0	0	0	0	0	0	0	0	0	0	0	0	0	1	0	0
IJMS	2023-10-01	10487458	147480	11367	0	4	1	2	0	0	1	1	0	0	0	3	0	0	0	0	30	0	0	5	0	0	0	0	0	0	0	0	0	0	1	0	0	0
IJMS	2023-10-01	10455616	81714	7250	0	3	0	0	0	0	0	1	0	0	0	3	0	0	0	0	30	0	0	1	0	0	0	0	0	0	0	0	0	0	0	0	0	0
IJMS	2023-10-01	10456058	95330	8665	0	9	0	2	0	0	1	10	0	6	0	5	0	0	1	0	23	0	0	0	0	0	0	0	0	0	0	0	0	0	0	0	0	0
IJMS	2023-10-01	10487808	217682	17434	0	4	0	2	0	0	5	4	0	0	0	10	0	0	0	0	32	0	0	3	0	0	0	1	0	0	0	0	0	0	0	0	0	0
IJMS	2023-10-01	10488082	96112	8734	0	4	0	0	0	0	1	1	0	0	0	1	0	0	0	0	8	0	0	2	0	0	0	0	2	0	0	0	0	0	1	0	0	0
IJMS	2023-10-01	10455590	216549	17094	0	0	0	0	0	0	0	0	0	0	0	0	0	0	0	0	20	0	0	0	0	0	0	0	0	0	0	0	0	0	0	0	0	0
IJMS	2023-10-01	10487864	124474	10342	0	7	0	0	0	0	1	0	0	0	0	0	0	1	0	0	18	0	0	2	0	0	0	0	0	0	0	0	0	0	0	0	0	0
IJMS	2023-10-01	10455150	176212	15915	0	10	0	1	0	0	1	4	0	10	0	3	0	0	2	0	21	0	1	1	0	0	0	0	0	0	0	0	0	0	0	0	0	0
IJMS	2023-10-01	10487996	122229	9882	0	3	0	0	0	0	0	0	0	0	0	0	0	0	0	0	13	0	0	0	0	0	2	0	1	0	0	0	0	1	0	0	0	0
IJMS	2023-10-01	10455358	140368	10597	0	3	0	2	0	0	0	4	0	0	6	4	0	0	0	0	29	0	0	2	0	0	1	0	0	0	0	0	0	0	0	0	0	0
IJMS	2023-10-01	10488009	124957	10768	0	7	1	0	0	0	1	0	0	0	2	2	0	2	0	0	29	0	0	1	0	0	0	4	1	0	0	0	0	1	0	0	0	0
IJMS	2023-10-01	10455959	108096	10086	0	6	0	0	0	0	2	1	0	0	0	2	0	0	0	0	39	0	0	2	0	0	0	0	0	0	0	0	0	0	0	0	0	0
IJMS	2023-10-01	10487538	169859	14406	0	3	0	0	0	0	0	0	0	0	4	2	0	0	1	0	18	0	1	2	0	0	0	0	0	0	0	0	0	0	0	0	0	0
IJMS	2023-10-01	10488243	145973	12488	0	13	0	0	0	0	4	5	0	0	0	0	0	0	0	0	29	0	0	2	0	0	0	0	0	0	0	0	0	0	0	0	0	0
IJMS	2023-10-01	10487631	158402	13022	0	10	0	11	0	0	1	1	0	0	2	2	0	0	1	0	67	0	0	1	0	0	0	3	0	0	0	0	0	0	0	0	0	0
IJMS	2023-10-01	10488193	144462	12884	0	4	0	1	0	0	3	6	0	0	2	15	0	0	0	0	31	0	0	1	0	0	0	0	0	0	0	0	0	0	0	0	0	0
IJMS	2023-10-01	10487721	90627	8059	0	5	0	0	0	0	2	2	0	2	1	4	0	0	0	0	17	0	0	2	0	0	0	0	0	0	0	0	0	0	0	0	0	0
IJMS	2023-10-01	10487454	110608	10223	0	3	0	0	0	0	1	1	0	0	1	6	0	0	1	0	30	0	0	2	0	0	1	0	0	0	0	0	0	0	0	0	0	0
IJMS	2023-10-01	10488239	104520	9018	0	5	1	0	0	0	0	1	0	0	2	0	0	0	0	0	17	0	0	2	0	0	0	0	0	0	0	0	1	0	0	0	0	0
IJMS	2023-10-01	10487929	98811	9762	0	11	0	0	0	0	1	10	0	0	0	0	0	0	0	0	32	0	0	1	0	1	0	1	0	0	0	0	0	0	0	0	0	0
IJMS	2023-10-01	10487843	121671	11072	0	9	0	3	0	0	0	1	0	1	1	3	0	0	0	0	27	0	0	0	0	0	0	0	0	0	0	0	0	0	0	0	0	0
IJMS	2023-10-01	10487727	134514	11465	0	14	0	2	0	0	0	2	0	0	0	4	0	0	0	0	14	0	0	1	0	0	0	0	0	0	0	0	0	0	0	0	0	0
IJMS	2023-10-01	10487748	149713	11724	0	0	0	1	0	0	2	1	0	3	1	3	0	0	0	0	34	0	0	7	0	1	0	0	1	0	0	0	0	0	0	0	0	0
IJMS	2023-10-01	10487565	244640	18763	0	12	0	0	0	0	0	1	0	0	0	9	0	0	0	0	38	0	0	0	0	0	0	0	0	0	0	0	0	0	1	0	0	0
IJMS	2023-10-01	10487800	164823	15697	0	9	0	0	0	0	1	0	0	0	0	6	0	0	0	0	6	0	0	0	0	0	1	0	1	0	0	0	0	0	0	0	0	0
IJMS	2023-10-01	10487601	85464	7110	0	1	0	0	0	0	1	0	0	0	0	1	0	0	0	0	7	0	0	0	0	0	0	0	0	0	0	0	0	0	0	0	0	0
IJMS	2023-10-01	10487965	179863	17691	1	8	0	0	0	0	2	0	0	0	2	1	0	0	1	0	23	0	1	1	0	0	0	1	0	0	0	0	1	0	0	0	0	0
IJMS	2023-10-01	10487515	102334	9229	0	4	0	0	0	0	0	0	0	0	0	5	0	0	0	0	29	0	0	0	0	0	0	0	0	0	0	0	0	2	0	0	0	0
IJMS	2023-10-01	10487659	170825	13568	0	0	0	0	0	0	6	2	0	0	0	4	0	0	0	0	28	0	0	3	0	0	0	0	0	0	0	0	0	0	0	0	0	0
IJMS	2023-10-01	10488113	161286	15346	0	12	1	1	0	0	0	0	0	0	0	10	0	0	0	0	23	0	0	0	0	0	0	1	0	0	0	0	0	0	0	1	0	0
IJMS	2023-10-01	10488075	104832	9722	0	4	0	2	0	0	1	2	0	8	0	6	0	0	0	0	16	0	0	0	0	0	0	0	1	0	0	0	0	0	0	0	0	0
IJMS	2023-10-01	10487876	205972	15946	1	1	0	0	0	0	6	2	0	0	0	11	0	0	0	1	24	0	0	5	0	0	0	0	0	0	0	0	0	0	0	0	0	0
IJMS	2023-10-01	10487890	111924	9853	0	4	0	1	0	0	0	2	0	1	0	5	0	0	0	0	13	0	0	4	0	0	0	0	1	0	0	0	0	0	0	0	0	0
IJMS	2023-10-01	10487915	120483	10426	0	3	0	1	0	0	2	0	0	1	0	5	0	0	1	0	19	0	0	1	0	0	0	0	0	0	0	0	0	0	0	0	0	0
IJMS	2023-10-01	10488078	106115	9992	0	3	0	1	0	0	0	0	0	0	9	0	0	0	0	0	46	0	0	0	0	0	2	0	1	0	0	0	0	0	0	0	0	0
IJMS	2023-10-01	10488274	131914	12366	0	5	0	1	0	0	1	0	0	0	1	0	0	0	0	0	35	0	0	0	0	0	0	1	0	0	0	0	0	0	0	0	0	0
IJMS	2023-10-01	10488172	127205	12400	0	15	0	1	0	0	4	0	0	4	1	6	0	0	0	0	10	0	0	1	0	0	0	2	0	0	0	0	0	0	0	0	0	0
IJMS	2023-10-01	10488081	182294	16430	0	9	0	1	0	0	0	2	0	24	2	3	0	0	0	0	36	0	0	0	0	0	0	0	0	0	0	0	0	0	0	0	0	0
IJMS	2023-10-01	10530309	148272	12437	0	2	1	1	0	0	1	2	0	1	0	3	0	0	1	0	14	0	0	0	0	0	3	0	0	0	0	0	0	0	0	0	0	0
IJMS	2023-10-01	10531220	164324	14554	0	10	0	4	0	0	0	1	0	0	7	0	0	0	0	0	28	0	0	0	0	0	1	0	0	0	0	0	0	0	0	0	0	0
IJMS	2023-10-01	10531136	220928	19994	0	6	0	15	0	0	10	3	0	0	2	1	0	1	0	0	41	0	0	1	0	0	0	0	0	0	0	0	0	0	0	0	0	0
IJMS	2023-10-01	10530602	113489	9831	0	9	0	2	0	0	1	1	0	0	1	2	0	0	0	0	37	0	0	2	0	0	0	0	0	0	0	0	0	0	0	0	0	0
IJMS	2023-10-01	10531038	234780	19363	0	2	0	0	0	0	0	2	0	1	0	0	0	0	0	0	26	0	0	1	0	0	0	0	0	0	0	0	0	0	0	0	0	0
IJMS	2023-10-01	10531385	139046	12913	0	3	0	1	0	0	2	0	0	1	0	3	0	0	0	0	27	0	0	1	0	0	0	0	1	0	0	0	1	0	0	0	0	0
IJMS	2023-10-01	10531170	136013	12113	0	6	0	0	0	2	2	0	0	0	1	0	0	0	0	0	25	0	0	2	0	1	0	0	0	0	0	0	0	0	0	0	0	0
IJMS	2023-10-01	10530777	114121	10373	0	6	0	2	0	0	1	7	0	1	0	4	0	0	0	0	27	0	0	0	0	0	0	0	0	0	0	0	0	0	0	0	0	0
IJMS	2023-10-01	10531039	120159	10018	0	3	0	5	0	0	2	1	0	2	0	0	0	0	0	0	12	0	0	2	0	0	0	0	0	0	0	0	0	0	0	0	0	0
IJMS	2023-10-01	10530366	194915	16876	0	9	0	0	0	1	2	3	0	0	0	5	0	0	0	0	26	0	0	3	0	0	0	0	0	0	0	0	0	0	0	0	0	0
IJMS	2023-10-01	10530778	171885	15461	0	3	0	0	0	0	0	0	0	1	2	2	0	0	0	0	15	0	0	0	0	0	1	0	0	0	0	0	0	0	0	0	0	0
IJMS	2023-10-01	10530467	160611	13156	0	3	0	0	0	0	6	0	0	1	1	5	0	0	0	0	28	0	0	0	0	0	0	0	0	0	0	0	0	0	0	0	0	0
IJMS	2023-10-01	10531060	169035	14680	0	0	0	0	0	0	1	0	0	0	0	6	0	0	0	0	43	0	0	0	0	0	0	0	0	0	0	0	0	0	0	0	0	0
IJMS	2023-10-01	10531286	45409	4227	0	2	2	2	0	0	0	0	0	0	0	1	0	0	1	0	18	0	0	1	0	0	0	1	0	0	0	0	0	0	0	0	0	0
IJMS	2023-10-01	10531338	134883	11763	0	21	0	0	0	0	2	2	0	0	1	3	0	0	0	0	23	0	0	1	0	0	0	1	0	0	0	0	0	0	0	0	0	0
IJMS	2023-10-01	10531495	216875	16483	0	4	0	1	0	0	0	0	0	2	0	0	0	0	0	0	6	0	1	1	0	0	0	0	0	0	0	0	0	0	3	0	0	0
IJMS	2023-10-01	10530603	22747	1838	0	0	0	0	0	0	0	0	0	0	0	1	0	0	0	0	2	0	0	1	0	0	0	0	0	0	0	0	0	0	0	0	0	0
IJMS	2023-10-01	10530836	206393	18762	0	5	0	5	0	2	2	2	0	1	11	8	0	0	0	0	18	0	0	3	0	0	1	0	0	0	0	0	0	0	0	0	0	0
IJMS	2023-10-01	10531451	140827	12862	0	14	0	0	0	0	1	0	0	0	2	4	0	0	0	0	19	0	0	1	0	0	0	0	0	0	0	0	0	0	0	0	0	0
IJMS	2023-10-01	10531319	56441	5727	0	2	0	0	0	0	0	0	0	0	0	0	0	0	0	0	16	0	0	0	0	0	0	0	0	0	0	0	0	0	0	0	0	0
IJMS	2023-10-01	10530929	112377	9265	0	5	0	1	0	0	0	0	0	0	1	0	0	0	0	0	30	0	0	1	0	0	0	0	0	0	0	0	0	0	0	0	0	0
IJMS	2023-10-01	10531051	20274	2044	0	0	0	0	0	0	0	0	0	0	0	2	0	0	0	0	5	0	0	1	0	0	0	0	0	0	0	0	0	0	0	0	0	0
IJMS	2023-10-01	10531353	40849	4328	0	7	0	6	0	0	0	0	0	0	1	0	0	0	2	0	24	0	0	2	0	0	0	0	0	0	0	0	0	0	0	0	0	0
IJMS	2023-10-01	10531235	189630	14540	0	5	1	0	0	0	1	0	0	0	0	2	0	0	0	0	14	0	0	1	0	0	0	1	1	0	0	0	0	0	0	0	0	0
IJMS	2023-10-01	10530606	59873	5401	0	0	0	0	0	1	1	2	0	0	0	6	0	0	0	0	19	0	0	1	0	0	0	0	0	0	0	0	0	0	0	0	0	0
IJMS	2023-10-01	10531625	128009	12041	0	5	0	2	0	2	1	3	0	1	0	3	0	0	0	0	19	0	0	1	0	0	0	0	0	0	0	0	0	0	0	0	0	0
IJMS	2023-10-01	10531593	125963	11235	0	1	0	1	0	0	2	2	0	0	3	5	0	0	0	0	20	0	1	0	0	0	1	0	0	0	0	0	0	0	0	1	0	0
IJMS	2023-10-01	10532019	111630	10812	0	11	0	0	0	0	0	6	0	0	1	3	0	0	0	0	6	0	0	0	0	0	0	0	1	0	0	0	0	0	0	0	0	0
IJMS	2023-10-01	10532138	146697	13483	0	20	1	0	0	0	7	1	0	0	0	4	0	0	0	0	17	0	0	0	0	0	1	2	0	0	0	0	0	0	0	0	0	0
IJMS	2023-10-01	10531436	94612	7584	0	0	0	0	0	1	0	0	0	0	0	2	0	0	0	0	14	0	0	1	0	0	0	3	0	0	0	0	0	0	0	0	0	0
IJMS	2023-10-01	10532334	129218	10219	0	37	0	1	0	0	0	0	0	0	0	0	0	0	0	0	30	0	0	0	0	0	0	0	0	0	0	0	0	0	0	0	0	0
IJMS	2023-10-01	10532049	207045	16081	0	0	0	0	0	0	3	0	0	0	0	0	0	0	0	0	22	0	0	0	0	0	0	0	1	0	0	0	0	0	0	0	0	0
IJMS	2023-10-01	10531786	186816	15710	0	4	0	1	0	0	1	7	0	1	2	5	0	0	0	0	38	0	0	1	0	1	0	0	0	0	0	0	0	0	0	0	0	0
IJMS	2023-10-01	10532311	197657	15602	0	22	1	3	0	0	0	0	0	0	0	4	0	0	0	0	19	0	1	0	0	0	0	2	0	0	0	0	0	0	0	0	2	0
IJMS	2023-10-01	10531086	125830	11296	0	13	0	2	0	0	1	6	0	0	3	1	0	0	0	0	15	0	0	0	0	0	0	0	0	0	0	0	0	0	0	0	0	0
IJMS	2023-10-01	10532297	227185	19915	0	5	0	1	0	0	12	0	0	1	2	4	2	0	1	0	13	0	0	8	0	0	3	0	0	0	0	0	0	0	0	0	0	0
IJMS	2023-10-01	10532040	101928	9333	0	5	1	0	0	0	5	0	0	1	1	2	0	0	0	0	22	0	0	2	0	0	0	0	0	0	0	0	0	0	0	0	0	0
IJMS	2023-10-01	10531626	159719	13084	0	3	0	0	0	0	3	1	0	0	2	2	0	0	0	0	13	0	0	1	0	1	0	0	0	0	0	0	0	0	0	0	0	0
IJMS	2023-10-01	10531362	120346	10575	0	17	1	2	0	0	3	5	0	0	1	5	0	0	2	1	11	0	0	1	0	0	0	0	0	0	0	0	0	0	0	0	0	0
IJMS	2023-10-01	10532581	129747	10939	0	7	1	0	0	0	0	4	0	4	1	3	0	0	0	0	20	0	0	2	0	0	0	0	0	0	0	0	0	0	0	0	0	0
IJMS	2023-10-01	10531640	154507	14472	0	13	0	1	0	0	0	0	0	0	1	5	0	0	0	0	39	0	0	0	0	0	0	0	0	0	0	0	0	0	0	0	0	0
IJMS	2023-10-01	10531339	132415	11182	0	5	2	2	0	0	2	1	0	0	5	0	0	0	0	0	34	0	0	0	0	1	0	0	0	0	0	0	0	0	0	0	0	0
IJMS	2023-10-01	10531769	129928	10188	0	5	0	2	0	0	0	0	0	0	5	6	0	0	0	0	55	0	0	0	0	0	0	0	0	0	0	0	0	0	1	0	0	0
IJMS	2023-10-01	10530996	123877	10285	0	2	0	0	0	0	0	0	0	0	0	3	0	0	0	0	15	0	0	1	0	0	0	0	1	0	0	0	0	0	0	0	0	0
IJMS	2023-10-01	10531416	146575	12722	2	3	0	1	0	0	2	0	0	1	0	4	0	0	0	0	17	0	0	3	0	0	0	0	0	0	0	0	0	0	0	0	0	0
IJMS	2023-10-01	10531716	100016	8579	0	1	2	0	0	0	1	0	0	0	0	1	0	0	0	0	8	0	0	0	0	0	0	0	0	0	0	0	0	0	0	0	0	0
IJMS	2023-10-01	10531666	74488	6589	0	2	0	0	0	1	2	0	0	2	1	0	0	0	0	0	21	0	0	2	0	0	0	0	0	0	0	0	0	0	0	1	0	0
IJMS	2023-10-01	10531555	157239	14397	0	2	0	3	0	0	0	3	0	1	0	19	0	0	0	0	23	0	0	0	0	0	0	0	0	0	0	0	0	0	0	0	0	0
IJMS	2023-10-01	10531225	122670	9728	0	3	0	0	0	0	0	0	0	0	0	0	0	0	0	0	3	0	0	0	0	0	0	0	0	0	0	0	0	0	0	0	0	0
IJMS	2023-10-01	10532372	113570	10113	0	3	1	0	0	0	0	2	0	0	1	0	0	0	0	0	6	0	0	1	0	0	1	0	0	0	0	0	0	0	0	0	0	0
IJMS	2023-10-01	10532249	99508	9520	0	2	0	0	0	0	0	13	0	0	0	5	0	0	0	0	32	0	0	2	0	0	0	0	0	0	0	0	0	0	0	0	0	0
IJMS	2023-10-01	10532123	109377	9884	0	2	0	0	0	0	0	1	0	0	0	8	0	0	0	0	18	0	0	0	0	0	0	0	0	0	0	0	0	0	0	0	0	0
IJMS	2023-10-01	10573074	90392	8817	0	9	0	3	0	0	1	1	0	0	0	3	0	0	0	0	28	0	0	0	0	0	0	0	0	0	0	0	0	0	0	0	0	0
IJMS	2023-10-01	10573008	89964	8066	0	5	0	0	0	1	6	2	0	5	1	4	0	0	0	0	24	0	0	1	0	0	0	0	0	0	0	0	0	0	0	0	0	0
IJMS	2023-10-01	10572149	99823	9131	0	8	0	2	0	0	0	4	0	2	2	5	0	0	0	0	34	0	0	0	0	0	0	0	0	0	0	0	0	0	0	0	0	0
IJMS	2023-10-01	10572457	67377	6626	0	6	0	1	0	0	0	1	0	0	3	0	0	0	0	0	2	0	0	1	0	0	0	1	0	0	0	0	1	0	0	0	0	0
IJMS	2023-10-01	10572662	151952	14721	0	5	1	1	0	0	1	0	0	1	0	1	0	0	1	0	10	0	0	1	0	0	0	0	1	0	0	0	0	0	0	0	0	0
IJMS	2023-10-01	10531836	160193	14179	0	7	0	1	0	0	4	4	0	1	1	4	0	0	0	0	75	0	0	6	0	0	0	0	1	0	0	0	0	0	0	0	0	0
IJMS	2023-10-01	10532139	168162	13971	0	21	1	2	0	0	1	6	0	0	3	6	0	0	2	0	75	0	0	0	0	0	0	0	0	0	0	0	0	0	0	0	0	0
IJMS	2023-10-01	10532419	294787	22237	0	4	0	0	0	0	0	0	0	2	0	3	0	0	0	0	44	0	1	4	0	0	0	0	0	0	0	0	0	0	0	0	0	0
IJMS	2023-10-01	10572553	120806	11452	0	13	0	1	0	0	1	0	0	1	0	3	0	0	0	0	11	0	0	1	0	0	0	14	0	0	0	0	0	0	0	0	0	0
IJMS	2023-10-01	10572443	181169	14451	0	3	0	7	0	0	1	1	0	0	1	0	0	0	0	0	33	0	0	0	0	0	0	0	0	0	0	0	0	0	0	0	0	0
IJMS	2023-10-01	10532408	273318	20462	0	3	1	0	0	0	0	1	0	0	0	2	0	0	0	0	32	0	0	0	0	0	0	0	1	0	0	0	0	0	0	0	0	0
IJMS	2023-10-01	10572977	128430	11711	0	1	0	0	0	0	0	2	0	0	0	3	0	0	0	0	23	0	0	0	0	0	0	0	0	0	0	0	0	0	0	0	0	0
IJMS	2023-10-01	10572948	133335	11085	0	4	0	3	0	0	0	1	0	0	4	1	0	0	0	0	45	0	0	0	0	0	0	0	0	0	0	0	0	0	0	0	0	0
IJMS	2023-10-01	10572404	25226	2172	0	0	0	0	0	0	0	0	0	0	0	6	0	0	0	0	1	0	1	0	0	0	0	0	0	0	0	0	0	0	0	0	0	0
IJMS	2023-10-01	10572861	110851	10125	0	6	0	1	0	0	1	2	0	1	0	3	0	0	0	0	28	0	0	3	0	0	0	0	0	0	0	0	0	0	0	0	0	0
IJMS	2023-10-01	10572650	117481	9971	0	3	0	2	0	2	1	0	0	0	0	0	0	0	0	0	13	0	0	0	0	0	0	0	0	0	0	0	0	0	0	0	0	0
IJMS	2023-10-01	10532394	76973	6851	0	6	0	4	0	0	6	1	0	1	0	2	0	0	0	0	13	0	0	0	0	0	0	0	0	0	0	0	0	0	0	0	0	0
IJMS	2023-10-01	10572161	63732	5845	0	4	0	0	0	0	0	0	0	0	0	1	0	0	0	0	15	0	0	0	0	0	0	0	0	0	0	0	0	0	0	0	0	0
IJMS	2023-10-01	10572600	106499	8981	0	2	0	2	0	0	2	0	0	1	0	2	0	0	0	0	29	0	0	1	0	0	0	1	0	0	0	0	0	0	0	0	0	0
IJMS	2023-10-01	10572287	184951	14662	0	1	0	9	0	0	0	0	0	3	0	11	0	0	0	0	45	0	0	0	0	0	0	0	1	0	0	0	0	0	0	0	0	0
IJMS	2023-10-01	10572509	113220	9693	0	9	0	0	0	0	2	1	0	0	3	0	0	0	0	0	13	0	0	4	0	0	0	0	0	0	0	0	0	0	0	0	0	0
IJMS	2023-10-01	10531955	153231	14508	0	6	0	0	0	0	0	3	0	0	0	2	0	0	0	0	22	0	1	1	0	0	0	0	0	0	0	0	0	0	0	0	0	0
IJMS	2023-10-01	10532403	125204	11547	0	24	0	3	0	0	0	0	0	1	5	3	0	0	0	0	11	0	0	1	0	0	0	0	0	0	0	0	0	0	0	0	0	0
IJMS	2023-10-01	10573061	138451	12490	1	8	0	2	0	5	5	1	0	1	1	6	0	0	0	1	14	0	0	2	0	0	0	1	0	0	0	0	0	0	0	0	1	0
IJMS	2023-10-01	10572738	174404	14135	0	0	0	0	0	0	0	2	0	0	1	3	0	0	0	0	36	0	0	0	0	0	0	0	0	0	0	0	0	0	0	0	0	0
IJMS	2023-10-01	10572829	99489	8165	0	0	0	0	0	0	0	4	0	1	0	2	0	0	0	0	16	0	0	0	0	0	0	0	0	0	0	0	0	0	0	0	0	0
IJMS	2023-10-01	10572542	161917	13541	0	2	0	2	0	0	1	8	0	5	3	11	0	0	0	0	18	0	0	2	0	0	2	0	0	0	0	0	0	0	2	0	0	0
IJMS	2023-10-01	10572819	96090	9285	0	11	0	0	0	1	1	3	0	0	0	14	0	0	0	0	12	0	0	0	0	0	0	0	0	0	0	0	0	0	0	0	0	0
IJMS	2023-10-01	10573212	460826	33184	0	0	0	0	0	0	1	2	0	1	0	0	0	0	0	0	25	0	1	3	0	0	0	0	1	0	0	0	0	0	0	0	0	0
IJMS	2023-10-01	10572420	154145	13014	0	20	0	3	0	0	1	3	0	0	0	4	0	0	0	0	41	0	0	0	0	0	0	0	0	0	0	0	0	0	0	0	0	0
IJMS	2023-10-01	10572665	103575	8798	0	5	0	0	0	1	0	0	0	0	0	0	0	0	0	0	5	0	0	0	0	0	0	0	0	0	0	0	0	0	0	0	0	0
IJMS	2023-10-01	10572672	132300	11732	0	3	1	0	0	0	0	0	0	0	0	1	0	0	0	0	13	0	0	0	0	0	0	0	0	0	0	0	0	0	0	0	0	0
IJMS	2023-10-01	10572774	157794	12339	0	2	0	1	0	0	0	0	0	0	0	3	0	0	0	0	26	0	0	2	0	0	0	0	0	0	0	0	0	0	0	0	2	0
IJMS	2023-10-01	10573418	107606	9842	0	0	0	0	0	0	1	0	0	27	1	3	0	0	0	0	20	0	0	0	0	0	0	0	0	0	0	0	0	0	0	0	0	0
IJMS	2023-10-01	10573262	118265	10189	0	5	0	1	0	0	1	0	0	1	0	4	0	0	0	0	12	0	0	3	0	0	0	0	0	0	0	0	0	0	0	0	0	0
IJMS	2023-10-01	10572898	273895	22847	0	2	1	1	0	0	1	1	0	10	0	2	0	0	0	0	26	0	1	5	0	0	1	0	1	0	0	0	0	0	0	0	0	0
IJMS	2023-10-01	10572767	132454	12725	0	10	2	2	0	0	0	0	0	0	0	3	0	0	0	0	25	0	0	0	0	0	0	0	0	0	0	0	0	0	0	0	0	0
IJMS	2023-10-01	10573580	89961	8291	0	5	0	1	0	0	0	3	0	0	3	3	0	0	0	0	34	0	0	0	0	0	0	0	0	0	0	0	0	0	0	1	0	1
IJMS	2023-10-01	10572413	236454	21120	0	10	1	2	0	0	2	1	0	2	0	2	0	0	0	0	20	0	0	1	0	0	4	0	0	0	0	0	0	0	0	0	0	0
IJMS	2023-10-01	10572967	134357	11435	0	4	0	0	0	0	0	0	0	1	0	3	0	0	0	0	27	0	1	2	0	0	0	0	0	0	0	0	0	0	0	0	0	0
IJMS	2023-10-01	10572868	128490	10850	0	9	0	0	0	0	2	0	0	4	1	0	0	0	0	0	26	0	0	1	0	0	0	0	0	0	0	0	0	0	0	0	0	0
IJMS	2023-10-01	10573062	219354	19147	0	14	0	6	0	0	0	12	0	0	1	25	0	0	0	0	41	0	0	0	0	0	1	0	0	0	0	0	0	0	0	1	0	0
IJMS	2023-10-01	10573277	341846	25331	0	1	0	0	0	0	0	0	0	4	0	1	0	0	0	0	14	0	0	4	0	0	1	0	0	0	0	0	0	0	0	0	0	0
IJMS	2023-10-01	10572830	161447	15365	0	4	0	1	0	0	1	0	0	0	0	3	0	0	0	0	14	0	0	0	0	1	0	0	0	0	0	0	0	0	0	1	0	0
IJMS	2023-10-01	10573121	123511	10984	0	3	2	1	0	1	1	1	0	1	0	3	0	0	0	0	25	0	0	2	0	0	0	0	0	0	0	0	0	0	0	0	0	0
IJMS	2023-10-01	10573273	440230	32191	0	3	0	3	0	0	3	0	0	0	10	1	0	0	0	0	48	0	0	0	0	0	0	0	0	0	0	0	0	0	0	0	0	0
IJMS	2023-10-01	10572949	108144	9379	0	28	0	1	0	0	1	1	0	0	3	0	0	0	2	0	16	0	0	1	0	0	0	0	0	0	0	0	0	0	0	0	0	0
IJMS	2023-10-01	10573451	145331	12274	0	10	0	2	0	0	0	1	0	1	4	2	0	0	1	0	25	0	0	1	0	0	1	0	0	0	0	0	0	0	0	0	0	0
