journal	date	pmc_id	Nchars	Nwords	delve	analyse	acknowledge	assess	appraise	dissect	explore	examine	extricate	expose	estimate	investigate	inquire	inspect	interpret	scrutinise	study	unearth	uncover	understand	ponder	research	reason	retrieve	avoid	discount	disregard	dismiss	ignore	neglect	overlook	omit	skip	reject
IJMS	2025-01-01	11477049	128262	12084	0	5	1	4	0	1	1	0	0	1	0	4	0	0	0	0	23	0	0	0	0	0	0	0	1	0	0	0	0	0	0	0	0	0
IJMS	2025-01-01	11477308	207579	16735	0	15	0	0	0	0	4	0	0	0	1	1	0	0	0	0	27	0	0	0	0	0	0	0	0	0	0	0	0	0	0	0	0	0
IJMS	2025-01-01	11476621	84758	8172	0	6	1	1	0	0	0	0	0	1	0	2	0	0	0	0	27	0	0	0	0	0	1	1	0	0	0	0	0	0	0	0	0	0
IJMS	2025-01-01	11476357	101456	9221	0	3	0	0	0	0	2	2	0	0	0	6	0	0	0	0	11	0	1	1	0	0	0	0	0	0	0	0	0	0	1	0	0	0
IJMS	2025-01-01	11477212	192028	15498	0	12	0	7	0	0	0	5	0	0	4	3	0	0	0	0	40	0	0	1	0	0	0	0	0	0	0	0	0	0	0	0	0	0
IJMS	2025-01-01	11476615	186879	14758	0	3	0	3	0	0	1	3	0	5	3	1	0	0	0	0	78	0	0	3	0	0	0	1	0	0	0	0	0	0	0	0	0	0
IJMS	2025-01-01	11476732	176796	14183	0	0	0	0	0	0	0	1	0	1	0	2	0	0	0	0	12	0	0	0	0	2	0	0	0	0	0	0	0	0	0	0	0	0
IJMS	2025-01-01	11476665	221727	17453	0	1	0	2	0	0	5	7	0	0	0	5	0	0	0	0	37	0	0	6	0	2	0	0	0	0	0	0	0	0	1	0	0	0
IJMS	2025-01-01	11477279	120058	10579	0	15	0	0	0	0	1	5	0	1	0	6	0	0	0	0	50	0	0	2	0	0	0	0	0	0	0	0	0	0	0	0	0	0
IJMS	2025-01-01	11477078	97882	8219	0	2	0	2	0	0	0	0	0	3	0	0	0	0	0	0	18	0	0	2	0	0	0	0	0	0	0	0	0	0	0	0	0	0
IJMS	2025-01-01	11477362	115920	8755	2	0	0	0	0	0	3	1	0	0	0	0	0	0	0	0	9	0	0	7	0	0	0	0	0	0	0	0	0	0	0	0	0	0
IJMS	2025-01-01	11476836	148969	13189	0	9	0	0	0	0	1	2	0	0	1	6	0	0	0	0	26	0	0	3	0	0	0	0	0	0	0	0	0	0	0	0	0	0
IJMS	2025-01-01	11476467	115590	9436	0	11	0	2	0	0	0	0	0	0	1	3	0	0	0	0	27	0	0	0	0	0	0	0	0	0	0	0	0	0	0	0	0	0
IJMS	2025-01-01	11477160	129059	11998	1	16	0	2	0	0	4	0	0	0	0	1	0	0	1	0	33	0	0	4	0	0	0	0	0	0	0	0	0	0	0	0	0	0
IJMS	2025-01-01	11476378	308674	26602	0	1	0	1	0	0	0	0	0	1	0	1	0	0	0	0	78	0	0	2	0	1	0	0	2	0	0	0	0	0	0	0	2	0
IJMS	2025-01-01	11477098	159073	14548	0	5	0	4	0	0	4	1	0	6	1	7	0	0	0	0	12	0	0	2	0	0	0	0	0	0	0	0	0	0	0	0	0	0
IJMS	2025-01-01	11477081	118554	10868	2	4	0	5	0	0	2	6	0	4	3	3	0	0	0	0	35	0	0	1	0	0	1	0	0	0	0	0	0	0	0	1	0	0
IJMS	2025-01-01	11476519	108105	9924	0	15	0	0	0	0	5	0	0	1	0	4	0	0	0	0	24	0	0	2	0	0	1	0	0	0	0	0	0	0	0	0	0	0
IJMS	2025-01-01	11477008	150727	11592	0	0	0	0	0	1	1	0	0	0	0	1	0	0	0	0	7	0	0	1	0	0	0	0	0	0	0	0	0	0	0	0	0	0
IJMS	2025-01-01	11476703	560588	37162	0	9	0	3	0	0	8	1	0	3	2	3	0	0	0	0	46	0	0	9	0	0	1	0	0	0	0	0	0	0	0	0	0	0
IJMS	2025-01-01	11476394	178321	14056	0	9	2	6	0	0	1	0	0	0	2	0	0	0	0	0	13	0	0	1	0	0	0	1	0	0	0	0	0	0	0	0	0	0
IJMS	2025-01-01	11477532	207546	20147	0	16	0	24	0	0	0	4	0	0	26	3	0	0	2	0	266	0	0	1	0	0	1	1	0	0	0	0	0	0	0	0	0	0
IJMS	2025-01-01	11476679	188557	15666	0	7	0	0	0	0	4	1	0	5	0	5	0	0	1	0	23	0	0	0	0	0	0	0	0	0	0	0	0	0	0	0	0	0
IJMS	2025-01-01	11477360	65669	5704	0	0	0	1	0	0	0	1	0	0	1	5	0	0	1	0	10	0	0	0	0	0	0	0	0	0	0	0	0	0	0	0	0	0
IJMS	2025-01-01	11477455	246301	19513	0	1	1	2	0	0	0	2	0	5	0	8	0	0	0	0	30	0	0	3	0	1	1	0	2	0	0	0	0	0	0	0	0	0
IJMS	2025-01-01	11507918	176324	15292	0	1	0	0	0	0	1	8	0	0	0	1	0	0	0	0	30	0	0	0	0	0	1	3	0	0	0	0	0	0	0	0	0	0
IJMS	2025-01-01	11508009	62117	5900	0	4	0	0	0	0	0	1	0	0	0	0	0	0	0	0	11	0	0	0	0	0	0	0	0	0	0	0	0	0	0	0	0	0
IJMS	2025-01-01	11508362	142224	12454	0	16	0	0	0	0	3	0	0	0	0	7	0	0	0	0	27	0	0	0	0	0	0	0	0	0	0	0	0	0	0	0	0	0
IJMS	2025-01-01	11507903	138037	12001	0	2	1	1	0	0	2	2	0	0	1	4	0	0	0	0	28	0	0	1	0	0	1	1	0	0	0	0	0	0	0	1	0	0
IJMS	2025-01-01	11508233	80774	7194	0	11	1	2	0	0	1	2	0	4	0	1	0	0	0	0	24	0	0	0	0	0	0	0	0	0	0	0	0	0	0	0	0	0
IJMS	2025-01-01	11507436	126235	11293	0	3	0	1	0	0	2	0	0	0	0	7	0	0	0	0	14	0	3	2	0	0	0	1	0	0	0	0	0	0	0	0	0	0
IJMS	2025-01-01	11507072	143739	12624	0	20	0	6	0	1	2	4	0	0	0	0	0	0	0	0	31	0	0	1	0	0	0	0	0	0	0	0	0	0	0	0	0	0
IJMS	2025-01-01	11507452	176992	14036	0	17	0	4	0	0	0	1	0	0	4	8	0	0	0	0	27	0	0	1	0	0	0	1	0	0	0	0	0	0	0	0	0	0
IJMS	2025-01-01	11507012	188406	15491	0	3	0	3	0	0	0	2	0	7	0	1	0	0	0	0	37	0	0	5	0	0	0	0	0	0	0	0	0	0	0	0	0	0
IJMS	2025-01-01	11507376	93546	8650	0	4	0	1	0	0	0	0	0	0	0	0	0	0	0	0	16	0	0	1	0	0	0	0	0	0	0	0	0	0	0	0	0	0
IJMS	2025-01-01	11508387	88198	8419	2	3	0	0	0	1	3	2	0	0	1	0	0	0	0	0	19	0	1	4	0	0	0	0	0	0	0	0	0	0	0	0	0	0
IJMS	2025-01-01	11507252	211465	15714	1	0	0	0	0	0	4	0	0	4	0	2	0	0	0	0	23	0	0	0	0	0	1	0	0	0	0	0	0	0	0	0	0	0
IJMS	2025-01-01	11507618	90970	9243	0	15	0	2	0	0	2	3	0	0	1	3	0	0	1	0	20	0	1	6	0	0	0	0	0	0	0	0	0	0	0	0	0	0
IJMS	2025-01-01	11507532	63961	5735	0	12	1	4	0	0	1	2	0	8	0	2	0	0	0	0	23	0	0	1	0	1	0	0	0	0	0	0	0	0	0	0	0	0
IJMS	2025-01-01	11506875	112638	9315	0	1	1	0	0	2	0	0	0	1	1	1	0	0	0	0	23	0	0	1	0	0	0	0	0	0	0	0	0	0	0	0	0	0
IJMS	2025-01-01	11507282	96912	9173	0	5	0	3	0	0	4	2	0	1	0	2	0	0	0	0	11	0	0	2	0	0	0	0	0	0	0	0	0	0	0	0	0	0
IJMS	2025-01-01	11508178	221420	17889	0	0	0	1	0	0	6	1	0	5	0	2	0	0	0	0	26	0	0	5	0	0	0	0	1	0	0	0	0	0	0	0	0	0
IJMS	2025-01-01	11508320	175959	13066	0	1	1	1	0	0	2	0	0	6	2	1	0	0	1	0	34	0	1	4	0	0	0	0	0	0	0	0	0	0	0	0	0	0
IJMS	2025-01-01	11507290	147052	11874	0	14	0	2	0	0	0	1	0	1	1	3	0	0	0	0	16	0	0	2	0	0	0	1	0	0	0	0	0	0	0	0	0	0
IJMS	2025-01-01	11507454	125472	11906	0	5	1	0	0	0	0	1	0	0	1	1	0	0	0	0	26	0	1	1	0	0	0	0	0	0	0	0	0	0	0	0	0	0
IJMS	2025-01-01	11507055	153986	14767	0	22	0	2	0	0	8	1	0	0	7	3	0	0	1	0	18	0	1	3	1	0	0	0	0	0	0	0	0	0	0	0	0	0
IJMS	2025-01-01	11506988	60109	5782	0	6	0	0	0	0	0	0	0	1	1	0	0	0	0	0	13	0	0	0	0	0	1	0	0	0	0	0	0	0	0	0	0	0
IJMS	2025-01-01	11507330	279148	22719	0	3	0	1	0	0	10	5	0	1	1	13	0	0	0	0	71	0	0	9	0	0	0	0	0	0	0	0	0	0	0	0	0	0
IJMS	2025-01-01	11507466	160622	13008	0	4	0	1	0	0	2	0	0	0	1	3	0	0	0	0	33	0	0	1	0	0	0	0	0	0	0	0	0	0	0	0	0	0
IJMS	2025-01-01	11508411	112497	9253	0	6	0	1	0	0	0	0	0	0	0	1	0	0	3	0	18	0	0	0	0	0	0	0	0	0	0	0	0	0	1	0	0	0
IJMS	2025-01-01	11545807	235281	18679	0	1	0	0	0	0	6	0	0	2	0	1	0	0	0	0	39	0	0	4	0	0	0	0	0	0	0	0	0	0	0	0	0	0
IJMS	2025-01-01	11508422	161612	12828	0	36	0	0	0	1	1	0	0	1	0	3	0	0	1	0	30	0	0	0	0	1	0	0	0	0	0	0	0	0	0	0	0	0
IJMS	2025-01-01	11508383	124029	9903	0	5	0	0	0	0	1	0	0	0	0	6	0	0	1	0	28	0	0	2	0	0	1	0	0	0	0	0	0	0	0	0	0	0
IJMS	2025-01-01	11508189	110910	9290	0	11	0	0	0	0	1	1	0	0	0	0	0	0	0	0	40	0	0	0	0	0	0	0	0	0	0	0	0	0	0	0	0	0
IJMS	2025-01-01	11508785	235066	20134	0	11	1	1	0	0	1	5	0	3	1	7	0	0	0	0	18	0	1	3	0	0	0	0	0	0	0	0	0	0	0	0	0	0
IJMS	2025-01-01	11547104	96852	9000	0	4	0	1	0	0	1	4	0	0	1	3	0	0	0	0	18	0	0	1	0	0	0	0	0	0	0	0	0	0	0	0	1	0
IJMS	2025-01-01	11545484	170614	13681	0	0	0	0	0	0	5	0	0	1	0	0	0	0	0	0	11	0	1	5	0	0	0	0	0	0	0	0	0	0	0	0	1	0
IJMS	2025-01-01	11508337	122762	10627	0	10	0	3	0	0	2	2	0	2	2	3	0	0	0	0	40	0	0	0	0	0	0	0	0	0	0	0	0	0	0	0	0	0
IJMS	2025-01-01	11508858	175467	14424	0	22	0	0	0	0	3	1	0	0	0	1	0	0	0	0	16	0	2	5	0	0	0	0	0	0	0	0	0	0	0	0	0	0
IJMS	2025-01-01	11508470	166634	13313	0	27	0	0	0	0	1	4	0	1	0	3	0	0	0	0	23	0	0	0	0	0	0	0	0	0	0	0	0	0	0	0	0	0
IJMS	2025-01-01	11508933	91163	8109	0	4	0	0	0	0	0	0	0	0	2	4	0	0	0	0	35	0	0	1	0	0	0	0	0	0	0	0	0	0	0	0	0	0
IJMS	2025-01-01	11545113	149278	11885	0	3	0	0	0	0	0	0	0	0	2	2	0	0	0	0	18	0	0	1	0	0	0	0	0	0	0	0	0	0	0	0	0	0
IJMS	2025-01-01	11545295	104142	9056	0	6	0	5	0	0	9	3	0	0	0	5	0	0	0	0	31	0	0	3	0	0	1	0	0	0	0	0	0	0	0	0	0	0
IJMS	2025-01-01	11508407	214158	17593	0	9	0	0	0	0	1	5	0	4	1	6	0	0	0	0	66	0	0	2	0	0	1	0	0	0	0	0	1	0	0	0	0	0
IJMS	2025-01-01	11546795	169691	13734	0	5	0	3	0	0	2	3	0	2	0	3	0	0	0	0	54	0	1	2	0	0	0	0	1	0	0	0	0	0	0	0	0	0
IJMS	2025-01-01	11508626	130120	10164	0	2	0	1	0	0	0	0	0	1	0	2	0	0	0	0	29	0	0	0	0	0	0	0	0	0	0	0	0	0	0	0	0	0
IJMS	2025-01-01	11508232	149074	12713	0	13	0	4	0	1	1	5	0	0	0	3	0	0	0	0	38	0	0	1	0	0	0	0	0	0	0	0	0	0	0	0	0	0
IJMS	2025-01-01	11545796	104742	8836	0	7	0	6	0	0	0	7	0	0	0	6	0	0	0	0	23	0	0	0	0	0	0	0	0	0	0	0	0	0	0	0	0	0
IJMS	2025-01-01	11508522	219488	16643	0	2	1	0	0	0	10	1	0	0	0	2	0	0	0	0	35	0	0	11	0	0	0	0	0	0	0	0	0	0	0	0	0	0
IJMS	2025-01-01	11508366	367046	34383	0	2	0	12	0	0	3	5	0	6	0	12	0	0	0	0	203	0	0	5	0	1	0	0	0	0	0	0	0	0	0	0	0	0
IJMS	2025-01-01	11508740	130121	12296	0	13	0	0	0	0	0	0	0	1	0	6	0	0	0	0	29	0	0	2	0	0	0	0	0	0	0	0	0	0	0	0	0	0
IJMS	2025-01-01	11508854	186085	14787	0	2	2	0	0	2	2	8	0	3	0	0	0	0	0	0	13	0	0	0	0	0	0	0	0	0	0	0	0	0	0	0	0	0
IJMS	2025-01-01	11546868	146391	11792	0	4	0	4	0	0	0	1	0	1	0	1	0	0	0	0	18	0	0	0	0	0	0	0	0	0	0	0	0	0	0	0	0	0
IJMS	2025-01-01	11545213	131251	11491	0	9	1	2	0	0	5	0	0	0	0	1	0	0	0	0	18	0	1	1	0	0	1	0	0	0	0	0	0	0	0	0	0	0
IJMS	2025-01-01	11546933	118564	11322	0	9	0	5	0	0	12	4	0	3	0	2	0	0	0	0	21	0	0	1	0	0	0	0	0	0	0	0	0	0	0	0	0	0
IJMS	2025-01-01	11546303	106013	9124	0	6	0	1	0	0	2	3	0	0	0	5	0	0	0	0	10	0	0	0	0	0	0	0	0	0	0	0	0	0	0	0	0	0
IJMS	2025-01-01	11545939	156754	13794	0	8	0	0	0	0	2	3	0	0	0	0	0	0	1	0	30	0	0	1	0	0	0	0	0	0	0	0	0	0	0	0	0	0
IJMS	2025-01-01	11547112	269857	21617	0	1	0	5	0	0	1	3	0	2	1	3	0	0	0	0	74	0	0	4	0	0	2	0	0	0	0	0	0	0	0	0	0	0
IJMS	2025-01-01	11546959	143013	11433	0	17	0	0	0	0	3	2	0	2	1	3	0	0	0	0	9	0	1	6	0	0	0	1	0	0	0	0	0	0	0	0	0	0
IJMS	2025-01-01	11546208	148927	12576	0	6	0	1	0	0	0	0	0	10	0	6	0	0	0	0	23	0	0	1	0	0	0	0	0	0	0	0	0	0	0	0	0	0
IJMS	2025-01-01	11546118	153021	12822	0	5	0	1	0	0	2	1	0	0	3	3	0	0	0	0	39	0	0	4	0	0	0	2	0	0	0	0	0	0	0	0	0	0
IJMS	2025-01-01	11546763	81292	7665	1	6	0	0	0	0	1	1	0	0	1	0	0	0	0	0	46	0	0	4	0	0	0	0	0	0	0	0	0	0	0	0	0	0
IJMS	2025-01-01	11546065	134170	12204	0	5	0	4	0	0	4	11	0	90	0	1	0	0	0	0	20	0	0	4	0	0	0	0	1	0	0	0	0	0	1	0	0	0
IJMS	2025-01-01	11545959	118586	10476	0	6	1	0	0	0	0	0	0	2	1	1	0	0	0	0	32	0	0	0	0	0	0	0	0	0	0	0	0	0	0	0	0	0
IJMS	2025-01-01	11546309	91750	8180	0	3	0	0	0	0	0	0	0	0	0	2	0	0	0	0	1	0	0	0	0	0	0	0	0	0	0	0	0	0	0	0	0	0
IJMS	2025-01-01	11545974	204281	17578	0	8	0	5	0	0	0	2	0	0	1	3	0	0	0	0	34	0	0	3	0	0	0	0	0	0	0	0	0	0	0	0	0	0
IJMS	2025-01-01	11546266	145513	12289	0	11	0	1	0	0	0	4	0	0	1	1	0	0	0	0	43	0	0	1	0	0	0	0	0	0	0	0	0	0	0	0	0	0
IJMS	2025-01-01	11546673	196953	17305	0	15	0	0	0	0	1	0	0	0	1	5	0	0	0	0	36	0	0	3	0	0	0	0	0	0	0	0	0	0	0	0	0	0
IJMS	2025-01-01	11547070	148838	11756	0	1	0	0	0	2	1	0	0	0	1	1	0	0	0	0	24	0	1	1	0	0	1	0	0	0	0	0	0	0	0	0	0	0
IJMS	2025-01-01	11546875	78583	6216	0	2	1	3	0	0	0	0	0	1	1	0	0	0	0	0	12	0	0	7	0	1	0	0	0	0	0	0	0	0	0	0	0	0
IJMS	2025-01-01	11546545	8924	650	0	0	0	0	0	0	0	0	0	0	0	0	0	0	0	0	0	0	0	0	0	0	0	0	0	0	0	0	0	0	0	0	0	0
IJMS	2025-01-01	11546761	113904	9596	0	5	2	2	0	0	3	2	0	0	1	5	0	0	1	0	35	0	0	3	0	0	0	0	0	0	0	0	0	0	0	0	0	0
IJMS	2025-01-01	11546226	196189	15288	0	7	0	8	0	0	3	13	0	0	0	10	0	0	0	0	78	0	0	3	0	0	1	0	0	0	0	0	0	0	0	0	0	0
IJMS	2025-01-01	11547017	108444	9479	0	0	0	1	0	0	1	5	0	1	2	4	0	0	0	0	16	0	0	1	0	1	0	0	0	0	0	0	0	0	0	0	0	0
IJMS	2025-01-01	11545881	155639	14468	0	5	0	7	0	0	0	0	0	1	0	5	0	0	2	0	81	0	0	0	0	0	1	1	1	0	0	0	0	0	0	0	0	0
IJMS	2025-01-01	11546634	84280	6792	0	1	0	0	0	0	0	1	0	0	2	5	0	0	0	0	11	0	0	0	0	0	0	0	0	0	0	0	0	0	0	0	0	0
IJMS	2025-01-01	11547110	302585	22263	0	1	0	0	0	0	1	0	0	2	0	0	0	0	0	0	15	0	1	2	0	0	0	0	0	0	0	0	0	0	0	0	0	0
IJMS	2025-01-01	11546449	112455	9250	0	8	0	0	0	0	0	0	0	1	2	3	0	0	1	0	22	0	0	1	0	0	0	0	0	0	0	0	0	0	0	0	0	0
IJMS	2025-01-01	11545936	111450	9753	0	2	0	0	0	0	0	1	0	0	0	1	0	0	0	0	10	0	0	1	0	0	0	0	1	0	0	0	0	0	0	0	0	0
IJMS	2025-01-01	11546741	187512	14337	0	9	0	0	0	0	4	1	0	0	0	4	0	0	0	0	23	0	0	1	0	0	0	0	0	0	0	0	0	0	0	0	0	0
IJMS	2025-01-01	11593821	99392	9126	0	4	1	6	0	0	2	4	0	0	0	4	0	0	2	0	24	0	0	0	0	0	0	0	0	0	0	0	0	0	0	0	0	0
IJMS	2025-01-01	11593599	91417	8901	0	4	0	2	0	0	2	0	0	0	5	3	0	0	0	0	13	0	0	1	0	0	0	1	0	0	0	0	0	0	0	0	0	0
IJMS	2025-01-01	11594062	146119	13533	0	33	0	0	0	0	1	3	0	0	0	0	0	1	0	0	20	0	0	0	0	0	0	0	0	0	0	0	0	0	0	0	0	0
IJMS	2025-01-01	11594490	134802	12263	0	11	0	0	0	0	0	0	0	3	2	2	0	0	0	0	39	0	0	0	0	0	0	0	0	0	0	0	0	0	0	0	0	0
IJMS	2025-01-01	11593682	131416	10195	0	6	1	5	0	0	0	1	0	13	0	3	0	0	0	0	46	0	0	2	0	0	0	0	0	0	0	0	0	0	0	0	0	0
IJMS	2025-01-01	11594089	312461	22634	0	9	0	0	0	0	1	2	0	0	0	7	0	0	0	0	57	0	1	5	0	0	0	0	0	0	0	0	0	0	3	0	0	0
IJMS	2025-01-01	11593503	91086	8200	0	9	1	1	0	0	1	5	0	0	0	4	0	0	0	0	17	0	0	3	0	0	0	0	0	0	0	0	0	0	0	0	0	0
IJMS	2025-01-01	11593582	175039	14735	0	11	0	1	0	0	6	2	0	3	0	13	0	0	0	0	21	0	2	7	0	1	1	0	1	0	0	0	0	0	0	0	0	0
IJMS	2025-01-01	11593477	431883	33521	0	6	0	0	0	1	9	8	0	0	2	8	0	0	0	0	105	0	1	12	0	0	3	0	0	0	0	0	0	0	0	0	0	0
IJMS	2025-01-01	11593454	167038	14210	0	2	0	0	0	0	0	7	0	0	1	2	0	0	0	0	8	0	0	1	0	0	0	0	0	0	0	0	0	0	0	0	0	0
IJMS	2025-01-01	11593665	162706	13305	0	4	1	2	0	0	0	1	0	0	1	1	0	0	0	0	26	0	0	0	0	0	0	0	0	0	0	0	0	0	0	0	0	0
IJMS	2025-01-01	11593937	124111	10424	0	5	0	3	0	0	4	0	0	0	0	2	0	0	1	0	19	0	0	3	0	0	0	0	0	0	0	0	0	0	0	0	0	0
IJMS	2025-01-01	11594214	105484	8803	0	5	1	12	0	0	3	2	0	2	0	10	0	0	0	0	29	0	0	3	0	0	0	0	0	0	0	0	0	0	0	0	0	0
IJMS	2025-01-01	11594105	117680	10785	0	4	1	0	0	0	4	3	0	4	0	4	0	1	0	0	17	0	0	0	0	0	0	0	0	0	0	0	0	0	0	0	0	0
IJMS	2025-01-01	11594099	320194	23585	0	2	0	0	0	0	2	2	0	0	1	1	0	0	1	0	35	0	0	1	0	0	0	0	0	0	0	0	0	0	0	0	0	3
IJMS	2025-01-01	11593364	303123	23190	2	0	0	0	0	0	3	0	0	0	0	0	0	0	0	0	16	0	0	7	0	0	0	0	0	0	0	0	0	0	0	0	0	0
IJMS	2025-01-01	11594041	548883	42917	0	2	0	2	0	0	3	4	0	2	1	1	0	0	0	0	132	0	0	1	0	2	1	0	1	0	0	0	0	0	0	0	0	0
IJMS	2025-01-01	11593465	124760	10717	0	3	0	0	0	0	1	0	0	0	5	0	0	0	1	0	3	0	0	0	0	0	0	0	0	0	0	0	1	1	0	0	0	0
IJMS	2025-01-01	11593396	113386	10920	0	12	0	1	0	0	4	0	0	5	2	1	0	0	0	0	12	0	0	0	0	0	0	0	0	0	0	0	0	0	0	0	0	0
IJMS	2025-01-01	11593349	95284	8337	0	9	0	1	0	0	0	0	0	0	2	2	0	0	0	0	31	0	0	0	0	0	1	0	0	0	0	0	0	0	0	0	0	0
IJMS	2025-01-01	11593474	83447	6690	1	2	0	0	0	0	4	1	0	0	0	1	0	0	0	0	9	0	0	2	0	0	0	0	3	0	0	0	0	0	0	0	0	0
IJMS	2025-01-01	11593439	315561	24437	0	3	0	1	0	0	0	0	0	10	2	0	0	0	1	0	43	0	0	0	0	0	1	0	0	0	0	0	0	0	1	0	0	0
IJMS	2025-01-01	11593535	112766	9803	0	4	1	0	0	1	0	2	0	2	0	10	0	0	0	0	11	0	0	0	0	0	0	0	0	0	0	0	0	0	0	0	0	0
IJMS	2025-01-01	11593560	141691	11702	0	1	0	0	0	0	0	1	0	0	1	4	0	0	0	0	17	0	0	0	0	0	0	0	0	0	0	0	0	0	0	1	0	0
IJMS	2025-01-01	11594137	101908	8632	0	0	0	0	0	0	0	1	0	0	0	3	0	0	0	0	13	0	0	0	0	0	0	0	0	0	0	0	0	3	0	0	0	0
IJMS	2025-01-01	11594739	142372	12029	0	15	0	0	0	0	2	0	0	0	0	1	0	0	0	0	22	0	1	0	0	0	0	0	0	0	0	0	0	2	0	0	0	0
IJMS	2025-01-01	11594573	582784	40352	0	0	0	1	0	1	3	0	0	2	2	2	0	0	0	0	25	0	0	10	0	0	0	0	0	0	0	0	0	1	0	0	0	0
IJMS	2025-01-01	11594337	96501	8264	0	6	0	4	0	0	1	2	0	1	1	0	0	0	0	0	48	0	0	5	0	0	0	0	0	0	0	0	0	0	0	0	0	0
IJMS	2025-01-01	11594717	147747	12311	0	12	0	3	0	1	5	2	0	3	0	3	0	0	0	0	35	0	0	0	0	1	0	0	0	0	0	0	0	0	0	0	0	0
IJMS	2025-01-01	11594357	140405	12006	0	0	0	0	0	0	2	0	0	0	1	0	0	0	0	0	10	0	0	1	0	0	0	0	1	0	0	0	0	0	0	0	0	0
IJMS	2025-01-01	11595089	165531	15402	0	1	0	4	0	0	0	0	0	1	1	0	0	0	1	0	24	0	0	0	0	0	5	4	0	0	0	0	0	0	1	0	0	0
IJMS	2025-01-01	11594844	107519	9120	0	3	0	1	0	0	6	4	0	0	0	1	0	0	0	0	20	0	0	2	0	0	0	0	0	0	0	0	0	0	0	0	0	0
IJMS	2025-01-01	11595045	148560	13090	0	17	0	0	0	0	2	0	0	0	0	1	0	0	0	0	27	0	0	3	0	0	2	0	0	0	0	0	0	0	0	0	0	0
IJMS	2025-01-01	11594732	202304	17674	0	7	0	5	0	0	3	1	0	0	0	1	0	0	0	0	15	0	0	2	0	0	0	0	0	0	0	0	0	0	0	0	0	0
IJMS	2025-01-01	11595055	98720	7817	0	1	0	0	0	0	1	1	0	1	0	2	0	0	0	0	2	0	0	0	0	0	1	0	0	0	0	0	0	0	0	0	0	0
IJMS	2025-01-01	11594749	129873	10732	0	4	0	6	0	0	2	3	0	5	1	1	0	0	0	0	16	0	0	2	0	0	0	0	0	0	0	0	0	0	0	0	0	0
IJMS	2025-01-01	11594306	141565	12160	0	10	0	0	0	0	0	4	0	0	0	4	0	0	0	0	28	0	0	1	0	0	0	0	0	0	0	0	0	0	0	0	0	0
IJMS	2025-01-01	11594737	130475	11264	0	7	1	4	0	0	0	0	0	8	0	3	0	0	0	0	11	0	2	0	0	0	1	0	0	0	0	0	0	0	0	0	0	0
IJMS	2025-01-01	11595052	129998	11116	0	9	0	1	0	0	2	1	0	4	0	7	0	0	0	0	21	0	0	2	0	0	0	0	0	0	0	0	0	0	0	0	0	0
IJMS	2025-01-01	11594679	84997	7599	0	2	0	2	0	0	0	0	0	0	0	3	0	0	0	0	12	0	0	0	0	0	0	0	0	0	0	0	0	0	0	0	0	0
IJMS	2025-01-01	11594350	93987	8689	0	1	0	0	0	6	0	0	0	6	0	0	0	0	0	0	21	0	0	3	0	0	1	0	0	0	0	0	0	0	0	0	0	0
IJMS	2025-01-01	11594456	212164	15691	0	5	0	1	0	0	1	0	0	0	1	0	0	0	0	0	50	0	0	5	0	0	0	2	1	0	0	0	0	0	0	0	0	0
IJMS	2025-01-01	11594809	130050	10216	0	2	0	0	0	0	3	3	0	1	1	0	0	0	0	0	32	0	1	7	0	0	1	0	0	0	0	0	0	0	0	0	0	0
IJMS	2025-01-01	11594806	168249	13697	0	3	0	1	0	0	10	4	0	0	0	7	0	0	0	0	43	0	0	3	0	0	0	0	0	0	0	0	0	0	0	0	0	0
IJMS	2025-01-01	11595092	105771	8101	0	2	0	0	0	0	0	1	0	0	0	1	0	0	0	0	5	0	0	0	0	0	0	0	0	0	0	0	0	0	0	3	0	0
IJMS	2025-01-01	11594780	72489	6767	0	0	0	0	0	0	0	1	0	0	1	0	0	0	11	0	33	0	0	0	0	0	1	0	0	0	0	0	0	0	0	0	0	0
IJMS	2025-01-01	11594458	91644	7675	0	2	0	1	0	0	1	0	0	1	0	3	0	0	0	0	9	0	0	0	0	0	0	0	0	0	0	0	0	0	0	0	0	0
IJMS	2025-01-01	11594648	205605	16072	1	1	0	0	0	0	1	1	0	0	0	2	0	0	0	0	15	0	0	2	0	0	0	0	0	0	0	0	0	0	0	0	0	0
IJMS	2025-01-01	11595041	136769	10361	1	10	1	1	0	0	2	2	0	1	0	3	0	0	0	0	28	0	0	5	0	0	0	0	0	0	0	0	0	0	0	0	0	0
IJMS	2025-01-01	11594807	126317	11169	0	4	0	2	0	1	0	3	0	0	3	0	0	0	0	0	19	0	0	2	0	0	0	0	0	0	0	0	0	0	0	0	0	0
IJMS	2025-01-01	11641461	123299	10159	0	2	0	5	0	0	0	3	0	0	0	1	0	0	1	0	25	0	0	1	0	0	0	0	0	0	0	0	0	0	0	0	0	0
IJMS	2025-01-01	11641077	140847	13551	0	29	0	1	0	0	2	1	0	1	0	6	0	0	0	0	23	0	0	1	0	0	0	0	0	0	0	0	0	0	0	0	0	0
IJMS	2025-01-01	11641637	89623	8553	0	4	0	6	0	0	2	1	0	1	0	0	0	0	0	0	28	0	0	0	0	0	1	0	0	0	0	0	0	1	0	0	0	0
IJMS	2025-01-01	11641133	464536	33300	0	0	0	0	0	0	8	0	0	0	0	2	0	0	0	0	14	0	0	0	0	1	3	0	3	0	0	0	0	0	0	0	0	0
IJMS	2025-01-01	11640812	379618	28783	1	2	0	0	0	0	2	0	0	1	0	3	0	0	0	0	37	0	0	0	0	0	0	0	0	0	0	0	0	0	0	0	0	0
IJMS	2025-01-01	11640886	93839	9214	0	13	0	1	0	0	0	4	0	30	0	1	0	0	0	0	35	0	0	0	0	0	0	0	0	0	0	0	0	0	0	0	0	0
IJMS	2025-01-01	11641244	153758	12871	0	5	0	2	0	0	4	1	0	0	0	5	0	0	1	0	50	0	0	0	0	0	0	0	0	0	0	0	0	0	0	0	0	0
IJMS	2025-01-01	11641798	195240	16115	0	2	0	1	0	0	0	1	0	5	3	4	0	0	0	0	28	0	0	0	0	0	0	1	0	0	0	0	0	0	0	0	0	3
IJMS	2025-01-01	11641627	10574	808	0	0	0	0	0	0	0	0	0	0	0	0	0	0	0	0	0	0	0	0	0	0	0	0	0	0	0	0	0	0	0	0	0	0
IJMS	2025-01-01	11640847	118009	10464	0	9	0	0	0	0	2	0	0	1	2	2	0	0	0	0	38	0	1	1	0	0	0	0	0	0	0	0	0	0	0	0	0	0
IJMS	2025-01-01	11641346	116775	9665	0	21	0	1	0	0	0	2	0	1	0	10	0	0	0	0	22	0	0	2	0	0	0	0	0	0	0	0	0	0	0	0	0	0
IJMS	2025-01-01	11641727	152732	13674	0	5	0	6	0	0	1	2	0	5	1	2	0	0	0	0	14	0	0	1	0	0	0	0	0	0	0	0	0	0	0	0	0	0
IJMS	2025-01-01	11640806	129534	10524	0	5	0	1	0	0	2	4	0	1	2	2	0	0	0	0	31	0	0	3	0	0	0	0	0	0	0	0	0	0	0	0	0	0
IJMS	2025-01-01	11640945	89143	7996	0	4	0	2	0	0	1	1	0	1	0	2	0	0	0	0	16	0	0	0	0	0	0	0	0	0	0	0	0	0	0	0	0	0
IJMS	2025-01-01	11641639	157524	13381	0	17	1	2	0	0	1	0	0	1	1	0	0	0	0	0	22	0	0	1	0	0	0	0	0	0	0	0	0	0	0	0	0	0
IJMS	2025-01-01	11641332	185357	15171	0	7	1	0	0	1	1	0	0	0	4	4	0	0	0	0	34	0	0	2	0	0	0	0	0	0	2	0	0	0	0	0	0	0
IJMS	2025-01-01	11641576	109310	8651	0	0	0	0	0	0	0	0	0	1	0	3	0	0	0	0	21	0	0	1	0	0	0	0	0	0	0	0	0	0	1	0	0	0
IJMS	2025-01-01	11641700	128250	10377	0	18	0	4	0	0	4	2	0	0	0	3	0	0	0	0	19	0	1	6	0	0	0	0	0	0	0	0	0	0	0	0	0	0
IJMS	2025-01-01	11641460	110720	10446	0	2	1	2	0	0	1	4	0	1	0	3	0	0	0	0	26	0	0	0	0	0	0	0	0	0	0	0	0	0	0	0	0	0
IJMS	2025-01-01	11641500	183014	16849	0	35	0	9	0	0	1	10	0	0	1	4	0	0	0	0	133	0	0	1	0	0	0	0	0	0	0	0	0	0	0	0	0	0
IJMS	2025-01-01	11641181	98826	8620	1	0	0	1	0	0	5	0	0	0	0	5	0	0	0	0	18	0	0	3	0	0	0	0	0	0	0	0	0	0	0	0	0	0
IJMS	2025-01-01	11641139	264085	18424	0	0	0	7	0	0	2	0	0	0	1	2	0	0	0	0	66	0	0	1	0	0	0	0	0	0	0	0	0	0	0	0	0	0
IJMS	2025-01-01	11641455	92916	8155	0	2	1	2	0	0	0	1	0	0	0	0	0	0	0	0	20	0	0	0	0	0	1	0	1	0	0	0	0	0	0	0	0	0
IJMS	2025-01-01	11641390	105605	8960	0	11	0	0	0	1	9	0	0	0	0	6	0	0	0	0	15	0	0	3	0	0	0	0	0	0	0	0	0	0	0	0	0	0
IJMS	2025-01-01	11641720	178861	14307	0	2	1	1	0	0	0	0	0	0	1	2	0	0	0	0	16	0	0	0	0	0	0	0	0	0	0	0	0	0	0	0	0	0
IJMS	2025-01-01	11641039	116645	9834	0	8	0	2	0	0	0	0	0	0	0	0	0	0	0	0	19	0	0	0	0	0	0	0	0	0	0	0	0	0	0	0	0	0
IJMS	2025-01-01	11640906	195005	16808	1	6	0	8	0	0	3	0	0	0	1	2	0	0	0	0	22	0	0	1	0	0	0	0	0	0	0	0	0	0	0	0	0	0
IJMS	2025-01-01	11641710	307853	24334	0	7	1	4	0	0	0	1	0	2	0	1	0	0	0	0	172	0	0	0	0	0	1	0	1	0	0	0	0	0	0	0	0	0
IJMS	2025-01-01	11641775	243893	22625	0	22	0	3	0	0	6	7	0	4	1	1	0	0	1	0	36	0	0	2	0	0	0	0	0	0	0	0	0	0	0	1	0	0
IJMS	2025-01-01	11641541	113775	10115	0	5	0	2	0	0	1	1	0	0	1	2	0	0	0	0	20	0	0	1	0	0	0	0	0	0	0	0	0	0	0	0	0	0
IJMS	2025-01-01	11641031	174382	14449	0	5	0	0	0	0	0	1	0	0	2	7	0	0	0	0	34	0	0	0	0	0	1	0	1	0	0	0	0	1	0	0	0	0
IJMS	2025-01-01	11640956	184197	14936	0	13	0	0	0	0	2	0	0	1	0	5	0	0	0	0	16	0	0	1	0	0	0	0	0	0	0	0	0	0	0	0	0	0
IJMS	2025-01-01	11641153	90987	7923	0	1	0	2	0	0	0	0	0	0	0	7	0	0	0	0	14	0	0	0	0	0	0	0	1	0	0	0	0	0	0	0	0	0
IJMS	2025-01-01	11641821	153883	12260	0	13	0	1	0	0	2	2	0	0	0	6	0	0	0	0	17	0	0	0	0	0	0	0	0	0	0	0	0	0	0	0	0	0
IJMS	2025-01-01	11641149	185419	16320	0	1	0	1	0	0	0	0	0	1	0	11	0	0	0	0	38	0	0	2	0	1	1	0	0	0	0	0	0	0	0	0	0	0
IJMS	2025-01-01	11641691	94352	7959	0	1	0	0	0	0	3	2	0	0	0	0	0	0	0	0	28	0	0	1	0	0	0	0	0	0	0	0	0	0	0	0	0	0
IJMS	2025-01-01	11640898	232092	17629	0	5	0	2	0	0	1	1	0	2	1	1	0	0	0	0	32	0	0	2	0	0	0	0	1	0	0	0	0	0	0	0	0	0
IJMS	2025-01-01	11641379	155879	12226	0	4	0	4	0	0	0	1	0	1	0	7	0	0	0	0	23	0	3	3	0	0	0	2	2	0	0	0	0	0	0	0	0	0
IJMS	2025-01-01	11640940	6205	460	0	0	0	0	0	0	0	0	0	0	0	0	0	0	0	0	0	0	0	0	0	0	0	0	0	0	0	0	0	0	0	0	0	0
IJMS	2025-01-01	11640938	98889	9980	0	5	0	0	0	0	0	1	0	0	0	2	0	0	0	0	17	0	0	3	0	0	0	0	0	0	0	0	0	0	0	0	0	0
IJMS	2025-01-01	11641764	75945	6306	0	5	0	5	0	0	0	1	0	1	0	3	0	0	0	0	7	0	0	1	0	0	0	0	0	0	0	0	0	0	0	0	0	0
IJMS	2025-01-01	11640990	206116	16029	0	5	0	0	0	5	5	1	0	0	2	3	0	0	0	0	15	0	3	0	0	0	0	0	2	0	0	0	0	0	0	0	0	0
IJMS	2025-01-01	11641171	153796	12309	0	3	0	1	0	0	1	0	0	0	1	0	0	0	0	0	17	0	0	0	0	0	0	0	2	0	0	0	0	0	0	0	0	0
IJMS	2025-01-01	11641634	98555	9464	0	5	1	5	0	0	2	2	0	2	0	5	0	0	0	0	26	0	0	4	0	0	0	0	0	0	0	0	0	0	0	0	0	0
IJMS	2025-01-01	11641320	73454	7045	0	5	1	0	0	0	1	2	0	0	14	0	0	0	0	0	17	0	0	2	0	0	0	0	0	0	0	0	0	0	0	0	0	0
IJMS	2025-01-01	11641621	311356	24330	0	10	0	5	0	0	2	3	0	8	0	1	0	0	0	0	137	0	0	0	0	0	0	0	0	0	0	0	0	0	0	0	0	0
IJMS	2025-01-01	11641651	186828	17096	0	22	0	6	0	0	0	6	0	0	0	10	0	0	0	0	20	0	0	3	0	0	0	0	0	0	0	0	0	0	0	1	0	0
IJMS	2025-01-01	11641745	201473	16578	0	3	0	7	0	0	1	24	0	0	3	1	0	0	1	0	133	0	0	1	0	2	1	2	0	0	0	0	0	0	0	0	0	0
IJMS	2025-01-01	11641783	276183	19768	0	1	0	0	0	0	1	1	0	0	1	2	0	0	0	0	42	0	0	2	0	0	1	0	0	0	0	0	0	0	0	0	0	0
IJMS	2025-01-01	11640879	134522	11685	0	12	0	2	0	0	2	0	0	0	0	2	0	0	0	0	28	0	0	2	0	0	0	0	0	0	0	0	0	0	0	0	0	0
IJMS	2025-01-01	11641734	93216	8418	0	4	0	1	0	0	0	0	0	0	0	1	0	0	0	0	11	0	0	1	0	0	0	0	0	0	0	0	0	0	0	0	0	0
IJMS	2025-01-01	11642889	64933	6357	0	10	0	2	0	0	3	3	0	0	0	2	0	0	0	0	14	0	1	2	0	0	0	0	0	0	0	0	0	0	0	0	0	0
IJMS	2025-01-01	11642302	88458	7839	0	4	0	2	0	0	0	3	0	1	1	1	0	0	0	0	26	0	0	1	0	0	0	0	0	0	0	0	0	0	0	0	0	0
IJMS	2025-01-01	11642212	270076	21457	0	16	0	1	0	0	0	0	0	0	2	2	0	0	0	0	48	0	0	2	0	0	0	0	0	0	0	0	0	0	0	0	1	1
IJMS	2025-01-01	11642714	289216	20638	0	0	0	1	0	0	13	5	0	2	2	6	0	0	0	0	41	0	0	3	0	0	2	0	0	0	0	0	0	0	0	0	0	0
IJMS	2025-01-01	11642204	118248	10052	0	3	0	3	0	0	0	0	0	1	0	1	0	0	0	0	8	0	0	0	0	0	0	0	0	0	0	0	0	0	0	0	0	0
IJMS	2025-01-01	11642142	181871	16502	0	2	0	0	0	0	1	1	0	7	1	1	0	0	0	0	18	0	0	1	0	0	2	0	0	0	0	0	0	0	0	1	0	0
IJMS	2025-01-01	11642646	142084	13108	0	9	0	5	0	0	0	0	0	1	0	2	0	0	0	0	23	0	0	0	0	0	0	0	1	0	0	0	0	0	0	0	0	0
IJMS	2025-01-01	11642479	135641	11401	0	0	0	1	0	0	0	0	0	0	0	2	0	0	1	0	31	0	0	0	0	0	0	0	0	0	0	0	0	0	0	0	0	0
IJMS	2025-01-01	11642623	234780	18947	0	4	1	2	0	0	0	6	0	2	8	7	0	0	0	0	20	0	0	2	0	0	0	0	0	0	0	0	0	0	1	0	0	0
IJMS	2025-01-01	11642384	267387	23012	0	1	0	2	0	0	14	1	0	1	2	8	0	0	0	0	30	0	0	1	0	0	3	0	0	0	0	0	0	0	0	0	0	0
IJMS	2025-01-01	11642283	162486	13192	0	6	0	4	0	3	2	0	0	2	0	5	0	0	0	0	12	0	0	0	0	0	0	0	1	0	0	0	0	0	0	0	0	0
IJMS	2025-01-01	11642137	127432	11769	0	6	1	1	0	0	4	0	0	0	1	3	0	0	0	0	47	0	0	8	0	0	0	1	0	0	0	0	0	0	1	0	0	0
IJMS	2025-01-01	11642155	103609	10381	0	4	0	1	0	0	4	1	0	3	0	3	0	0	0	0	27	0	0	1	0	0	0	0	0	0	0	0	0	0	0	0	0	0
IJMS	2025-01-01	11641830	82277	7137	0	1	0	3	0	1	0	1	0	0	0	4	0	0	1	0	13	0	0	0	0	0	0	0	0	0	0	0	0	0	0	0	0	0
IJMS	2025-01-01	11642288	101748	8467	0	5	0	1	0	0	2	1	0	0	1	2	0	0	0	0	22	0	0	0	0	0	0	0	0	0	0	0	0	0	0	0	0	0
IJMS	2025-01-01	11642090	148879	13015	0	21	0	3	0	0	4	3	0	0	0	4	0	0	0	0	14	0	0	8	0	1	0	1	0	0	0	0	0	0	0	0	0	0
IJMS	2025-01-01	11641788	159920	14134	0	7	0	1	0	2	1	1	0	0	2	3	0	0	0	0	13	0	0	0	0	0	0	0	0	0	0	0	0	0	0	0	0	0
IJMS	2025-01-01	11642839	238792	18315	0	8	0	1	0	0	6	7	0	0	2	2	0	0	0	0	41	0	1	7	0	0	0	3	0	0	0	0	0	0	0	0	0	1
IJMS	2025-01-01	11642060	195349	16972	0	4	0	19	0	0	3	2	0	0	4	1	0	0	0	0	95	0	1	2	0	0	0	0	0	0	0	0	0	0	0	0	6	0
IJMS	2025-01-01	11642109	277677	20512	0	1	0	1	0	0	1	1	0	0	0	1	0	0	0	0	36	0	0	4	0	0	0	0	0	0	0	0	0	0	0	0	0	0
IJMS	2025-01-01	11642095	95609	7985	0	2	3	0	0	0	0	0	0	1	0	2	0	0	0	0	10	0	0	0	0	0	0	0	0	0	0	0	0	0	0	0	0	0
IJMS	2025-01-01	11641819	115194	9549	0	1	0	0	0	0	0	5	0	0	0	5	0	0	0	0	18	0	0	1	0	0	0	0	0	0	0	0	0	0	0	0	0	0
IJMS	2025-01-01	11642319	119868	9910	0	7	0	4	0	0	0	1	0	0	0	1	0	0	0	0	23	0	0	2	0	0	0	0	0	0	0	0	0	0	0	0	0	0
IJMS	2025-01-01	11642311	99557	8080	0	6	0	2	0	0	3	2	0	0	4	1	0	0	0	0	36	0	0	1	0	0	0	0	0	0	0	0	0	0	0	0	0	0
IJMS	2025-01-01	11679585	145342	12425	0	9	0	0	0	0	1	0	0	0	0	1	0	3	0	0	11	0	0	0	0	0	0	0	0	0	0	0	0	0	0	0	1	0
IJMS	2025-01-01	11678640	431725	31780	0	0	0	3	0	0	5	0	0	1	1	1	0	0	0	0	63	0	0	5	0	0	0	0	0	0	0	0	0	0	0	0	0	0
IJMS	2025-01-01	11677061	151137	12694	0	9	0	0	0	0	2	1	0	0	7	11	0	0	0	0	22	0	0	0	0	1	0	0	0	0	0	0	0	0	0	0	0	0
IJMS	2025-01-01	11678233	165280	14239	0	5	0	1	0	0	0	2	0	1	0	2	0	0	0	0	15	0	0	1	0	0	0	0	0	0	0	0	0	0	0	0	0	0
IJMS	2025-01-01	11676049	354876	30380	0	17	2	2	0	1	3	3	0	0	9	4	0	0	7	0	60	0	1	16	0	0	5	3	1	0	0	0	0	0	0	0	0	0
IJMS	2025-01-01	11677357	101028	9014	0	10	0	2	0	0	1	1	0	0	0	0	0	0	0	0	13	0	0	5	0	0	0	1	0	0	0	0	0	0	0	0	0	0
IJMS	2025-01-01	11677393	89772	8409	0	2	0	1	0	0	0	2	0	0	0	1	0	0	0	0	7	0	0	0	0	0	0	0	0	0	0	0	0	0	0	0	0	0
IJMS	2025-01-01	11678561	85896	7963	0	8	0	0	0	0	0	4	0	7	0	2	0	0	1	0	27	0	0	0	0	0	1	0	0	0	0	0	0	0	0	0	0	0
IJMS	2025-01-01	11678420	75849	7379	0	7	0	3	0	0	0	0	0	0	1	1	0	0	0	0	16	0	0	1	0	0	0	0	1	0	0	0	0	0	0	0	0	0
IJMS	2025-01-01	11677710	430439	34766	0	5	0	7	0	0	6	0	0	0	0	11	0	0	0	0	88	0	0	6	0	0	0	0	0	0	0	0	0	0	0	0	0	0
IJMS	2025-01-01	11676325	131420	11464	0	8	0	3	0	0	1	0	0	2	1	2	0	0	0	0	12	0	0	2	0	0	0	0	0	0	0	0	0	0	0	0	0	0
IJMS	2025-01-01	11676386	75970	6282	0	2	0	0	0	1	3	1	0	0	0	1	0	0	0	0	13	0	0	1	0	0	0	0	0	0	0	0	0	0	0	0	0	0
IJMS	2025-01-01	11676624	139102	11526	0	2	0	3	0	0	0	0	0	1	4	0	0	0	2	0	40	0	0	0	0	2	0	0	0	0	0	0	0	0	0	0	0	0
IJMS	2025-01-01	11678246	123134	11059	0	5	1	0	0	0	0	0	0	0	0	1	0	0	0	0	10	0	0	5	0	0	1	0	0	0	0	0	0	0	0	0	0	0
IJMS	2025-01-01	11677325	118349	10259	0	5	0	7	0	0	4	4	0	0	0	4	0	0	0	0	16	0	2	3	0	0	1	0	0	0	0	0	0	0	0	0	0	0
IJMS	2025-01-01	11679576	139785	11731	0	15	0	2	0	0	2	2	0	0	0	0	0	0	0	0	31	0	0	0	0	1	0	0	0	0	0	0	0	0	0	0	0	0
IJMS	2025-01-01	11679521	143003	13773	0	10	1	0	0	0	1	13	0	6	1	16	0	0	0	0	23	0	0	1	0	0	0	0	0	0	0	0	0	0	0	0	0	0
IJMS	2025-01-01	11678701	235674	21098	0	1	1	0	0	0	0	9	0	15	4	4	0	0	0	0	35	0	1	2	0	0	0	0	0	0	0	0	0	0	0	0	0	0
IJMS	2025-01-01	11678613	97795	8480	0	7	0	1	0	0	1	0	0	2	0	7	0	0	0	0	13	0	1	6	0	0	0	0	0	0	0	0	0	0	0	0	0	0
IJMS	2025-01-01	11678576	369056	29291	0	3	0	0	0	0	0	1	0	2	0	3	0	0	0	0	40	0	0	5	0	0	0	0	0	0	0	0	0	0	0	0	0	0
IJMS	2025-01-01	11677233	106049	9198	0	1	0	4	0	0	0	0	0	0	0	5	0	0	0	0	20	0	0	0	0	0	0	0	0	0	0	0	0	0	0	0	0	0
IJMS	2025-01-01	11676446	93193	8421	0	4	0	8	0	0	0	3	0	2	0	0	0	0	0	0	12	0	0	1	0	0	0	0	0	0	0	0	0	0	0	0	0	0
IJMS	2025-01-01	11676510	121632	11520	0	12	0	0	0	0	2	0	0	2	0	2	0	0	0	0	29	0	1	4	0	0	0	0	0	0	0	0	0	0	0	0	0	0
IJMS	2025-01-01	11678306	252715	22871	0	13	0	1	0	0	0	1	0	0	4	2	0	0	0	0	7	0	0	0	0	0	0	4	0	0	0	0	0	0	0	0	4	0
IJMS	2025-01-01	11678658	160420	13030	0	11	0	1	0	0	0	1	0	0	0	2	0	0	0	0	25	0	0	4	0	0	0	0	0	0	0	0	0	0	0	0	1	0
IJMS	2025-01-01	11727783	150823	13175	0	10	1	0	0	0	0	5	0	5	0	3	0	0	0	0	36	0	0	1	0	0	0	0	0	0	0	0	0	0	0	1	0	0
IJMS	2025-01-01	11728237	100716	8624	0	4	0	4	0	0	1	0	0	0	0	1	0	0	0	0	17	0	0	0	0	0	0	0	0	0	0	0	0	0	0	0	0	0
IJMS	2025-01-01	11678892	89546	7766	0	16	0	7	0	0	1	2	0	0	0	4	1	0	0	0	13	0	0	0	0	0	0	0	0	0	0	0	0	0	0	0	0	0
IJMS	2025-01-01	11679985	93495	8251	0	13	1	2	0	0	4	1	0	0	3	1	0	0	0	0	20	0	0	0	0	0	0	0	0	0	0	0	0	0	0	0	0	0
IJMS	2025-01-01	11678853	115159	10521	0	8	0	15	0	0	2	4	0	1	1	3	0	0	1	0	44	0	0	0	0	0	0	4	0	0	0	0	0	0	0	0	0	0
IJMS	2025-01-01	11678447	85326	7240	0	2	0	1	0	2	0	2	0	0	0	1	0	0	0	0	11	0	0	0	0	0	0	0	0	0	0	0	0	0	0	0	0	0
IJMS	2025-01-01	11728251	181690	13453	0	1	0	7	0	0	0	2	0	0	0	3	0	0	0	0	84	0	0	4	0	0	1	0	0	0	0	0	0	0	0	0	0	0
IJMS	2025-01-01	11727972	175265	14103	1	1	0	0	0	0	1	0	0	0	3	1	0	0	0	0	14	0	1	2	0	0	0	0	0	0	0	0	0	0	1	0	0	0
IJMS	2025-01-01	11727661	113000	10372	0	13	0	10	0	0	6	2	0	1	1	2	0	0	1	0	20	0	0	1	0	0	0	0	1	0	0	0	0	0	0	0	0	0
IJMS	2025-01-01	11678370	79835	6780	0	3	0	0	0	0	3	0	0	0	0	1	0	0	0	0	15	0	0	2	0	0	0	0	0	0	0	0	0	0	0	0	0	0
IJMS	2025-01-01	11677537	143034	12334	0	8	0	2	0	0	0	1	0	0	2	1	0	0	1	0	22	0	1	0	0	0	0	0	0	0	0	0	0	0	0	0	18	0
IJMS	2025-01-01	11728233	263964	20392	0	2	1	0	0	0	1	1	0	0	1	0	0	0	0	0	4	0	0	1	0	0	0	0	0	0	0	0	0	0	0	0	0	0
IJMS	2025-01-01	11728179	168470	12922	0	7	0	0	0	0	0	0	0	1	1	1	0	0	1	0	10	0	0	2	0	0	2	0	0	0	0	0	0	0	0	0	0	0
IJMS	2025-01-01	11677307	101260	8634	0	16	1	2	0	0	2	1	0	1	1	0	0	0	1	0	28	0	0	0	0	0	0	0	0	0	0	0	0	0	0	0	0	0
IJMS	2025-01-01	11679542	116385	10600	0	9	0	1	0	0	0	2	0	0	2	0	0	0	0	0	23	0	0	0	0	0	0	0	0	0	0	0	0	0	0	0	0	0
IJMS	2025-01-01	11728272	92325	7836	0	2	0	1	0	0	1	0	0	0	0	6	0	0	0	0	15	0	0	1	0	0	0	0	0	0	0	0	0	0	0	0	0	0
IJMS	2025-01-01	11676361	227720	17735	0	4	0	1	0	0	3	0	0	0	4	3	0	0	0	0	63	0	1	4	0	0	0	0	0	0	0	0	0	0	0	0	0	0
IJMS	2025-01-01	11678167	125952	10887	0	3	0	1	0	0	1	2	0	0	1	2	0	0	0	0	20	0	1	2	0	0	0	0	0	0	0	0	0	0	0	0	0	0
IJMS	2025-01-01	11727727	107844	9023	0	3	0	0	0	0	3	2	0	0	0	2	0	0	0	0	15	0	0	0	0	0	0	0	0	0	0	0	0	0	0	0	0	0
IJMS	2025-01-01	11728118	176625	13833	0	1	0	0	0	0	0	6	0	0	0	0	0	0	0	0	27	0	0	2	0	0	0	0	0	0	0	0	0	0	0	0	0	0
IJMS	2025-01-01	11728373	68188	6588	0	7	0	0	0	0	0	0	0	0	1	3	0	0	0	0	15	0	0	0	0	0	0	0	0	0	0	0	0	0	0	0	0	0
IJMS	2025-01-01	11727799	95985	7611	0	7	0	1	0	0	1	2	0	17	0	6	0	0	0	0	23	0	0	1	0	0	0	0	0	0	0	0	0	0	0	0	0	0
IJMS	2025-01-01	11678118	137718	11845	0	18	0	0	0	0	0	1	0	0	1	1	0	0	0	0	25	0	0	4	0	0	0	0	1	0	0	0	0	0	0	0	0	0
IJMS	2025-01-01	11728338	59138	5553	0	4	1	0	0	0	0	3	0	0	8	0	0	0	0	0	23	0	0	0	0	0	0	0	0	0	0	0	0	0	0	0	0	0
IJMS	2025-01-01	11677463	261105	21403	0	4	0	1	0	0	2	0	0	0	1	1	0	0	0	0	29	0	0	0	0	0	0	0	0	0	0	0	0	0	0	0	0	0
IJMS	2025-01-01	11720555	278883	21002	0	0	0	1	0	0	1	0	0	3	0	1	0	0	0	0	35	0	0	0	0	0	0	0	0	0	0	0	0	0	0	0	0	0
IJMS	2025-01-01	11719971	112915	10695	0	1	0	0	0	0	6	3	0	0	0	4	0	0	0	0	17	0	0	1	0	0	0	0	0	0	0	0	0	0	1	0	0	0
IJMS	2025-01-01	11719591	155021	12325	0	5	0	0	0	0	2	2	0	2	0	2	0	0	0	0	39	0	0	0	0	0	0	0	1	0	0	0	0	0	0	0	0	0
IJMS	2025-01-01	11720117	103657	9864	0	7	0	0	0	0	1	4	0	28	0	17	0	0	0	1	27	0	0	3	0	0	0	0	0	0	0	0	0	0	0	0	0	0
IJMS	2025-01-01	11719727	100587	7678	1	0	0	0	0	0	1	0	0	1	0	3	0	0	1	0	13	0	0	4	0	0	0	0	0	0	0	0	0	0	0	0	0	0
IJMS	2025-01-01	11719884	176929	14379	0	3	0	0	0	0	4	0	0	0	0	2	0	0	0	0	35	0	2	2	0	0	0	0	0	0	0	0	0	0	0	0	0	0
IJMS	2025-01-01	11719513	109691	9733	0	32	0	3	0	0	0	0	0	0	1	1	0	0	0	0	28	0	0	0	0	0	0	0	1	0	0	0	0	0	0	0	0	0
IJMS	2025-01-01	11719904	95987	9690	0	6	0	1	0	0	1	0	0	0	0	0	0	0	0	0	3	0	0	0	0	0	0	0	0	0	0	0	0	0	0	0	0	0
IJMS	2025-01-01	11719575	179179	12788	0	0	0	0	0	0	0	0	0	0	0	0	0	0	0	0	7	0	0	0	0	1	0	0	0	0	0	0	0	0	0	0	0	0
IJMS	2025-01-01	11720352	100103	9325	0	3	0	0	0	0	0	1	0	0	0	4	0	0	0	0	21	0	1	0	0	0	0	0	0	0	0	0	0	0	0	0	0	0
IJMS	2025-01-01	11719643	109550	9799	0	2	0	0	0	0	0	0	0	0	3	2	0	0	0	0	13	0	0	1	0	0	1	0	0	0	0	0	0	0	0	0	0	0
IJMS	2025-01-01	11720140	218325	18820	0	7	0	2	0	1	2	2	0	3	1	4	0	0	0	0	66	0	0	0	0	0	0	0	0	0	0	0	0	0	0	3	0	0
IJMS	2025-01-01	11720209	110797	10717	0	10	0	3	0	0	5	2	0	5	2	1	0	0	1	0	41	0	0	0	0	0	0	0	0	0	0	0	0	0	0	0	0	0
IJMS	2025-01-01	11719488	102428	8473	0	8	0	1	0	0	0	3	0	1	1	6	0	0	0	0	15	0	0	1	0	0	0	0	0	0	0	0	0	0	0	0	0	0
IJMS	2025-01-01	11720044	271031	18962	0	35	0	0	0	0	1	2	0	0	15	5	0	0	2	0	42	0	0	7	0	0	2	2	0	0	0	0	1	0	0	0	0	0
IJMS	2025-01-01	11719712	113210	9763	0	9	0	2	0	3	1	8	0	0	0	1	0	0	0	0	19	0	0	2	0	0	0	0	0	0	0	0	0	0	0	0	0	0
IJMS	2025-01-01	11720593	219523	19714	0	14	0	4	0	0	4	5	0	1	0	7	0	0	0	0	24	0	0	1	0	0	0	1	0	0	0	0	0	0	0	0	0	0
IJMS	2025-01-01	11720540	141683	12246	0	2	0	1	0	0	0	0	0	0	0	0	0	0	0	0	22	0	0	0	0	0	0	0	0	0	0	0	0	0	0	0	0	0
IJMS	2025-01-01	11719997	125371	11547	0	8	0	2	0	0	4	2	0	0	1	4	0	0	0	0	19	0	0	2	0	0	0	0	0	0	0	0	0	0	0	0	0	0
IJMS	2025-01-01	11719939	164198	13568	0	7	0	1	0	0	0	1	0	0	6	0	0	0	0	0	63	0	0	0	0	0	0	0	0	0	0	0	0	0	0	0	0	0
IJMS	2025-01-01	11719667	401554	30717	0	7	1	5	0	0	3	1	0	0	2	2	0	0	1	0	95	0	0	4	0	0	0	0	0	0	0	0	0	0	0	0	0	0
IJMS	2025-01-01	11720537	288107	21501	1	4	0	0	0	0	3	0	0	0	0	3	0	0	0	0	37	0	0	3	0	0	0	0	0	0	0	0	0	0	0	0	0	0
IJMS	2025-01-01	11720253	111800	9565	0	16	0	1	0	0	1	1	0	1	0	1	0	0	0	0	15	0	0	1	0	0	1	0	0	0	0	0	0	0	0	0	0	0
IJMS	2025-01-01	11719710	86706	7060	0	6	0	0	0	0	0	0	0	0	0	2	0	0	0	0	20	0	0	1	0	0	1	0	0	0	0	0	0	0	0	0	1	0
IJMS	2025-01-01	11720654	131533	11743	0	5	0	1	0	0	0	0	0	1	0	10	0	0	0	0	29	0	0	2	0	0	0	0	0	0	0	0	0	0	1	0	0	0
