journal	date	pmc_id	Nchars	Nwords	delve	analyse	acknowledge	assess	appraise	dissect	explore	examine	extricate	expose	estimate	investigate	inquire	inspect	interpret	scrutinise	study	unearth	uncover	understand	ponder	research	reason	retrieve	avoid	discount	disregard	dismiss	ignore	neglect	overlook	omit	skip	reject
Life	2022-10-01	9316016	97397	7672	0	0	0	0	0	0	0	1	0	0	0	1	0	0	0	0	12	0	0	1	0	0	0	0	0	0	0	0	0	0	0	0	0	0
Life	2022-10-01	9325173	124371	11426	0	10	0	0	0	1	1	0	0	0	1	3	0	0	0	0	34	0	0	2	0	0	0	0	0	0	0	0	0	0	0	0	0	0
Life	2022-10-01	9318805	225974	17094	0	2	2	0	0	0	3	1	0	0	2	0	0	0	0	0	32	0	0	5	0	1	0	0	1	0	0	0	0	0	1	0	0	0
Life	2022-10-01	9320776	111294	9409	0	22	0	3	0	0	0	3	0	0	3	4	0	0	0	0	53	0	0	1	0	0	1	0	0	0	0	0	0	0	0	0	0	1
Life	2022-10-01	9319553	118756	11112	0	1	1	2	0	0	1	2	0	1	1	0	0	0	0	0	15	0	0	0	0	0	1	0	0	0	0	0	0	0	0	0	0	0
Life	2022-10-01	9317029	101175	8751	0	4	0	0	0	0	2	0	0	0	4	0	0	0	0	0	6	0	0	0	0	0	0	0	0	0	0	0	0	0	0	0	0	0
Life	2022-10-01	9316873	137077	11914	0	2	0	1	0	0	0	1	0	0	3	1	0	0	0	0	27	0	0	0	0	0	0	0	1	0	0	1	0	0	0	0	0	0
Life	2022-10-01	9318244	155078	13307	0	12	0	4	0	0	0	26	0	0	2	0	0	0	0	0	25	0	0	0	0	0	0	0	1	0	0	0	0	0	0	0	0	1
Life	2022-10-01	9324496	157774	12344	0	12	0	5	0	0	1	1	0	0	4	1	0	0	1	0	18	0	0	1	0	0	0	1	0	0	0	0	0	0	0	0	0	0
Life	2022-10-01	9320714	150434	11457	0	1	0	2	0	0	0	1	0	2	1	0	0	0	0	0	24	0	0	1	0	0	0	0	0	0	0	0	0	0	0	0	0	0
Life	2022-10-01	9322136	67509	6024	0	5	0	0	0	0	0	0	0	0	0	0	0	0	0	0	0	0	0	0	0	0	0	0	0	0	0	0	0	0	0	0	0	0
Life	2022-10-01	9322250	145442	11780	0	4	0	3	0	0	0	0	0	0	0	3	0	0	1	0	14	0	0	0	0	1	0	0	1	0	0	0	0	0	0	0	0	0
Life	2022-10-01	9323630	186976	14239	0	2	1	0	0	0	0	0	0	2	3	0	0	0	0	0	33	0	0	0	0	0	0	0	0	0	0	0	0	0	0	0	0	0
Life	2022-10-01	9318044	100972	8937	0	10	0	1	0	0	0	1	0	0	0	4	0	0	1	0	26	0	0	0	0	0	0	0	0	0	0	0	0	0	0	0	0	0
Life	2022-10-01	9318557	47075	4582	0	1	0	2	0	0	0	0	0	0	0	0	0	0	0	0	8	0	0	0	0	0	0	0	0	0	0	0	0	0	0	0	0	0
Life	2022-10-01	9320848	135202	10358	0	5	0	6	0	0	0	0	0	1	2	1	0	0	0	0	16	0	0	2	0	0	0	0	1	0	0	0	0	0	0	0	0	0
Life	2022-10-01	9317510	135663	11822	0	3	2	0	0	0	1	7	0	2	1	6	0	3	0	0	31	0	0	0	0	0	0	0	0	0	0	0	0	0	0	0	0	0
Life	2022-10-01	9322720	117805	11477	0	33	0	3	0	0	0	1	0	0	32	7	0	1	0	0	9	0	1	1	0	0	0	0	0	0	0	0	0	0	0	0	0	3
Life	2022-10-01	9319516	9390	653	0	0	0	0	0	0	0	0	0	0	0	0	0	0	0	0	1	0	0	0	0	0	0	0	0	0	0	0	0	0	0	0	0	0
Life	2022-10-01	9324026	96605	7844	0	10	0	0	0	0	0	0	0	0	0	0	0	0	1	0	14	0	0	2	0	0	0	0	0	0	0	0	0	0	0	0	0	0
Life	2022-10-01	9320010	85078	8081	0	5	0	0	0	0	1	0	0	1	0	0	0	0	0	0	25	0	0	0	0	0	0	0	1	0	0	0	0	0	0	0	0	0
Life	2022-10-01	9321110	92541	8065	0	1	0	1	0	0	2	0	0	2	0	6	0	0	0	0	15	0	0	0	0	0	0	0	0	0	0	0	0	0	0	0	0	0
Life	2022-10-01	9319554	6922	522	0	0	0	0	0	0	0	0	0	0	0	0	0	0	0	0	0	0	0	0	0	0	0	0	0	0	0	0	0	0	0	0	0	0
Life	2022-10-01	9318642	53824	4514	0	0	0	0	0	0	0	0	0	0	0	0	0	0	0	0	5	0	0	2	0	0	0	0	0	0	0	0	0	0	0	0	0	0
Life	2022-10-01	9318430	223235	17237	0	3	0	1	0	0	1	0	0	3	0	2	0	0	1	0	43	0	0	4	0	1	0	0	0	0	0	0	1	0	0	0	0	0
Life	2022-10-01	9320039	92285	8481	0	2	1	0	0	0	0	3	0	0	0	0	0	0	0	0	16	0	0	4	0	0	0	2	0	0	0	0	0	0	0	1	0	0
Life	2022-10-01	9320215	73476	6375	0	4	0	5	0	0	3	0	0	0	0	1	0	1	0	0	31	0	0	2	0	0	0	0	0	0	0	0	1	0	0	0	0	0
Life	2022-10-01	9322560	133648	11383	0	4	0	0	0	0	0	13	0	1	0	2	0	0	0	0	16	0	0	0	0	0	0	0	0	0	0	0	0	0	0	0	0	0
Life	2022-10-01	9321176	95508	8215	0	7	0	14	0	0	0	1	0	0	1	0	0	0	0	0	33	0	0	0	0	0	0	0	0	0	0	0	0	0	0	0	0	0
Life	2022-10-01	9325183	15877	1293	0	0	1	0	0	0	0	0	0	0	0	0	0	0	0	0	1	0	0	0	0	0	0	0	0	0	0	0	0	0	0	0	0	0
Life	2022-10-01	9319374	166543	15562	0	14	0	3	0	0	1	0	0	0	0	0	0	0	0	0	35	0	0	0	0	0	0	2	0	0	0	0	0	0	0	0	0	0
Life	2022-10-01	9318906	140800	12189	0	8	0	5	0	0	0	0	0	0	0	1	0	0	0	0	65	0	0	0	0	0	0	0	0	0	0	0	0	0	0	0	0	0
Life	2022-10-01	9321629	80148	7494	0	9	0	2	0	0	0	1	0	1	1	3	0	0	0	0	24	0	0	2	0	0	0	1	0	0	0	0	0	0	0	0	0	0
Life	2022-10-01	9322491	143886	11613	0	1	0	1	0	0	3	1	0	0	1	0	0	0	0	0	31	0	0	0	0	2	0	0	0	0	0	0	0	0	0	0	0	0
Life	2022-10-01	9323314	144706	12495	0	2	1	3	0	0	1	1	0	5	0	7	0	0	0	0	43	0	0	4	0	0	0	0	0	0	0	0	0	0	0	0	0	0
Life	2022-10-01	9320563	110462	8182	0	1	1	0	0	0	0	0	0	0	0	0	0	0	0	0	16	0	0	0	0	0	1	0	0	0	0	0	2	0	0	0	0	0
Life	2022-10-01	9316828	12945	1011	0	1	0	0	0	0	0	0	0	0	0	0	0	0	0	0	0	0	0	0	0	0	0	0	0	0	0	0	0	0	0	0	0	0
Life	2022-10-01	9322611	144557	11415	0	4	0	0	0	0	0	0	0	0	1	0	0	0	0	0	25	0	0	0	0	0	0	0	0	0	0	0	0	0	0	0	0	0
Life	2022-10-01	9316721	165813	13937	0	1	0	0	0	0	0	1	0	0	5	1	0	0	0	0	21	0	0	1	0	0	0	0	1	0	0	0	0	0	1	0	0	0
Life	2022-10-01	9316903	85795	8009	0	5	0	1	0	0	0	0	0	1	5	2	0	0	0	0	19	0	0	0	0	0	1	0	0	0	0	0	0	0	0	0	0	0
Life	2022-10-01	9319839	86127	7954	0	5	0	0	0	0	0	0	0	3	0	0	0	0	0	0	10	0	0	1	0	0	1	0	0	0	0	0	0	0	0	0	0	0
Life	2022-10-01	9315506	147459	11730	0	0	0	2	0	0	0	0	0	0	0	0	0	0	1	0	36	0	0	0	0	0	0	0	0	0	0	0	0	0	0	0	0	0
Life	2022-10-01	9323258	121102	11548	0	2	0	0	0	0	4	0	0	0	7	0	0	0	0	0	33	0	0	1	0	0	1	0	0	0	0	0	0	0	0	0	0	0
Life	2022-10-01	9320501	139091	12407	0	9	0	0	0	0	2	1	0	0	0	0	0	0	0	0	17	0	0	1	0	0	0	0	0	0	0	0	0	0	0	0	0	0
Life	2022-10-01	9318948	244833	20994	0	8	2	2	0	0	1	4	0	0	6	2	0	0	2	0	55	0	0	0	0	0	0	0	0	0	0	0	0	0	0	0	0	0
Life	2022-10-01	9323857	65061	6501	0	0	0	0	0	0	0	0	0	0	1	0	0	0	0	0	5	0	0	0	0	0	2	0	2	0	0	0	0	0	0	0	0	0
Life	2022-10-01	9322875	111907	9011	0	13	0	3	0	0	0	1	0	3	0	0	0	0	0	0	17	0	0	0	0	0	0	0	0	0	0	0	0	0	0	0	0	0
Life	2022-10-01	9316931	152165	11679	0	9	0	0	0	0	0	0	0	5	1	3	0	0	0	0	14	0	0	0	0	0	0	5	0	0	0	0	0	0	0	0	0	0
Life	2022-10-01	9315866	111785	9262	0	9	0	1	0	0	2	2	0	0	7	4	0	0	0	0	79	0	0	0	0	0	0	0	2	0	0	0	0	1	0	0	0	0
Life	2022-10-01	9323215	102313	7521	0	0	0	0	0	0	5	0	0	0	2	3	0	0	0	0	13	0	0	2	0	0	0	0	0	0	0	0	0	0	0	0	0	0
Life	2022-10-01	9331773	76691	7444	0	1	0	1	0	0	1	0	0	2	3	7	0	0	0	0	32	0	0	0	0	0	1	0	0	0	0	0	0	0	0	0	0	0
Life	2022-10-01	9316258	83017	6798	0	0	0	0	0	0	1	4	0	0	0	0	0	0	0	0	15	0	0	1	0	0	0	0	0	0	0	0	0	0	0	0	0	0
Life	2022-10-01	9318930	96239	8402	0	6	0	2	0	0	1	0	0	0	0	1	0	0	0	0	28	0	0	1	0	0	0	0	0	0	0	0	0	0	0	0	0	0
Life	2022-10-01	9321054	76248	7794	0	3	0	0	0	1	1	0	0	0	1	0	0	0	0	0	4	0	0	1	0	0	0	0	0	0	0	0	0	0	0	0	0	0
Life	2022-10-01	9318926	177480	14038	0	3	0	3	0	0	1	1	0	0	1	4	0	0	0	0	33	0	0	0	0	0	0	0	2	0	0	0	0	0	0	0	0	0
Life	2022-10-01	9318483	78899	6663	0	4	0	0	0	0	0	0	0	0	1	2	0	0	0	0	22	0	0	3	0	0	0	2	0	0	0	0	0	0	0	0	0	0
Life	2022-10-01	9320156	77556	6588	0	9	0	0	0	0	0	2	0	0	0	0	0	0	1	0	28	0	1	0	0	0	0	0	0	0	0	0	0	0	0	0	0	0
Life	2022-10-01	9321187	91091	7240	0	1	0	7	0	0	3	0	0	0	0	0	0	0	0	0	46	0	0	0	0	0	0	0	2	0	0	0	0	0	0	0	0	0
Life	2022-10-01	9321477	83448	7391	0	3	0	3	0	0	0	0	0	0	1	0	0	0	1	0	46	0	0	1	0	0	1	0	0	0	1	0	0	1	0	0	0	0
Life	2022-10-01	9318923	93433	7596	0	0	0	0	0	0	0	0	0	2	1	2	0	0	0	0	17	0	0	0	0	0	1	0	0	0	0	0	0	0	0	0	0	0
Life	2022-10-01	9321387	120593	10285	0	3	1	14	0	0	1	2	0	0	0	1	0	0	0	0	44	0	0	2	0	0	0	0	0	0	0	0	0	0	0	0	0	0
Life	2022-10-01	9323216	162701	14493	0	12	2	6	0	2	1	6	0	1	4	7	0	0	0	0	11	0	0	0	0	0	0	0	0	0	0	0	0	0	0	0	0	0
Life	2022-10-01	9320087	168082	10740	0	0	0	0	0	0	0	0	0	1	0	4	0	0	0	0	7	0	0	5	0	0	0	0	0	0	1	0	0	1	0	0	0	0
Life	2022-10-01	9316520	137890	11024	0	3	0	0	0	0	0	0	0	10	0	1	0	0	0	0	22	0	0	1	0	0	0	1	0	0	0	0	0	0	0	0	0	1
Life	2022-10-01	9317284	230576	16042	0	9	0	0	0	0	2	0	0	0	17	6	0	0	0	1	24	0	0	5	0	0	1	1	0	0	0	0	0	0	0	0	0	0
Life	2022-10-01	9318631	84689	7104	0	3	0	6	0	0	0	2	0	0	1	4	0	0	0	0	43	0	0	0	0	0	0	0	0	0	0	0	0	0	0	0	0	0
Life	2022-10-01	9319583	41939	3335	0	0	1	0	0	0	0	0	0	0	0	2	0	0	0	0	2	0	0	1	0	0	0	0	0	0	0	0	0	0	0	0	0	0
Life	2022-10-01	9319710	264648	18876	0	1	0	0	0	0	0	0	0	9	0	0	0	0	0	0	8	0	0	0	0	0	0	0	0	0	0	0	0	0	0	0	0	0
Life	2022-10-01	9325149	98812	8824	0	13	0	0	0	0	0	0	0	0	0	5	0	0	1	0	24	0	0	2	0	0	1	0	0	0	0	0	0	0	0	0	0	0
Life	2022-10-01	9330865	210069	15807	0	4	0	4	3	0	1	6	0	0	1	0	0	0	1	0	61	0	0	1	0	0	0	0	0	0	0	0	0	0	0	0	0	0
Life	2022-10-01	9319251	177742	13560	0	0	2	2	0	0	4	0	0	0	2	6	0	0	0	0	48	0	0	2	0	0	1	0	0	0	0	0	0	0	0	0	0	0
Life	2022-10-01	9320077	82069	7469	0	2	0	3	0	0	0	0	0	0	0	0	0	0	0	0	8	0	0	0	0	0	0	0	0	0	0	0	0	0	0	0	0	0
Life	2022-10-01	9318257	84982	8234	0	8	0	4	0	0	0	0	0	1	0	0	0	0	0	0	33	0	0	0	0	0	0	0	0	0	0	0	0	0	0	0	1	0
Life	2022-10-01	9319587	227568	18091	0	2	0	0	0	0	0	1	0	0	1	4	0	0	0	0	33	0	0	0	0	1	0	0	0	0	0	0	0	0	0	0	0	0
Life	2022-10-01	9325061	222292	16572	0	1	0	0	0	0	3	0	0	0	0	0	0	0	0	0	14	0	0	1	0	0	0	0	0	0	0	0	0	0	0	0	1	0
Life	2022-10-01	9410522	102249	10900	0	16	0	3	0	0	1	0	0	2	1	6	0	0	1	0	18	0	0	1	0	0	1	0	1	0	0	0	0	0	0	0	0	0
Life	2022-10-01	9409881	119577	11069	0	4	1	0	0	0	1	0	0	0	0	0	0	0	0	0	15	0	0	1	0	0	0	0	0	0	0	0	0	0	0	0	0	0
Life	2022-10-01	9410039	133331	12036	0	19	0	7	0	0	4	4	0	4	0	1	0	0	0	0	29	0	0	4	0	0	0	0	0	0	0	0	0	0	0	0	0	0
Life	2022-10-01	9410437	119308	10578	0	2	0	1	0	0	3	1	0	10	0	13	0	0	0	0	33	0	0	0	0	0	0	0	0	0	0	0	0	0	0	0	0	0
Life	2022-10-01	9410266	111440	9448	0	3	1	6	0	0	1	2	0	0	1	0	0	0	0	0	70	0	0	0	0	0	0	0	0	0	0	0	0	0	0	0	0	0
Life	2022-10-01	9409796	148241	12659	0	15	1	0	0	0	0	0	0	0	0	0	0	0	0	0	32	0	0	0	0	0	0	0	0	0	0	0	0	0	0	0	0	0
Life	2022-10-01	9409759	88439	8001	0	2	0	1	0	0	0	1	0	0	1	2	0	0	0	0	7	0	0	0	0	0	0	0	0	0	0	0	0	0	0	0	0	0
Life	2022-10-01	9409871	202279	14442	0	0	0	3	0	0	1	1	0	1	1	0	0	0	0	0	19	0	0	0	0	0	0	0	1	0	0	0	0	0	1	0	0	0
Life	2022-10-01	9394304	88325	8992	0	7	0	2	0	0	1	5	0	0	2	1	0	0	0	0	13	0	0	1	0	0	0	0	0	0	0	0	0	0	0	0	0	0
Life	2022-10-01	9410372	25545	2147	0	0	0	0	0	0	0	0	0	0	2	2	0	0	0	0	4	0	0	1	0	0	0	0	0	0	0	0	0	0	0	0	0	0
Life	2022-10-01	9410423	219902	17085	0	1	0	3	0	0	5	0	0	0	0	1	0	0	0	0	61	0	0	4	0	0	0	0	0	0	0	0	0	0	0	0	0	0
Life	2022-10-01	9409782	134777	10789	0	8	0	2	0	1	1	0	0	2	0	1	0	0	0	0	10	0	0	0	0	0	0	1	1	0	0	0	0	0	0	0	0	0
Life	2022-10-01	9410176	77165	7039	0	1	0	0	0	0	1	0	0	0	2	6	0	0	0	0	30	0	0	0	0	0	1	0	0	0	0	0	0	0	0	0	0	1
Life	2022-10-01	9409999	217169	15678	0	0	1	0	0	0	1	0	0	0	0	1	0	0	0	0	25	0	0	0	0	0	0	0	0	0	0	0	0	0	0	0	0	0
Life	2022-10-01	9331847	121441	9973	0	0	1	0	0	0	1	1	0	0	0	3	0	0	0	0	56	0	0	1	0	0	1	0	0	0	0	0	0	0	0	0	0	0
Life	2022-10-01	9332014	267353	19656	0	0	0	6	0	0	0	0	0	0	0	1	0	0	0	0	42	0	0	3	0	0	0	0	0	0	0	0	0	0	0	0	0	0
Life	2022-10-01	9410406	80105	7762	0	2	1	3	0	0	0	0	0	0	1	1	0	0	0	0	21	0	0	1	0	0	0	0	1	0	0	0	1	1	0	0	0	0
Life	2022-10-01	9410061	95045	8353	0	1	0	2	0	0	0	0	0	0	0	2	0	0	0	0	17	0	0	0	0	0	2	0	0	0	0	0	0	0	0	0	0	0
Life	2022-10-01	9409730	80701	7159	0	2	0	2	0	0	0	1	0	0	3	2	0	0	0	0	24	0	0	0	0	0	0	0	0	0	0	0	0	0	0	0	0	0
Life	2022-10-01	9410155	196665	15037	0	9	0	3	0	0	4	1	0	0	2	3	0	0	0	0	44	0	0	0	0	0	1	0	0	0	0	0	0	0	0	0	0	0
Life	2022-10-01	9410312	130021	11395	0	13	0	6	0	0	0	0	0	0	0	0	0	0	0	0	57	0	0	0	0	0	1	0	0	0	0	0	0	0	0	0	0	0
Life	2022-10-01	9410465	74835	6017	0	4	0	0	0	0	1	0	0	0	1	0	0	0	0	0	5	0	0	0	0	0	1	0	0	0	0	0	0	0	0	0	0	0
Life	2022-10-01	9332805	66997	6116	0	4	1	3	0	1	1	0	0	1	0	1	0	0	0	0	30	0	0	0	0	0	1	0	2	0	0	0	0	0	0	0	0	0
Life	2022-10-01	9394298	264069	21586	0	6	0	4	0	0	0	1	0	0	5	0	0	0	0	0	112	0	0	0	0	0	0	0	0	0	0	0	0	1	0	0	0	0
Life	2022-10-01	9410393	138213	11947	0	1	0	6	0	0	3	0	0	0	0	0	0	0	0	0	28	0	0	4	0	0	0	0	0	0	0	0	0	0	0	0	0	0
Life	2022-10-01	9409926	153279	12330	0	3	1	1	0	0	2	1	0	0	4	0	0	0	0	0	26	0	0	1	0	0	0	0	0	0	0	0	0	0	0	0	0	0
Life	2022-10-01	9410177	152165	11660	0	7	0	2	0	0	0	0	0	0	3	1	0	1	1	0	12	0	0	0	0	0	0	0	0	0	0	0	0	0	0	0	0	0
Life	2022-10-01	9410066	467803	35664	0	1	0	4	0	0	1	1	0	1	0	16	0	0	0	0	48	0	0	4	0	0	1	0	1	0	0	0	0	0	0	0	0	0
Life	2022-10-01	9409945	180452	14856	0	0	0	0	0	0	1	0	0	0	0	0	0	0	0	0	19	0	0	0	0	0	0	0	0	0	0	0	0	0	0	0	0	0
Life	2022-10-01	9410412	75734	7041	0	3	0	0	0	0	0	0	0	0	0	0	0	0	0	0	25	0	0	1	0	0	1	0	0	0	0	0	0	1	0	0	0	0
Life	2022-10-01	9410156	40160	3330	0	4	0	0	0	0	3	0	0	0	0	0	0	0	0	0	20	0	0	0	0	0	1	0	0	0	0	0	0	0	0	0	0	0
Life	2022-10-01	9409754	77581	6551	0	3	0	0	0	0	1	6	0	0	1	0	0	0	0	0	14	0	0	1	0	0	1	0	0	0	0	0	0	0	0	0	0	0
Life	2022-10-01	9410104	43807	3496	0	1	0	0	0	0	0	1	0	0	1	1	0	0	0	0	6	0	0	0	0	0	0	0	0	0	0	0	0	0	0	0	0	0
Life	2022-10-01	9410320	188615	14977	0	1	0	0	0	0	0	0	0	1	0	1	0	0	0	0	17	0	1	2	0	0	0	0	1	0	0	0	0	0	0	0	0	0
Life	2022-10-01	9410416	152815	12730	0	2	0	11	0	0	0	0	0	0	4	1	0	0	0	0	18	0	0	1	0	0	0	0	0	0	0	0	0	0	0	0	0	0
Life	2022-10-01	9410472	106508	9525	0	3	2	6	0	0	0	0	0	0	1	0	0	0	0	0	57	0	0	4	0	0	2	0	0	0	0	0	0	0	0	0	0	0
Life	2022-10-01	9409648	131274	10566	0	4	0	0	0	0	0	0	0	0	0	0	0	0	0	0	36	0	0	1	0	0	0	0	0	0	0	0	0	0	0	0	0	0
Life	2022-10-01	9410243	45846	3606	0	1	2	0	0	1	0	0	0	0	1	0	0	0	0	0	5	0	0	0	0	0	0	0	1	0	0	0	0	0	0	0	0	0
Life	2022-10-01	9409933	92668	8208	0	7	0	5	0	0	0	1	0	0	1	1	0	0	0	0	11	0	0	0	0	0	0	0	0	0	0	0	0	0	0	0	0	0
Life	2022-10-01	9409850	74294	6266	0	0	0	3	0	0	0	1	0	0	0	1	0	0	0	0	37	0	0	0	0	0	0	0	0	0	0	0	0	0	0	0	0	0
Life	2022-10-01	9410080	109213	8985	0	8	0	1	0	0	3	3	0	0	0	2	0	0	0	0	11	0	0	0	0	0	0	0	0	0	0	0	0	0	0	0	0	0
Life	2022-10-01	9409985	95946	8437	0	8	0	1	0	0	0	6	0	2	0	2	0	1	0	0	12	0	0	0	0	0	0	0	0	0	0	0	0	0	0	0	0	0
Life	2022-10-01	9410148	319876	24564	0	0	0	10	0	0	2	1	0	0	6	19	0	0	1	0	83	0	0	1	0	0	1	0	0	0	0	0	0	1	0	0	0	0
Life	2022-10-01	9409806	281430	21761	0	3	0	0	0	2	0	2	0	0	7	3	0	0	0	0	69	0	0	4	0	0	0	0	0	0	0	0	0	0	0	0	0	0
Life	2022-10-01	9410359	168292	13636	0	1	0	1	0	0	0	1	0	4	1	4	0	0	2	0	38	0	0	4	0	0	4	1	0	0	0	0	0	0	0	0	0	0
Life	2022-10-01	9409854	111256	10233	0	10	0	0	0	0	0	0	0	0	0	5	0	0	1	0	31	0	0	0	0	0	2	1	0	0	0	0	0	0	0	0	0	0
Life	2022-10-01	9409996	196259	15949	0	1	0	1	0	0	0	0	0	0	4	1	0	0	0	0	51	0	0	0	0	0	0	0	0	0	0	0	0	0	0	0	0	0
Life	2022-10-01	9409805	234986	17232	0	3	0	0	0	0	1	0	0	1	1	2	0	0	0	0	44	0	0	0	0	0	1	0	2	0	0	0	1	0	0	0	0	0
Life	2022-10-01	9410285	292460	21810	0	1	0	9	0	0	0	1	0	0	0	2	0	0	0	0	70	0	0	0	0	0	0	0	0	0	0	0	0	0	1	0	0	0
Life	2022-10-01	9410132	127432	11191	0	7	0	0	0	0	0	1	0	0	2	1	0	0	0	0	48	0	0	0	0	0	0	0	0	0	0	0	0	0	0	0	0	0
Life	2022-10-01	9409870	173815	14546	0	2	0	0	0	0	0	0	0	0	0	1	0	0	0	0	41	0	0	0	0	0	0	0	0	0	0	0	0	0	0	0	0	0
Life	2022-10-01	9409953	156895	12737	0	4	1	0	0	0	0	1	0	1	1	3	0	1	0	0	41	0	0	0	0	0	1	0	1	0	0	0	0	0	0	0	0	0
Life	2022-10-01	9409650	224079	16766	0	1	0	1	0	0	3	0	0	2	0	5	0	0	0	0	22	0	0	1	0	0	1	0	0	0	0	0	0	0	0	0	0	0
Life	2022-10-01	9409705	114785	9510	0	3	0	0	0	0	0	0	0	1	0	0	0	0	1	0	14	0	0	1	0	0	0	0	0	0	0	0	0	0	0	0	0	0
Life	2022-10-01	9410419	182332	15036	0	2	0	0	0	0	0	2	0	0	0	0	0	0	1	0	20	0	0	0	0	0	0	0	0	0	0	0	0	0	0	0	0	0
Life	2022-10-01	9410530	95937	8760	0	6	0	5	0	0	1	1	0	0	4	6	0	0	0	0	49	0	0	1	0	0	1	1	1	0	0	0	1	0	0	0	0	0
Life	2022-10-01	9409678	120427	12306	0	8	0	0	0	0	2	0	0	0	0	1	0	0	0	0	26	0	0	0	0	0	0	0	0	0	0	0	0	0	0	0	0	0
Life	2022-10-01	9410287	137645	11615	0	9	0	0	0	0	3	0	0	0	1	0	0	0	1	0	22	0	1	0	0	0	2	0	0	0	0	0	0	0	0	0	0	0
Life	2022-10-01	9410335	83490	8791	0	3	0	0	0	0	1	0	0	6	6	2	0	0	0	0	28	0	0	0	0	0	1	0	0	0	0	0	0	0	0	0	0	0
Life	2022-10-01	9410350	115205	9815	0	9	1	3	0	0	0	2	0	0	1	0	0	0	0	0	40	0	0	1	0	0	0	0	0	0	0	0	0	0	0	0	0	0
Life	2022-10-01	9410270	94322	8940	0	5	0	0	0	0	0	1	0	0	0	3	0	0	0	0	28	0	0	0	0	0	1	0	0	0	0	0	0	0	0	0	0	0
Life	2022-10-01	9409884	105577	10001	0	16	1	2	0	0	0	0	0	0	1	0	0	0	2	0	38	0	0	1	0	0	0	0	0	0	1	0	0	0	0	0	0	0
Life	2022-10-01	9410257	91335	7802	0	3	0	0	0	0	0	1	0	0	0	3	0	0	1	0	16	0	0	0	0	0	1	0	0	0	0	0	0	0	0	0	0	0
Life	2022-10-01	9410175	97038	9115	0	0	0	1	0	0	0	1	0	3	1	0	0	0	0	0	6	0	0	0	0	0	0	0	1	0	0	0	1	0	0	0	0	0
Life	2022-10-01	9410481	89334	7045	0	2	0	0	0	0	2	0	0	11	0	1	0	0	0	0	13	0	0	0	0	0	0	0	0	0	0	0	0	0	0	0	0	0
Life	2022-10-01	9409898	97393	7778	0	2	0	0	0	0	2	4	0	0	0	3	0	0	0	0	13	0	0	0	0	1	0	0	0	0	0	0	0	0	0	0	0	0
Life	2022-10-01	9410012	116087	10686	0	0	0	1	0	0	0	0	0	0	0	0	0	0	0	0	33	0	0	6	0	0	0	0	0	0	0	0	0	0	0	0	0	0
Life	2022-10-01	9410500	145898	12633	0	3	0	0	0	0	1	0	0	0	0	1	0	0	4	0	18	0	0	6	0	0	2	2	0	0	0	0	1	0	0	0	0	0
Life	2022-10-01	9409769	117067	10009	0	3	0	4	0	0	0	1	0	1	0	2	0	0	2	0	16	0	0	0	0	0	0	0	0	0	0	0	0	0	0	0	0	0
Life	2022-10-01	9409911	96224	8344	0	2	0	1	0	0	0	3	0	0	0	2	0	0	0	0	10	0	0	0	0	0	0	0	2	0	0	0	0	0	0	0	0	0
Life	2022-10-01	9410458	141342	10551	0	5	0	0	0	0	1	0	0	0	2	2	0	0	0	0	13	0	0	0	0	0	0	0	0	0	0	0	0	0	0	0	0	0
Life	2022-10-01	9410318	71662	6934	0	4	0	0	0	0	0	0	0	0	0	0	0	0	0	0	9	0	0	1	0	0	0	0	0	0	0	0	0	0	0	0	0	0
Life	2022-10-01	9410160	162900	12229	0	1	1	0	0	0	0	1	0	0	0	0	0	0	0	0	6	0	0	2	0	0	0	0	0	0	0	0	0	0	0	1	0	0
Life	2022-10-01	9410259	101969	9117	0	1	0	0	0	1	1	1	0	0	0	3	0	0	0	0	39	0	0	1	0	0	0	0	0	0	1	0	0	0	1	0	0	0
Life	2022-10-01	9410186	159506	13150	0	5	0	1	0	0	4	0	0	0	0	4	0	0	0	0	21	0	0	1	0	0	2	0	0	0	0	0	0	0	0	1	0	0
Life	2022-10-01	9409734	137716	11762	0	10	2	2	0	0	0	1	0	4	6	11	0	0	0	0	33	0	0	0	0	0	0	0	1	0	0	0	0	0	0	0	0	0
Life	2022-10-01	9410006	17695	1720	0	4	0	0	0	0	0	0	0	0	0	0	0	0	0	0	19	0	0	0	0	0	0	0	0	0	0	0	0	0	0	0	0	0
Life	2022-10-01	9409794	79049	7162	0	0	0	1	0	0	0	0	0	0	0	8	0	0	0	0	33	0	0	0	0	0	0	0	0	0	0	0	0	0	0	0	0	0
Life	2022-10-01	9410304	335081	28269	0	1	0	0	0	0	1	3	0	3	1	6	0	0	0	0	36	0	0	1	0	0	0	0	0	0	0	0	0	0	0	0	0	0
Life	2022-10-01	9410391	88639	7819	0	4	0	1	0	0	7	3	0	0	0	0	0	0	0	0	15	0	0	0	0	0	0	0	0	0	0	0	0	0	0	0	0	0
Life	2022-10-01	9410142	121348	9808	0	2	1	2	0	0	0	0	0	0	2	0	0	0	2	0	22	0	0	0	0	0	0	0	0	0	0	0	0	0	0	0	0	0
Life	2022-10-01	9410085	124694	11442	0	4	0	0	0	0	0	0	0	1	0	3	0	0	0	0	16	0	0	1	0	0	0	0	0	0	0	0	0	0	0	0	0	0
Life	2022-10-01	9409913	55207	5740	0	0	0	0	0	0	1	0	0	1	0	7	0	0	0	0	3	0	0	0	0	0	0	0	0	0	0	0	0	0	0	0	0	0
Life	2022-10-01	9410521	136439	11398	0	7	0	0	0	0	1	1	0	0	1	0	0	0	0	0	19	0	0	1	0	0	0	0	0	0	0	0	0	0	0	0	0	0
Life	2022-10-01	9409723	184081	15014	0	8	0	3	0	0	2	1	0	0	3	1	0	0	1	0	28	0	0	1	0	0	0	0	0	0	0	0	0	0	0	1	0	0
Life	2022-10-01	9409797	144264	13934	0	2	0	2	0	0	1	0	0	0	3	6	0	0	0	0	54	0	0	0	0	0	2	0	0	0	0	0	0	0	0	0	0	0
Life	2022-10-01	9409812	503348	38938	0	1	0	1	0	0	3	1	0	1	1	2	0	0	0	0	32	0	0	6	0	0	0	0	0	0	0	0	0	0	0	0	0	0
Life	2022-10-01	9410278	194371	16522	0	7	1	2	0	0	1	1	0	0	5	0	0	0	0	0	79	0	0	0	0	0	1	0	0	0	0	0	0	0	0	0	0	0
Life	2022-10-01	9410492	135497	11913	0	7	0	5	0	0	0	5	0	1	4	3	0	0	0	0	57	0	0	0	0	0	0	0	0	0	0	0	0	0	0	0	0	0
Life	2022-10-01	9410013	106446	8829	0	3	0	0	0	0	0	1	0	0	3	3	0	0	1	0	8	0	0	0	0	0	0	0	0	0	0	0	0	0	0	0	0	0
Life	2022-10-01	9410426	303687	22174	0	1	0	1	0	0	0	2	0	0	9	4	0	0	0	0	33	0	0	0	0	0	0	0	0	0	0	0	0	1	0	0	0	0
Life	2022-10-01	9410294	84123	7339	0	0	0	0	0	0	0	0	0	0	0	8	0	0	0	0	18	0	0	0	0	0	1	11	0	0	0	0	0	0	0	0	0	0
Life	2022-10-01	9410354	72396	6307	0	0	0	0	0	0	0	0	0	0	0	1	0	0	0	0	24	0	0	0	0	0	0	0	0	0	0	0	0	0	0	0	0	0
Life	2022-10-01	9410236	168076	12940	0	10	1	6	0	0	0	1	0	0	4	0	0	0	0	0	29	0	0	0	0	0	0	0	0	0	0	0	0	0	0	0	0	0
Life	2022-10-01	9410371	95062	7443	0	1	0	1	0	0	2	1	0	0	10	2	0	0	0	0	18	0	0	2	0	0	0	0	0	0	0	0	1	1	0	0	0	0
Life	2022-10-01	9410288	284440	21061	0	2	1	0	0	0	2	0	0	2	2	3	0	0	0	0	5	0	0	3	0	0	0	0	0	0	0	0	0	0	0	0	0	0
Life	2022-10-01	9410213	264747	22925	0	15	1	1	0	0	0	5	0	1	10	1	0	0	0	0	38	0	0	0	0	0	0	0	1	0	0	0	0	0	0	0	0	0
Life	2022-10-01	9410286	30827	2405	0	0	0	2	0	0	0	0	0	0	1	2	0	0	0	0	7	0	0	3	0	0	0	0	0	0	0	0	0	0	0	0	0	0
Life	2022-10-01	9410485	129808	10055	0	3	0	0	0	0	1	0	0	0	8	1	0	0	0	0	8	0	0	4	0	0	1	0	0	0	0	0	0	0	0	0	1	0
Life	2022-10-01	9410435	25095	1861	0	0	0	0	0	0	0	0	0	0	0	0	0	0	0	0	3	0	0	0	0	0	0	0	0	0	0	0	0	0	0	0	0	0
Life	2022-10-01	9503616	100688	11054	0	1	0	0	0	0	0	0	0	0	0	1	0	0	0	0	8	0	0	1	0	0	5	0	0	0	0	0	0	0	0	0	0	0
Life	2022-10-01	9502917	79357	7265	0	3	0	0	0	1	1	0	0	0	0	2	0	0	0	0	15	0	0	1	0	0	0	1	0	0	0	0	0	0	0	0	0	0
Life	2022-10-01	9505184	106811	9724	0	10	0	0	1	0	2	0	0	2	0	2	0	0	0	0	8	0	0	0	0	0	0	0	0	0	0	0	0	0	0	0	0	0
Life	2022-10-01	9502551	82094	7836	0	3	0	0	0	0	1	2	0	0	0	3	0	0	0	0	22	0	0	0	0	0	0	0	0	0	0	0	0	0	0	0	0	0
Life	2022-10-01	9501966	130858	11456	0	3	0	4	0	0	0	0	0	0	2	3	0	0	0	0	44	0	0	0	0	0	0	0	0	0	0	0	0	0	0	0	0	0
Life	2022-10-01	9505522	177707	14645	0	3	0	13	0	0	0	2	0	1	2	1	0	0	1	0	51	0	0	0	0	0	0	0	0	0	0	0	0	0	0	0	0	0
Life	2022-10-01	9505710	133904	10347	0	5	0	0	0	0	0	0	0	0	2	2	0	0	0	0	60	0	0	2	0	0	0	0	0	0	0	0	0	0	0	0	0	0
Life	2022-10-01	9502970	94979	8897	0	7	0	5	0	0	1	0	0	3	0	4	0	0	0	0	7	0	0	0	0	0	0	0	0	0	0	0	0	0	0	0	0	0
Life	2022-10-01	9506167	97199	9080	0	3	0	0	0	0	0	10	0	0	0	2	0	0	0	0	44	0	0	0	0	0	1	0	0	0	0	0	0	0	0	0	0	0
Life	2022-10-01	9500651	89759	8112	0	4	0	0	0	0	1	0	0	0	0	0	0	0	0	0	42	0	0	2	0	0	0	0	0	0	0	0	0	0	0	0	0	0
Life	2022-10-01	9500795	165646	14498	0	3	1	1	0	0	0	0	0	0	0	1	0	0	0	0	55	0	0	0	0	0	1	0	0	0	0	0	0	0	0	0	0	0
Life	2022-10-01	9504204	158508	12309	0	6	0	1	0	0	0	1	0	0	0	1	0	0	0	0	56	0	0	0	0	0	0	0	0	0	0	0	0	0	0	0	0	0
Life	2022-10-01	9505704	116090	8835	0	4	0	0	0	0	0	0	0	0	0	0	0	0	0	0	10	0	0	0	0	0	0	0	0	0	0	0	0	0	0	0	0	0
Life	2022-10-01	9505292	94178	8273	0	5	0	4	0	0	0	3	0	0	1	0	0	0	0	0	35	0	0	0	0	0	0	0	0	0	0	0	0	0	0	0	0	0
Life	2022-10-01	9501910	183525	14720	0	2	0	2	0	0	0	0	0	0	2	1	0	0	0	0	24	0	0	1	0	0	0	0	0	0	0	0	2	1	0	0	0	0
Life	2022-10-01	9506201	97803	8976	0	20	0	1	0	0	0	3	0	0	2	4	0	0	0	0	12	0	0	0	0	0	0	0	0	0	0	0	0	0	0	0	0	0
Life	2022-10-01	9504342	95549	9559	0	2	0	0	0	0	0	2	0	0	4	3	0	0	0	0	16	0	0	2	0	0	2	0	0	0	0	0	0	1	0	0	0	0
Life	2022-10-01	9506250	127193	10842	0	5	0	6	0	0	1	0	0	0	0	5	0	0	0	0	54	0	0	0	0	0	0	0	0	0	0	0	0	0	1	1	0	0
Life	2022-10-01	9503858	118345	8471	0	3	1	1	0	0	0	0	0	0	5	2	0	0	1	0	6	0	0	0	0	0	1	0	2	0	0	0	0	2	0	0	0	0
Life	2022-10-01	9504138	227797	16671	0	5	0	6	0	0	0	0	0	1	0	1	0	0	0	0	33	0	0	3	0	0	0	0	0	0	0	0	0	0	0	0	0	0
Life	2022-10-01	9504482	175202	14660	0	3	0	0	0	0	0	1	0	0	1	0	0	0	0	0	12	0	1	1	0	0	0	0	0	0	0	0	0	0	0	0	0	0
Life	2022-10-01	9503135	117926	10979	0	6	1	0	0	0	5	0	0	0	0	1	0	0	0	0	22	0	0	1	0	1	0	0	0	0	0	0	0	2	0	0	0	0
Life	2022-10-01	9502711	84464	7089	0	2	0	0	0	0	0	0	0	1	0	1	0	0	0	0	17	0	0	1	0	0	0	0	0	0	0	0	0	0	0	0	0	0
Life	2022-10-01	9502242	162658	13169	0	6	0	3	0	0	0	1	0	0	0	0	0	0	0	0	9	0	0	0	0	0	0	0	0	0	1	0	0	0	0	0	0	0
Life	2022-10-01	9501211	127347	10682	0	7	0	0	0	0	0	3	0	0	2	2	0	0	0	0	39	0	0	0	0	0	0	0	0	0	0	0	0	0	0	0	0	0
Life	2022-10-01	9505014	107199	9608	0	5	0	0	0	0	0	3	0	2	1	0	0	0	0	0	22	0	0	2	0	0	0	2	0	0	0	0	0	0	0	0	0	0
Life	2022-10-01	9503162	148195	12437	0	5	0	2	0	0	1	1	0	2	4	0	0	0	0	0	28	0	0	1	0	1	0	0	0	0	0	0	0	0	0	0	0	0
Life	2022-10-01	9504734	160884	13433	0	3	0	8	0	0	5	2	0	0	3	3	0	0	0	0	21	0	0	0	0	0	0	0	0	0	0	0	0	0	0	0	0	0
Life	2022-10-01	9505641	94144	7759	0	1	0	0	0	0	1	3	0	0	1	0	0	0	0	0	22	0	1	0	0	0	0	0	1	0	0	0	0	0	0	0	0	0
Life	2022-10-01	9503966	92616	7861	0	3	0	4	0	0	0	1	0	0	0	0	0	0	0	0	17	0	0	1	0	0	0	0	0	0	0	0	0	0	0	0	0	0
Life	2022-10-01	9502789	415899	31781	0	2	0	0	0	0	0	1	0	0	1	4	0	0	0	0	87	0	0	2	0	0	0	0	1	0	0	0	0	0	0	0	0	0
Life	2022-10-01	9501711	246867	19751	0	4	0	0	0	0	1	1	0	0	6	6	0	0	0	0	21	0	1	2	0	0	0	0	0	0	0	0	0	0	0	0	0	0
Life	2022-10-01	9502758	79275	6860	0	5	0	2	0	0	0	1	0	3	4	0	0	0	0	0	12	0	0	1	0	0	2	0	0	0	0	0	0	0	0	0	0	0
Life	2022-10-01	9500646	179977	14699	0	5	0	7	0	0	5	0	0	0	1	8	0	0	0	0	36	0	0	2	0	0	0	0	0	0	0	0	0	0	0	0	0	0
Life	2022-10-01	9502860	128866	10848	1	5	0	2	0	0	1	0	0	0	3	1	0	0	0	0	34	0	0	0	0	0	1	0	0	0	0	0	0	0	0	0	0	0
Life	2022-10-01	9503692	111357	9895	0	4	0	0	0	0	0	3	0	0	0	0	0	0	0	0	4	0	0	0	0	0	1	0	0	0	0	0	0	0	0	0	0	0
Life	2022-10-01	9502164	85126	8025	0	3	0	0	0	0	1	1	0	1	1	3	0	0	0	0	16	0	0	0	0	0	0	0	0	0	0	0	0	0	0	0	0	0
Life	2022-10-01	9503639	77016	6862	0	3	0	3	0	0	0	1	0	0	6	2	0	0	0	0	27	0	0	0	0	0	0	0	0	0	0	0	0	0	0	0	0	0
Life	2022-10-01	9503524	60288	5692	0	4	0	1	0	0	0	0	0	0	0	6	0	0	0	0	42	0	0	0	0	0	0	0	0	0	0	0	0	0	0	0	0	0
Life	2022-10-01	9501138	61083	6140	0	14	0	0	0	0	0	0	0	0	0	3	0	0	0	0	11	0	0	0	0	0	0	0	0	0	0	0	0	0	0	0	0	0
Life	2022-10-01	9500648	64035	5370	0	3	1	7	0	0	0	3	0	0	1	1	0	1	0	0	18	0	0	0	0	0	0	0	0	0	0	0	0	0	0	0	0	0
Life	2022-10-01	9504906	100901	8878	0	6	0	0	0	0	0	0	0	0	2	2	0	0	0	0	11	0	0	0	0	0	0	0	0	0	0	0	0	0	0	0	0	0
Life	2022-10-01	9503544	82335	7139	0	3	0	0	0	0	0	1	0	0	5	3	0	0	0	0	22	0	0	1	0	1	0	0	0	0	0	0	0	0	0	0	0	0
Life	2022-10-01	9502658	208393	16642	0	7	1	1	0	0	6	0	0	0	0	1	0	0	0	0	69	0	0	2	0	0	0	0	0	0	0	0	0	0	1	0	0	0
Life	2022-10-01	9504091	116856	10813	0	2	0	4	0	0	0	1	0	4	0	2	0	1	0	0	32	0	0	1	0	0	0	0	0	0	0	0	0	0	0	0	0	0
Life	2022-10-01	9502678	115608	9818	0	1	2	2	0	0	0	0	0	1	0	6	0	0	0	0	5	0	0	1	0	0	0	0	0	0	0	0	0	0	0	0	0	0
Life	2022-10-01	9504688	126391	10771	0	1	0	2	0	0	0	1	0	0	0	1	0	0	0	0	19	0	0	0	0	0	0	0	0	0	0	0	0	0	0	0	0	0
Life	2022-10-01	9505276	187188	16878	0	8	0	3	0	0	2	0	0	1	4	0	0	0	0	0	27	0	0	0	0	0	1	0	0	0	0	0	0	0	0	0	0	0
Life	2022-10-01	9505046	114899	9504	0	8	0	0	0	0	2	0	0	0	0	3	0	0	0	0	5	0	0	1	0	1	0	0	0	0	0	0	0	0	0	0	0	0
Life	2022-10-01	9505304	97065	8956	0	4	0	0	0	0	0	0	0	0	0	5	0	0	0	0	48	0	0	1	0	0	0	2	0	0	0	0	0	0	0	0	0	0
Life	2022-10-01	9506535	144732	12381	0	10	0	3	0	0	3	1	0	1	1	1	0	0	0	0	10	0	0	1	0	0	0	0	0	0	0	0	0	0	0	0	0	0
Life	2022-10-01	9506360	90912	7898	0	5	0	1	0	0	1	0	0	0	0	2	0	0	0	0	18	0	1	2	0	0	0	0	0	0	0	0	0	0	0	0	0	0
Life	2022-10-01	9505688	157076	14484	0	0	0	1	0	0	1	0	0	9	3	2	0	0	0	0	37	1	1	2	0	0	0	0	0	0	0	0	0	0	0	0	0	0
Life	2022-10-01	9505049	46681	5166	0	2	0	7	0	0	0	1	0	0	3	2	0	0	1	0	11	0	0	0	0	0	0	0	1	0	0	0	0	0	0	0	0	0
Life	2022-10-01	9503882	192264	14190	0	11	2	0	0	0	0	3	0	1	4	0	0	0	0	0	48	0	0	4	0	0	0	0	0	0	0	0	0	1	1	0	0	0
Life	2022-10-01	9505610	164961	12620	0	8	0	0	0	0	0	1	0	1	6	1	0	0	0	0	8	0	1	0	0	0	0	0	0	0	0	0	0	0	0	0	1	0
Life	2022-10-01	9505180	104556	8729	0	6	0	0	0	0	1	0	0	0	2	2	0	0	0	0	39	0	0	0	0	0	1	0	0	0	0	0	0	0	0	0	0	0
Life	2022-10-01	9506518	172304	16544	0	13	1	1	0	0	2	1	0	0	1	2	0	0	0	0	20	0	0	0	0	0	0	0	0	0	0	0	0	0	0	0	0	0
Life	2022-10-01	9505301	189149	14163	0	0	0	0	0	0	0	13	0	0	0	1	0	0	0	0	36	0	0	1	0	0	0	0	0	0	0	0	0	0	0	0	0	0
Life	2022-10-01	9501059	131398	12307	0	11	0	1	0	0	0	3	0	0	0	6	0	0	0	0	22	0	0	0	0	0	2	0	0	0	0	0	0	0	0	0	0	0
Life	2022-10-01	9501328	41290	4031	0	9	0	3	0	0	0	0	0	0	0	0	0	0	0	0	24	0	0	0	0	0	0	0	0	0	0	0	0	0	0	0	0	0
Life	2022-10-01	9502229	99182	7899	0	2	0	0	0	0	0	0	0	0	3	1	0	0	0	0	8	0	0	0	0	0	0	0	0	0	0	0	0	0	0	0	0	0
Life	2022-10-01	9506530	152621	13770	0	4	0	1	0	0	1	1	0	0	1	1	0	0	0	0	17	0	0	0	0	0	0	0	0	0	0	0	0	0	0	0	0	0
Life	2022-10-01	9504182	183751	14752	0	2	1	2	0	1	0	1	0	1	0	1	0	0	0	0	27	0	0	3	0	0	1	0	0	0	0	0	0	1	0	0	0	0
Life	2022-10-01	9503813	87968	8849	0	7	1	12	0	0	0	3	0	0	1	0	0	0	0	0	47	0	0	0	0	0	4	1	0	0	0	0	0	0	0	1	0	0
Life	2022-10-01	9503497	103336	9315	0	3	0	0	0	0	1	3	0	0	5	2	0	0	0	0	35	0	0	0	0	0	0	0	0	0	0	0	0	0	0	0	0	0
Life	2022-10-01	9504344	351125	29550	0	5	3	6	0	2	8	4	0	2	6	2	0	0	1	2	44	0	0	8	0	0	1	2	1	0	0	0	0	0	5	0	0	0
Life	2022-10-01	9504331	197787	16000	0	4	0	1	0	0	1	0	0	2	6	2	0	0	0	0	30	0	0	0	0	0	0	0	0	0	0	0	0	0	0	0	0	0
Life	2022-10-01	9503143	67536	6498	0	5	0	0	0	0	4	0	0	3	0	0	0	0	0	0	19	0	0	0	0	0	0	0	0	0	0	0	0	0	0	0	0	0
Life	2022-10-01	9503300	99292	9599	0	9	0	0	0	0	3	0	0	0	0	1	0	0	0	0	29	0	0	1	0	0	0	0	3	0	0	0	0	0	0	0	0	0
Life	2022-10-01	9503351	71731	6706	0	2	0	0	0	0	0	1	0	0	0	4	0	0	0	0	47	0	0	1	0	0	0	0	0	0	0	0	0	0	0	0	0	0
Life	2022-10-01	9505413	205898	16916	0	13	1	3	0	0	3	0	0	0	3	0	0	0	0	0	24	0	0	1	0	0	1	1	0	0	0	0	0	0	0	0	0	0
Life	2022-10-01	9503725	90169	8287	0	1	0	0	0	0	0	0	0	0	0	0	0	0	0	0	5	0	0	0	0	0	0	0	0	0	0	0	0	0	0	0	0	0
Life	2022-10-01	9505897	117492	9786	0	3	0	1	0	0	0	1	0	0	0	4	0	0	1	0	19	0	0	1	0	0	0	0	0	0	0	0	0	0	1	0	0	0
Life	2022-10-01	9502623	96203	7994	0	1	0	0	0	0	0	4	0	0	1	0	0	0	0	0	35	0	0	0	0	0	0	0	0	0	0	0	0	0	0	0	0	0
Life	2022-10-01	9505948	91726	8559	0	11	0	0	0	1	1	3	0	0	0	0	0	0	0	0	27	0	0	0	0	0	0	0	0	0	0	0	0	0	0	0	0	0
Life	2022-10-01	9505657	140847	10892	0	1	0	1	0	1	1	0	0	0	0	1	0	0	2	0	28	0	0	3	0	0	3	0	0	0	0	0	0	0	0	0	0	0
Life	2022-10-01	9501494	169925	14672	0	4	0	0	0	0	1	0	0	0	0	9	0	2	0	0	18	0	0	0	0	0	0	0	0	0	0	0	0	0	0	0	0	0
Life	2022-10-01	9503329	97693	9590	0	2	0	2	0	0	0	2	0	1	0	2	0	0	0	0	17	0	0	2	0	0	0	0	0	0	0	0	0	0	0	0	0	0
Life	2022-10-01	9503646	69713	5933	0	4	0	3	0	0	0	2	0	4	2	0	0	0	0	0	22	0	0	0	0	0	1	1	0	0	0	0	0	0	0	0	0	0
Life	2022-10-01	9505329	255044	20502	0	5	0	3	0	0	1	3	0	2	2	0	0	0	0	0	121	0	0	0	0	0	0	0	0	0	0	0	0	0	0	1	1	0
Life	2022-10-01	9604715	86158	7779	0	0	1	0	0	0	1	8	0	2	2	1	0	0	1	0	12	0	1	2	0	0	0	0	0	0	0	0	0	0	0	0	0	0
Life	2022-10-01	9503005	118242	11136	0	15	0	2	0	0	0	2	0	1	1	3	0	0	0	0	26	0	0	1	0	0	0	0	0	0	0	0	0	0	0	0	0	0
Life	2022-10-01	9504901	128732	12089	0	3	0	9	0	0	0	2	0	1	0	1	0	2	1	0	27	0	0	0	0	0	0	0	0	0	0	0	0	0	0	0	0	0
Life	2022-10-01	9506395	185397	14527	0	2	0	1	0	0	0	2	0	0	0	0	0	0	0	0	37	0	0	0	0	0	0	0	0	0	0	0	0	0	0	0	0	0
Life	2022-10-01	9605297	100237	9035	0	4	0	0	0	0	0	1	0	0	0	4	0	0	0	0	30	0	0	0	0	0	0	0	0	0	0	0	0	0	0	0	0	0
Life	2022-10-01	9502557	180523	15216	0	7	0	0	0	1	1	14	0	0	0	3	0	0	0	0	20	0	0	0	0	0	0	1	0	0	0	0	0	0	0	0	0	0
Life	2022-10-01	9604962	177385	13584	0	0	0	0	0	0	0	0	0	0	0	4	0	0	0	0	25	0	0	0	0	0	0	0	0	0	0	0	0	0	0	0	0	0
Life	2022-10-01	9605162	51506	4672	0	1	0	0	0	0	0	3	0	0	1	0	0	0	0	0	7	0	0	0	0	0	0	0	0	0	0	0	0	0	0	0	0	0
Life	2022-10-01	9505812	67404	6239	0	4	0	1	0	0	0	3	0	0	0	0	0	0	0	0	7	0	0	0	0	0	0	0	0	0	0	0	0	0	0	0	0	0
Life	2022-10-01	9605657	94797	8933	0	0	0	0	0	0	0	1	0	0	6	0	0	0	0	0	9	0	0	0	0	0	0	0	1	0	0	0	0	0	0	0	0	0
Life	2022-10-01	9604609	149157	11624	0	1	0	0	0	0	1	0	0	1	1	0	0	0	0	0	24	0	0	0	0	0	0	0	0	0	0	0	0	0	0	1	0	0
Life	2022-10-01	9604881	96654	9183	0	9	0	2	0	0	10	3	0	0	1	4	0	0	0	0	14	0	0	1	0	0	0	0	0	0	0	0	0	0	0	0	0	0
Life	2022-10-01	9504274	112151	10311	0	3	1	0	0	0	1	1	0	0	9	2	0	0	0	0	38	0	0	0	0	0	0	0	0	0	0	0	0	1	0	0	0	0
Life	2022-10-01	9501657	119113	10274	0	10	0	2	0	0	4	2	0	0	0	1	0	0	0	0	31	0	0	2	0	0	0	1	0	0	0	0	0	0	0	0	9	0
Life	2022-10-01	9605558	77940	7002	0	3	0	1	0	0	0	1	0	2	0	2	0	0	0	0	25	0	0	1	0	0	0	0	0	0	0	0	0	0	0	0	0	0
Life	2022-10-01	9505027	285604	20904	0	2	0	2	0	0	1	0	0	3	1	0	0	0	0	0	42	0	1	8	0	0	0	0	0	0	0	0	1	0	0	0	0	0
Life	2022-10-01	9604647	207363	17467	0	7	0	2	0	0	3	2	0	0	0	4	0	0	0	0	100	0	0	0	0	0	1	0	0	0	1	0	0	0	0	0	0	0
Life	2022-10-01	9506058	277586	20982	0	1	0	1	0	0	0	3	0	1	1	1	0	0	0	0	50	0	0	2	0	0	0	0	1	0	0	0	0	0	0	0	0	0
Life	2022-10-01	9605103	204995	16528	0	4	0	0	0	0	1	0	0	0	0	1	0	0	0	0	33	0	0	5	0	0	0	0	0	0	0	0	0	0	0	0	0	0
Life	2022-10-01	9604593	72227	6733	0	0	0	0	0	0	0	1	0	2	0	1	0	0	0	0	6	0	0	0	0	0	0	0	0	0	0	0	0	0	0	0	0	0
Life	2022-10-01	9605483	114084	10506	0	3	0	1	0	0	0	0	0	3	1	1	0	0	0	0	18	0	0	0	0	0	0	0	0	0	0	0	0	0	0	0	0	0
Life	2022-10-01	9605592	132605	11908	0	2	0	4	0	2	2	0	0	0	6	0	0	0	0	0	26	0	0	2	0	0	0	0	0	0	0	0	0	0	0	0	0	0
Life	2022-10-01	9605633	89566	7522	0	3	0	0	0	0	0	0	0	0	1	1	0	0	0	0	19	0	0	0	0	0	2	0	0	0	0	1	0	1	0	0	0	0
Life	2022-10-01	9605121	106105	9554	0	3	0	0	0	0	1	0	0	1	0	3	0	0	0	0	37	0	0	0	0	0	0	0	0	0	0	0	0	0	0	0	0	0
Life	2022-10-01	9605343	279313	21659	0	2	0	1	0	0	0	0	0	0	1	1	0	0	1	0	24	0	0	0	0	0	1	0	0	0	0	0	0	0	0	1	0	0
Life	2022-10-01	9605255	97895	8442	0	3	0	1	0	0	3	0	0	0	0	0	0	0	0	0	6	0	0	0	0	0	0	0	0	0	0	0	0	0	0	0	0	0
Life	2022-10-01	9605095	99295	9157	0	13	0	0	0	0	2	12	0	0	2	11	0	0	0	0	28	0	0	0	0	0	0	0	0	0	0	0	0	0	0	0	0	0
Life	2022-10-01	9604833	86169	7802	0	2	0	6	0	0	0	4	0	0	6	0	0	0	0	0	51	0	0	0	0	0	3	0	0	0	0	0	0	0	0	0	0	0
Life	2022-10-01	9605553	224375	15595	0	3	0	3	0	0	5	1	0	2	1	0	0	0	0	0	29	0	0	1	0	0	0	0	0	0	0	0	0	0	0	0	0	0
Life	2022-10-01	9605678	270803	19734	0	1	0	0	0	0	0	0	0	2	0	2	0	0	0	0	45	0	0	0	0	0	0	0	0	0	0	0	0	0	0	0	0	0
Life	2022-10-01	9605190	88286	7133	0	7	0	4	0	0	2	0	0	0	0	3	0	0	1	0	42	0	0	0	0	0	0	0	0	0	0	0	0	0	0	0	0	0
Life	2022-10-01	9604764	84877	7176	0	2	0	1	0	0	1	0	0	0	2	1	0	0	0	0	29	0	0	0	0	0	0	0	1	0	0	0	0	0	0	0	0	0
Life	2022-10-01	9604716	226100	16838	0	0	0	1	0	0	1	1	0	0	0	4	0	0	0	0	28	0	0	1	0	0	0	0	0	0	0	0	0	0	0	0	0	0
Life	2022-10-01	9605624	135492	11671	0	4	0	4	0	0	0	0	0	0	7	2	0	0	0	0	128	0	0	0	0	0	0	2	0	0	0	0	0	0	0	1	0	0
Life	2022-10-01	9604781	190808	14689	0	2	0	7	0	0	0	0	0	0	2	0	0	0	0	0	53	0	0	3	0	0	0	0	0	0	0	0	0	0	0	0	0	0
Life	2022-10-01	9605164	76000	7259	0	3	0	0	0	0	2	4	0	4	0	2	0	0	0	0	12	0	0	0	0	0	0	0	0	0	0	0	0	0	0	0	0	0
Life	2022-10-01	9604564	85235	7435	0	1	0	1	0	0	0	0	0	0	3	6	0	0	0	0	37	0	0	0	0	0	0	0	0	0	0	0	1	0	0	0	0	0
Life	2022-10-01	9605051	197646	14796	0	1	0	1	0	0	1	1	0	0	1	0	0	0	0	0	19	0	0	3	0	0	0	2	0	0	0	0	0	0	0	0	0	0
Life	2022-10-01	9605285	140507	13057	0	11	0	0	0	0	1	0	0	4	2	5	0	0	1	0	29	0	0	4	0	0	0	0	1	0	0	0	0	0	0	0	0	0
Life	2022-10-01	9604633	173768	13084	0	0	0	0	0	0	1	0	0	0	1	2	0	0	0	0	17	0	0	4	0	0	1	0	1	0	0	0	0	0	0	0	0	0
Life	2022-10-01	9605388	138832	13173	0	2	0	0	0	0	0	1	0	4	2	3	0	0	0	0	29	0	0	0	0	0	0	0	1	0	0	0	0	0	0	0	0	0
Life	2022-10-01	9605110	126669	11321	0	13	0	1	0	0	0	4	0	1	2	7	0	0	0	0	32	0	0	1	0	0	0	1	0	0	0	0	0	0	0	0	0	0
Life	2022-10-01	9604707	106818	9344	0	3	0	4	0	0	1	1	0	1	1	6	0	0	0	0	36	0	0	1	0	0	0	0	1	0	0	0	0	0	0	0	0	0
Life	2022-10-01	9604895	109528	9848	0	8	0	2	0	0	1	2	0	0	2	1	0	0	0	0	30	0	0	0	0	0	1	0	0	0	0	0	0	0	0	0	0	0
