journal	date	pmc_id	Nchars	Nwords	delve	analyse	acknowledge	assess	appraise	dissect	explore	examine	extricate	expose	estimate	investigate	inquire	inspect	interpret	scrutinise	study	unearth	uncover	understand	ponder	research	reason	retrieve	avoid	discount	disregard	dismiss	ignore	neglect	overlook	omit	skip	reject
Life	2023-07-01	10142975	88304	8151	0	9	0	2	0	0	1	0	0	0	2	1	0	0	0	0	18	0	0	0	0	0	0	2	0	0	0	0	0	0	0	0	0	0
Life	2023-07-01	10143630	120744	10370	0	6	0	2	0	0	0	0	0	0	1	0	0	0	1	0	43	0	0	0	0	0	1	0	0	0	0	0	0	0	0	0	0	0
Life	2023-07-01	10146625	119488	10255	0	4	0	0	0	0	0	0	0	2	2	3	0	0	0	0	40	0	0	1	0	0	0	0	0	0	0	0	0	0	0	0	0	0
Life	2023-07-01	10142261	239587	19705	0	1	1	1	0	0	6	2	0	1	0	1	0	0	0	1	16	0	0	0	0	0	0	0	2	0	0	0	0	0	0	0	0	0
Life	2023-07-01	10145550	447311	32943	0	0	0	0	0	0	2	5	0	0	2	4	0	0	0	0	49	0	0	1	0	0	1	0	0	0	0	0	0	0	0	0	0	0
Life	2023-07-01	10142707	120552	9734	0	3	0	0	0	0	0	0	0	0	0	1	0	0	0	0	46	0	0	0	0	0	0	0	0	0	0	0	0	0	0	0	0	0
Life	2023-07-01	10141071	226189	16703	0	4	0	1	0	0	1	0	0	0	0	0	0	0	0	0	20	0	1	0	0	0	1	0	0	0	0	0	0	0	0	0	0	0
Life	2023-07-01	10143565	328269	24880	1	2	0	12	0	0	1	0	0	0	2	1	0	0	0	1	65	0	0	5	0	0	0	0	1	0	0	0	0	0	0	0	0	0
Life	2023-07-01	10144597	174589	14546	0	2	0	1	0	0	0	0	0	1	0	1	0	0	0	0	57	0	2	0	0	0	0	2	0	0	0	0	0	0	0	0	0	0
Life	2023-07-01	10143966	125238	11443	0	8	0	0	0	0	0	0	0	0	0	0	0	0	0	0	10	0	1	2	0	0	0	0	0	0	0	0	0	0	0	1	0	0
Life	2023-07-01	10143990	79206	6682	0	4	0	0	0	0	0	1	0	0	1	0	0	0	0	0	27	0	0	1	0	0	0	0	0	0	0	0	0	0	0	0	0	0
Life	2023-07-01	10140970	144788	12372	0	2	0	1	0	0	0	0	0	0	0	0	0	0	0	0	35	0	0	0	0	0	0	0	0	0	0	0	2	0	0	1	0	0
Life	2023-07-01	10144703	114399	10469	0	12	0	0	0	0	0	0	0	0	0	0	0	0	0	0	12	0	0	2	0	0	0	0	0	0	0	0	0	0	0	2	0	0
Life	2023-07-01	10144396	147547	12689	0	3	0	0	0	0	0	0	0	0	2	7	0	0	0	0	20	0	0	0	0	0	0	0	1	0	0	0	0	0	0	0	0	0
Life	2023-07-01	10144853	119570	10491	0	17	0	1	0	0	0	5	0	0	3	2	0	0	1	0	54	0	0	0	0	0	0	1	0	0	0	0	0	0	0	1	0	0
Life	2023-07-01	10141384	113482	9589	0	8	0	0	0	0	1	1	0	0	5	1	0	0	0	0	23	0	0	0	0	0	0	0	0	0	0	0	0	0	0	0	0	0
Life	2023-07-01	10144697	278436	19937	0	0	0	0	0	0	3	0	0	0	0	2	0	0	0	0	45	0	0	4	0	0	0	0	0	0	0	0	0	0	0	0	0	0
Life	2023-07-01	10143195	132948	10900	0	2	0	1	0	0	3	1	0	2	0	4	0	0	0	0	25	0	0	0	0	0	0	0	0	0	0	0	0	0	0	0	0	0
Life	2023-07-01	10144131	108624	8831	0	0	0	4	0	0	0	0	0	0	0	0	0	0	0	0	37	0	0	0	0	0	0	0	0	0	0	0	0	0	0	0	0	0
Life	2023-07-01	10146527	113214	9759	0	3	0	0	0	0	0	0	0	0	2	0	0	0	0	0	50	0	0	0	0	0	0	0	0	0	0	0	0	0	0	0	0	0
Life	2023-07-01	10146149	111792	9690	0	7	0	2	0	0	0	1	0	4	6	1	0	0	0	0	60	0	0	0	0	0	1	0	0	0	0	0	0	0	0	1	0	0
Life	2023-07-01	10145662	238126	18947	0	1	0	2	0	0	3	0	0	0	0	2	0	0	0	0	38	0	0	2	0	0	0	1	0	0	0	0	0	0	0	0	0	0
Life	2023-07-01	10142430	112061	9988	0	6	0	5	0	0	0	0	0	0	5	4	0	0	0	0	68	0	0	0	0	0	1	0	2	0	0	0	0	0	0	0	0	0
Life	2023-07-01	10143981	169943	12795	0	6	0	0	0	0	0	0	0	0	1	2	0	0	0	0	27	0	0	3	0	0	0	0	0	0	0	0	0	0	0	0	0	0
Life	2023-07-01	10142941	221645	17376	0	6	0	0	0	0	2	3	0	0	0	5	0	0	1	0	11	0	2	7	0	0	0	0	0	0	0	0	0	0	0	0	0	0
Life	2023-07-01	10143352	194818	15477	0	6	0	1	0	0	0	5	0	1	1	1	0	0	0	0	63	0	0	0	0	0	0	0	1	0	0	0	0	0	0	0	0	0
Life	2023-07-01	10144624	85182	8128	0	4	0	0	0	0	0	0	0	2	0	1	0	0	0	0	50	0	0	0	0	0	0	0	1	0	0	0	0	0	0	0	0	0
Life	2023-07-01	10144393	131894	12575	0	6	2	1	0	0	0	5	0	2	1	1	0	0	0	0	14	0	0	2	0	0	1	0	0	0	0	0	0	0	0	0	0	0
Life	2023-07-01	10142763	97782	8635	0	2	0	0	0	0	1	4	0	0	0	1	0	0	1	0	16	0	0	0	0	0	0	0	1	0	0	0	0	0	0	0	0	0
Life	2023-07-01	10145997	219778	16093	0	3	0	0	0	0	6	1	0	0	1	7	0	0	0	0	43	0	0	4	0	0	0	0	0	0	0	0	0	0	0	0	0	0
Life	2023-07-01	10144849	92766	9091	0	6	0	0	0	0	0	4	0	0	0	0	0	0	0	0	43	0	0	1	0	0	0	0	0	0	0	0	0	0	0	0	0	0
Life	2023-07-01	10141012	82395	7930	0	4	0	2	0	0	1	1	0	0	0	4	0	0	0	0	22	0	0	4	0	0	0	0	0	0	0	0	0	0	0	0	0	0
Life	2023-07-01	10145455	141142	11052	0	5	0	1	0	0	0	1	0	0	0	1	0	0	0	0	23	0	0	0	0	0	0	0	0	0	0	0	0	0	0	0	0	0
Life	2023-07-01	10144606	212567	17715	0	7	0	5	0	0	0	6	0	8	3	3	0	0	0	0	26	0	0	1	0	0	0	0	0	0	0	0	0	0	0	0	0	0
Life	2023-07-01	10142440	161067	13662	0	3	1	7	0	0	0	2	0	0	4	2	0	0	0	0	38	0	0	2	0	0	0	0	0	0	0	0	0	0	0	0	0	0
Life	2023-07-01	10145227	182494	17207	0	7	0	0	0	0	0	0	0	0	0	4	0	0	0	0	21	0	0	0	0	1	0	0	0	0	0	0	0	0	0	1	0	1
Life	2023-07-01	10146121	110741	9975	0	1	0	2	0	0	1	9	0	0	3	4	0	0	1	0	43	0	0	1	0	0	0	0	0	0	0	0	0	0	0	0	0	0
Life	2023-07-01	10146316	143904	11604	0	2	0	2	0	0	0	1	0	0	3	0	0	0	0	0	30	0	0	1	0	0	0	0	0	0	0	0	0	0	0	0	0	0
Life	2023-07-01	10145962	138555	11127	0	3	1	2	0	0	0	0	0	0	3	2	0	0	0	0	24	0	0	0	0	0	2	0	0	0	0	0	0	0	0	0	0	0
Life	2023-07-01	10141413	189822	20457	0	11	0	4	0	0	0	10	0	6	28	0	0	0	1	0	132	0	0	0	0	0	0	0	1	0	0	0	0	0	0	1	0	0
Life	2023-07-01	10142827	137917	12207	0	5	0	0	0	0	0	1	0	0	1	2	0	1	0	0	18	0	0	0	0	0	0	0	1	0	0	0	0	0	0	0	0	0
Life	2023-07-01	10145875	645738	47802	0	3	0	0	0	1	2	0	0	1	0	6	0	0	0	0	77	0	1	4	0	2	0	0	0	0	0	0	0	0	0	0	0	0
Life	2023-07-01	10142767	144130	12393	0	0	0	6	0	0	0	0	0	0	1	2	0	0	0	0	35	0	0	0	0	0	0	0	1	0	0	0	0	0	0	1	0	0
Life	2023-07-01	10145665	83118	7322	0	3	0	0	0	0	0	0	0	0	0	0	0	0	0	0	3	0	0	0	0	0	0	0	0	0	0	0	0	0	0	0	0	0
Life	2023-07-01	10146712	229512	17041	0	10	0	1	0	0	1	0	0	1	0	5	0	0	0	0	37	0	1	4	0	0	0	1	0	0	0	0	0	0	0	0	0	0
Life	2023-07-01	10142494	90539	7959	0	3	0	1	0	0	0	0	0	0	0	7	0	0	0	0	38	0	0	0	0	0	0	0	2	0	0	0	0	0	0	0	0	0
Life	2023-07-01	10143906	111770	9601	0	3	0	1	0	0	0	0	0	0	3	2	0	0	0	0	48	0	0	2	0	0	0	0	0	0	0	0	0	0	0	0	0	0
Life	2023-07-01	10143446	86140	7542	0	3	0	6	0	0	0	0	0	0	0	0	0	0	0	0	29	0	0	1	0	0	0	0	0	0	0	0	0	0	0	0	0	0
Life	2023-07-01	10146576	146201	13245	0	2	0	1	0	0	0	0	0	0	1	0	0	0	2	0	18	0	0	2	0	0	2	0	0	0	0	0	0	0	0	0	0	1
Life	2023-07-01	10146870	150898	12488	0	0	0	3	0	0	2	2	0	0	4	2	0	0	0	0	18	0	0	0	0	1	0	0	0	0	0	0	1	0	0	0	0	0
Life	2023-07-01	10147055	148647	12103	0	1	0	5	0	0	2	5	0	0	1	1	0	0	0	0	32	0	0	1	0	0	1	0	1	0	0	0	0	0	0	0	0	0
Life	2023-07-01	10220948	108357	8581	0	11	2	1	0	0	0	4	0	0	6	0	0	0	0	0	14	0	1	1	0	0	0	1	0	0	0	0	0	0	0	0	0	0
Life	2023-07-01	10145559	205434	15009	0	1	0	1	0	0	0	0	0	3	0	0	0	0	0	0	33	0	0	6	0	0	1	0	0	0	0	0	0	0	0	0	0	0
Life	2023-07-01	10146687	104341	8891	0	4	0	0	0	0	1	1	0	1	0	2	0	0	0	0	37	0	0	0	0	0	0	0	0	0	0	0	0	0	0	0	0	0
Life	2023-07-01	10143433	112314	10306	0	13	0	4	0	0	0	0	0	2	0	5	0	0	0	0	34	0	0	0	0	0	1	0	0	0	0	0	0	0	0	0	0	0
Life	2023-07-01	10144109	120417	10488	0	6	0	0	0	0	1	0	0	0	1	1	0	0	1	0	46	0	0	0	0	0	0	0	0	0	0	0	0	0	0	0	0	0
Life	2023-07-01	10145844	158652	13572	0	6	0	1	0	0	3	3	0	0	2	1	0	0	0	0	17	0	0	4	0	0	2	1	0	0	0	0	0	0	0	0	0	0
Life	2023-07-01	10142232	42082	4111	0	1	1	0	0	0	0	0	0	0	0	0	0	0	0	0	17	0	0	0	0	0	0	0	0	0	0	0	0	0	1	0	0	0
Life	2023-07-01	10142835	115148	9962	0	14	0	4	0	0	3	0	0	0	0	2	0	0	1	0	38	0	0	0	0	0	1	0	1	0	0	0	0	0	0	0	0	0
Life	2023-07-01	10141004	133637	11746	0	3	1	2	0	0	1	0	0	0	1	1	0	0	0	0	45	0	0	0	0	0	0	0	0	0	0	0	0	0	0	0	0	0
Life	2023-07-01	10141126	150938	11651	0	3	0	2	0	0	0	0	0	0	18	0	0	0	1	0	84	0	0	1	0	0	4	1	0	0	0	0	0	0	0	0	0	0
Life	2023-07-01	10144084	137030	12534	0	5	0	1	0	0	0	1	0	0	0	0	0	0	0	0	12	0	0	0	0	0	0	0	0	0	0	0	0	1	1	0	0	0
Life	2023-07-01	10143107	184386	14044	0	0	0	0	0	0	2	2	0	0	0	3	0	0	0	0	34	0	0	2	0	1	0	0	0	0	0	0	0	0	0	0	0	0
Life	2023-07-01	10144926	126191	10522	0	2	0	0	0	0	0	2	0	0	0	5	0	0	0	0	39	0	0	1	0	0	4	0	0	0	0	0	0	0	0	0	0	0
Life	2023-07-01	10141223	201610	16029	0	9	0	0	0	0	0	2	0	1	0	9	0	0	0	0	30	0	0	0	0	0	0	0	0	0	0	0	0	1	0	3	0	0
Life	2023-07-01	10143570	125049	10997	0	1	0	3	0	0	4	4	0	0	8	3	0	0	1	0	22	0	0	2	0	0	8	0	0	0	0	0	0	2	0	0	0	0
Life	2023-07-01	10145268	131800	11018	0	5	1	2	0	0	2	1	0	0	3	2	0	0	0	0	53	0	0	0	0	0	0	0	0	0	0	0	0	0	0	0	0	0
Life	2023-07-01	10221851	84132	7987	0	3	0	0	0	0	0	0	0	0	1	0	0	0	0	0	7	0	0	0	0	0	0	0	0	0	0	0	1	0	0	0	0	0
Life	2023-07-01	10145572	380657	29288	0	2	0	2	0	0	1	2	0	2	5	8	0	0	0	0	35	0	0	7	0	0	0	0	1	0	0	0	0	1	0	0	0	0
Life	2023-07-01	10143308	127741	11301	0	4	0	0	0	0	2	0	0	0	0	1	0	0	0	0	24	0	0	3	0	0	0	0	0	0	0	0	0	0	0	0	0	0
Life	2023-07-01	10144960	89498	7287	0	3	0	3	0	0	1	0	0	0	0	0	0	0	0	0	5	0	0	2	0	0	0	0	0	0	0	0	1	0	0	0	0	0
Life	2023-07-01	10144399	148229	12544	0	4	1	2	0	0	0	4	0	0	2	1	0	0	0	0	30	0	0	0	0	0	1	0	0	0	0	0	0	0	0	0	0	0
Life	2023-07-01	10144929	100301	8817	0	5	0	5	0	0	0	2	0	0	0	0	0	0	1	0	39	0	0	0	0	0	0	2	0	0	0	0	0	0	0	0	0	0
Life	2023-07-01	10146909	240568	21201	0	8	1	0	0	0	1	1	0	1	1	0	0	0	0	0	12	0	0	2	0	0	2	0	0	0	0	0	0	0	0	0	0	0
Life	2023-07-01	10145355	133831	12170	0	2	1	1	0	0	1	0	0	1	6	0	0	0	1	0	5	0	0	1	0	0	2	0	0	0	0	0	2	1	1	0	0	0
Life	2023-07-01	10224099	115689	10268	0	4	2	2	0	0	0	0	0	8	1	0	0	0	0	0	60	0	0	0	0	0	3	0	0	0	0	0	0	0	0	0	0	0
Life	2023-07-01	10223476	152514	13667	0	1	0	0	0	0	1	1	0	0	0	12	0	0	0	0	37	0	0	3	0	0	1	0	0	0	0	0	0	0	0	0	0	0
Life	2023-07-01	10222584	345867	24226	0	0	0	0	0	0	0	0	0	2	0	0	0	0	0	0	13	0	0	3	0	0	0	0	0	0	0	0	0	0	0	0	0	0
Life	2023-07-01	10223304	106299	9210	0	1	0	0	0	2	1	2	0	1	0	0	0	0	0	0	27	0	0	1	0	0	0	0	0	0	0	0	0	0	0	0	0	0
Life	2023-07-01	10223309	113292	9619	0	2	0	0	0	0	0	0	0	0	1	1	0	0	0	0	39	0	0	2	0	0	0	0	1	0	0	0	0	0	0	0	0	0
Life	2023-07-01	10222567	96096	8429	0	11	0	6	0	0	3	5	0	8	0	3	0	0	0	0	15	0	0	1	0	0	0	0	0	0	0	0	0	0	0	0	0	0
Life	2023-07-01	10224455	9409	948	0	0	1	0	0	0	0	0	0	0	0	2	0	0	0	0	4	0	1	0	0	0	0	0	0	0	0	0	0	0	0	0	0	0
Life	2023-07-01	10221433	143232	11766	0	9	1	1	0	0	0	0	0	0	2	2	0	0	0	0	33	0	0	0	0	0	0	0	0	0	0	0	0	0	0	0	0	0
Life	2023-07-01	10220628	71479	6168	0	5	0	1	0	0	1	1	0	0	1	1	0	0	3	0	30	0	0	1	0	0	0	0	0	0	0	0	0	0	0	0	0	0
Life	2023-07-01	10221221	100893	8978	0	3	0	2	0	0	1	0	0	0	0	1	0	0	0	0	32	0	0	0	0	0	0	0	0	0	0	0	0	0	0	0	0	0
Life	2023-07-01	10220808	104749	9169	0	0	1	6	0	0	0	0	0	0	0	4	0	0	2	0	65	0	0	2	0	0	0	0	0	0	0	0	0	0	0	0	0	0
Life	2023-07-01	10224439	137788	10777	0	9	0	5	0	0	0	1	0	1	0	0	0	0	0	0	39	0	0	0	0	0	0	0	0	0	0	0	0	0	0	0	0	0
Life	2023-07-01	10221606	113640	8966	0	2	0	0	0	0	0	0	0	0	0	0	0	0	0	0	7	0	1	0	0	0	0	0	0	0	0	0	0	0	0	0	0	0
Life	2023-07-01	10221567	118244	10466	0	6	0	0	0	2	1	5	0	0	0	3	0	0	0	0	24	0	0	1	0	0	1	0	0	0	0	0	0	0	0	0	0	0
Life	2023-07-01	10222905	158702	12998	0	9	0	1	0	0	1	1	0	0	0	3	0	0	0	0	32	0	0	0	0	0	0	0	0	0	0	0	0	0	0	0	0	0
Life	2023-07-01	10220776	170287	15176	0	26	0	2	0	0	0	0	0	0	10	3	0	0	1	0	38	0	0	0	0	0	0	1	0	0	0	0	0	0	0	0	0	0
Life	2023-07-01	10224424	89051	7650	0	0	0	0	0	1	0	4	0	0	0	0	0	0	0	0	9	0	0	0	0	0	0	0	0	0	0	0	0	0	0	0	0	0
Life	2023-07-01	10222847	480381	35207	0	1	0	5	0	0	2	7	0	0	0	1	0	0	0	0	95	0	0	3	0	1	0	0	0	0	0	0	0	0	0	0	0	0
Life	2023-07-01	10221067	147591	12881	0	5	0	0	0	0	3	0	0	0	0	4	0	0	0	0	28	0	0	0	0	0	0	0	0	0	0	0	0	0	0	0	0	0
Life	2023-07-01	10221653	146772	12754	0	10	2	0	0	0	0	4	0	1	12	2	0	0	0	0	15	0	0	2	0	0	0	0	0	0	0	0	0	0	0	0	0	0
Life	2023-07-01	10224242	223868	16305	0	2	0	0	0	0	0	0	0	4	0	4	0	0	0	0	58	0	0	0	0	0	0	0	0	0	0	0	0	0	0	0	0	0
Life	2023-07-01	10223740	115459	9395	0	4	0	0	0	0	0	4	0	0	0	3	0	0	0	0	31	0	0	3	0	0	0	0	1	0	0	0	0	1	0	0	0	0
Life	2023-07-01	10221112	91373	7944	1	8	0	5	0	0	1	0	0	0	0	0	0	0	0	0	16	0	0	3	0	0	0	0	0	0	0	0	0	0	0	0	0	0
Life	2023-07-01	10221903	279140	22754	0	0	1	1	0	0	1	1	0	0	2	7	0	0	0	0	24	0	0	1	0	1	0	0	1	0	0	0	0	1	1	0	0	0
Life	2023-07-01	10221674	261231	18916	0	3	0	1	0	0	2	1	0	0	0	0	0	0	0	0	15	2	3	2	0	0	0	0	0	0	0	0	0	0	0	0	0	0
Life	2023-07-01	10224471	140020	11420	0	0	0	0	0	0	5	2	0	1	0	2	0	0	0	0	51	0	1	2	0	0	1	0	0	0	0	0	0	0	0	0	0	0
Life	2023-07-01	10220706	50429	4519	0	0	0	0	0	0	0	0	0	2	0	0	0	0	0	0	5	0	0	0	0	0	1	0	0	0	0	0	0	0	0	0	1	0
Life	2023-07-01	10224116	114650	10125	0	3	1	0	0	0	1	0	0	0	0	4	0	0	4	0	46	0	0	0	1	0	0	0	0	0	0	0	0	0	0	0	0	0
Life	2023-07-01	10221094	108532	8622	0	0	0	0	0	0	0	0	0	0	0	0	0	0	0	0	11	0	0	0	0	0	0	0	0	0	0	0	0	0	0	0	0	0
Life	2023-07-01	10221439	42594	4000	0	1	0	0	0	0	0	0	0	0	0	0	0	0	0	0	3	0	0	0	0	0	0	0	1	0	0	0	0	0	0	0	0	0
Life	2023-07-01	10223551	201362	16759	0	4	0	16	0	0	3	1	0	0	2	1	0	0	1	0	136	0	0	1	0	0	2	0	0	0	0	0	0	0	0	0	0	0
Life	2023-07-01	10222365	114726	10379	0	2	0	3	0	0	3	2	0	0	3	0	0	0	0	0	62	0	0	0	0	0	1	2	0	0	0	0	0	0	0	0	0	0
Life	2023-07-01	10221048	94177	8610	0	0	0	4	0	0	0	0	0	5	0	2	0	0	0	0	18	0	0	1	0	0	0	0	0	0	0	0	0	0	0	0	0	0
Life	2023-07-01	10220888	134134	11252	0	3	0	1	0	0	2	3	0	0	0	1	0	0	0	0	26	0	0	1	0	0	0	0	0	0	0	0	0	0	0	0	0	0
Life	2023-07-01	10222527	187958	14411	0	9	0	1	0	0	1	0	0	0	5	1	0	0	0	0	13	0	0	2	0	0	0	0	0	0	0	0	0	0	0	0	0	0
Life	2023-07-01	10223370	176120	14437	0	3	0	0	0	0	0	0	0	1	2	2	0	0	2	0	40	0	0	0	0	0	0	0	0	0	0	0	0	0	0	0	0	0
Life	2023-07-01	10221709	72961	6771	0	5	0	5	0	0	0	2	0	1	0	0	0	0	0	0	23	0	0	0	0	0	0	0	0	0	0	0	0	0	0	0	0	0
Life	2023-07-01	10220944	120998	8872	0	1	0	0	0	0	0	4	0	0	7	0	0	0	1	0	29	0	1	1	0	0	0	0	0	0	0	0	0	0	0	0	0	0
Life	2023-07-01	10223807	184631	15631	0	2	0	4	0	0	1	1	0	0	8	0	0	0	0	0	47	0	0	0	0	0	1	2	0	0	0	0	0	2	0	0	0	0
Life	2023-07-01	10222958	78156	7627	0	4	0	1	0	0	1	0	0	1	0	2	0	0	0	0	15	0	0	0	0	0	0	0	0	0	0	0	0	0	0	0	0	0
Life	2023-07-01	10220551	65117	5953	0	0	1	2	0	0	2	1	0	0	0	2	0	0	0	0	34	0	0	0	0	0	0	0	0	0	0	0	0	0	0	0	0	0
Life	2023-07-01	10222893	106352	8946	0	1	0	3	0	0	0	0	0	0	0	0	0	0	0	0	32	0	0	0	0	0	0	0	1	0	0	0	0	1	0	0	0	0
Life	2023-07-01	10222535	114219	9602	0	11	1	1	0	0	3	6	0	0	0	8	0	0	1	0	61	0	0	1	0	1	0	0	0	0	0	0	0	0	0	0	0	0
Life	2023-07-01	10224454	79447	7369	0	1	1	0	0	0	0	0	0	12	1	2	0	0	2	0	23	0	0	0	0	0	0	0	0	0	0	0	0	0	0	0	0	0
Life	2023-07-01	10221087	166610	14936	0	3	0	0	0	0	3	0	0	0	1	1	0	0	1	0	4	0	0	1	0	0	1	0	1	0	0	1	1	1	1	0	0	0
Life	2023-07-01	10224061	164174	14389	0	7	0	0	0	0	2	2	0	0	4	3	0	0	0	0	22	0	0	0	0	0	0	2	0	0	0	0	0	0	1	0	0	0
Life	2023-07-01	10222973	160664	12640	0	1	0	0	0	0	0	0	0	2	2	3	0	0	0	0	25	0	0	0	0	0	0	0	0	0	0	0	0	0	0	0	0	0
Life	2023-07-01	10220971	101460	8122	0	2	1	4	0	0	0	0	0	0	2	3	0	0	0	0	28	0	0	0	0	0	1	0	0	0	0	0	0	0	0	0	0	0
Life	2023-07-01	10221349	124385	10557	0	1	0	1	0	0	1	0	0	0	5	0	0	0	1	0	25	0	0	0	0	0	0	0	0	0	0	0	0	0	0	0	0	0
Life	2023-07-01	10223998	226704	17452	0	2	0	2	0	0	2	0	0	0	0	0	0	0	0	0	7	0	0	0	0	0	2	0	0	0	0	0	0	0	0	0	0	0
Life	2023-07-01	10220758	126192	11291	0	6	0	0	0	0	0	0	0	0	2	2	0	0	0	0	37	0	0	0	0	0	0	0	2	0	0	0	0	0	0	0	1	0
Life	2023-07-01	10223131	110205	9514	0	2	0	1	0	0	0	1	0	0	1	2	0	0	0	0	28	0	0	0	0	0	0	0	0	0	0	0	0	0	0	0	0	0
Life	2023-07-01	10223429	69152	5930	0	0	0	0	0	0	0	0	0	0	0	0	0	1	0	0	14	0	0	1	0	0	0	0	0	0	0	0	0	0	0	0	0	0
Life	2023-07-01	10223215	111362	10732	0	12	0	1	0	1	0	7	0	2	0	2	0	0	0	0	30	0	0	5	0	0	0	0	0	0	0	0	0	0	0	0	0	0
Life	2023-07-01	10221983	59887	5771	0	1	1	2	0	0	0	0	0	0	1	6	0	0	0	0	13	0	0	1	0	0	0	0	0	0	0	0	0	0	0	0	0	0
Life	2023-07-01	10221237	149687	13403	0	4	0	0	0	0	8	0	0	0	0	3	0	0	1	0	6	0	0	0	0	0	1	0	1	0	0	0	0	0	1	0	0	0
Life	2023-07-01	10221197	122566	10241	0	7	0	5	0	0	5	1	0	0	0	6	0	0	0	0	59	0	0	1	0	0	0	0	0	0	0	0	0	0	0	0	0	0
Life	2023-07-01	10223075	137848	11022	0	1	2	2	0	0	0	1	0	0	2	3	0	0	0	0	8	0	0	0	0	0	0	0	0	0	0	0	0	0	0	0	0	0
Life	2023-07-01	10220921	104728	9162	0	6	0	0	0	0	0	2	0	1	3	0	0	0	0	0	24	0	0	1	0	0	0	0	0	0	0	0	0	0	0	0	0	0
Life	2023-07-01	10221974	42206	3229	0	3	0	1	0	0	1	1	0	0	0	5	0	0	0	0	15	0	0	2	0	0	0	0	0	0	0	0	0	0	0	0	0	0
Life	2023-07-01	10220656	93821	8491	0	3	0	1	0	0	0	1	0	0	1	3	0	0	0	0	38	0	0	0	0	0	0	0	0	0	0	0	0	0	0	0	0	0
Life	2023-07-01	10222804	70085	5660	0	2	1	0	0	0	0	1	0	0	1	1	0	0	0	0	27	0	0	0	0	0	0	0	0	0	0	0	0	0	0	0	0	0
Life	2023-07-01	10222654	112196	9874	0	1	0	0	0	0	1	1	0	0	0	2	0	0	0	0	41	0	0	0	0	0	1	0	0	0	0	0	0	0	0	0	0	0
Life	2023-07-01	10220780	162937	13256	0	1	2	7	0	0	7	1	0	0	0	11	0	0	0	0	105	0	0	4	0	0	4	1	1	0	0	0	0	0	0	0	0	0
Life	2023-07-01	10222250	278932	22622	0	2	0	5	0	0	0	3	0	0	3	1	0	0	1	0	38	0	0	0	0	1	0	0	0	0	0	0	0	0	0	0	0	0
Life	2023-07-01	10221867	118646	9830	0	6	0	0	0	0	0	0	0	1	2	5	0	0	0	0	30	0	0	3	0	0	0	3	0	0	0	0	0	0	0	0	0	0
Life	2023-07-01	10222814	84193	7645	0	0	0	1	0	0	1	0	0	0	1	1	0	0	0	0	37	0	0	3	0	0	0	0	1	0	0	0	0	0	0	0	0	0
Life	2023-07-01	10224521	154463	13057	0	12	0	3	0	0	3	0	0	0	1	4	0	0	0	0	43	0	0	3	0	0	0	0	0	0	0	0	0	0	0	1	0	0
Life	2023-07-01	10222451	90867	8829	0	2	0	0	0	0	2	2	0	1	0	1	0	0	1	0	8	0	0	0	0	0	0	0	0	0	0	0	0	0	0	0	0	0
Life	2023-07-01	10221792	124548	11337	0	11	0	5	0	1	8	4	0	0	4	9	0	0	0	0	27	0	0	0	0	0	0	0	0	0	0	0	1	0	0	0	0	0
Life	2023-07-01	10223703	128578	11680	0	6	2	2	0	0	1	0	0	2	5	1	0	0	0	0	9	0	0	1	0	0	0	0	0	0	0	0	0	0	0	0	0	0
Life	2023-07-01	10224525	107821	9803	0	0	0	1	0	0	1	0	0	0	5	0	0	0	1	0	58	0	0	0	0	0	0	0	1	0	0	0	0	0	0	0	0	0
Life	2023-07-01	10222229	157758	11846	0	0	0	0	0	0	4	0	0	0	0	1	0	0	0	0	20	0	0	2	0	0	0	0	0	0	0	0	1	0	0	0	0	0
Life	2023-07-01	10224127	240123	18846	0	1	0	0	0	0	2	0	0	0	0	1	0	0	0	1	13	0	0	0	0	0	0	0	0	0	0	0	0	0	0	0	0	0
Life	2023-07-01	10223331	175974	15154	0	10	2	0	0	0	0	0	0	0	2	4	0	0	0	0	49	0	0	0	0	0	0	0	1	0	0	0	0	0	0	0	0	0
Life	2023-07-01	10221969	161408	13831	0	4	0	6	0	0	1	3	0	0	0	2	0	0	0	0	70	0	0	0	0	0	3	2	1	0	0	0	1	0	0	0	0	0
Life	2023-07-01	10222787	98485	8321	0	8	0	1	0	0	0	2	0	0	6	0	0	0	0	0	43	0	0	0	0	0	0	0	0	0	0	0	0	0	0	0	0	0
Life	2023-07-01	10221685	96195	8525	0	4	0	1	0	0	1	3	0	0	2	0	0	0	0	0	27	0	0	0	0	0	0	0	1	0	0	0	0	0	0	0	0	1
Life	2023-07-01	10222379	116254	9661	0	13	0	3	0	0	0	0	0	0	0	0	0	0	0	0	93	0	0	0	0	0	1	1	1	0	0	0	0	0	0	0	0	0
Life	2023-07-01	10223243	154395	12534	0	0	0	0	0	0	0	1	0	0	0	0	0	0	0	0	37	0	0	0	0	0	0	0	1	0	0	0	0	0	1	0	0	0
Life	2023-07-01	10224240	221728	16589	0	2	1	1	0	0	2	2	0	1	4	2	0	0	0	0	51	0	0	0	0	0	0	3	1	0	0	0	0	0	0	0	0	0
Life	2023-07-01	10221333	96795	8387	0	3	0	1	0	0	0	0	0	0	1	0	0	0	0	0	23	0	0	1	0	0	0	0	0	0	0	0	1	0	0	0	0	0
Life	2023-07-01	10222702	189802	17211	0	8	0	0	0	0	1	18	0	8	5	2	0	0	0	0	59	0	0	3	0	0	1	0	0	0	0	0	1	1	0	0	0	0
Life	2023-07-01	10223021	110294	9521	0	4	0	0	0	0	0	1	0	0	3	7	0	0	1	0	64	0	0	0	0	0	0	0	0	0	0	0	0	2	0	0	0	0
Life	2023-07-01	10221572	123688	9806	0	1	0	1	0	0	0	3	0	1	1	1	0	0	1	0	29	0	0	0	0	0	0	0	0	0	0	0	0	0	0	0	0	0
Life	2023-07-01	10222276	105533	8503	0	18	0	0	0	0	1	0	0	0	0	0	0	0	0	0	6	0	0	0	0	0	0	0	0	0	0	0	0	0	0	0	0	0
Life	2023-07-01	10221079	125589	11788	0	1	0	1	0	0	0	0	0	0	0	3	0	0	0	0	26	0	0	12	0	0	0	1	0	0	0	0	0	0	0	0	0	0
Life	2023-07-01	10222669	219578	20243	0	8	1	0	0	0	1	2	0	1	2	4	0	0	1	0	62	0	0	0	0	0	1	0	0	0	0	0	0	0	0	0	0	0
Life	2023-07-01	10221900	215446	18609	0	7	1	2	0	0	1	4	0	0	7	4	0	0	0	0	48	0	0	4	0	0	1	0	0	0	0	0	0	0	0	1	3	2
Life	2023-07-01	10224494	179134	15502	0	5	0	11	0	0	0	1	0	1	2	0	0	0	1	0	45	0	0	0	0	0	0	0	1	0	0	0	0	0	0	0	0	0
Life	2023-07-01	10223137	331651	26371	0	16	0	2	0	0	2	10	0	13	0	12	0	0	1	0	170	0	0	1	0	0	2	0	0	0	0	0	2	0	0	0	0	0
Life	2023-07-01	10222212	100237	8414	0	20	0	3	0	0	1	0	0	0	0	1	0	0	0	0	31	0	0	0	0	0	0	0	0	0	0	0	0	0	0	0	0	0
Life	2023-07-01	10223569	254440	21196	0	1	0	4	0	0	1	0	0	2	2	6	0	0	0	0	51	0	0	1	0	0	0	0	0	0	0	0	0	0	0	0	0	0
Life	2023-07-01	10224221	199946	16589	0	0	0	1	0	0	0	4	0	0	4	1	0	0	0	0	38	0	0	1	0	0	0	0	0	0	0	0	0	0	0	0	0	0
Life	2023-07-01	10223061	100455	9792	0	1	1	3	0	0	2	0	0	0	0	0	0	0	0	0	10	0	0	0	0	0	0	0	0	0	0	0	0	0	0	0	0	0
Life	2023-07-01	10224295	69616	6243	0	1	0	2	0	0	0	0	0	1	1	1	0	0	0	0	15	0	0	0	0	0	1	0	0	0	0	0	0	0	0	0	0	0
Life	2023-07-01	10301250	193484	14518	0	1	0	1	0	0	3	1	0	0	3	1	0	0	0	0	37	0	0	0	0	0	0	0	0	0	0	0	1	1	0	0	0	0
Life	2023-07-01	10300798	96787	9557	0	10	0	5	0	0	0	2	0	2	8	1	0	0	0	0	33	0	0	0	0	0	0	0	0	0	0	0	0	0	0	0	0	0
Life	2023-07-01	10305389	256347	22991	0	11	0	3	0	0	0	0	0	40	0	4	0	0	0	0	113	0	0	6	0	0	2	0	0	0	0	0	0	0	0	0	0	0
Life	2023-07-01	10303590	90804	7994	0	0	0	1	0	0	2	0	0	0	0	9	0	0	0	0	34	0	0	2	0	0	1	0	0	0	0	0	0	0	0	0	0	0
Life	2023-07-01	10303686	106818	9357	0	4	0	2	0	0	0	3	0	1	1	2	0	0	0	0	30	0	0	0	0	0	0	0	0	0	0	0	0	0	0	0	0	0
Life	2023-07-01	10301296	104399	9324	0	5	1	1	0	0	1	1	0	0	0	0	0	0	0	0	29	0	0	1	0	0	3	7	0	0	0	0	0	0	0	0	0	0
Life	2023-07-01	10301070	98120	8508	0	0	0	0	0	0	0	1	0	0	3	0	0	0	0	0	25	0	0	2	0	0	1	0	0	0	0	0	0	0	0	0	0	0
Life	2023-07-01	10304584	106670	10180	0	0	0	3	0	0	0	3	0	0	0	2	0	0	0	0	30	0	0	0	0	1	0	0	0	0	0	0	0	0	0	0	0	0
Life	2023-07-01	10303005	154464	13060	0	4	0	0	0	0	0	0	0	0	4	0	0	0	0	0	24	0	0	1	0	0	0	0	0	0	0	0	0	0	0	0	0	0
Life	2023-07-01	10301336	180765	14409	0	0	1	1	0	0	0	0	0	1	1	1	0	0	0	0	4	0	0	0	0	0	0	0	0	0	0	0	0	0	0	0	0	0
Life	2023-07-01	10303290	60836	5658	0	1	0	0	0	0	0	0	0	0	2	0	0	0	0	0	9	0	0	0	0	0	0	0	0	0	0	0	0	0	0	0	0	0
Life	2023-07-01	10305362	178477	15121	0	8	0	1	0	0	0	1	0	0	2	6	0	0	0	0	43	0	0	1	0	0	0	1	0	0	0	0	0	0	0	1	0	0
Life	2023-07-01	10302752	172299	14735	0	7	1	4	0	0	1	0	0	0	2	3	0	0	0	0	20	0	0	0	0	0	0	0	0	0	0	0	0	1	0	0	0	0
Life	2023-07-01	10302647	103080	9164	0	14	0	4	0	0	3	0	0	1	0	7	0	0	0	0	28	0	0	1	0	0	0	0	0	0	0	0	0	0	0	0	0	0
Life	2023-07-01	10304975	65631	5555	0	2	0	3	0	0	1	0	0	4	0	2	0	0	1	0	18	0	0	1	0	0	0	0	0	0	0	0	0	0	0	0	0	0
Life	2023-07-01	10303277	123394	9967	0	7	0	2	0	0	4	0	0	0	0	2	0	0	0	0	15	0	0	2	0	0	0	0	0	0	0	0	0	0	0	0	0	0
Life	2023-07-01	10305691	125608	9874	0	7	0	0	0	0	1	0	0	0	0	2	0	0	0	0	19	0	0	1	0	0	0	0	0	0	0	0	0	0	0	0	0	0
Life	2023-07-01	10304184	55600	4942	0	4	0	10	0	0	0	0	0	0	0	3	0	0	0	0	26	0	0	0	0	0	0	0	0	0	0	0	0	0	0	0	0	0
Life	2023-07-01	10301113	169972	13822	0	8	0	0	0	0	0	2	0	1	2	0	0	0	1	0	20	0	0	1	0	0	0	0	0	0	0	0	0	0	0	0	0	0
Life	2023-07-01	10302096	79279	7330	0	9	0	0	0	0	0	0	0	0	0	0	0	0	0	0	7	0	0	2	0	0	0	0	0	0	0	0	0	0	0	0	0	0
Life	2023-07-01	10305153	73893	6297	0	0	0	0	0	0	0	1	0	0	0	0	0	0	0	0	18	0	0	0	0	0	0	1	1	0	0	0	0	0	0	0	0	0
Life	2023-07-01	10302177	37442	3793	0	0	0	0	0	0	1	0	0	0	0	0	0	0	0	0	13	0	0	0	0	0	2	0	1	0	0	0	0	0	0	0	0	0
Life	2023-07-01	10301889	118554	9712	0	3	0	1	0	0	0	0	0	0	0	0	0	0	0	0	38	0	0	0	0	0	0	0	0	0	0	0	0	0	0	0	0	0
Life	2023-07-01	10301167	149582	11438	0	6	3	10	0	0	3	1	0	0	4	8	0	0	0	0	32	0	0	1	0	0	0	0	0	0	0	0	0	0	0	0	0	0
Life	2023-07-01	10303031	120966	9900	0	2	0	4	0	0	0	0	0	2	1	0	0	0	0	0	11	0	0	0	0	0	0	0	4	0	0	0	0	0	0	0	0	0
Life	2023-07-01	10301011	129152	11835	0	8	0	1	0	0	0	0	0	0	3	0	0	0	0	0	34	0	0	0	0	0	0	0	0	0	0	0	0	0	0	0	0	0
Life	2023-07-01	10301971	134223	11222	0	9	0	0	0	0	0	0	0	0	4	2	0	0	1	0	46	0	0	0	0	0	0	0	0	0	0	0	0	0	0	0	0	0
Life	2023-07-01	10301470	115053	9967	0	3	0	7	0	0	2	0	0	0	6	0	0	0	2	1	101	0	0	0	0	0	2	0	0	0	0	0	1	0	0	0	0	0
Life	2023-07-01	10304917	55924	5174	0	3	0	1	0	0	0	1	0	0	0	3	0	0	0	0	8	0	0	0	0	0	0	0	0	0	0	0	0	0	0	0	0	0
Life	2023-07-01	10305398	137887	12598	0	6	2	1	0	0	2	0	0	28	2	0	0	0	0	0	15	0	0	1	0	0	0	0	0	0	0	0	0	1	0	0	0	0
Life	2023-07-01	10300786	122277	10010	0	1	0	6	0	0	0	0	0	0	1	1	0	0	0	0	40	0	0	1	0	0	1	0	0	0	0	0	0	0	0	0	0	0
Life	2023-07-01	10301979	339416	25984	0	8	0	4	0	0	0	0	0	4	9	8	0	0	1	0	62	0	0	1	0	0	0	0	0	0	0	0	0	0	0	0	0	0
Life	2023-07-01	10305066	196637	16259	0	2	0	3	0	0	0	0	0	1	1	0	0	0	0	0	52	0	0	0	0	0	1	0	0	0	0	0	0	0	0	0	0	0
Life	2023-07-01	10301115	120047	9640	0	1	0	0	0	1	0	0	0	0	0	4	0	0	0	0	35	0	0	3	0	0	1	0	0	0	0	0	0	0	0	0	0	0
Life	2023-07-01	10304474	115629	9673	0	9	0	3	0	0	0	0	0	0	2	2	0	0	0	0	38	0	0	0	0	0	0	0	0	0	0	0	0	0	0	0	0	0
Life	2023-07-01	10304676	132354	10548	0	2	0	6	0	0	1	0	0	0	0	1	0	0	0	0	23	0	0	3	0	0	0	0	0	0	0	0	0	0	0	0	0	0
Life	2023-07-01	10303961	152995	12944	0	3	0	1	0	0	0	3	0	0	1	2	0	0	0	0	36	0	0	1	0	0	0	0	1	0	0	0	0	0	0	0	0	0
Life	2023-07-01	10302265	232578	19707	0	11	0	0	0	0	0	0	0	0	0	2	0	0	0	0	45	0	0	0	0	0	0	2	0	0	0	0	0	0	0	0	0	0
Life	2023-07-01	10305199	10766	855	0	0	0	0	0	0	0	0	0	0	0	0	0	0	0	0	0	0	0	0	0	0	0	0	0	0	0	0	0	0	0	0	0	0
Life	2023-07-01	10301972	108945	9826	0	5	0	4	0	0	1	0	0	0	0	6	0	0	0	0	31	0	0	0	0	0	2	0	0	0	0	0	0	0	0	0	0	0
Life	2023-07-01	10301236	164441	11998	0	5	0	6	0	0	2	1	0	0	0	5	0	0	0	0	32	0	0	2	0	0	0	0	0	0	0	0	0	0	0	0	0	0
Life	2023-07-01	10304984	142409	12019	0	6	0	0	0	0	0	0	0	1	1	1	0	0	0	0	27	0	0	2	0	0	1	0	0	0	0	0	0	0	0	0	1	0
Life	2023-07-01	10301533	74099	6611	0	0	0	1	0	0	0	0	0	1	0	0	0	0	0	0	17	0	0	0	0	1	1	0	0	0	0	0	0	0	0	0	0	0
Life	2023-07-01	10303716	117729	10320	0	4	0	1	0	0	0	0	0	0	1	0	0	0	2	0	36	0	0	2	0	0	0	0	0	0	0	0	0	0	0	0	0	0
Life	2023-07-01	10302944	85037	7877	0	5	0	0	0	0	0	1	0	0	0	0	0	0	0	0	24	0	0	0	0	0	0	0	0	0	0	0	0	0	0	0	0	0
Life	2023-07-01	10302009	184031	15965	1	1	1	0	0	0	0	0	0	1	1	0	1	0	0	0	25	0	0	3	0	0	0	0	1	0	0	0	0	0	0	0	0	0
Life	2023-07-01	10304728	127742	9010	0	1	0	0	0	0	0	1	0	0	3	1	0	0	0	0	13	1	2	0	0	0	0	0	0	0	0	0	0	0	0	0	0	0
Life	2023-07-01	10301942	127588	10828	0	8	0	1	0	0	2	0	0	0	3	4	0	0	1	0	41	0	0	0	0	0	2	2	0	0	0	0	0	0	0	0	0	0
Life	2023-07-01	10302946	276421	20972	0	0	0	0	0	0	0	1	0	0	0	0	0	0	0	0	23	0	1	0	0	0	0	0	0	0	0	0	0	0	0	0	0	0
Life	2023-07-01	10305526	163980	14171	0	0	2	1	0	0	0	2	0	0	0	2	0	0	1	0	31	0	0	0	0	1	0	0	1	0	0	0	0	0	0	0	0	0
Life	2023-07-01	10302645	134076	10474	0	2	0	4	0	0	0	0	0	0	1	0	0	0	0	0	18	0	0	0	0	0	1	0	0	0	0	0	0	0	0	0	0	0
Life	2023-07-01	10304770	136031	12629	0	2	0	5	0	0	0	1	0	0	0	0	0	0	0	0	57	0	0	0	0	0	2	0	0	0	0	0	0	0	0	0	0	0
Life	2023-07-01	10302385	71437	6322	0	2	0	0	0	0	0	0	0	0	0	8	0	0	0	0	8	0	0	0	0	1	0	0	0	0	0	0	0	0	0	0	0	0
Life	2023-07-01	10305607	62708	5247	0	1	0	2	0	0	0	0	0	0	1	0	0	0	0	0	12	0	0	0	0	0	1	0	0	0	0	0	0	0	0	0	0	0
Life	2023-07-01	10301157	100738	9838	0	1	0	0	0	0	0	0	0	1	0	0	0	0	0	0	19	0	0	2	0	0	3	17	0	0	0	0	0	0	0	0	0	0
Life	2023-07-01	10300874	209379	17324	0	4	0	8	0	0	0	0	0	0	0	5	0	0	2	0	61	0	0	0	0	0	0	0	0	0	0	0	0	0	0	0	0	0
Life	2023-07-01	10303661	55626	5061	0	0	0	0	0	0	1	1	0	0	0	1	0	0	0	0	6	0	0	0	0	0	0	0	0	0	0	0	0	0	0	0	0	0
Life	2023-07-01	10302284	184587	16819	0	13	3	9	0	0	2	6	0	0	0	5	0	0	0	0	44	0	0	1	0	0	5	2	1	0	0	0	0	0	0	0	0	0
Life	2023-07-01	10301419	182705	14289	0	1	0	0	0	0	0	1	0	1	0	1	0	0	0	0	19	0	0	2	0	0	0	0	0	0	0	0	0	0	0	0	0	0
Life	2023-07-01	10300766	191395	16321	0	2	0	3	0	0	0	1	0	1	1	0	0	0	0	0	61	0	0	0	0	0	2	0	0	0	0	0	0	0	0	0	1	0
Life	2023-07-01	10301203	99952	9113	0	0	0	2	0	0	0	1	0	0	6	3	0	0	2	0	21	0	0	0	0	0	2	0	0	0	0	0	0	0	0	0	0	0
Life	2023-07-01	10304319	137846	13951	0	4	2	2	0	0	5	8	0	0	5	0	0	2	0	0	55	0	0	0	0	0	3	0	0	0	0	0	0	0	0	0	0	0
Life	2023-07-01	10303452	113940	9574	0	3	0	0	0	0	1	10	0	2	0	6	0	0	0	0	9	0	1	0	0	0	0	0	0	0	0	0	0	0	0	0	0	0
Life	2023-07-01	10302642	85094	7742	0	1	1	4	0	0	0	3	0	1	1	6	0	0	2	0	38	0	0	3	0	0	0	0	1	0	0	0	0	0	0	0	0	0
Life	2023-07-01	10305414	114549	9601	0	8	1	0	0	0	1	1	0	0	0	2	0	0	2	0	27	0	1	1	0	0	0	0	0	0	0	0	0	0	0	0	0	0
Life	2023-07-01	10301015	86241	7645	0	3	0	1	0	0	1	1	0	2	0	1	0	0	0	0	21	0	0	1	0	0	0	0	1	0	0	0	0	0	0	0	0	0
Life	2023-07-01	10301283	129899	11981	0	4	0	1	0	0	1	0	0	1	2	0	0	0	0	0	13	0	0	1	0	0	0	0	0	0	0	0	0	0	0	0	0	0
Life	2023-07-01	10305610	144454	10753	0	2	0	1	0	0	0	0	0	1	0	0	0	0	0	0	27	0	0	1	0	0	0	0	0	0	0	0	0	0	0	0	0	0
Life	2023-07-01	10303560	168222	12703	0	6	0	6	0	0	0	0	0	0	2	14	0	0	0	0	45	0	0	0	0	0	0	0	1	0	0	0	0	0	0	0	0	0
Life	2023-07-01	10305229	194022	15247	0	0	0	3	0	0	0	0	0	0	4	0	0	0	0	0	33	0	0	0	0	0	0	0	1	0	0	0	0	0	0	0	0	0
Life	2023-07-01	10304550	185296	15361	1	2	0	0	0	0	1	1	0	1	2	1	0	0	0	0	29	0	0	2	0	0	0	0	0	0	0	0	0	0	0	0	0	0
Life	2023-07-01	10301720	220112	18457	0	9	0	12	0	0	3	3	0	1	1	6	0	0	0	0	35	0	0	0	0	0	0	0	0	0	0	0	0	0	0	0	0	0
Life	2023-07-01	10304259	127665	10129	0	3	0	0	0	0	0	0	0	13	0	0	0	0	0	0	15	0	0	0	0	0	0	0	0	0	0	0	0	0	0	0	1	0
Life	2023-07-01	10305342	156144	12920	0	10	0	2	0	0	0	3	0	0	3	0	0	1	0	0	19	0	0	0	0	0	3	0	0	0	0	0	0	0	0	0	0	1
Life	2023-07-01	10302776	206448	17482	0	3	0	3	0	0	5	4	0	0	6	4	0	0	0	0	57	0	0	0	0	0	3	0	1	0	0	0	0	0	0	0	0	0
Life	2023-07-01	10305261	144086	10846	0	0	0	0	0	0	0	0	0	1	3	0	0	0	1	0	32	0	0	1	0	0	0	0	1	0	0	0	0	0	0	0	0	0
Life	2023-07-01	10381830	105556	9205	0	3	0	0	0	0	2	0	0	0	1	0	0	0	0	0	13	0	0	0	0	0	0	0	0	0	0	0	0	0	0	0	1	0
Life	2023-07-01	10381352	95578	9158	0	4	0	6	0	0	0	3	0	1	1	4	0	0	0	0	20	0	0	0	0	0	0	0	0	0	0	0	0	0	0	0	0	0
Life	2023-07-01	10382032	169457	13039	0	1	0	0	0	0	2	0	0	3	0	1	0	0	0	0	55	0	0	0	0	0	0	0	0	0	0	0	0	0	0	0	0	0
Life	2023-07-01	10301598	85076	7793	0	9	1	1	0	0	3	3	0	0	0	11	0	0	0	0	49	0	0	2	0	0	0	0	0	0	0	0	0	0	0	0	0	0
Life	2023-07-01	10304114	102405	8409	0	9	0	2	0	0	0	0	0	0	0	2	0	0	1	0	17	0	0	0	0	0	0	0	0	0	0	0	0	0	0	0	0	0
Life	2023-07-01	10381478	88703	7854	0	3	0	3	0	0	0	1	0	0	15	0	0	0	0	0	21	0	0	1	0	0	0	0	0	0	0	0	0	0	1	0	3	0
Life	2023-07-01	10381754	194443	16810	0	0	0	2	0	0	3	1	0	3	1	14	0	0	0	0	17	0	0	0	0	0	0	0	0	0	0	0	0	0	0	0	0	0
Life	2023-07-01	10304127	73247	7063	0	5	0	5	0	0	2	6	0	10	3	2	0	0	0	0	20	0	0	0	0	0	0	0	0	0	0	0	0	0	0	0	0	0
Life	2023-07-01	10416151	108584	8964	0	6	0	3	0	0	0	3	0	2	0	1	0	0	0	0	45	0	0	1	0	0	2	0	0	0	0	0	0	0	0	0	0	0
Life	2023-07-01	10304185	53758	4728	0	4	0	0	0	0	0	2	0	1	0	0	0	0	0	0	10	0	0	0	0	0	0	0	0	0	0	0	0	0	0	0	1	0
Life	2023-07-01	10326818	62273	5048	0	0	0	0	0	0	1	0	0	1	0	0	0	0	0	0	7	0	0	0	0	0	0	0	0	0	0	0	0	0	0	0	0	0
Life	2023-07-01	10303306	176911	14469	0	14	0	2	0	0	4	10	0	0	1	4	0	0	0	0	28	0	0	0	0	0	0	0	0	0	0	0	0	0	0	0	0	0
Life	2023-07-01	10305352	259699	18855	0	1	0	0	0	0	1	1	0	0	0	2	0	0	0	0	46	0	1	1	0	0	0	0	0	0	0	0	0	0	0	0	0	0
Life	2023-07-01	10381215	94912	10210	0	0	0	2	0	0	0	0	0	0	0	0	0	0	0	0	6	0	0	3	0	0	0	0	0	0	0	0	0	0	1	0	0	0
Life	2023-07-01	10302755	218707	17589	0	1	0	1	0	0	0	0	0	1	1	1	0	0	0	0	30	0	0	0	0	0	0	0	0	0	0	0	0	0	0	0	0	0
Life	2023-07-01	10302621	89661	7627	0	5	0	2	0	0	0	2	0	0	0	3	0	0	1	0	30	0	0	0	0	1	0	0	0	0	0	0	0	0	0	0	0	0
Life	2023-07-01	10302310	96268	8488	0	0	1	0	0	0	2	0	0	2	6	4	0	0	0	0	26	0	0	2	0	0	0	0	0	0	0	0	0	0	0	0	0	0
Life	2023-07-01	10326820	217381	15605	0	2	1	0	0	0	1	0	0	5	1	4	0	0	0	0	4	0	0	0	0	0	0	0	0	0	0	0	0	0	0	0	0	0
Life	2023-07-01	10305021	170098	14830	0	1	0	5	0	0	0	1	0	1	1	0	0	0	0	0	26	0	0	1	0	0	0	0	1	0	0	0	0	0	0	0	0	0
Life	2023-07-01	10302828	182603	16446	0	2	0	2	0	0	0	2	0	0	5	2	0	0	0	0	79	0	0	0	0	0	1	0	0	0	0	0	0	0	0	0	0	0
Life	2023-07-01	10305138	114334	9807	0	5	0	1	0	0	0	3	0	0	0	0	0	0	1	0	28	0	0	0	0	0	0	0	1	0	0	0	0	0	0	0	0	0
Life	2023-07-01	10302046	118317	10733	0	1	0	5	0	0	0	2	0	0	5	0	0	0	0	0	26	0	0	0	0	0	0	0	1	0	0	0	1	0	0	0	0	0
Life	2023-07-01	10303443	137136	11602	0	0	1	0	0	0	0	1	0	0	0	4	0	0	0	0	29	0	0	0	0	0	0	0	0	0	1	0	0	0	0	0	0	0
Life	2023-07-01	10304334	139551	11757	0	1	0	1	0	0	1	0	0	0	0	1	0	0	0	0	24	0	0	0	0	1	0	0	1	0	0	0	0	1	0	0	0	0
Life	2023-07-01	10381424	86041	8167	0	3	1	0	0	0	4	7	0	0	3	1	0	0	0	0	52	0	0	0	0	0	0	0	0	0	0	0	0	0	0	0	0	0
Life	2023-07-01	10381810	123568	11322	0	4	0	5	0	0	0	2	0	0	1	4	0	0	0	0	24	0	0	0	0	0	0	0	1	0	0	0	0	2	0	0	0	0
Life	2023-07-01	10381595	161272	14070	0	12	0	1	0	1	0	2	0	10	0	8	0	0	2	0	39	0	0	1	0	0	0	0	0	0	0	0	0	0	0	0	0	0
Life	2023-07-01	10382020	49773	4955	0	0	0	0	0	0	0	0	0	3	0	0	0	0	0	0	1	0	0	0	0	0	0	0	0	0	0	0	0	0	0	0	0	0
Life	2023-07-01	10381474	108459	9034	0	2	0	0	0	0	1	0	0	3	3	0	0	0	0	0	11	0	0	3	0	0	0	0	1	0	0	0	0	0	0	0	0	0
Life	2023-07-01	10381218	118386	10187	0	1	2	0	0	0	0	0	0	0	1	0	0	0	0	0	10	0	0	0	0	1	0	3	0	0	0	0	0	0	0	0	0	0
Life	2023-07-01	10381344	38002	3701	0	1	0	0	0	0	1	0	0	0	0	0	0	0	0	0	2	0	0	0	0	0	1	0	0	0	0	0	0	0	0	0	0	0
Life	2023-07-01	10381342	163538	14304	0	5	0	0	0	1	2	5	0	2	2	13	0	0	0	0	50	0	0	0	0	0	1	0	0	0	0	0	0	0	0	0	0	0
Life	2023-07-01	10381434	199632	15930	0	2	0	0	0	0	0	0	0	2	0	0	0	0	0	0	8	0	0	0	0	0	2	0	1	0	0	0	0	0	0	0	0	0
Life	2023-07-01	10381631	151255	12644	0	0	0	1	0	0	5	1	0	3	2	1	0	0	0	0	26	0	0	1	0	0	0	0	0	0	0	0	0	0	0	0	0	0
Life	2023-07-01	10381563	150575	12117	0	7	0	4	0	0	0	0	0	0	0	1	0	0	0	0	42	0	0	1	0	0	0	0	0	0	0	0	0	0	0	0	0	0
Life	2023-07-01	10381532	111133	9692	0	4	0	1	0	0	1	2	0	0	9	0	0	0	1	0	41	0	0	0	0	0	1	0	0	0	0	0	0	0	0	0	0	0
Life	2023-07-01	10381117	151944	13158	0	7	1	1	0	0	0	0	0	0	0	0	0	0	0	0	31	0	0	0	0	0	3	0	1	0	0	0	0	0	0	0	0	0
Life	2023-07-01	10381769	134771	12045	0	6	1	3	0	0	1	2	0	0	4	1	0	0	1	0	49	0	0	0	0	0	0	0	0	0	0	0	0	0	0	0	0	0
Life	2023-07-01	10381616	32658	3464	0	0	0	0	0	0	0	0	0	0	0	0	0	0	0	0	1	0	1	0	0	0	0	0	0	0	0	0	0	0	0	0	0	0
Life	2023-07-01	10382047	34784	2653	0	2	1	0	0	0	0	3	0	0	0	0	0	0	0	0	16	0	0	1	0	0	2	0	0	0	0	0	0	0	0	0	0	0
Life	2023-07-01	10381296	128993	11511	0	1	0	2	0	0	0	0	0	0	0	2	0	0	0	0	16	0	0	0	0	0	0	0	0	0	0	0	0	0	0	0	0	0
Life	2023-07-01	10381240	136461	12081	0	16	0	1	0	0	0	0	0	0	0	1	0	0	0	0	81	0	0	2	0	0	0	0	1	0	0	0	0	0	0	0	0	0
Life	2023-07-01	10381841	102170	8297	0	0	0	0	0	0	0	0	0	0	0	0	0	0	0	0	13	0	0	0	0	0	0	0	0	0	0	0	0	0	0	0	0	0
Life	2023-07-01	10381907	412302	29794	0	1	0	1	0	1	2	0	0	0	1	2	0	0	0	0	12	0	0	1	0	0	0	0	0	0	0	0	0	0	0	0	0	0
Life	2023-07-01	10381336	91708	8615	0	10	0	2	0	0	2	0	0	0	7	0	0	0	0	0	32	0	0	0	0	0	1	0	0	0	0	0	0	0	0	0	0	0
Life	2023-07-01	10381269	106084	9727	0	3	1	0	0	0	0	1	0	0	0	7	0	0	0	0	21	0	0	2	0	0	0	0	0	0	0	0	0	0	0	0	0	0
Life	2023-07-01	10381145	267736	23634	0	10	1	0	0	0	1	1	0	4	7	10	0	0	15	0	81	0	0	2	0	0	0	0	0	0	0	0	0	0	0	0	0	0
Life	2023-07-01	10381802	73530	6376	0	1	0	0	0	0	0	0	0	0	0	0	0	0	0	0	24	0	0	1	0	0	0	0	0	0	0	0	0	0	0	0	0	0
Life	2023-07-01	10381216	87140	9335	0	20	0	0	0	0	0	0	0	6	0	5	0	0	0	0	13	0	0	0	0	0	0	0	0	0	0	0	0	0	0	0	0	0
