journal	date	pmc_id	Nchars	Nwords	delve	analyse	acknowledge	assess	appraise	dissect	explore	examine	extricate	expose	estimate	investigate	inquire	inspect	interpret	scrutinise	study	unearth	uncover	understand	ponder	research	reason	retrieve	avoid	discount	disregard	dismiss	ignore	neglect	overlook	omit	skip	reject
Life	2023-04-01	9862471	214986	16829	0	3	1	0	0	0	4	0	0	1	0	2	0	0	0	0	48	0	0	3	0	0	0	0	0	0	0	0	0	1	0	0	0	0
Life	2023-04-01	9866023	69611	6555	0	2	0	1	0	0	2	0	0	0	0	1	0	0	0	0	16	0	0	0	0	0	1	0	0	0	1	0	0	0	0	0	0	0
Life	2023-04-01	9861255	92600	7976	0	0	0	0	0	0	1	1	0	0	0	0	0	0	0	0	5	0	1	1	0	0	0	0	0	0	0	0	0	0	0	0	0	0
Life	2023-04-01	9866105	269123	23615	0	11	0	11	0	0	0	5	0	0	3	8	0	0	0	0	106	0	0	0	0	0	0	1	1	0	0	0	0	0	0	0	0	0
Life	2023-04-01	9867041	90747	6604	0	3	0	0	0	0	1	0	0	1	14	0	0	0	0	0	9	0	0	0	0	0	0	0	0	0	0	0	0	0	0	0	0	0
Life	2023-04-01	9866038	150004	13268	0	9	0	1	0	0	0	0	0	5	0	0	0	0	0	0	12	0	0	0	0	0	0	0	0	0	0	0	0	0	0	0	0	0
Life	2023-04-01	9865106	22480	1956	0	0	0	0	0	0	0	2	0	0	0	3	0	0	0	0	2	0	0	1	0	0	0	0	0	0	0	0	0	0	0	0	0	0
Life	2023-04-01	9865323	144672	11907	0	2	0	0	0	0	1	2	0	0	2	1	0	0	0	0	31	0	0	0	0	0	0	0	0	0	0	0	0	0	0	0	0	0
Life	2023-04-01	9864249	84464	7527	0	3	0	3	0	0	0	0	0	0	1	1	0	0	0	0	13	0	0	0	0	0	0	0	0	0	0	0	0	0	0	0	0	0
Life	2023-04-01	9865985	377742	27364	0	0	0	0	0	0	3	1	0	2	2	0	0	0	0	0	23	0	0	1	0	0	0	0	1	0	0	0	0	0	0	0	0	0
Life	2023-04-01	9863006	160578	13345	0	5	0	4	0	0	0	3	0	0	0	1	0	0	1	0	31	0	0	0	0	0	0	0	0	0	0	0	0	0	0	0	0	0
Life	2023-04-01	9861084	90850	8549	0	5	0	0	0	0	6	0	0	0	0	1	0	0	0	0	46	0	0	0	0	0	0	0	1	0	0	0	0	0	0	0	0	0
Life	2023-04-01	9861877	131127	11855	0	1	0	0	0	0	0	0	0	0	0	1	0	0	1	0	30	0	0	7	0	1	1	0	0	0	0	0	0	0	0	0	0	0
Life	2023-04-01	9864701	295915	25224	0	11	0	3	0	0	0	12	0	1	1	3	0	0	0	0	40	0	0	1	0	1	0	1	0	0	0	0	0	0	0	0	0	0
Life	2023-04-01	9860873	216017	18955	0	0	1	4	0	0	0	0	0	0	0	1	0	0	1	0	43	0	0	1	0	0	0	0	13	0	0	0	0	0	0	0	0	0
Life	2023-04-01	9863747	122150	11329	0	13	1	4	0	0	1	0	0	0	0	0	0	0	0	0	19	0	1	4	0	0	0	0	0	0	0	0	0	0	0	0	0	0
Life	2023-04-01	9864434	210176	16232	0	1	0	0	0	0	0	2	0	0	0	0	0	0	0	0	7	0	0	2	0	0	1	0	0	0	0	0	0	0	0	0	0	0
Life	2023-04-01	9861435	102745	8965	0	5	0	0	0	1	0	3	0	0	0	1	0	0	0	0	14	0	0	0	0	0	0	3	0	0	0	0	0	0	0	0	0	0
Life	2023-04-01	9867147	126685	11008	0	5	0	1	0	0	0	0	0	5	0	1	0	0	0	0	81	0	0	0	0	0	0	0	0	0	0	0	0	0	0	0	0	0
Life	2023-04-01	9863727	93602	8810	0	4	0	3	0	0	0	0	0	1	0	0	0	0	0	0	13	0	0	0	0	0	1	0	0	0	0	0	0	1	0	0	0	0
Life	2023-04-01	9866018	116546	10191	0	9	1	2	0	0	2	3	0	0	0	2	0	0	0	0	21	0	0	0	0	2	0	1	0	0	0	0	0	0	0	0	0	0
Life	2023-04-01	9866207	161068	13236	0	4	0	1	0	0	1	1	0	2	0	0	0	0	0	0	59	0	0	5	0	0	0	0	0	0	0	0	0	0	0	0	0	0
Life	2023-04-01	9866932	238883	18977	0	1	0	1	0	0	2	0	0	4	1	3	0	0	0	0	15	0	0	2	0	0	2	0	2	0	0	0	0	0	0	0	0	0
Life	2023-04-01	9861876	77010	6190	0	8	1	0	0	0	0	1	0	0	0	0	0	0	0	0	16	0	0	0	0	0	0	0	0	0	0	0	0	0	0	0	0	0
Life	2023-04-01	9866151	175920	13992	0	4	0	1	0	0	0	0	0	0	0	20	0	0	0	0	65	0	0	1	0	0	1	2	0	0	0	0	0	0	0	0	0	0
Life	2023-04-01	9860783	326173	23688	0	2	0	0	0	0	1	0	0	1	0	1	0	0	0	0	13	0	0	0	0	0	0	0	0	0	0	0	0	0	0	0	0	0
Life	2023-04-01	9864006	360949	29846	0	4	0	2	0	0	2	5	0	0	5	22	0	0	1	0	129	0	0	0	0	1	1	0	0	0	0	0	0	0	0	0	0	0
Life	2023-04-01	9867336	160451	14494	0	3	0	2	0	0	3	0	0	0	9	3	0	0	0	0	25	0	0	2	0	0	0	0	0	0	0	0	0	0	0	0	0	0
Life	2023-04-01	9865207	83218	7526	0	4	0	3	0	0	0	0	0	0	8	0	0	0	0	0	36	0	0	0	0	0	1	0	1	0	0	0	0	0	0	0	0	0
Life	2023-04-01	9864231	265941	20260	1	6	0	0	0	0	1	1	0	14	0	0	0	0	0	0	27	1	1	4	0	0	0	0	0	0	0	0	0	0	0	0	0	0
Life	2023-04-01	9861838	107618	9954	0	3	1	0	0	0	1	0	0	1	0	3	0	0	2	0	14	0	0	9	0	0	1	0	1	0	0	0	0	0	0	0	0	0
Life	2023-04-01	9861032	95213	8346	0	2	0	5	0	1	0	0	0	0	0	0	0	0	0	0	31	0	0	1	0	0	0	0	0	0	0	0	0	0	0	0	0	0
Life	2023-04-01	9866752	93769	8553	0	3	0	0	0	0	4	0	0	0	1	1	0	0	0	0	12	0	0	2	0	0	0	0	0	0	0	0	0	0	0	0	0	0
Life	2023-04-01	9866875	200842	16794	0	5	1	0	0	0	0	5	0	0	2	4	0	0	0	0	55	0	0	0	0	0	1	0	0	0	0	0	0	0	0	0	0	0
Life	2023-04-01	9862480	66541	6050	0	0	0	2	0	0	0	0	0	0	13	0	0	0	2	0	15	0	0	0	0	0	2	0	0	0	0	0	0	0	0	0	0	0
Life	2023-04-01	9862896	64873	5256	0	0	0	0	0	0	1	0	0	0	0	0	0	0	0	0	6	0	0	0	0	0	0	0	0	0	0	0	0	0	0	0	0	0
Life	2023-04-01	9860984	208204	19687	0	5	0	6	0	0	1	0	0	2	0	2	0	0	0	0	48	0	0	2	0	0	0	0	0	0	0	0	0	0	0	0	0	0
Life	2023-04-01	9860628	190621	16263	0	5	0	3	0	0	0	1	0	0	4	1	0	0	1	0	72	0	0	0	0	0	0	2	0	0	0	0	0	0	0	0	0	0
Life	2023-04-01	9864048	110127	10477	0	19	0	0	0	0	0	1	0	0	1	11	0	0	0	0	41	0	0	0	0	0	1	0	0	0	0	0	0	0	0	0	0	0
Life	2023-04-01	9863612	144501	12341	0	5	0	2	0	0	0	17	0	0	1	0	0	0	0	0	10	0	0	0	0	0	2	0	0	0	0	0	0	0	0	0	0	0
Life	2023-04-01	9861082	120047	10345	0	8	1	0	0	0	0	0	0	0	1	0	0	0	0	0	10	0	0	1	0	0	1	0	0	0	0	0	0	0	0	0	0	0
Life	2023-04-01	9866483	185046	13904	0	1	0	0	0	0	2	0	0	0	0	3	0	0	0	0	23	0	0	1	0	0	0	0	0	0	0	0	0	0	1	0	0	0
Life	2023-04-01	9865160	89167	7440	0	2	0	3	0	0	1	0	0	0	0	3	0	0	0	0	34	0	0	0	0	0	0	0	0	0	0	0	0	0	0	0	0	0
Life	2023-04-01	9864800	166222	13380	0	3	0	3	0	0	0	3	0	0	1	0	0	0	1	0	39	0	0	0	0	0	0	0	0	0	0	0	0	0	0	0	0	0
Life	2023-04-01	9867533	113398	9001	0	2	0	0	0	0	0	4	0	0	3	5	0	0	0	1	31	0	0	0	0	1	1	0	1	0	0	0	0	0	0	0	0	0
Life	2023-04-01	9865385	105900	9424	0	2	0	0	0	1	3	1	0	1	0	5	0	0	0	0	17	0	0	0	0	0	0	0	0	0	0	0	0	0	0	0	0	0
Life	2023-04-01	9864074	103552	8952	0	0	0	0	0	0	0	1	0	1	0	1	0	0	0	0	26	0	0	0	0	0	0	0	0	0	0	0	0	0	0	0	0	0
Life	2023-04-01	9862956	108194	9452	0	6	0	1	0	1	1	1	0	2	0	2	0	0	0	0	34	0	0	1	0	0	0	0	0	0	0	0	0	0	0	0	0	0
Life	2023-04-01	9865938	412735	32322	0	4	1	2	0	0	1	0	0	0	2	0	0	0	0	0	22	0	0	1	0	0	0	0	0	0	0	0	0	0	0	0	0	0
Life	2023-04-01	9867109	133123	10303	0	5	0	2	0	0	1	0	0	0	0	0	0	0	0	0	31	0	0	0	0	0	1	0	1	0	0	0	0	0	0	0	0	0
Life	2023-04-01	9962901	151817	12789	0	6	0	2	0	0	0	0	0	1	3	1	0	0	0	0	38	0	0	2	0	0	2	0	0	0	0	0	0	0	0	0	0	0
Life	2023-04-01	9961397	148606	11661	0	6	0	0	0	0	0	0	0	0	1	10	0	0	0	0	10	0	0	0	0	0	0	0	1	0	0	0	0	0	0	1	0	0
Life	2023-04-01	9959751	247270	18043	0	2	0	1	0	0	0	0	0	0	6	1	0	0	0	0	30	0	0	1	0	0	1	0	2	0	0	0	0	1	0	0	0	0
Life	2023-04-01	9958843	78800	7470	0	10	0	0	0	0	0	0	0	0	0	0	0	0	0	0	25	0	0	1	0	0	1	0	1	0	0	0	0	0	0	0	0	0
Life	2023-04-01	9966529	150224	12121	0	4	0	5	0	0	3	0	0	0	2	1	0	0	0	0	20	0	0	2	0	1	1	0	0	0	0	0	0	0	0	0	0	0
Life	2023-04-01	9864042	60869	4537	0	2	0	1	0	1	0	0	0	0	0	0	0	0	0	0	1	0	0	0	0	0	1	0	0	0	0	0	1	0	0	0	0	0
Life	2023-04-01	9964598	144767	14697	0	10	1	1	0	0	2	3	0	0	7	2	0	1	0	0	49	0	0	6	0	0	0	0	0	0	0	0	0	0	0	0	0	1
Life	2023-04-01	9961930	190033	16133	0	2	0	2	0	0	0	0	0	4	2	2	0	0	0	0	12	0	0	0	0	0	0	0	0	0	0	0	0	0	0	0	0	0
Life	2023-04-01	9967809	155462	11833	0	7	0	4	0	0	0	1	0	0	14	2	0	0	0	0	65	0	0	2	0	0	1	0	0	0	0	0	0	0	0	0	0	0
Life	2023-04-01	9959064	241283	19498	0	1	0	2	0	0	0	3	0	0	0	0	0	0	0	0	18	0	0	0	0	0	2	0	0	0	0	0	0	0	0	0	0	0
Life	2023-04-01	9958592	113874	9475	0	19	0	2	0	0	0	0	0	1	1	1	0	0	0	0	16	0	0	1	0	0	0	0	0	0	0	0	0	0	0	0	0	0
Life	2023-04-01	9965606	218489	16467	0	0	0	0	0	0	0	0	0	2	0	0	0	0	0	0	19	0	0	1	0	1	2	0	0	0	0	0	0	0	0	0	0	0
Life	2023-04-01	9863601	153296	13243	0	2	0	2	0	0	0	2	0	2	2	1	0	0	0	0	21	0	0	1	0	0	0	0	1	0	0	0	0	0	0	0	0	0
Life	2023-04-01	9968149	161771	13150	0	10	1	11	0	0	0	0	0	1	1	0	0	0	2	0	65	0	0	0	0	0	0	0	1	0	0	0	0	0	0	0	0	0
Life	2023-04-01	9968087	111556	8803	0	2	1	2	0	0	0	0	0	0	0	3	0	0	0	0	30	0	0	1	0	0	0	0	0	0	0	0	0	0	0	0	0	0
Life	2023-04-01	9965056	86454	7769	0	7	0	0	0	0	2	2	0	1	0	4	0	0	0	0	14	0	0	0	0	0	0	0	0	0	0	0	0	0	0	0	0	0
Life	2023-04-01	9866759	93777	8249	0	4	0	1	0	0	0	6	0	0	1	0	0	0	1	0	66	0	0	0	0	0	1	0	0	0	0	0	0	0	0	0	0	0
Life	2023-04-01	9967686	144763	11856	0	8	0	0	0	0	4	0	0	0	0	0	0	0	0	0	24	0	0	4	0	0	0	0	0	0	0	0	0	0	0	0	0	0
Life	2023-04-01	9865616	214410	16476	0	15	0	3	0	0	0	0	0	0	17	1	0	0	2	0	77	0	0	0	0	0	3	0	0	0	0	0	0	0	0	0	0	0
Life	2023-04-01	9965751	162034	15294	0	7	0	10	0	0	1	1	0	0	0	3	0	0	2	0	81	0	0	0	0	0	1	0	0	0	0	0	0	0	0	0	0	0
Life	2023-04-01	9965633	49708	4400	0	7	0	0	0	0	0	1	0	0	0	3	0	0	0	0	13	0	0	0	0	0	0	0	0	0	0	0	0	0	0	0	0	0
Life	2023-04-01	9862635	119591	10256	0	5	1	2	0	0	0	1	0	0	1	0	0	0	0	0	4	0	0	0	0	0	0	0	0	0	0	0	0	0	0	0	0	2
Life	2023-04-01	9960877	120900	9683	0	0	0	1	0	0	0	0	0	1	0	2	0	0	0	0	8	0	0	0	0	0	0	0	0	0	0	0	0	0	0	0	0	0
Life	2023-04-01	9958750	98793	8910	0	2	0	7	0	0	0	4	0	0	0	5	0	0	3	0	83	0	0	0	0	0	1	0	1	0	0	0	0	0	0	0	0	0
Life	2023-04-01	9967259	92769	9229	0	6	0	3	0	0	1	0	0	0	2	0	0	0	0	0	12	0	0	0	0	0	0	0	0	0	0	0	0	0	0	1	0	0
Life	2023-04-01	9965132	70748	6948	0	1	2	4	0	0	0	0	0	2	0	0	0	0	0	0	29	0	0	0	0	0	0	0	0	0	0	0	0	0	0	0	0	0
Life	2023-04-01	9968120	232380	19731	0	2	0	0	0	0	3	1	0	0	1	4	0	0	0	0	51	0	0	2	0	1	0	0	1	0	0	0	0	0	0	0	0	0
Life	2023-04-01	9966302	95392	8147	0	4	0	0	0	0	0	0	0	0	0	0	0	0	0	0	13	0	0	0	0	0	0	1	0	0	0	0	0	0	0	0	0	0
Life	2023-04-01	9962233	94655	9142	0	5	0	2	0	0	2	0	0	1	0	3	0	0	0	0	18	0	0	1	0	0	0	0	1	0	0	0	0	0	0	0	0	0
Life	2023-04-01	9962945	137958	11074	0	1	0	2	0	0	0	0	0	0	0	6	0	0	0	0	9	0	0	3	0	0	0	0	0	0	0	0	0	0	0	0	0	0
Life	2023-04-01	9965084	191730	17579	0	0	0	17	0	1	2	3	0	0	8	0	0	0	1	0	10	0	0	1	0	0	0	0	1	0	0	0	0	0	0	0	1	0
Life	2023-04-01	9967308	157528	13275	0	7	0	6	0	0	1	2	0	0	2	0	0	0	0	0	41	0	0	0	0	0	0	0	0	0	0	0	0	1	0	0	0	0
Life	2023-04-01	9967921	92735	7666	0	10	1	3	0	0	0	1	0	0	10	1	0	0	0	0	61	0	0	1	0	0	0	1	0	0	0	0	0	0	0	0	0	0
Life	2023-04-01	9965650	87133	7204	0	3	0	0	0	0	0	6	0	0	0	2	0	0	0	0	30	0	0	0	0	0	0	0	0	0	0	0	0	0	0	0	0	0
Life	2023-04-01	9961756	154563	12690	0	0	0	0	0	0	1	0	0	0	8	3	0	0	1	0	52	0	0	2	0	2	2	0	0	0	0	0	0	0	0	0	0	0
Life	2023-04-01	9964238	203934	17779	0	2	0	3	0	0	0	0	0	0	1	3	0	0	0	0	15	0	0	0	0	0	1	0	0	0	0	0	0	0	0	0	0	0
Life	2023-04-01	9961312	84461	7742	0	7	0	0	0	0	5	0	0	0	0	0	0	0	0	0	13	0	0	0	0	0	1	0	0	0	0	0	0	0	0	0	0	0
Life	2023-04-01	9960087	84704	7240	0	1	0	0	0	0	2	0	0	0	3	0	0	0	0	0	9	0	0	0	0	0	0	0	0	0	0	0	0	0	0	0	0	0
Life	2023-04-01	9961546	161890	14269	0	0	1	0	0	0	0	1	0	0	10	1	0	0	0	0	22	0	0	3	0	0	1	1	0	0	0	0	0	0	0	0	0	1
Life	2023-04-01	9967578	64024	6206	0	6	0	0	0	0	0	0	0	4	1	3	0	0	0	0	5	0	0	0	0	0	0	0	2	0	0	0	1	0	0	0	0	0
Life	2023-04-01	9967635	162807	15419	0	21	0	16	0	0	2	6	0	0	2	4	0	0	1	0	103	0	0	1	0	0	1	0	0	0	0	0	0	2	0	0	1	0
Life	2023-04-01	9965672	99774	8547	0	8	0	1	0	0	1	4	0	10	3	3	0	0	0	0	57	0	0	0	0	0	0	0	0	0	0	0	0	0	0	0	0	0
Life	2023-04-01	9963601	146350	11465	0	1	0	1	0	0	0	0	0	0	0	1	0	0	0	0	42	0	0	0	0	0	0	0	0	0	0	0	0	0	0	0	0	0
Life	2023-04-01	9965690	112333	9228	0	0	0	2	0	0	0	0	0	0	0	0	0	0	0	0	4	0	0	1	0	0	0	0	2	0	0	0	0	0	0	0	0	0
Life	2023-04-01	9958947	206239	17651	0	8	0	0	0	0	3	2	0	0	1	0	0	0	0	0	18	0	0	0	0	0	0	0	0	0	0	0	0	0	0	0	0	0
Life	2023-04-01	9961366	136702	10794	0	2	0	2	0	0	3	1	0	0	6	2	0	0	0	0	30	0	0	0	0	0	1	0	0	0	0	0	0	0	0	0	0	0
Life	2023-04-01	9959888	77217	6171	0	1	0	8	0	0	0	0	0	1	1	1	0	1	0	0	15	0	0	0	0	0	0	0	0	0	0	0	0	0	0	0	0	0
Life	2023-04-01	9959164	138856	10986	0	9	0	4	0	0	0	0	0	1	1	5	0	0	0	0	14	0	0	4	0	0	1	0	0	0	0	0	0	0	0	0	0	0
Life	2023-04-01	9965624	197841	17429	0	11	0	10	0	0	1	1	0	0	4	5	0	0	0	0	114	0	0	1	0	0	5	0	1	0	0	0	0	0	0	0	0	0
Life	2023-04-01	9967057	148084	11852	0	5	0	0	0	0	1	0	0	1	2	6	0	0	0	0	19	0	0	0	0	0	0	0	0	0	0	0	0	1	0	0	0	0
Life	2023-04-01	9962158	131993	10510	0	1	0	2	0	0	0	0	0	0	0	1	0	0	0	0	43	0	0	1	0	0	0	0	0	0	0	0	0	0	0	0	0	0
Life	2023-04-01	9966619	93721	8364	0	2	0	0	0	0	0	0	0	1	1	1	0	0	0	0	19	0	0	0	0	0	0	0	0	0	0	0	0	0	0	0	1	0
Life	2023-04-01	9959091	114967	9362	0	1	0	2	0	0	0	1	0	8	0	5	0	0	0	0	37	0	0	0	0	0	0	0	1	0	0	0	0	0	0	0	0	0
Life	2023-04-01	9961820	121900	10011	0	1	0	5	0	0	4	0	0	0	2	0	0	0	1	0	45	0	0	0	0	0	1	0	0	0	0	0	0	0	0	0	0	0
Life	2023-04-01	9961715	282637	23660	0	15	0	12	0	0	0	2	0	0	0	2	0	0	1	0	69	0	0	0	0	0	0	0	0	0	0	0	0	0	1	0	0	0
Life	2023-04-01	9964900	117793	10556	0	19	0	0	0	0	1	0	0	1	0	0	0	0	0	0	43	0	0	0	0	0	1	21	0	0	0	0	0	0	0	0	0	0
Life	2023-04-01	9963792	135354	10844	0	0	0	0	0	0	0	0	0	0	3	1	0	0	0	0	22	0	0	3	0	0	2	0	0	0	0	0	0	0	0	0	0	0
Life	2023-04-01	9965042	94322	8381	0	3	1	11	0	0	2	1	0	0	0	3	0	0	0	0	24	0	0	0	0	0	1	0	1	0	0	0	0	0	0	0	0	0
Life	2023-04-01	9962890	225645	17376	0	1	0	3	0	0	1	0	0	1	0	0	0	0	0	0	22	0	1	0	0	0	0	0	0	0	0	0	0	0	0	0	0	0
Life	2023-04-01	9962398	209606	18333	0	11	0	2	0	0	0	2	0	9	1	3	0	0	0	0	23	0	0	1	0	0	3	0	0	0	0	0	0	0	0	0	0	0
Life	2023-04-01	9961829	91638	8734	0	4	1	0	0	0	0	3	0	0	4	5	0	0	1	0	14	0	0	0	0	0	0	0	0	0	0	0	0	0	0	0	0	0
Life	2023-04-01	9959858	83402	7204	0	3	0	0	0	0	2	1	0	0	0	1	0	0	0	0	17	0	0	1	0	0	0	0	0	0	0	0	0	0	0	0	0	0
Life	2023-04-01	9961609	146946	12749	0	13	0	1	0	0	0	3	0	0	0	1	0	0	0	0	29	0	0	0	0	0	0	0	0	0	0	0	0	0	0	0	0	0
Life	2023-04-01	9965871	112699	9538	0	5	0	4	0	0	0	3	0	0	4	2	0	0	0	0	42	0	0	0	0	0	1	0	0	0	0	0	0	0	0	0	0	0
Life	2023-04-01	9967186	102102	9974	0	7	0	0	2	0	1	0	0	4	0	7	0	0	0	0	5	0	0	0	0	0	0	0	0	0	0	0	0	0	0	0	0	0
Life	2023-04-01	9960520	113954	10335	0	2	0	1	0	0	0	0	0	0	4	2	0	0	0	0	30	0	0	0	0	0	0	0	0	0	0	0	0	0	0	0	0	0
Life	2023-04-01	9959740	138248	11679	0	0	1	0	0	0	1	2	0	0	0	1	0	0	0	0	19	0	0	0	0	0	2	0	0	0	0	0	0	0	0	0	0	0
Life	2023-04-01	9964186	150020	9976	0	7	0	0	0	0	0	3	0	0	1	4	0	0	0	0	9	0	0	0	0	0	0	0	0	0	0	0	0	0	0	0	0	0
Life	2023-04-01	9959162	117902	9803	0	6	0	1	0	0	4	0	0	0	1	2	0	0	0	0	25	0	0	2	0	0	0	0	0	0	0	0	0	0	0	0	0	0
Life	2023-04-01	9965729	132581	11288	1	7	0	0	0	0	0	1	0	3	1	0	0	0	0	0	30	0	0	0	0	0	1	0	3	0	0	0	0	0	0	0	0	0
Life	2023-04-01	9960747	121273	9862	0	5	0	0	0	0	0	3	0	0	1	0	0	0	2	0	57	0	0	3	0	1	0	0	0	0	0	0	0	0	0	0	0	0
Life	2023-04-01	9965976	117893	10765	0	12	2	0	0	0	1	0	0	0	0	0	0	0	0	0	42	0	0	2	0	0	0	1	0	0	0	0	0	0	0	0	0	0
Life	2023-04-01	9967947	205356	18847	0	1	0	0	0	0	1	8	0	0	1	3	0	0	0	1	16	0	0	1	0	0	0	0	1	0	0	0	0	0	0	0	0	0
Life	2023-04-01	9962445	110764	8607	0	3	0	1	0	0	1	0	0	0	0	0	0	0	0	0	14	0	0	1	0	0	0	0	0	0	0	0	0	0	0	0	0	0
Life	2023-04-01	9963498	232272	18881	0	15	0	9	0	0	1	1	0	0	3	0	0	0	0	0	156	0	0	0	0	0	1	0	2	0	0	0	0	0	0	0	0	0
Life	2023-04-01	9967167	142074	12485	0	6	0	0	0	0	0	1	0	0	0	2	0	0	0	0	52	0	0	1	0	0	0	0	0	0	0	0	0	0	0	0	0	0
Life	2023-04-01	9960113	172768	14207	0	10	8	3	0	0	1	2	0	0	0	3	0	0	0	0	22	0	0	5	0	0	0	0	1	0	0	0	0	0	0	0	0	0
Life	2023-04-01	9966542	167727	14458	0	22	0	2	0	0	0	0	0	1	6	3	0	0	4	0	23	0	0	3	0	0	0	0	0	0	0	0	1	0	0	0	0	0
Life	2023-04-01	9960932	132058	11411	0	0	0	2	0	0	3	0	0	2	0	3	0	0	0	2	26	0	0	1	0	0	0	0	3	0	1	0	0	0	0	0	0	0
Life	2023-04-01	9965240	120769	10783	0	6	1	1	0	0	0	2	0	0	2	1	0	0	0	0	32	0	0	0	0	0	1	0	0	0	0	0	0	0	0	0	0	0
Life	2023-04-01	9964225	99111	9775	0	7	0	1	0	0	0	2	0	1	0	3	0	0	0	0	23	0	0	0	0	0	1	0	0	0	0	0	0	0	0	0	0	0
Life	2023-04-01	9958869	82597	7090	0	4	1	0	0	0	0	0	0	0	1	2	0	0	0	0	13	0	0	0	0	0	1	0	0	0	0	0	0	0	0	0	0	0
Life	2023-04-01	9963969	97813	8864	0	5	0	0	0	3	0	1	0	0	0	0	0	0	1	0	30	0	0	0	0	0	0	0	0	0	0	0	0	0	0	0	0	0
Life	2023-04-01	9965451	94706	9707	0	3	0	0	0	0	3	0	0	0	1	4	0	0	0	0	17	0	0	0	0	0	0	0	0	0	0	0	0	0	0	0	0	0
Life	2023-04-01	9961999	154365	12774	0	4	1	2	0	0	0	0	0	0	7	0	0	0	0	0	25	0	0	1	0	0	1	0	0	0	0	0	0	0	0	0	0	0
Life	2023-04-01	9959364	79826	7101	0	4	0	4	0	0	0	2	0	2	0	5	0	0	0	0	29	0	0	0	0	0	0	3	0	0	0	0	0	0	0	0	0	0
Life	2023-04-01	9962622	137208	12515	0	1	0	1	0	0	0	4	0	0	0	3	0	0	0	0	75	0	0	0	0	0	0	0	0	0	0	0	0	0	0	2	0	0
Life	2023-04-01	9966203	268099	20985	0	2	0	0	0	0	2	3	0	0	2	0	0	0	0	0	40	0	0	4	0	0	1	0	1	0	0	0	0	0	0	0	0	0
Life	2023-04-01	9965120	133091	11462	0	7	0	1	0	0	0	0	0	0	1	1	0	0	0	0	29	0	0	0	0	0	1	0	0	0	0	0	0	0	0	0	0	0
Life	2023-04-01	9962883	117191	9847	0	6	0	0	0	0	0	2	0	0	0	0	0	0	0	0	24	0	0	0	0	0	1	0	0	0	0	0	0	0	0	0	0	0
Life	2023-04-01	9962044	209377	16391	0	11	0	10	0	0	0	3	0	0	5	2	0	0	0	0	144	0	0	7	0	0	1	0	0	0	0	0	0	0	0	0	0	0
Life	2023-04-01	9967373	126341	11562	0	6	0	5	0	0	0	0	0	0	0	8	0	0	0	0	50	0	0	0	0	0	2	0	0	0	0	0	0	0	0	0	0	0
Life	2023-04-01	9967760	130649	9153	0	2	1	0	0	0	0	0	0	0	0	6	0	0	0	0	5	0	1	2	0	0	0	0	0	0	0	0	0	0	0	0	0	0
Life	2023-04-01	9966871	250886	20442	0	0	0	0	0	0	0	2	0	0	0	2	0	0	0	0	57	0	0	4	0	0	0	0	0	0	0	0	0	0	0	0	0	0
Life	2023-04-01	9959799	114515	9802	0	1	1	4	0	0	0	0	0	0	1	1	0	0	0	0	41	0	0	3	0	0	0	0	0	0	0	0	0	0	0	0	0	0
Life	2023-04-01	9961380	351556	25226	0	2	0	1	0	0	0	0	0	17	3	0	0	0	0	0	96	0	0	2	0	0	0	0	5	0	0	0	0	0	0	0	0	0
Life	2023-04-01	9962966	107002	9040	0	4	0	0	0	0	2	0	0	0	1	1	0	0	1	0	6	0	0	2	0	0	0	0	2	0	0	0	0	0	0	0	0	0
Life	2023-04-01	9962087	141592	12474	0	1	0	4	0	0	1	1	0	0	0	1	0	0	0	0	96	0	0	0	0	0	1	0	1	0	0	0	0	0	0	0	0	0
Life	2023-04-01	9967500	210475	15984	0	0	1	0	0	0	4	0	0	2	1	0	0	0	0	0	9	0	0	2	0	0	1	0	0	0	0	0	1	0	0	0	0	0
Life	2023-04-01	9963846	128930	10890	0	4	0	1	0	0	5	0	0	1	1	3	0	0	0	0	62	0	0	0	0	0	0	1	1	0	0	0	0	0	0	0	0	0
Life	2023-04-01	9960288	270258	21431	0	0	0	3	0	0	2	2	0	0	0	9	0	0	0	0	49	0	0	1	0	0	0	0	1	0	0	0	0	0	0	0	0	0
Life	2023-04-01	9966133	103797	8632	0	4	0	2	0	0	0	8	0	0	1	1	0	0	0	0	12	0	0	1	0	0	0	0	0	0	0	0	0	0	0	0	0	0
Life	2023-04-01	9965218	165144	13179	0	16	0	0	0	0	4	1	0	0	10	2	0	0	0	0	27	0	4	5	0	0	1	0	0	0	0	0	0	0	0	0	1	0
Life	2023-04-01	9961384	85158	7824	0	4	0	0	0	0	0	0	0	0	2	0	0	0	0	0	24	0	0	0	0	0	0	0	0	0	0	0	0	0	0	0	0	0
Life	2023-04-01	10056523	114619	9319	0	9	0	1	0	0	4	2	0	4	0	7	0	0	0	0	23	0	0	4	0	0	0	0	2	0	0	0	0	0	0	0	0	0
Life	2023-04-01	9966538	115922	9937	0	3	0	0	0	0	0	0	0	2	1	0	0	0	0	0	24	0	0	0	0	0	0	0	0	0	0	0	0	0	0	0	0	0
Life	2023-04-01	9964026	105119	9098	0	6	1	0	0	0	0	0	0	1	0	4	0	0	0	0	37	0	0	6	0	1	0	2	0	0	0	0	0	0	0	0	0	0
Life	2023-04-01	9963493	96036	8116	0	4	0	0	0	0	1	0	0	0	0	1	0	0	0	0	18	0	0	0	0	0	0	0	0	0	0	0	0	0	0	0	0	0
Life	2023-04-01	10054332	138972	13018	0	2	0	1	0	0	1	1	0	0	1	3	0	1	0	0	28	0	0	1	0	0	2	0	0	0	0	0	0	0	0	0	0	0
Life	2023-04-01	9963529	149598	11797	0	0	0	0	0	0	0	1	0	0	0	0	0	0	0	0	7	0	0	0	0	0	0	0	0	0	0	0	0	0	0	0	0	0
Life	2023-04-01	9960873	123836	10560	0	1	2	0	0	0	1	0	0	0	0	5	0	0	0	0	4	0	0	1	0	0	0	0	0	0	0	0	0	0	3	0	0	0
Life	2023-04-01	9961557	223609	17676	0	7	0	3	0	0	0	1	0	0	0	1	0	0	0	0	53	0	1	0	0	0	3	0	0	0	0	0	0	0	0	0	0	0
Life	2023-04-01	9968203	83635	6946	0	2	0	0	0	0	0	0	0	1	0	2	0	0	0	0	5	0	0	0	0	0	0	0	0	0	0	0	0	0	0	0	0	0
Life	2023-04-01	9965919	196385	15137	0	14	1	2	0	0	4	3	0	0	6	0	0	0	3	0	72	0	0	3	0	0	0	0	0	0	0	0	0	0	0	0	0	0
Life	2023-04-01	10055741	213666	15919	0	3	0	1	0	0	0	1	0	0	0	2	0	0	0	0	47	0	0	1	0	0	0	0	0	0	0	0	0	0	0	0	0	0
Life	2023-04-01	9965151	114952	9960	0	7	0	2	0	0	0	1	0	1	1	2	0	0	0	0	29	0	0	1	0	0	0	0	0	0	0	0	0	0	0	0	0	0
Life	2023-04-01	10052177	85047	7822	0	0	0	0	0	0	1	0	0	0	1	0	0	0	2	0	1	0	0	2	0	0	0	0	0	0	1	0	0	0	0	0	0	0
Life	2023-04-01	9966870	117947	9408	0	1	0	1	0	0	2	2	0	0	0	2	0	0	0	0	63	0	0	0	0	0	1	0	0	0	0	0	0	0	0	0	0	0
Life	2023-04-01	10059911	121818	10412	0	5	0	2	0	0	0	10	0	0	0	9	0	0	1	0	61	0	0	0	0	0	0	0	0	0	0	0	0	0	0	0	0	0
Life	2023-04-01	9958826	128073	11086	0	5	0	0	0	0	0	0	0	0	0	0	0	1	1	0	44	0	0	0	0	0	1	0	1	0	0	0	0	0	0	0	0	0
Life	2023-04-01	9964234	183057	13400	0	8	0	0	0	0	0	0	0	0	0	0	0	0	0	0	26	0	0	0	0	0	0	0	0	0	0	0	0	0	0	0	0	0
Life	2023-04-01	10056781	107717	9465	0	3	0	2	0	0	0	1	0	1	0	0	0	0	0	0	13	0	1	0	0	0	0	0	2	0	0	0	0	0	0	0	0	0
Life	2023-04-01	9967632	105430	9139	0	4	0	1	0	0	0	0	0	6	0	0	0	0	0	0	12	0	0	0	0	0	0	0	0	0	0	0	0	0	0	0	0	0
Life	2023-04-01	9967184	99700	8273	0	3	0	2	0	0	0	0	0	0	4	0	0	0	0	0	27	0	0	0	0	0	0	0	0	0	0	0	0	0	0	0	0	0
Life	2023-04-01	9964866	154347	12052	0	2	0	1	0	0	1	1	0	2	2	7	0	0	0	0	41	0	0	0	0	0	2	0	0	0	0	0	0	0	0	0	0	0
Life	2023-04-01	10051269	69093	5813	0	0	0	1	0	0	0	0	0	0	0	0	0	0	0	0	14	0	0	0	0	0	1	0	2	0	0	0	0	0	0	0	0	0
Life	2023-04-01	10054517	203546	16580	0	7	0	0	0	0	0	6	0	0	0	6	0	0	0	0	82	0	0	0	0	1	0	0	0	0	0	0	0	0	0	0	0	0
Life	2023-04-01	10057833	135218	11017	0	5	0	2	0	0	1	1	0	0	0	4	0	0	0	0	13	0	0	0	0	0	0	0	0	0	0	0	0	0	0	1	0	0
Life	2023-04-01	10057839	95728	8117	0	1	0	2	0	0	2	0	0	0	2	0	0	0	0	0	19	0	0	0	0	0	0	0	0	0	0	0	0	0	0	0	0	0
Life	2023-04-01	10059988	25301	1836	0	2	0	0	0	0	0	0	0	0	0	0	0	0	0	0	4	0	0	0	0	0	0	0	0	0	0	0	0	0	0	0	0	0
Life	2023-04-01	10054514	145809	11543	0	0	0	11	0	0	0	0	0	0	5	1	0	0	0	0	17	0	0	0	0	0	1	0	0	0	0	0	0	0	0	0	0	0
Life	2023-04-01	10059657	104388	8812	0	1	0	3	0	0	0	0	0	1	0	0	0	0	0	0	39	0	0	0	0	0	0	0	0	0	0	0	0	0	0	0	0	0
Life	2023-04-01	10052964	130652	11236	0	7	0	5	0	0	0	6	0	0	0	9	0	0	0	0	55	0	0	0	0	1	1	0	0	0	0	0	0	0	0	0	0	0
Life	2023-04-01	10058073	133623	12873	0	13	0	0	0	0	1	3	0	0	2	1	0	0	0	0	72	0	0	0	0	0	2	0	0	0	0	0	0	0	0	0	0	0
Life	2023-04-01	10057472	126256	9772	0	3	0	4	0	0	0	0	0	1	3	1	0	0	1	0	35	0	0	0	0	1	0	0	0	0	0	0	0	0	0	0	0	1
Life	2023-04-01	10052933	189244	15070	0	2	0	12	0	0	0	0	0	0	1	0	0	0	1	0	20	0	0	1	0	0	2	0	0	0	0	0	0	0	0	0	0	0
Life	2023-04-01	10059778	120941	10797	0	13	0	2	0	0	0	0	0	0	1	1	0	0	6	0	58	0	0	0	0	0	1	0	1	0	0	0	0	0	0	0	0	0
Life	2023-04-01	10051220	247310	17930	0	2	0	1	0	0	2	0	0	1	14	2	0	1	1	0	2	0	0	0	0	0	3	2	1	0	0	0	0	0	0	0	1	0
Life	2023-04-01	10051341	92191	7587	0	8	0	7	0	0	0	0	0	0	0	0	0	0	0	0	36	0	0	0	0	0	1	0	0	0	0	0	0	0	0	0	0	0
Life	2023-04-01	10051987	71304	6498	0	7	0	0	0	0	4	0	0	1	0	4	0	0	0	0	26	0	0	0	0	0	0	0	0	0	0	0	0	0	0	0	0	0
Life	2023-04-01	10058961	94310	7729	0	0	0	0	0	0	0	0	0	0	5	0	0	0	1	0	9	0	0	1	0	0	0	0	3	0	0	0	0	0	0	0	0	0
Life	2023-04-01	10051983	85500	8160	0	1	1	1	0	1	0	0	0	1	0	0	0	0	0	0	26	0	0	0	0	0	1	0	0	0	0	0	0	0	0	0	0	0
Life	2023-04-01	10058329	126661	10573	0	10	0	0	0	0	2	0	0	0	0	0	0	0	0	0	17	0	0	1	0	0	0	10	0	0	0	0	0	0	0	0	0	0
Life	2023-04-01	10057667	89401	6976	0	1	0	0	0	0	0	1	0	0	0	0	0	0	0	0	2	0	0	0	0	0	2	0	0	0	0	0	0	0	0	0	0	0
Life	2023-04-01	10054913	295538	22766	0	1	0	4	0	0	2	1	0	0	1	0	0	0	0	0	27	0	0	2	0	1	0	0	0	0	0	0	0	0	0	0	0	0
Life	2023-04-01	10058732	79872	7906	0	11	0	1	0	0	0	0	0	0	6	2	0	0	0	0	11	0	0	2	0	0	0	0	0	0	0	0	0	0	0	0	0	0
Life	2023-04-01	10055894	140367	11536	0	3	0	2	0	0	2	0	0	0	2	5	0	0	0	0	29	0	0	0	0	0	1	0	0	0	0	0	1	0	0	0	1	0
Life	2023-04-01	10057299	136446	10515	0	5	0	2	0	0	0	0	0	0	0	1	0	0	0	0	39	0	0	0	0	0	0	0	0	0	0	0	0	0	0	0	0	0
Life	2023-04-01	10053887	94854	7716	0	0	0	0	0	0	0	0	0	0	3	0	0	0	1	0	13	0	0	0	0	0	1	0	1	0	0	0	0	0	0	0	0	0
Life	2023-04-01	10053310	201668	15719	0	2	0	0	0	0	0	0	0	1	0	3	0	0	0	0	2	0	0	1	0	0	0	0	1	0	0	0	0	0	0	0	0	0
Life	2023-04-01	10051737	289571	21652	0	5	0	3	0	1	2	1	0	8	2	2	0	0	0	0	32	0	0	3	0	0	0	0	0	0	0	0	0	0	0	0	0	0
Life	2023-04-01	10057560	87624	7963	0	6	0	0	0	0	0	1	0	0	1	0	0	0	4	0	22	0	0	1	0	0	0	0	0	0	0	0	0	0	0	0	0	0
Life	2023-04-01	10056941	83803	7862	0	2	0	3	0	0	0	1	0	0	1	0	0	0	0	0	16	0	0	0	0	0	0	0	0	0	0	0	0	0	0	0	0	0
Life	2023-04-01	10056063	96841	8342	0	7	0	7	0	0	1	0	0	0	0	0	0	0	0	0	28	0	0	0	0	0	0	1	0	0	0	0	0	0	0	0	0	0
Life	2023-04-01	10058258	111882	10180	0	0	2	1	0	0	1	2	0	0	0	1	0	0	0	0	5	0	0	4	0	0	1	0	0	0	0	0	0	0	0	0	0	0
Life	2023-04-01	10053626	176465	14981	0	1	0	2	0	0	0	0	0	1	1	1	0	0	0	0	65	0	0	1	0	0	0	1	0	0	0	0	0	0	0	0	0	0
Life	2023-04-01	10056696	252231	22235	0	15	1	1	0	0	1	3	0	0	1	1	0	0	0	0	26	0	0	1	0	0	1	0	0	0	0	0	1	0	0	0	0	0
Life	2023-04-01	10053810	71963	7506	0	6	1	3	0	0	0	1	0	1	0	6	0	0	0	0	17	0	0	0	0	0	0	0	0	0	0	0	0	0	0	0	0	0
Life	2023-04-01	10056556	89932	8135	0	3	0	1	0	0	1	3	0	0	0	0	0	0	0	0	18	0	0	2	0	0	0	0	0	0	0	0	0	0	0	0	0	0
Life	2023-04-01	10058446	171868	14088	0	0	1	0	0	0	1	3	0	7	0	2	0	0	1	0	59	0	0	2	0	0	1	0	0	0	0	0	0	0	0	0	0	0
Life	2023-04-01	10058303	95419	8137	0	2	0	2	0	0	1	9	0	0	1	0	0	0	0	0	9	0	1	0	0	0	0	0	0	0	0	0	0	0	0	1	0	0
Life	2023-04-01	10059997	214734	15471	0	0	0	1	0	0	1	0	0	0	8	0	0	0	0	0	23	0	0	1	0	0	0	0	0	0	0	0	0	0	0	0	0	0
Life	2023-04-01	10055682	136054	12425	0	3	0	5	0	0	0	5	0	0	1	0	0	0	0	0	42	0	0	0	0	0	0	0	1	0	0	0	0	0	0	0	0	0
Life	2023-04-01	10057800	102885	9462	0	4	0	0	0	0	3	12	0	3	0	1	0	0	0	0	20	0	0	0	0	0	0	0	0	0	0	0	0	0	0	0	0	0
Life	2023-04-01	10058767	160199	12104	0	2	0	2	0	0	2	0	0	0	0	3	0	0	0	0	46	0	0	0	0	0	0	0	0	0	0	0	0	0	0	0	0	0
Life	2023-04-01	10058698	94825	9056	0	5	0	0	0	0	0	2	0	0	1	1	0	0	1	0	38	0	0	0	0	0	1	0	0	0	0	0	0	0	0	0	0	0
Life	2023-04-01	10054008	94657	8352	0	4	0	0	0	0	2	0	0	0	7	1	0	0	0	0	15	0	0	0	0	0	0	0	0	0	0	0	0	0	0	0	0	0
Life	2023-04-01	10053995	114895	10674	0	7	0	1	0	0	0	4	0	0	1	3	0	0	0	0	47	0	1	1	0	0	0	4	0	0	0	0	0	0	0	0	0	0
Life	2023-04-01	10055921	51113	4865	0	1	0	0	0	0	0	0	0	0	0	0	0	0	0	0	6	0	0	0	0	0	0	0	0	0	0	0	0	0	0	0	0	0
Life	2023-04-01	10057826	41121	3874	0	0	1	0	0	2	1	0	0	0	0	0	0	0	0	0	4	0	0	0	0	0	0	0	0	0	0	0	0	0	0	0	0	0
Life	2023-04-01	10054927	92177	8658	0	5	0	1	0	0	0	1	0	1	0	1	0	0	0	0	19	0	0	0	0	0	0	0	0	0	0	0	0	0	0	0	0	0
Life	2023-04-01	10053441	88317	7888	0	5	1	0	0	0	0	0	0	0	5	0	0	0	0	0	10	0	0	0	0	0	1	0	1	0	0	0	0	0	0	0	0	0
Life	2023-04-01	10054693	154739	12999	0	3	0	1	0	0	0	1	0	0	8	3	0	0	0	0	33	0	2	1	0	0	2	0	0	0	0	0	4	0	0	0	0	0
Life	2023-04-01	10059732	142929	11814	0	2	0	2	0	0	0	3	0	0	0	2	0	0	0	0	20	0	0	4	0	0	3	0	0	0	0	0	3	0	2	0	0	0
Life	2023-04-01	10053055	85945	7224	0	4	0	0	0	0	0	0	0	0	0	1	0	0	0	0	13	0	0	1	0	0	0	0	0	0	0	0	0	0	0	0	0	0
Life	2023-04-01	10053773	150494	12760	0	7	0	2	0	0	0	0	0	0	5	4	0	0	0	0	44	0	0	0	0	0	1	0	0	0	0	0	0	0	0	0	0	0
Life	2023-04-01	10051313	101590	8285	0	0	1	0	0	0	0	1	0	0	3	0	0	0	0	0	19	0	0	0	0	0	0	0	0	0	0	0	0	0	0	0	0	0
Life	2023-04-01	10055780	240107	22821	0	6	0	2	0	0	0	0	0	10	2	0	0	0	0	0	17	0	0	1	0	0	0	0	0	0	0	0	0	0	0	0	0	1
Life	2023-04-01	10054248	106911	9318	0	2	0	1	0	0	0	2	0	1	0	5	0	0	0	0	16	0	0	0	0	0	0	0	0	0	0	0	0	0	0	0	0	0
Life	2023-04-01	10053361	140116	12064	0	5	0	0	0	0	2	1	0	0	0	1	0	0	0	0	23	0	0	0	0	0	0	3	0	0	0	0	0	0	0	0	0	0
Life	2023-04-01	10055985	161554	13343	0	1	0	2	0	0	0	1	0	0	0	6	0	0	0	0	19	0	0	0	0	0	0	0	0	0	0	0	0	0	0	0	0	0
Life	2023-04-01	10059043	165440	13764	0	7	1	0	0	0	1	0	0	0	0	2	0	0	0	0	25	0	0	1	0	0	0	0	1	0	0	0	0	0	0	0	0	0
Life	2023-04-01	10051416	87102	8045	0	7	0	1	0	0	0	0	0	0	1	0	0	0	1	0	45	0	0	0	0	0	0	0	1	0	0	0	0	0	0	0	0	0
Life	2023-04-01	10059741	151604	14554	0	8	0	0	0	0	0	0	0	2	2	5	0	0	0	0	96	0	0	0	0	0	3	0	0	0	0	0	0	0	0	0	0	0
Life	2023-04-01	10058313	336085	26960	0	10	1	2	0	0	3	0	0	0	1	0	0	0	1	0	5	0	1	0	0	0	1	0	1	0	0	0	0	0	0	0	0	0
Life	2023-04-01	10058691	105047	9727	0	5	0	5	0	0	1	0	0	0	0	0	0	0	0	0	26	0	0	0	0	0	0	0	0	0	0	0	0	0	0	0	0	0
Life	2023-04-01	10057448	64482	5539	0	1	0	1	0	0	1	0	0	0	0	0	0	0	0	0	8	0	0	3	0	0	0	0	0	0	0	0	0	0	0	0	0	0
Life	2023-04-01	10054657	103905	9092	0	4	1	0	0	0	0	1	0	0	0	0	0	0	0	0	12	0	0	0	0	0	0	0	0	0	0	0	0	0	0	0	0	0
Life	2023-04-01	10056806	105863	9215	0	3	0	1	0	0	1	0	0	1	0	0	0	0	0	0	31	0	0	0	0	0	0	0	1	0	0	0	0	0	0	0	0	0
Life	2023-04-01	10054407	160952	13059	0	2	0	1	0	0	0	1	0	1	2	2	0	0	0	0	19	0	0	0	0	0	0	0	0	0	0	0	0	0	0	0	0	0
Life	2023-04-01	10052164	117413	10426	0	10	0	0	0	0	0	1	0	0	0	3	0	0	0	0	35	0	0	2	0	0	0	0	0	0	0	0	0	0	0	0	0	0
Life	2023-04-01	10052690	129680	9216	0	0	0	0	0	0	1	0	0	0	0	0	0	0	0	0	3	0	0	0	0	0	0	0	0	0	0	0	0	0	0	0	0	0
Life	2023-04-01	10056680	123441	10412	0	4	0	0	0	0	0	0	0	0	2	1	0	0	1	0	72	0	0	0	0	0	0	0	1	0	0	0	0	0	0	0	0	0
Life	2023-04-01	10051471	95125	7295	0	0	0	0	0	0	0	0	0	1	0	1	0	0	0	0	15	0	0	0	0	0	1	0	0	0	0	1	0	0	0	0	0	0
Life	2023-04-01	10053573	109434	9607	0	1	0	0	0	0	1	1	0	0	0	2	0	0	0	0	15	0	0	2	0	0	0	0	0	0	0	0	0	0	0	0	0	0
Life	2023-04-01	10055707	180542	15344	0	4	0	0	0	0	0	0	0	0	0	5	0	0	0	0	33	0	0	2	0	0	0	0	0	0	0	0	0	0	0	0	0	0
Life	2023-04-01	10051677	124294	10308	0	7	0	4	0	0	0	0	0	0	1	3	0	0	1	0	27	0	0	0	0	0	1	1	0	0	0	0	0	0	0	0	0	0
Life	2023-04-01	10056732	92269	8344	0	0	0	1	0	0	0	0	0	2	0	5	0	0	0	0	22	0	0	2	0	0	0	0	0	0	0	0	0	0	0	0	0	0
Life	2023-04-01	10053474	105981	9654	0	3	1	0	0	0	1	0	0	0	0	1	0	0	2	0	11	0	1	0	0	0	2	0	0	0	1	0	0	0	0	0	0	0
Life	2023-04-01	10055705	146984	13632	0	13	0	0	0	0	1	0	0	0	1	1	0	2	0	0	19	0	0	3	0	0	0	0	1	0	0	0	0	0	0	0	0	0
Life	2023-04-01	10055681	100416	9000	0	8	1	3	0	0	0	1	0	33	2	1	0	0	0	0	43	0	0	0	0	0	2	0	0	0	0	0	0	0	0	1	0	0
Life	2023-04-01	10057201	116974	9633	0	2	0	1	0	0	0	4	0	0	3	1	0	0	1	0	26	0	0	0	0	0	1	0	0	0	0	0	0	0	0	0	0	0
Life	2023-04-01	10052509	273770	22673	0	6	0	1	0	0	1	0	0	1	0	6	0	0	0	0	21	0	0	2	0	0	1	0	0	0	0	0	0	0	0	0	0	0
Life	2023-04-01	10052969	98961	8822	0	5	0	1	0	0	0	0	0	0	0	1	0	0	0	0	28	0	0	0	0	0	0	0	0	0	0	0	0	0	0	0	0	0
Life	2023-04-01	10059771	58878	5220	0	4	0	2	0	0	0	1	0	0	0	3	0	0	0	0	19	0	0	0	0	0	1	0	1	0	0	0	0	0	0	0	0	0
Life	2023-04-01	10059649	50420	3912	0	0	0	0	0	0	5	0	0	1	0	0	0	0	0	0	11	0	0	0	0	0	0	0	0	0	0	0	0	0	0	0	0	0
Life	2023-04-01	10058613	116866	9606	0	4	0	0	0	0	1	0	0	0	1	1	0	0	1	0	12	0	0	4	0	0	0	0	0	0	0	0	0	0	0	0	0	0
Life	2023-04-01	10052045	196377	14349	0	1	0	0	0	1	0	0	0	0	2	3	0	0	0	0	27	0	0	2	0	0	0	0	0	0	0	0	0	0	0	0	0	0
Life	2023-04-01	10051050	90869	8046	0	1	0	3	0	0	0	0	0	0	1	0	0	0	1	0	47	0	0	0	0	0	0	0	0	0	0	0	0	0	0	0	0	0
Life	2023-04-01	10057816	148534	13727	0	21	0	5	0	0	1	0	0	1	2	0	0	0	0	0	37	0	1	1	0	0	1	1	0	0	0	0	0	0	0	0	0	0
Life	2023-04-01	10053503	138487	11569	0	3	0	0	0	0	0	0	0	2	0	1	0	0	0	0	19	0	0	1	0	0	0	0	0	0	1	0	0	0	1	0	0	0
Life	2023-04-01	10057568	123041	11141	0	7	0	9	0	0	0	2	0	3	0	0	0	0	0	0	16	0	0	5	0	0	0	0	0	0	0	0	0	0	0	0	0	0
Life	2023-04-01	10059945	147238	12835	0	4	0	1	1	0	1	1	0	0	5	0	0	0	0	0	13	0	0	0	0	0	0	0	0	0	0	0	0	0	0	0	0	0
Life	2023-04-01	10056889	123186	11397	0	7	0	2	0	0	1	0	0	0	4	0	0	0	0	0	66	0	0	1	0	0	13	0	0	0	0	0	0	0	0	0	0	0
Life	2023-04-01	10051743	125845	11429	0	13	0	2	0	0	0	0	0	0	5	0	0	0	1	0	58	0	0	1	0	0	2	1	1	0	0	0	0	0	0	0	0	0
Life	2023-04-01	10057722	117936	10070	0	13	2	2	1	0	1	8	0	0	4	0	0	0	0	0	61	0	0	1	0	3	1	0	0	0	0	0	0	0	0	0	0	2
Life	2023-04-01	10053939	138220	10776	0	2	4	5	0	0	0	3	0	24	1	3	0	0	0	0	37	0	0	0	0	0	1	0	0	0	0	0	0	0	0	0	0	0
Life	2023-04-01	10054680	84890	7672	0	5	0	2	0	2	3	0	0	0	0	0	0	0	0	0	45	0	0	6	0	0	0	0	0	0	0	0	0	3	0	0	0	0
Life	2023-04-01	10057644	148886	12455	0	9	0	0	0	0	0	2	0	0	0	3	0	0	0	0	18	0	0	0	0	0	0	0	0	0	0	0	0	0	0	0	0	0
Life	2023-04-01	10053211	118384	9828	0	4	0	1	0	0	1	1	0	0	1	0	0	0	0	0	41	0	0	0	0	0	0	0	0	0	0	0	0	0	0	0	0	0
Life	2023-04-01	10057978	174178	16652	0	7	2	0	0	0	5	1	0	4	2	7	0	0	0	0	31	0	0	3	0	0	0	0	0	1	0	0	0	0	0	0	0	0
Life	2023-04-01	10059730	117191	10094	0	10	0	1	0	0	0	1	0	0	1	2	0	0	0	0	38	0	0	0	0	0	0	0	1	0	0	0	0	0	0	0	0	0
Life	2023-04-01	10056145	88303	7817	0	3	0	0	0	0	1	0	0	1	0	0	0	0	0	0	14	0	0	0	0	0	1	0	0	0	0	0	0	0	0	0	1	0
Life	2023-04-01	10056630	39316	4014	0	0	0	0	0	0	0	0	0	0	0	0	0	0	0	0	7	0	0	0	0	0	0	0	0	0	0	0	2	0	0	0	0	0
Life	2023-04-01	10053642	102408	9025	0	11	0	0	0	0	1	0	0	2	0	0	0	0	1	0	28	0	0	0	0	1	0	0	0	0	0	0	0	1	0	0	0	0
Life	2023-04-01	10146623	79563	6422	0	0	1	0	0	0	0	0	0	0	0	1	0	0	0	0	13	0	0	3	0	0	0	0	1	0	0	0	1	0	0	0	0	0
Life	2023-04-01	10141051	85091	7036	0	1	0	0	0	0	0	1	0	0	1	0	0	0	0	0	15	0	0	0	0	1	0	0	0	0	0	0	0	0	0	0	0	0
Life	2023-04-01	10143021	135774	12324	0	16	0	2	0	0	0	0	0	0	2	4	0	0	0	0	29	0	0	1	0	0	0	0	0	0	0	0	0	0	0	0	0	0
Life	2023-04-01	10146175	146737	11984	0	1	0	0	0	0	0	1	0	0	0	0	0	0	0	0	28	0	2	1	0	0	2	0	1	0	0	0	0	0	0	0	0	0
Life	2023-04-01	10145530	119204	10644	0	14	0	2	0	0	2	5	0	1	0	2	0	0	0	0	11	0	0	2	0	0	0	0	1	0	0	0	3	1	0	0	0	0
Life	2023-04-01	10145970	248619	21361	0	6	0	2	0	0	0	1	0	15	2	9	0	0	0	0	46	0	0	4	0	0	1	0	0	0	0	0	0	0	0	0	0	0
Life	2023-04-01	10142299	118367	10385	0	0	0	0	0	0	0	0	0	0	1	0	0	0	0	0	21	0	0	0	0	0	1	0	2	0	0	0	0	0	0	0	0	0
Life	2023-04-01	10140856	198249	16269	0	6	0	1	0	0	1	0	0	0	2	1	0	0	0	0	20	0	0	0	0	0	0	0	0	0	0	0	0	0	0	0	0	0
Life	2023-04-01	10146774	138857	11739	0	2	0	6	0	0	0	0	0	0	7	1	0	0	0	0	28	0	0	0	0	0	1	0	0	0	0	0	0	0	0	0	0	0
Life	2023-04-01	10147070	182300	13505	0	1	0	1	0	0	1	2	0	0	0	0	0	0	0	0	50	0	0	0	0	0	0	0	1	0	0	0	0	0	0	0	0	0
Life	2023-04-01	10141354	106957	10498	0	1	1	0	0	0	0	4	0	3	1	6	0	0	0	0	43	0	0	1	0	0	0	0	0	0	0	0	0	0	0	0	0	0
Life	2023-04-01	10141725	132895	11293	0	1	0	2	0	0	1	2	0	0	5	8	0	0	0	0	22	0	0	2	0	1	0	0	0	0	0	0	0	0	0	0	0	0
Life	2023-04-01	10145854	69407	6723	0	3	0	3	0	0	1	0	0	2	1	0	0	0	0	0	33	0	0	1	0	0	0	0	0	0	0	0	0	0	0	0	0	0
Life	2023-04-01	10146054	98958	8758	0	1	0	4	0	0	1	0	0	0	5	1	0	0	0	0	33	0	0	0	0	0	0	0	0	0	0	0	0	0	0	0	0	0
Life	2023-04-01	10144028	217472	16679	0	19	1	6	0	0	0	0	0	0	4	0	0	0	0	0	18	0	0	2	0	0	0	0	0	0	0	0	1	0	0	0	0	0
Life	2023-04-01	10143511	53238	4676	0	2	0	2	0	0	0	0	0	2	0	3	0	0	0	0	5	0	0	0	0	0	0	0	0	0	0	0	0	0	0	0	0	0
Life	2023-04-01	10144873	130881	11289	0	12	0	0	0	0	0	0	0	0	4	0	0	0	0	0	35	0	0	0	0	0	1	0	0	0	0	0	0	0	0	0	0	0
Life	2023-04-01	10142952	91637	8501	0	0	1	1	0	0	0	2	0	1	1	5	0	0	0	0	43	0	0	1	0	0	0	0	1	0	0	0	1	0	0	0	0	0
Life	2023-04-01	10147043	96255	7519	0	0	0	0	0	0	0	0	0	1	2	0	0	0	0	0	3	0	0	0	0	0	0	0	0	0	0	0	0	0	0	0	0	0
Life	2023-04-01	10145858	104882	9603	0	2	0	0	0	0	0	0	0	0	2	7	0	0	1	0	20	0	0	0	0	0	0	0	1	0	0	0	0	0	0	0	0	0
Life	2023-04-01	10142071	519472	40030	0	1	0	1	0	0	0	0	0	3	0	7	0	0	0	0	47	0	0	3	0	2	2	0	2	0	0	0	0	0	0	0	0	0
Life	2023-04-01	10145316	90717	8755	0	0	0	0	0	0	2	0	0	1	3	0	0	0	0	0	2	0	0	5	0	0	0	0	0	0	0	0	0	0	0	0	0	0
Life	2023-04-01	10141991	236315	20201	0	3	0	0	0	0	0	0	0	1	6	1	0	0	0	0	97	0	0	7	0	0	1	0	0	0	0	0	0	0	0	0	0	0
Life	2023-04-01	10143201	139363	10956	0	3	0	1	0	0	0	0	0	4	5	2	0	0	2	0	33	0	0	0	0	0	0	0	0	0	0	0	0	4	0	0	0	0
Life	2023-04-01	10142474	106976	9105	0	2	0	5	0	0	0	2	0	6	0	2	0	0	0	0	19	0	0	0	0	0	0	0	0	0	0	0	0	1	0	0	0	0
