journal	date	pmc_id	Nchars	Nwords	delve	analyse	acknowledge	assess	appraise	dissect	explore	examine	extricate	expose	estimate	investigate	inquire	inspect	interpret	scrutinise	study	unearth	uncover	understand	ponder	research	reason	retrieve	avoid	discount	disregard	dismiss	ignore	neglect	overlook	omit	skip	reject
Nat Commun	2024-01-01	10550907	36462	3800	0	0	2	0	0	0	1	0	0	0	0	0	0	0	0	0	2	0	0	0	0	0	0	0	0	0	0	0	0	0	0	0	0	0
Nat Commun	2024-01-01	10558569	90412	7378	0	1	1	0	0	0	3	0	0	0	0	3	0	0	0	0	11	0	0	0	0	0	0	0	1	0	0	0	0	0	0	0	0	0
Nat Commun	2024-01-01	10556104	117843	13148	0	17	2	3	0	0	2	1	0	0	24	7	0	0	1	0	56	0	0	5	0	0	0	0	0	0	0	0	0	0	0	0	0	0
Nat Commun	2024-01-01	10558529	8342	555	0	0	0	0	0	0	0	0	0	0	0	0	0	0	0	0	0	0	0	0	0	0	0	0	0	0	0	0	0	0	0	0	0	0
Nat Commun	2024-01-01	10556057	111202	11379	0	7	1	0	0	0	0	0	0	0	2	0	0	0	0	0	8	0	1	0	0	0	0	0	1	0	0	0	0	0	0	0	0	0
Nat Commun	2024-01-01	10558558	131752	11886	0	3	0	0	0	0	2	2	0	2	0	0	0	0	0	0	9	0	1	0	0	0	1	0	0	0	0	0	0	0	0	0	0	0
Nat Commun	2024-01-01	10558450	102340	10728	0	1	1	0	0	0	2	1	0	4	1	1	0	0	0	0	4	0	0	0	0	0	0	0	2	0	0	0	0	0	0	0	0	0
Nat Commun	2024-01-01	10558525	160990	14961	0	43	0	2	0	0	2	2	0	0	21	0	0	1	1	0	22	0	0	4	0	0	0	6	0	0	0	0	1	1	0	0	0	0
Nat Commun	2024-01-01	10556143	171216	17914	0	28	0	1	0	0	0	3	0	0	1	0	0	0	0	0	26	0	0	4	0	0	0	0	0	0	0	0	0	0	0	0	0	0
Nat Commun	2024-01-01	10556103	96035	10306	0	7	1	2	0	0	0	0	0	1	0	2	0	0	0	0	3	0	0	0	0	0	0	0	0	0	0	0	0	0	0	0	0	0
Nat Commun	2024-01-01	10558530	122056	12656	0	11	1	5	0	0	3	4	0	0	9	10	0	0	0	0	48	0	0	7	0	0	0	0	0	0	0	0	0	1	0	1	0	0
Nat Commun	2024-01-01	10560297	67259	6554	0	10	2	4	0	0	2	0	0	0	6	2	0	0	2	0	58	0	0	0	0	0	1	0	0	0	0	0	0	0	0	0	0	0
Nat Commun	2024-01-01	10550943	171854	10463	0	3	1	0	0	0	0	0	0	0	0	1	0	0	0	0	6	0	4	6	0	0	0	0	0	0	0	0	1	5	0	0	0	0
Nat Commun	2024-01-01	10556042	123618	12496	0	25	0	2	0	0	1	1	0	0	0	1	0	0	0	0	23	0	0	0	0	0	0	0	0	0	0	0	0	0	0	0	0	0
Nat Commun	2024-01-01	10556106	154271	14040	0	9	0	0	0	1	0	6	0	0	0	5	0	0	1	0	6	0	1	1	0	0	0	0	0	0	0	0	0	0	0	0	0	0
Nat Commun	2024-01-01	10558519	69791	6416	0	0	5	1	0	0	0	0	0	0	2	2	0	0	0	0	3	0	0	0	0	0	1	0	0	0	0	0	0	0	0	0	0	0
Nat Commun	2024-01-01	10560253	108537	10325	0	4	0	0	0	0	0	1	0	0	1	7	0	0	0	0	3	0	0	2	0	0	0	0	0	0	0	0	1	1	2	0	0	0
Nat Commun	2024-01-01	10560290	184375	16924	0	9	1	1	0	0	0	3	0	0	10	6	0	0	1	0	29	0	0	4	0	0	0	0	1	0	0	0	0	0	0	0	0	0
Nat Commun	2024-01-01	10558456	134703	13011	0	11	1	1	0	0	1	0	0	0	0	3	0	0	0	0	17	0	0	2	0	0	0	0	0	0	0	0	0	0	0	0	0	0
Nat Commun	2024-01-01	10558545	168235	11656	0	5	0	0	0	0	0	0	0	0	1	1	0	0	0	0	26	0	0	2	0	0	0	0	0	0	0	0	0	0	0	0	0	0
Nat Commun	2024-01-01	10556094	100107	9582	0	6	2	0	0	0	1	1	0	0	1	2	0	0	0	0	6	0	0	5	0	0	0	0	0	0	0	0	1	0	0	0	0	0
Nat Commun	2024-01-01	10560206	147433	14958	0	19	0	11	0	0	0	0	0	0	2	1	0	0	1	0	12	0	0	3	0	0	0	0	0	0	0	0	0	0	0	0	0	0
Nat Commun	2024-01-01	10550928	142861	13564	0	2	1	0	0	0	1	0	0	0	0	2	0	0	0	0	14	0	0	1	0	0	0	0	0	0	0	0	0	0	0	0	0	0
Nat Commun	2024-01-01	10556026	122334	12914	0	14	0	0	0	2	2	0	0	7	0	2	0	0	0	0	11	0	0	0	0	0	1	0	1	0	0	0	0	0	0	0	0	0
Nat Commun	2024-01-01	10550972	138191	14010	0	12	0	3	0	0	11	3	0	0	3	5	0	0	0	0	21	0	2	1	0	0	0	0	0	0	0	0	0	0	0	0	0	0
Nat Commun	2024-01-01	10570288	203160	11831	0	2	1	0	0	0	3	0	0	0	3	2	0	0	1	0	3	0	0	0	0	0	0	2	0	0	0	0	1	0	0	0	0	0
Nat Commun	2024-01-01	10576802	177638	18888	0	16	0	2	0	0	3	5	0	0	0	5	0	0	0	0	29	0	1	0	0	0	1	0	0	0	0	0	0	0	0	0	0	0
Nat Commun	2024-01-01	10570371	159442	16000	0	10	0	4	0	1	1	12	0	1	0	5	0	0	0	0	14	0	0	0	0	0	4	0	0	0	0	0	0	0	0	0	0	0
Nat Commun	2024-01-01	10576091	149719	15358	0	5	1	9	0	0	1	0	0	1	0	0	0	0	2	0	13	0	2	1	0	0	0	4	0	0	0	0	0	0	0	0	0	0
Nat Commun	2024-01-01	10576781	110642	11268	0	5	0	0	0	0	1	0	0	0	1	0	0	0	0	0	21	0	0	0	0	0	0	1	0	0	0	0	0	0	0	0	0	0
Nat Commun	2024-01-01	10575899	144183	11435	0	0	3	2	0	0	3	1	0	3	2	2	0	0	0	0	27	0	0	3	0	0	0	0	0	0	0	0	0	0	0	0	0	0
Nat Commun	2024-01-01	10575978	183948	19364	0	15	0	2	0	0	0	2	0	0	0	15	0	0	2	0	50	0	1	0	0	0	0	0	0	0	0	0	0	0	0	0	0	0
Nat Commun	2024-01-01	10570280	92366	10115	0	8	2	0	0	0	0	0	0	1	2	1	0	0	0	0	8	0	0	1	0	0	0	0	0	0	0	0	0	0	0	0	0	0
Nat Commun	2024-01-01	10570273	160599	8223	0	0	1	0	0	0	2	0	0	0	0	2	0	0	0	1	1	0	1	0	0	0	0	0	0	0	0	0	0	0	0	0	0	0
Nat Commun	2024-01-01	10575970	198214	15495	0	1	1	1	0	0	2	0	0	2	0	1	0	0	0	0	3	0	0	0	0	0	0	0	0	0	0	0	0	1	0	0	0	0
Nat Commun	2024-01-01	10575874	109719	11105	0	0	0	0	0	0	0	0	0	0	1	0	0	0	0	0	10	0	0	1	0	0	0	0	0	0	0	0	0	0	0	0	0	0
Nat Commun	2024-01-01	10575983	11337	706	0	0	0	0	0	0	0	0	0	0	0	0	0	0	0	0	0	0	0	0	0	0	0	0	0	0	0	0	0	0	0	1	0	0
Nat Commun	2024-01-01	10576739	176951	18964	0	7	0	10	0	1	7	0	0	1	6	5	0	0	1	0	7	0	0	1	0	0	1	0	0	0	0	0	0	0	0	0	0	0
Nat Commun	2024-01-01	10575982	113437	10899	0	6	0	0	0	0	0	4	0	0	6	2	0	0	0	0	4	0	0	2	0	0	2	1	0	0	0	0	0	0	0	0	0	0
Nat Commun	2024-01-01	10576026	108666	7888	0	0	1	1	0	0	0	7	0	0	0	0	0	0	0	0	5	0	0	1	0	0	1	0	0	0	1	0	0	0	0	0	0	0
Nat Commun	2024-01-01	10570278	73531	5318	0	2	2	0	0	0	1	1	0	0	0	0	0	0	0	0	2	0	0	0	0	0	0	0	0	0	0	0	0	0	0	0	0	0
Nat Commun	2024-01-01	10576793	120258	11264	0	6	1	0	0	0	1	1	0	0	0	4	0	0	0	0	18	0	0	1	0	0	0	0	0	0	0	0	0	0	0	0	0	0
Nat Commun	2024-01-01	10576778	84465	8363	0	4	1	0	0	0	2	0	0	0	0	0	0	0	0	0	8	0	0	0	0	0	0	0	0	0	0	0	0	0	0	0	0	0
Nat Commun	2024-01-01	10576757	132164	14257	0	5	2	1	0	0	3	2	0	2	0	0	0	0	1	0	9	0	1	0	0	0	0	0	0	0	0	0	0	0	0	0	0	0
Nat Commun	2024-01-01	10576789	110909	11098	0	9	2	1	0	0	0	0	0	0	2	1	0	0	1	0	24	0	0	2	0	0	0	0	0	0	0	0	0	0	0	0	0	0
Nat Commun	2024-01-01	10576057	80721	8505	0	2	0	1	0	0	0	0	0	0	0	0	0	0	0	0	12	0	0	0	0	0	0	0	0	0	0	0	1	0	0	0	0	0
Nat Commun	2024-01-01	10575966	119237	8478	0	3	2	0	0	0	0	0	0	0	2	1	0	0	0	0	2	0	0	0	0	0	2	0	0	0	0	0	0	0	0	0	0	0
Nat Commun	2024-01-01	10576776	89206	8287	0	4	0	1	0	0	0	0	0	0	0	8	0	0	0	0	5	0	0	3	0	0	0	0	0	0	0	0	0	0	0	0	0	0
Nat Commun	2024-01-01	10576761	178636	18796	0	15	0	1	0	3	15	1	0	0	4	1	0	0	0	0	50	0	1	4	0	0	1	0	0	0	0	0	0	2	0	0	3	0
Nat Commun	2024-01-01	10575954	157407	15370	0	3	1	6	0	0	2	0	0	1	6	17	0	1	0	0	25	0	0	0	0	0	0	1	0	0	0	0	0	0	0	1	0	0
Nat Commun	2024-01-01	10587086	139549	12512	0	16	1	0	0	0	0	0	0	0	4	2	0	0	0	0	15	0	0	1	0	0	0	0	0	0	0	0	0	0	3	0	0	0
Nat Commun	2024-01-01	10587083	125805	12967	0	12	0	0	0	0	2	2	0	0	1	9	0	0	1	0	32	0	0	1	0	0	0	0	0	0	0	0	0	0	0	0	0	0
Nat Commun	2024-01-01	10587103	114538	10253	0	14	3	0	0	0	5	3	0	0	2	3	0	0	0	0	21	0	0	2	0	0	1	0	0	0	0	0	0	0	0	0	0	0
Nat Commun	2024-01-01	10589265	137917	13885	0	15	0	2	0	0	7	4	0	1	0	2	0	0	1	0	17	0	0	0	0	1	1	0	0	0	0	0	0	0	0	0	0	0
Nat Commun	2024-01-01	10590453	163495	16121	0	10	0	1	0	4	0	4	0	1	0	4	0	0	0	0	7	0	0	3	0	0	0	0	0	0	0	0	0	0	0	0	0	0
Nat Commun	2024-01-01	10584889	109340	10701	0	5	0	2	0	0	0	1	0	0	8	0	0	0	1	0	49	0	0	1	0	0	1	0	0	0	0	0	0	0	0	0	0	0
Nat Commun	2024-01-01	10587348	361723	16992	0	5	0	0	0	0	0	0	0	0	1	1	0	0	0	0	25	0	0	5	0	0	0	0	0	0	0	0	0	0	0	0	0	0
Nat Commun	2024-01-01	10589330	196253	13961	0	15	1	0	0	0	3	1	0	0	11	1	0	0	0	0	26	0	0	3	0	0	0	0	0	0	0	0	0	0	0	0	0	0
Nat Commun	2024-01-01	10589277	116587	11587	0	27	0	1	0	2	2	4	0	0	1	0	0	0	0	0	10	0	0	1	0	0	0	0	0	0	0	0	0	0	0	0	0	0
Nat Commun	2024-01-01	10589231	178892	19230	0	26	0	2	0	2	2	7	0	5	1	15	0	0	0	0	14	0	1	0	0	0	0	2	0	0	0	0	0	0	0	0	0	0
Nat Commun	2024-01-01	10589238	79731	8372	0	1	0	0	0	0	1	6	0	0	1	4	0	0	1	0	14	0	0	0	0	0	0	0	0	0	0	0	0	0	0	0	0	0
Nat Commun	2024-01-01	10590415	175613	19397	0	11	0	11	0	0	0	1	0	2	4	14	0	0	2	0	12	0	0	2	0	0	0	0	1	0	0	0	6	0	0	1	0	0
Nat Commun	2024-01-01	10587080	113279	9568	0	7	0	0	0	0	2	0	0	0	2	4	0	0	0	0	18	0	0	1	0	0	1	0	0	0	0	0	0	0	0	0	0	0
Nat Commun	2024-01-01	10584936	137234	11321	0	10	0	2	0	0	2	1	0	0	1	2	0	0	0	0	14	0	0	1	0	0	0	0	0	0	0	0	0	0	0	0	0	0
Nat Commun	2024-01-01	10590414	123846	12867	0	48	1	1	0	0	2	9	0	0	0	2	0	0	0	0	33	0	0	1	0	0	0	0	0	0	0	0	0	0	0	0	0	0
Nat Commun	2024-01-01	10590426	135630	13600	0	9	1	1	0	0	2	0	0	0	6	13	0	0	1	0	21	0	0	0	0	0	1	0	0	0	0	0	0	0	0	0	0	0
Nat Commun	2024-01-01	10589287	111232	10533	0	20	1	3	0	0	0	0	0	0	15	3	0	0	0	0	33	0	0	1	0	0	0	2	0	0	0	0	0	0	0	0	0	1
Nat Commun	2024-01-01	10589307	108366	9447	0	8	0	0	0	0	7	0	0	0	2	1	0	0	0	0	14	0	0	4	0	0	0	0	0	0	0	0	0	0	1	0	0	0
Nat Commun	2024-01-01	10587147	90633	9466	0	4	0	0	0	0	0	6	0	0	0	5	0	0	0	0	7	0	0	0	0	1	0	0	0	0	0	0	0	0	0	0	0	0
Nat Commun	2024-01-01	10587226	17062	997	0	0	0	0	0	0	0	0	0	0	0	0	0	0	0	0	0	0	0	0	0	0	0	0	0	0	0	0	0	0	0	0	0	0
Nat Commun	2024-01-01	10587058	130875	13102	0	2	0	4	0	0	1	1	0	1	1	3	0	0	0	0	20	0	0	1	0	0	0	0	0	0	0	0	0	0	1	0	0	0
Nat Commun	2024-01-01	10590421	111639	11469	0	30	0	1	0	0	8	1	0	8	1	0	0	0	0	0	38	0	0	0	0	0	1	0	0	0	0	0	1	0	0	0	0	0
Nat Commun	2024-01-01	10589233	102643	10965	0	20	1	6	0	0	2	0	0	0	0	3	0	0	1	0	8	0	0	0	0	0	0	0	0	0	0	0	0	0	0	0	0	0
Nat Commun	2024-01-01	10587301	91887	7881	0	1	1	0	0	0	2	1	0	1	1	3	0	0	0	0	15	0	0	0	0	0	0	0	0	0	0	0	0	0	0	0	0	0
Nat Commun	2024-01-01	10590427	165016	10230	0	1	3	0	0	0	0	0	0	0	5	0	0	0	0	0	6	0	0	0	0	0	2	0	0	0	0	0	0	0	0	0	0	0
Nat Commun	2024-01-01	10613234	140395	10619	0	3	1	2	0	0	2	1	0	1	5	0	0	0	0	0	11	0	0	0	0	0	0	0	0	0	0	0	0	0	0	0	0	0
Nat Commun	2024-01-01	10618187	142580	13696	0	8	3	1	0	0	1	10	0	3	1	7	0	0	0	0	25	0	0	0	0	0	0	0	0	0	0	0	0	0	0	1	0	0
Nat Commun	2024-01-01	10620202	125692	10930	0	3	1	1	0	0	1	2	0	6	2	6	0	0	1	0	15	0	1	2	0	0	0	0	0	0	0	0	0	0	0	0	0	0
Nat Commun	2024-01-01	10616191	87188	7983	0	6	0	1	0	0	1	0	0	0	0	5	0	0	0	0	10	0	0	0	0	0	1	4	0	0	0	0	0	0	0	0	0	0
Nat Commun	2024-01-01	10616141	157230	16484	0	14	0	2	0	0	0	11	0	10	0	1	0	0	0	0	24	0	0	4	0	0	0	0	0	0	0	0	0	0	0	0	0	0
Nat Commun	2024-01-01	10613261	372138	18421	0	17	0	2	0	1	2	2	0	0	40	7	0	0	1	0	39	0	0	1	0	0	0	0	0	0	0	0	1	0	0	1	0	0
Nat Commun	2024-01-01	10616100	262913	23919	0	22	0	2	0	0	1	15	0	0	10	1	0	0	3	0	69	0	0	5	0	0	0	0	0	0	0	0	0	0	0	0	0	0
Nat Commun	2024-01-01	10616271	94319	9835	0	15	0	2	0	0	0	0	0	0	17	1	0	0	1	0	15	0	0	1	0	0	0	0	0	0	0	0	0	0	0	3	0	0
Nat Commun	2024-01-01	10620391	116176	11008	0	2	0	5	0	0	0	2	0	0	17	0	0	0	0	0	51	0	0	2	0	0	0	0	0	0	0	0	1	0	0	0	0	0
Nat Commun	2024-01-01	10618253	109787	10740	0	12	0	0	0	0	0	3	0	0	0	2	0	0	1	0	33	0	0	3	0	0	0	1	0	0	0	0	0	0	0	1	0	0
Nat Commun	2024-01-01	10620232	160050	15547	0	30	0	0	0	1	1	5	0	0	0	5	0	0	0	0	9	0	3	0	0	0	0	1	1	0	0	0	0	0	0	0	0	0
Nat Commun	2024-01-01	10616095	112366	10178	0	4	0	1	0	0	1	1	0	0	0	3	0	0	0	0	13	0	0	10	0	0	0	0	0	0	0	0	0	0	1	0	0	0
Nat Commun	2024-01-01	10620383	96497	8272	0	0	0	0	0	0	1	0	0	0	2	4	0	0	0	0	4	0	0	1	0	0	0	0	0	0	0	0	0	0	0	0	0	0
Nat Commun	2024-01-01	10616196	138359	13292	0	8	2	1	0	0	1	0	0	2	2	4	0	0	1	0	7	0	1	1	0	0	0	0	0	0	0	0	0	0	0	0	0	0
Nat Commun	2024-01-01	10620199	106227	10097	0	14	0	2	0	1	0	0	0	0	0	3	0	0	0	0	8	0	0	5	0	0	0	0	1	0	0	0	0	0	0	0	0	0
Nat Commun	2024-01-01	10620419	134764	13883	0	10	1	3	0	0	0	12	0	0	0	4	0	0	0	0	21	0	0	2	0	0	0	0	0	0	0	0	0	0	0	0	0	0
Nat Commun	2024-01-01	10618566	149257	16721	0	9	0	2	0	0	3	1	0	0	2	4	0	0	0	0	16	0	0	0	0	0	0	0	1	0	0	0	0	0	0	0	0	0
Nat Commun	2024-01-01	10618522	29893	2742	0	0	3	0	0	0	0	0	0	0	1	0	0	0	0	0	2	0	0	5	0	0	0	0	0	0	0	0	0	0	0	0	0	0
Nat Commun	2024-01-01	10620173	141620	14434	0	6	2	1	0	0	0	2	0	23	1	10	0	0	0	0	18	0	0	0	0	0	0	0	0	0	0	0	0	0	0	0	0	0
Nat Commun	2024-01-01	10620240	197795	20155	0	12	0	3	0	1	2	6	0	0	3	5	0	0	1	0	24	0	2	1	0	0	0	0	0	0	0	0	0	0	0	0	0	0
Nat Commun	2024-01-01	10620218	104559	10505	0	8	0	2	0	0	0	5	0	0	1	1	0	2	0	0	16	0	0	1	0	0	1	0	0	0	0	0	0	0	0	0	0	0
Nat Commun	2024-01-01	10618174	196002	15377	0	2	1	1	0	0	3	0	0	0	0	0	0	1	1	0	6	0	0	3	0	0	0	0	2	0	0	0	0	0	0	0	0	0
Nat Commun	2024-01-01	10616291	145424	15794	0	22	0	7	0	0	3	14	0	66	9	5	0	0	1	0	27	0	0	0	0	0	0	0	0	0	0	0	0	0	0	0	0	0
Nat Commun	2024-01-01	10620197	67440	5861	0	0	1	0	0	0	2	1	0	1	0	3	0	0	0	0	7	0	0	1	0	0	0	0	0	0	0	0	0	0	0	1	0	0
Nat Commun	2024-01-01	10618209	42176	3757	0	0	1	1	0	0	0	2	0	1	0	0	0	0	0	0	1	0	0	1	0	0	1	0	0	0	0	0	0	1	0	0	0	0
Nat Commun	2024-01-01	10628149	142361	10282	0	5	0	4	0	0	0	5	0	0	6	1	0	0	0	0	2	0	0	0	0	0	1	0	0	0	0	0	0	0	0	1	0	0
Nat Commun	2024-01-01	10628259	117495	11625	0	1	3	3	0	0	4	1	0	0	5	0	0	0	0	0	7	0	0	2	0	0	0	0	0	1	0	0	0	2	0	0	0	0
Nat Commun	2024-01-01	10632389	117704	10972	0	5	5	0	0	0	3	0	0	1	0	23	0	0	0	0	8	0	0	1	0	0	0	0	0	0	0	0	0	0	0	0	0	0
Nat Commun	2024-01-01	10632398	113449	8402	0	2	2	0	0	0	1	0	0	0	10	0	0	0	1	0	12	0	0	1	0	0	0	0	0	0	0	0	0	0	0	0	0	0
Nat Commun	2024-01-01	10628208	101339	9735	0	0	0	0	0	0	0	0	0	0	2	2	0	0	0	0	4	0	0	0	0	1	1	0	1	0	0	0	0	0	0	0	0	0
Nat Commun	2024-01-01	10630439	89747	8728	0	4	0	0	0	0	0	0	0	0	10	1	0	0	1	0	5	0	0	0	0	0	0	4	0	0	0	0	0	0	0	0	0	0
Nat Commun	2024-01-01	10630505	7401	504	0	0	0	0	0	0	0	0	0	0	0	0	0	0	0	0	0	0	0	0	0	0	0	0	0	0	0	0	0	0	0	0	0	0
Nat Commun	2024-01-01	10632454	89594	9166	0	5	0	0	0	2	2	1	0	0	0	4	0	0	2	0	15	0	1	5	0	0	0	2	0	0	0	0	0	0	0	0	0	0
Nat Commun	2024-01-01	10632465	107973	9699	0	5	3	1	0	0	1	2	0	0	16	0	0	0	0	0	24	0	0	1	0	0	3	0	5	0	0	0	0	1	0	0	0	0
Nat Commun	2024-01-01	10630371	95249	8328	0	0	2	0	0	0	0	1	0	1	1	2	0	0	0	0	3	0	0	0	0	0	0	0	1	1	0	0	0	0	0	0	0	0
Nat Commun	2024-01-01	10632491	271714	20418	0	25	0	1	0	0	2	12	0	0	2	0	0	0	3	0	43	0	1	2	0	0	1	0	0	0	0	0	0	0	0	0	0	0
Nat Commun	2024-01-01	10632450	118001	10172	0	8	0	6	0	0	2	0	0	0	5	2	0	0	0	0	13	0	0	1	0	0	0	0	0	0	0	0	0	0	0	0	0	0
Nat Commun	2024-01-01	10632447	106792	10053	0	5	0	0	0	0	0	0	0	1	0	1	0	0	1	0	24	0	0	0	0	0	0	0	0	0	0	0	0	2	0	1	0	0
Nat Commun	2024-01-01	10630368	118656	10969	0	6	1	0	0	0	1	0	0	2	0	0	0	0	0	0	35	0	0	3	0	0	0	0	3	0	0	0	0	0	0	0	0	0
Nat Commun	2024-01-01	10632441	125063	10660	0	0	0	0	0	0	0	0	0	2	7	5	0	0	0	0	13	0	0	1	0	0	0	0	0	0	0	0	0	0	0	0	0	0
Nat Commun	2024-01-01	10628298	158451	16977	0	11	6	1	0	1	1	2	0	0	3	0	0	0	0	0	12	0	0	0	0	0	0	0	0	0	0	0	0	0	0	0	0	0
Nat Commun	2024-01-01	10630511	108085	10174	0	4	0	2	0	0	2	3	0	0	0	1	0	0	0	1	10	0	2	4	0	0	0	0	0	0	0	0	0	0	0	0	0	0
Nat Commun	2024-01-01	10630487	155939	16493	0	7	1	1	0	0	3	1	0	1	5	2	0	0	0	0	33	0	0	2	0	0	0	0	0	0	0	0	0	0	0	1	0	0
Nat Commun	2024-01-01	10632481	137604	12597	1	2	6	0	0	0	4	1	0	0	1	7	0	0	0	0	26	0	0	8	0	0	0	0	1	0	0	0	0	0	0	0	0	0
Nat Commun	2024-01-01	10632377	114609	12149	0	12	0	4	0	0	0	0	0	1	0	5	0	0	0	0	20	0	0	2	0	0	3	0	0	0	0	0	0	0	0	0	0	0
Nat Commun	2024-01-01	10630342	115324	9940	0	2	5	1	0	0	0	0	0	0	0	2	0	0	0	0	4	0	0	3	0	0	0	0	1	0	0	0	0	0	0	0	0	0
Nat Commun	2024-01-01	10628153	156952	11244	0	6	0	0	0	0	0	1	0	0	0	5	0	0	0	0	10	0	1	6	0	0	0	0	2	0	0	0	0	0	0	0	0	0
Nat Commun	2024-01-01	10632425	147339	14866	0	5	1	0	0	0	3	1	0	2	1	3	0	0	1	0	10	0	1	0	0	0	0	0	0	0	0	0	0	0	0	2	0	0
Nat Commun	2024-01-01	10632392	113494	7421	0	1	0	0	0	0	1	0	0	0	1	2	0	0	0	0	3	0	0	0	0	0	0	0	0	0	0	0	0	0	0	0	0	0
Nat Commun	2024-01-01	10630431	202185	18193	0	18	1	1	0	1	4	7	0	0	7	0	0	1	13	0	13	0	4	3	0	0	2	0	0	0	0	0	0	1	0	0	0	0
Nat Commun	2024-01-01	10640548	121726	12297	0	16	1	1	0	0	2	3	0	0	1	4	0	0	0	0	27	0	0	4	0	1	0	0	0	0	0	0	0	0	0	0	0	0
Nat Commun	2024-01-01	10645844	141003	15405	0	3	0	1	0	0	0	1	0	5	0	1	0	0	0	0	16	0	2	0	0	0	0	0	0	0	0	0	0	0	0	0	0	0
Nat Commun	2024-01-01	10645821	219596	15563	0	18	0	2	0	0	6	3	0	0	2	2	0	0	1	0	43	0	1	2	0	0	1	0	0	0	0	0	0	1	0	0	0	0
Nat Commun	2024-01-01	10643555	115036	11512	0	6	0	0	0	0	0	5	0	0	1	4	0	0	0	0	4	0	0	1	0	0	0	0	0	0	0	0	0	0	0	0	0	0
Nat Commun	2024-01-01	10643624	159881	15675	0	18	0	2	0	1	5	3	0	0	0	4	0	0	0	0	26	0	2	2	0	0	0	1	0	0	0	0	0	0	1	0	0	0
Nat Commun	2024-01-01	10640651	167978	13702	0	2	6	2	0	0	6	0	0	1	4	3	0	0	0	0	10	0	0	3	0	0	0	0	1	0	0	0	0	1	1	0	0	0
Nat Commun	2024-01-01	10645864	114622	10705	0	1	3	0	0	0	2	0	0	0	0	4	0	0	0	0	8	0	0	6	0	0	0	0	1	0	0	0	0	1	0	0	0	0
Nat Commun	2024-01-01	10645975	121804	11086	0	5	0	1	0	1	2	4	0	0	4	0	0	1	1	0	13	0	0	1	0	0	0	0	0	0	0	0	0	0	0	0	0	0
Nat Commun	2024-01-01	10646045	148811	15729	0	7	4	4	0	0	0	3	0	1	10	1	0	0	0	0	7	0	0	0	0	0	0	0	0	0	0	0	0	0	0	0	0	0
Nat Commun	2024-01-01	10651852	160002	16504	0	43	0	5	0	0	0	37	0	0	0	1	0	0	0	0	23	0	0	1	0	0	2	0	0	0	0	0	0	0	0	0	15	0
Nat Commun	2024-01-01	10652021	125757	13581	0	13	1	0	0	0	3	3	0	2	0	16	0	0	0	2	11	0	0	0	0	0	0	0	1	0	0	0	0	0	0	0	0	0
Nat Commun	2024-01-01	10646048	86716	7479	0	0	1	0	0	0	1	2	0	0	0	1	0	0	0	0	3	0	1	0	0	0	0	1	6	0	0	0	0	0	0	0	0	0
Nat Commun	2024-01-01	10651938	120951	10649	0	4	2	0	0	0	0	2	0	0	1	2	0	0	0	0	8	0	0	1	0	0	0	0	0	0	0	0	0	0	0	0	0	0
Nat Commun	2024-01-01	10640609	115372	10056	0	4	3	1	0	0	6	0	0	0	3	1	0	0	0	0	11	0	0	1	0	0	0	0	0	0	0	0	0	0	0	0	0	0
Nat Commun	2024-01-01	10652023	157756	15996	1	17	0	2	0	0	3	4	0	8	3	5	0	0	0	0	29	0	0	4	0	0	0	0	0	0	0	0	0	0	0	0	0	0
Nat Commun	2024-01-01	10651858	203758	20318	0	20	0	1	0	4	5	1	0	0	4	5	0	0	2	0	15	0	1	3	0	0	0	0	0	0	0	0	0	0	0	0	0	0
Nat Commun	2024-01-01	10643698	103013	10619	0	5	0	2	0	0	0	2	0	2	2	3	0	0	0	0	9	0	0	1	0	0	0	0	0	0	0	0	0	0	0	3	0	0
Nat Commun	2024-01-01	10643554	113443	10245	1	1	0	1	0	0	0	0	0	0	2	3	0	0	0	0	13	0	0	1	0	0	1	1	0	0	0	0	0	0	0	1	0	1
Nat Commun	2024-01-01	10640644	124768	10599	0	2	0	0	0	0	1	4	0	1	1	7	0	0	0	0	6	0	0	1	0	0	0	0	1	0	0	0	0	0	0	1	0	0
Nat Commun	2024-01-01	10643363	147361	14651	0	24	1	7	0	0	0	0	0	0	1	0	0	0	1	0	31	0	0	13	0	0	0	4	0	0	0	0	0	0	0	0	0	0
Nat Commun	2024-01-01	10643416	183716	17404	0	20	0	4	0	3	0	0	0	0	6	7	0	3	1	0	17	0	0	2	0	0	1	0	0	0	0	0	0	0	0	0	0	0
Nat Commun	2024-01-01	10643414	147626	11926	0	0	0	0	0	0	0	1	0	0	24	0	0	0	0	0	2	0	0	0	0	0	0	0	0	0	0	0	0	0	0	0	0	0
Nat Commun	2024-01-01	10643399	380078	16051	0	3	0	0	0	0	0	0	0	3	74	1	0	0	2	0	16	0	0	1	0	0	0	0	0	0	0	0	2	0	0	0	1	0
Nat Commun	2024-01-01	10652013	113303	12015	0	11	0	1	0	0	1	2	0	0	1	2	0	0	1	0	18	0	0	0	0	0	0	0	1	0	0	0	0	0	0	0	0	0
Nat Commun	2024-01-01	10645880	141489	12231	0	6	0	3	0	0	1	5	0	0	0	2	0	0	0	0	14	0	0	1	0	0	1	0	0	0	0	0	0	0	0	1	0	0
Nat Commun	2024-01-01	10665435	154678	15835	0	42	0	4	0	2	0	6	0	1	0	5	0	0	0	0	32	0	0	1	0	0	1	0	0	0	0	0	0	0	0	0	0	0
Nat Commun	2024-01-01	10663562	231699	15279	0	12	2	2	0	0	9	0	0	0	21	3	0	0	0	0	22	0	0	3	0	0	0	0	0	0	0	0	2	0	0	0	0	0
Nat Commun	2024-01-01	10665319	95819	7652	0	3	1	0	0	0	1	3	0	0	0	7	0	0	0	0	9	0	0	1	0	0	0	0	1	0	0	0	0	0	0	0	2	0
Nat Commun	2024-01-01	10663523	149697	14780	0	16	2	1	0	0	5	4	0	9	1	2	0	0	0	0	26	0	1	3	0	0	0	0	0	0	0	0	0	0	0	0	0	0
Nat Commun	2024-01-01	10663554	180296	17921	0	15	1	0	0	0	1	14	0	0	3	7	0	0	0	0	20	0	0	0	0	0	0	0	0	0	0	0	0	0	0	0	0	0
Nat Commun	2024-01-01	10663498	102960	7986	0	3	2	0	0	0	1	2	0	1	0	1	0	0	0	0	6	0	0	1	0	0	0	0	0	0	0	0	0	0	0	0	0	0
Nat Commun	2024-01-01	10663509	125614	11874	0	26	0	1	0	0	1	4	0	0	0	3	0	0	2	0	21	0	1	3	0	0	0	0	0	0	0	0	0	0	0	0	0	0
Nat Commun	2024-01-01	10663563	382753	20670	1	20	1	1	0	1	4	5	0	0	5	1	0	0	0	0	23	0	0	3	0	0	0	0	0	0	0	0	0	0	0	0	0	0
Nat Commun	2024-01-01	10663459	158711	14634	0	7	0	4	0	0	0	0	0	3	0	0	0	0	0	0	5	0	0	4	0	0	0	0	1	0	0	0	0	0	0	0	0	0
Nat Commun	2024-01-01	10663537	63674	6144	0	2	1	0	0	0	1	0	0	1	2	0	0	0	0	0	9	0	0	0	0	0	0	0	0	0	0	0	0	1	0	0	0	0
Nat Commun	2024-01-01	10662150	176475	18139	0	13	0	4	0	0	0	25	0	0	1	13	0	0	0	0	9	0	0	0	0	0	3	0	0	0	0	0	0	0	0	0	0	0
Nat Commun	2024-01-01	10663608	175645	11797	0	3	0	0	0	0	1	0	0	0	0	3	0	0	0	0	7	0	0	4	1	0	0	0	0	0	0	0	0	0	0	0	0	0
Nat Commun	2024-01-01	10665313	10464	657	0	0	0	0	0	0	0	0	0	0	0	0	0	0	0	0	0	0	0	0	0	0	0	0	0	0	0	0	0	0	0	0	0	0
Nat Commun	2024-01-01	10665367	156292	11522	0	1	0	0	0	0	2	0	0	0	0	1	0	0	0	0	3	0	0	0	0	0	0	0	0	0	0	0	2	2	0	0	0	0
Nat Commun	2024-01-01	10665432	133442	13303	0	11	2	2	0	2	1	1	0	1	3	4	0	2	0	0	14	0	0	2	0	0	0	0	0	0	0	0	0	0	0	0	0	0
Nat Commun	2024-01-01	10663468	157188	15514	0	13	0	0	0	0	2	8	0	0	18	0	0	0	6	0	20	0	0	1	0	0	1	0	0	0	0	0	0	0	0	0	0	0
Nat Commun	2024-01-01	10665438	148852	14994	0	13	2	4	0	0	2	7	0	1	0	3	0	0	2	0	12	0	0	1	0	0	0	0	0	0	0	0	0	0	1	0	2	0
Nat Commun	2024-01-01	10663540	132990	13488	0	4	0	2	0	0	1	0	0	0	0	3	0	0	0	0	12	0	0	0	0	0	0	0	0	0	0	0	0	0	0	0	0	0
Nat Commun	2024-01-01	10665379	104000	11264	0	12	0	1	0	0	0	1	0	1	0	2	0	0	0	0	12	0	0	1	0	0	0	0	0	0	0	0	0	0	0	0	0	0
Nat Commun	2024-01-01	10665354	106324	9046	0	9	1	0	0	0	1	0	0	0	0	1	0	0	1	0	12	0	0	4	0	0	0	0	0	0	0	0	0	0	0	0	0	0
Nat Commun	2024-01-01	10662351	102532	6883	0	0	1	0	0	0	3	0	0	0	0	0	0	0	0	0	11	0	0	4	0	0	0	0	0	0	0	0	0	0	0	0	0	0
Nat Commun	2024-01-01	10663548	5523	423	0	0	0	0	0	0	0	0	0	0	0	0	0	0	0	0	2	0	0	0	0	0	0	0	0	0	0	0	0	0	0	1	0	0
Nat Commun	2024-01-01	10665552	150430	15505	0	24	0	2	0	2	0	3	0	1	2	9	0	0	0	0	17	0	1	0	0	0	0	0	0	0	0	0	0	0	0	0	0	0
Nat Commun	2024-01-01	10663501	23674	2285	0	0	0	0	0	0	3	0	0	0	0	0	0	0	0	0	0	0	0	0	0	0	0	0	0	0	0	0	0	1	0	0	0	0
Nat Commun	2024-01-01	10663571	121207	11302	0	2	0	1	0	0	0	2	0	1	1	3	0	0	0	0	18	0	0	1	0	0	0	0	0	0	0	0	0	0	0	0	0	0
Nat Commun	2024-01-01	10689451	193076	15917	0	8	0	2	0	0	2	1	0	0	38	1	0	0	1	0	5	0	1	2	0	0	0	0	0	0	0	0	3	0	0	0	0	0
Nat Commun	2024-01-01	10689735	158468	16778	0	6	1	4	0	1	2	2	0	0	1	5	0	0	0	0	20	0	1	1	0	0	1	0	1	0	0	0	0	0	0	1	0	0
Nat Commun	2024-01-01	10692136	151035	13579	0	7	0	6	1	0	1	0	0	0	25	0	0	0	1	0	10	0	0	3	0	0	0	0	0	0	0	0	0	1	0	0	0	0
Nat Commun	2024-01-01	10687272	167180	16667	0	5	0	1	0	1	2	2	0	1	2	6	0	0	0	0	14	0	0	0	0	0	0	0	0	0	0	0	0	0	0	0	0	0
Nat Commun	2024-01-01	10692083	96695	7292	0	1	0	0	0	0	1	0	0	0	2	2	0	0	0	0	7	0	0	0	0	0	0	0	0	0	0	0	0	0	0	0	0	0
Nat Commun	2024-01-01	10686993	133872	11892	0	7	0	1	0	0	0	1	0	0	14	1	0	0	2	0	13	0	0	4	0	0	0	0	1	0	0	0	0	0	0	0	0	0
Nat Commun	2024-01-01	10692228	180430	17562	0	15	2	0	0	0	1	0	0	1	4	0	0	2	0	0	4	0	0	0	0	0	0	0	0	0	0	0	0	0	0	0	0	0
Nat Commun	2024-01-01	10687137	128172	13135	0	4	0	2	0	0	0	6	0	2	2	5	0	0	0	0	13	0	0	0	0	0	0	0	0	0	0	0	0	0	0	1	0	0
Nat Commun	2024-01-01	10689770	126143	12262	0	3	0	1	0	1	0	2	0	0	9	2	0	0	0	0	13	0	0	3	0	0	0	1	0	0	0	0	0	0	0	0	0	0
Nat Commun	2024-01-01	10689762	90009	6906	0	0	0	0	0	0	2	2	0	0	0	0	0	0	0	0	4	0	0	0	0	0	0	0	0	0	0	0	0	0	0	0	0	0
Nat Commun	2024-01-01	10696002	282554	17787	0	5	0	3	0	0	0	1	0	0	16	0	0	0	1	0	11	0	0	4	0	0	0	0	0	0	0	0	0	0	0	0	0	0
Nat Commun	2024-01-01	10689847	153730	16220	0	20	2	0	0	0	2	0	0	0	2	20	0	0	0	0	18	0	0	3	0	0	1	0	0	0	0	0	0	0	0	0	0	0
Nat Commun	2024-01-01	10692205	109016	11309	0	11	0	1	0	0	0	0	0	2	0	2	0	0	0	0	12	0	0	1	0	0	0	0	0	0	0	0	0	0	0	0	0	0
Nat Commun	2024-01-01	10692132	100744	8285	0	4	1	0	0	0	1	1	0	0	0	2	0	0	0	0	6	0	0	1	0	0	0	0	0	0	0	0	0	0	0	3	0	0
Nat Commun	2024-01-01	10689448	139193	14468	0	9	0	1	0	0	0	4	0	0	0	0	0	0	0	0	16	0	0	2	0	0	0	0	0	0	0	0	0	0	0	0	0	0
Nat Commun	2024-01-01	10689440	124724	11833	0	6	1	1	0	0	2	1	0	0	22	3	0	0	0	0	20	0	1	0	0	0	1	0	0	0	0	0	0	0	0	0	0	0
Nat Commun	2024-01-01	10692191	128265	11825	0	14	1	1	0	0	4	1	0	0	0	2	0	0	1	0	19	0	1	1	0	0	0	1	0	0	0	0	0	0	0	0	0	0
Nat Commun	2024-01-01	10687255	80962	7403	0	2	1	0	0	0	1	0	0	0	0	9	0	0	0	0	5	0	0	0	0	1	0	0	0	0	0	0	0	0	0	0	0	0
Nat Commun	2024-01-01	10692185	87124	9370	0	8	0	0	0	0	0	0	0	1	1	3	0	0	0	0	35	0	0	0	0	0	0	1	0	0	0	0	0	0	0	0	0	0
Nat Commun	2024-01-01	10689468	112178	8725	0	0	1	0	0	0	1	1	0	0	0	6	0	0	0	0	7	0	0	2	0	0	0	0	0	0	0	0	0	1	0	0	0	0
Nat Commun	2024-01-01	10689446	139363	12661	0	20	2	4	0	0	1	2	0	0	11	7	0	0	1	0	31	0	0	0	0	0	0	0	0	0	0	0	0	0	0	0	0	0
Nat Commun	2024-01-01	10689761	82737	7751	0	7	1	1	0	0	2	5	0	1	18	2	0	0	0	0	3	0	0	2	0	0	0	1	0	0	0	0	0	1	0	0	0	0
Nat Commun	2024-01-01	10689471	129807	11256	0	8	1	0	0	0	2	3	0	2	0	0	0	0	0	0	6	0	0	0	0	0	0	0	1	0	0	0	0	0	0	0	0	0
Nat Commun	2024-01-01	10689480	106535	8943	0	31	1	4	0	0	2	2	0	1	10	5	0	0	0	0	14	0	0	3	0	0	1	0	0	0	0	0	0	1	1	0	0	0
Nat Commun	2024-01-01	10687018	202260	21760	0	18	0	9	0	0	1	0	0	0	1	1	0	0	0	0	5	0	1	1	0	0	0	0	1	0	0	0	0	0	0	3	0	0
Nat Commun	2024-01-01	10709651	97902	9112	0	0	1	0	0	0	1	0	0	0	1	2	0	0	0	0	2	0	0	2	0	0	0	0	1	0	0	0	0	0	0	0	0	0
Nat Commun	2024-01-01	10703890	186519	17990	0	12	1	7	0	0	2	8	0	1	0	2	0	0	0	0	18	0	0	2	0	0	0	1	0	0	0	0	0	0	0	0	0	0
Nat Commun	2024-01-01	10709450	117180	12350	0	22	1	4	0	0	3	4	0	0	0	7	0	0	0	0	20	0	1	1	0	0	2	0	0	0	0	0	0	0	0	0	0	0
Nat Commun	2024-01-01	10700321	82890	8273	0	2	0	0	0	0	0	1	0	3	0	4	0	0	0	0	5	0	0	1	0	0	0	0	0	0	0	0	0	0	0	0	0	0
Nat Commun	2024-01-01	10703806	96579	7320	0	5	0	0	0	0	1	0	0	0	1	0	0	1	0	0	5	0	0	1	0	0	0	0	1	0	0	0	0	0	0	0	0	0
Nat Commun	2024-01-01	10709652	181282	17617	0	6	0	4	0	0	0	0	0	4	0	1	0	0	1	0	9	0	0	4	0	0	0	0	1	0	0	0	0	0	0	1	0	0
Nat Commun	2024-01-01	10700596	129951	12291	0	2	0	2	0	0	2	0	0	2	0	2	0	3	0	0	13	0	0	0	0	0	0	0	0	0	0	0	1	0	0	0	0	0
Nat Commun	2024-01-01	10700526	168548	16492	1	15	0	0	0	0	6	2	0	0	3	2	0	0	1	0	17	0	1	2	0	0	0	4	1	0	0	0	0	0	0	0	0	0
Nat Commun	2024-01-01	10697980	138885	12103	0	20	3	2	0	0	1	3	0	0	5	1	0	0	1	0	68	0	0	0	0	0	0	2	0	0	0	0	2	0	0	0	0	0
Nat Commun	2024-01-01	10703928	115654	11260	0	6	2	0	0	0	0	1	0	0	0	7	0	0	0	0	20	0	0	0	0	0	0	0	0	0	0	0	0	0	0	0	0	0
Nat Commun	2024-01-01	10703932	83022	8179	0	0	1	1	0	0	0	0	0	1	7	0	0	0	0	0	3	0	0	0	0	0	0	0	0	0	0	0	0	0	0	0	0	0
Nat Commun	2024-01-01	10709643	110891	10195	1	8	0	4	0	0	2	2	0	1	1	2	0	0	0	0	7	0	0	0	0	0	0	0	1	0	0	0	0	0	0	1	0	0
Nat Commun	2024-01-01	10698160	80198	7806	0	7	0	0	0	0	0	0	0	0	1	3	0	0	1	0	13	0	0	2	0	0	0	0	0	0	0	0	0	0	0	0	0	0
Nat Commun	2024-01-01	10709328	125750	11790	0	7	0	0	0	0	0	8	0	0	0	2	0	0	0	0	34	0	0	1	0	0	0	0	1	0	0	0	0	0	0	0	0	0
Nat Commun	2024-01-01	10700338	208475	19225	0	40	0	8	0	0	1	1	0	0	23	7	0	0	0	0	49	0	0	2	0	0	5	0	0	0	0	0	0	0	0	0	0	0
Nat Commun	2024-01-01	10703827	116825	8971	0	1	0	0	0	0	0	3	0	0	0	1	0	0	0	0	6	0	0	0	0	0	0	0	0	0	0	0	0	1	0	0	0	0
Nat Commun	2024-01-01	10697931	5763	404	0	0	0	0	0	0	0	0	0	0	0	0	0	0	0	0	0	0	0	0	0	0	0	0	0	0	0	0	0	0	0	1	0	0
Nat Commun	2024-01-01	10703805	89591	8189	0	4	0	0	0	0	1	1	0	0	6	1	0	0	0	0	11	0	0	1	0	0	1	0	0	0	0	0	0	0	0	4	0	0
Nat Commun	2024-01-01	10709352	426156	14247	0	3	1	1	0	0	3	1	0	0	1	1	0	0	2	0	3	0	0	0	0	0	1	0	0	0	0	0	0	0	0	0	0	0
Nat Commun	2024-01-01	10700499	106054	9375	0	0	2	0	0	0	2	0	0	2	6	1	0	0	0	0	5	0	0	0	0	0	0	0	2	0	0	0	0	0	0	0	1	0
Nat Commun	2024-01-01	10703813	132875	10922	0	2	1	0	0	0	0	0	0	0	14	4	0	0	0	0	19	0	1	1	0	0	0	0	2	0	0	0	0	0	0	0	0	0
Nat Commun	2024-01-01	10700484	86791	8426	0	2	0	0	0	0	0	1	0	1	3	3	0	0	2	0	13	0	0	0	0	0	0	0	0	0	0	0	0	0	0	0	0	0
Nat Commun	2024-01-01	10709434	140082	15404	0	25	1	2	0	0	0	2	0	0	2	7	0	0	3	0	24	0	0	2	0	0	5	0	0	0	0	0	1	0	0	0	0	0
Nat Commun	2024-01-01	10697997	123558	12319	0	3	0	0	0	0	1	0	0	0	0	2	0	0	0	0	7	0	0	1	0	0	0	0	0	0	0	0	0	0	0	0	0	0
Nat Commun	2024-01-01	10703812	140214	13375	0	5	0	2	0	0	0	0	0	0	2	0	0	0	0	0	17	0	0	3	0	0	0	0	0	0	0	0	0	0	0	0	0	0
Nat Commun	2024-01-01	10724144	120961	11345	0	1	0	3	0	0	0	1	0	3	25	4	0	0	0	0	20	0	0	1	0	0	0	4	0	0	0	0	0	0	0	1	0	0
Nat Commun	2024-01-01	10719386	150887	9641	0	1	0	0	0	0	3	0	0	0	0	0	0	0	0	0	10	0	0	2	0	0	0	0	0	0	0	0	0	0	0	0	0	0
Nat Commun	2024-01-01	10721608	8318	532	0	0	0	0	0	0	0	0	0	0	0	0	0	0	0	0	0	0	0	0	0	0	0	0	0	0	0	0	0	0	0	0	0	0
Nat Commun	2024-01-01	10724272	159862	15742	0	18	1	2	0	0	2	3	0	0	5	1	0	0	3	0	63	0	1	5	0	0	0	0	0	0	0	0	1	0	0	0	0	0
Nat Commun	2024-01-01	10721898	90452	8469	0	5	2	2	0	0	6	0	0	1	0	2	0	0	0	0	11	0	0	1	0	0	0	0	0	0	0	0	0	0	0	0	0	0
Nat Commun	2024-01-01	10719317	238292	13374	0	2	2	0	0	0	0	1	0	0	6	0	0	0	0	0	2	0	0	3	0	0	0	0	0	0	0	0	0	0	0	0	0	0
Nat Commun	2024-01-01	10721902	164066	15427	0	7	1	3	0	3	4	0	0	2	2	1	0	1	3	0	12	0	0	1	0	0	0	0	0	0	0	0	0	9	0	0	0	0
Nat Commun	2024-01-01	10719308	82545	8013	0	0	2	0	0	0	0	0	0	2	0	0	0	0	0	0	3	0	3	0	0	0	0	0	0	0	0	0	0	0	0	0	0	0
Nat Commun	2024-01-01	10721787	15114	981	0	0	0	0	0	0	0	0	0	0	0	0	0	0	0	0	0	0	0	0	0	0	0	0	0	0	0	0	0	0	0	0	0	0
Nat Commun	2024-01-01	10724158	181273	11345	1	4	2	0	0	0	1	2	0	0	1	3	0	0	2	0	11	0	0	0	0	0	0	0	0	0	0	0	0	0	0	0	0	0
Nat Commun	2024-01-01	10721904	7645	502	0	0	0	0	0	0	0	0	0	0	0	0	0	0	0	0	0	0	0	0	0	0	0	0	0	0	0	0	0	0	0	0	0	0
Nat Commun	2024-01-01	10721602	154113	16589	0	38	0	0	0	0	0	5	0	3	1	3	0	0	0	0	6	0	0	5	0	0	0	0	0	0	0	0	0	0	0	0	0	0
Nat Commun	2024-01-01	10719271	179229	12743	0	7	0	0	0	0	1	1	0	1	0	2	0	0	0	0	10	0	0	0	0	0	0	0	1	0	0	0	0	1	0	0	0	0
Nat Commun	2024-01-01	10721922	99206	9036	0	6	3	0	0	0	3	2	0	0	2	1	0	0	0	0	11	0	0	4	0	0	0	0	0	0	0	0	0	0	0	0	0	0
Nat Commun	2024-01-01	10724245	166139	14988	0	23	2	1	0	0	1	3	0	0	6	13	0	0	0	0	17	0	0	0	0	0	3	0	0	0	0	0	0	2	0	2	0	0
Nat Commun	2024-01-01	10724198	165589	16743	0	11	2	2	0	1	1	0	0	0	0	0	0	0	2	0	6	0	2	5	0	0	2	1	0	0	0	0	0	0	0	0	0	0
Nat Commun	2024-01-01	10724264	159518	12132	0	2	1	0	0	0	1	1	0	0	0	2	0	0	0	0	3	0	1	2	0	0	0	0	0	0	0	0	0	0	0	0	0	0
Nat Commun	2024-01-01	10721632	216600	19854	0	19	0	20	0	2	1	14	0	1	0	10	0	0	1	0	27	0	1	1	0	0	0	0	0	0	0	0	0	0	0	0	0	0
Nat Commun	2024-01-01	10721916	277806	21312	0	22	0	6	0	0	5	1	0	1	7	3	0	0	1	0	16	0	0	1	0	0	0	0	0	0	0	0	0	0	0	0	0	0
Nat Commun	2024-01-01	10719246	91982	8036	0	9	0	5	0	0	1	1	0	0	19	0	0	0	0	0	15	0	0	1	0	0	0	0	11	0	0	0	0	0	0	0	0	1
Nat Commun	2024-01-01	10721830	155045	13861	0	4	2	2	0	0	1	4	0	3	27	9	0	0	0	0	22	0	0	4	0	0	0	0	0	0	0	0	0	0	2	0	0	0
Nat Commun	2024-01-01	10721867	118454	11147	0	6	0	1	0	0	0	0	0	1	2	2	0	0	0	0	3	0	0	1	0	0	0	0	0	0	0	0	1	0	0	0	0	0
Nat Commun	2024-01-01	10724286	117978	10760	0	1	2	1	0	0	2	0	0	0	4	0	0	0	0	0	12	0	0	0	0	0	1	0	3	0	0	0	0	0	0	0	0	0
Nat Commun	2024-01-01	10724267	9315	620	0	0	0	0	0	0	0	0	0	0	0	0	0	0	0	0	0	0	0	0	0	0	0	0	0	0	0	0	0	0	0	0	0	0
Nat Commun	2024-01-01	10719352	86943	7397	0	2	1	0	0	0	2	2	0	0	1	4	0	0	0	0	6	0	0	2	0	0	0	0	0	0	0	0	0	0	0	0	0	0
Nat Commun	2024-01-01	10730704	125127	13592	0	19	0	5	0	0	2	3	0	0	0	3	0	0	0	0	18	0	0	0	0	0	1	0	0	0	0	0	0	0	0	0	0	0
Nat Commun	2024-01-01	10739971	285730	16128	1	13	0	1	0	0	6	1	0	0	13	2	0	0	1	0	5	0	0	2	0	0	0	0	0	0	0	0	0	0	0	0	0	0
Nat Commun	2024-01-01	10739955	160058	10907	0	6	0	0	0	0	2	4	0	2	0	0	0	0	0	0	5	0	0	2	0	0	0	0	0	0	0	0	0	0	0	0	0	0
Nat Commun	2024-01-01	10733299	229152	15440	0	12	0	0	0	0	0	1	0	1	12	9	0	0	0	0	20	0	0	0	0	0	1	0	0	0	0	0	0	0	0	0	0	0
Nat Commun	2024-01-01	10730511	56921	5849	0	0	0	0	0	0	1	0	0	2	0	4	0	0	0	0	11	0	0	0	0	0	0	0	2	0	0	0	0	0	0	0	0	0
Nat Commun	2024-01-01	10730512	10757	626	0	0	0	0	0	0	0	0	0	0	0	0	0	0	0	0	0	0	0	0	0	0	0	0	0	0	0	0	0	0	0	0	0	0
Nat Commun	2024-01-01	10733433	98915	10052	0	9	0	0	0	0	1	0	0	0	0	1	0	0	0	0	9	0	0	0	0	0	0	0	0	0	0	0	0	0	0	0	0	0
Nat Commun	2024-01-01	10739975	69944	6767	0	2	0	0	0	0	2	0	0	0	3	2	0	0	0	0	2	0	0	0	0	0	0	0	0	0	0	0	0	0	0	2	0	0
Nat Commun	2024-01-01	10730836	169534	17359	0	11	0	1	0	0	1	1	0	0	0	14	0	0	0	0	18	0	1	2	0	0	0	0	0	0	0	0	0	0	0	0	14	0
Nat Commun	2024-01-01	10730612	88928	7528	0	0	0	0	0	0	0	1	0	0	2	0	0	0	0	0	4	0	0	0	0	0	0	0	0	0	0	0	0	0	0	0	0	0
Nat Commun	2024-01-01	10733316	138532	13861	0	9	1	10	0	0	0	3	0	1	0	1	0	0	0	0	7	0	0	1	0	0	0	0	0	0	0	0	0	0	0	0	0	0
Nat Commun	2024-01-01	10730828	95606	7378	0	1	5	0	0	0	4	0	0	0	0	1	0	0	0	0	7	0	0	1	0	0	0	0	0	0	0	0	0	0	0	1	0	0
Nat Commun	2024-01-01	10733330	208549	15812	0	25	0	4	0	3	1	1	0	0	0	1	0	0	0	0	12	0	2	7	0	0	0	0	0	0	0	0	1	0	0	0	0	0
Nat Commun	2024-01-01	10733381	128331	12194	0	20	0	0	0	0	1	6	0	0	1	6	0	0	0	0	11	0	0	0	0	0	1	0	0	0	0	0	0	0	0	0	0	0
Nat Commun	2024-01-01	10733385	150192	15243	0	14	0	2	0	0	7	11	0	0	0	2	0	0	0	0	24	0	0	4	0	0	1	1	0	0	0	0	0	0	0	0	0	0
Nat Commun	2024-01-01	10730693	6190	547	0	0	0	0	0	0	0	0	0	0	0	0	0	0	0	0	0	0	0	0	0	0	0	0	0	0	0	0	0	0	0	0	0	0
Nat Commun	2024-01-01	10739909	161971	14652	0	11	2	5	0	0	1	4	0	0	12	5	0	0	0	0	16	0	0	0	0	0	0	1	0	0	0	0	0	0	0	0	0	0
Nat Commun	2024-01-01	10730906	140641	13854	0	10	1	1	0	0	1	2	0	0	0	1	0	0	0	0	11	0	1	0	0	0	2	0	2	0	0	0	0	0	0	0	0	0
Nat Commun	2024-01-01	10739712	135239	11072	0	12	1	0	0	0	19	6	0	7	1	0	0	0	1	0	23	0	1	3	0	0	0	0	0	0	0	0	0	0	0	3	0	0
Nat Commun	2024-01-01	10739966	219761	20608	0	34	0	1	0	2	6	1	0	0	1	2	0	0	0	0	21	0	0	2	0	0	1	0	0	0	0	0	0	0	0	0	0	0
Nat Commun	2024-01-01	10733375	110052	10778	0	1	1	0	0	0	0	2	0	2	0	3	0	0	0	0	2	0	0	0	0	0	0	0	1	0	0	0	0	0	0	0	0	0
Nat Commun	2024-01-01	10730550	123994	12814	0	10	0	3	0	0	1	5	0	4	0	4	0	0	0	0	13	0	0	0	0	0	0	1	0	0	0	0	0	0	0	0	0	0
Nat Commun	2024-01-01	10733413	9289	607	0	0	0	0	0	0	0	0	0	0	0	0	0	0	0	0	0	0	0	0	0	0	0	0	0	0	0	0	0	0	0	0	0	0
Nat Commun	2024-01-01	10730896	110144	10197	0	1	0	0	0	0	0	0	0	0	1	11	0	0	0	0	5	0	0	0	0	0	1	1	0	0	0	0	0	0	0	0	0	0
Nat Commun	2024-01-01	10739733	80199	7549	0	2	1	3	0	0	2	0	0	0	0	0	0	0	1	0	50	0	0	0	0	0	0	0	1	0	0	0	0	0	1	0	0	0
Nat Commun	2024-01-01	10752894	111585	10715	0	2	0	1	0	0	0	0	0	0	2	0	0	0	0	0	9	0	0	1	0	0	0	0	0	0	0	0	0	0	0	1	0	0
Nat Commun	2024-01-01	10751290	156433	12553	0	8	0	0	0	0	2	4	0	0	43	2	0	0	0	0	12	0	1	0	0	0	2	0	0	0	0	0	0	0	0	0	0	0
Nat Commun	2024-01-01	10752886	107744	9876	0	7	0	0	0	0	0	0	0	0	0	4	0	0	1	0	5	0	0	1	0	0	0	0	0	0	0	0	0	0	0	0	0	0
Nat Commun	2024-01-01	10756881	131638	13787	0	25	0	0	0	3	0	1	0	12	0	3	0	1	0	0	20	0	0	0	0	0	0	0	0	0	0	0	0	0	0	0	0	0
