journal	date	pmc_id	Nchars	Nwords	delve	analyse	acknowledge	assess	appraise	dissect	explore	examine	extricate	expose	estimate	investigate	inquire	inspect	interpret	scrutinise	study	unearth	uncover	understand	ponder	research	reason	retrieve	avoid	discount	disregard	dismiss	ignore	neglect	overlook	omit	skip	reject
Nat Commun	2023-10-01	10326253	93226	9079	0	1	1	0	0	0	0	1	0	4	5	3	0	0	0	0	5	0	0	0	0	0	0	0	0	0	0	0	0	0	0	0	0	0
Nat Commun	2023-10-01	10329658	103412	10202	0	5	0	0	0	0	0	1	0	0	1	2	0	0	0	1	6	0	0	0	0	0	0	0	0	0	0	0	1	0	0	0	0	0
Nat Commun	2023-10-01	10326020	199419	16870	0	17	2	2	0	0	9	1	0	1	2	4	0	0	2	0	8	0	0	6	0	0	0	0	0	0	0	0	0	0	0	1	0	0
Nat Commun	2023-10-01	10323121	141738	11444	0	2	1	0	0	0	3	0	0	0	0	3	0	0	0	0	7	0	0	2	0	0	0	0	0	0	0	0	0	0	0	0	0	0
Nat Commun	2023-10-01	10322910	260503	12681	0	1	3	0	0	0	2	0	0	0	0	4	0	0	0	0	4	0	0	1	0	0	0	0	0	0	0	0	0	0	0	0	0	0
Nat Commun	2023-10-01	10326017	97949	10737	0	14	0	3	0	0	1	4	0	1	51	2	0	0	0	0	28	0	0	0	0	0	0	0	0	0	0	0	1	0	0	2	0	0
Nat Commun	2023-10-01	10328996	152449	10876	0	4	1	0	0	0	4	0	0	4	0	3	0	0	0	0	10	0	0	2	0	0	0	0	0	0	0	0	0	0	0	0	0	0
Nat Commun	2023-10-01	10329018	184747	18582	0	9	2	4	0	2	0	15	0	4	0	1	0	0	0	0	19	0	1	1	0	0	0	0	0	0	0	0	0	0	0	1	0	0
Nat Commun	2023-10-01	10326068	139107	13944	0	6	0	0	0	0	1	2	0	21	1	3	0	0	1	0	14	0	3	0	0	0	0	0	0	0	0	0	0	0	0	0	0	0
Nat Commun	2023-10-01	10329006	143786	13855	0	15	0	0	0	2	0	0	0	2	0	1	0	0	0	0	22	0	1	1	0	0	0	0	0	0	0	0	0	0	0	0	0	0
Nat Commun	2023-10-01	10322837	153367	16162	0	17	0	7	0	1	2	1	0	0	1	0	0	0	1	0	16	0	1	0	0	0	2	1	0	0	0	0	0	0	0	0	0	0
Nat Commun	2023-10-01	10322905	100510	8298	0	1	3	0	0	0	0	0	0	0	1	0	0	0	0	0	1	0	0	1	0	0	0	0	1	0	0	0	0	0	0	0	0	0
Nat Commun	2023-10-01	10326258	132670	8487	0	3	0	0	0	0	0	0	0	0	1	4	0	0	1	0	9	0	0	2	0	0	0	0	0	0	0	0	0	0	0	0	0	0
Nat Commun	2023-10-01	10322911	139592	12903	0	7	0	3	0	0	3	1	0	15	0	1	0	0	0	0	13	0	0	0	0	0	0	0	3	0	0	0	0	0	0	1	0	0
Nat Commun	2023-10-01	10322873	164229	15043	0	2	1	5	0	1	2	2	0	0	1	0	0	0	0	0	11	0	1	1	0	0	0	0	0	0	0	0	0	0	0	0	0	0
Nat Commun	2023-10-01	10329632	84692	8402	0	3	2	2	0	0	4	1	0	0	2	1	0	0	0	0	19	0	0	1	0	0	0	0	0	0	0	0	0	0	0	0	0	0
Nat Commun	2023-10-01	10329713	93435	8524	0	8	0	0	0	0	0	0	0	1	0	1	0	0	0	0	5	0	1	0	0	0	0	2	0	0	0	0	0	0	0	1	0	0
Nat Commun	2023-10-01	10328928	136767	13022	0	10	0	3	0	0	2	2	0	1	1	0	0	0	1	0	13	0	0	2	0	0	0	0	0	0	0	0	0	0	0	0	0	0
Nat Commun	2023-10-01	10326054	169835	16550	0	30	0	0	0	0	2	3	0	0	0	0	0	0	2	0	6	0	1	0	0	0	0	0	0	0	0	0	0	0	0	0	0	0
Nat Commun	2023-10-01	10328935	175495	13724	0	8	2	2	0	1	1	1	0	0	38	15	0	0	0	0	23	0	0	1	0	0	1	0	2	0	0	0	0	0	0	0	0	0
Nat Commun	2023-10-01	10326065	129810	11632	0	5	0	0	0	0	1	1	0	1	3	1	0	0	0	0	5	0	0	1	0	0	0	0	1	0	0	0	0	0	0	0	0	0
Nat Commun	2023-10-01	10329678	128605	9367	0	1	4	0	0	0	2	0	0	0	3	2	0	0	0	0	4	0	1	0	0	0	0	0	0	0	0	0	0	0	0	0	0	0
Nat Commun	2023-10-01	10322839	114373	11775	0	10	0	2	0	0	1	0	0	0	0	1	0	0	0	0	9	0	0	1	0	0	0	0	0	0	0	0	0	0	0	0	0	0
Nat Commun	2023-10-01	10329711	71145	7644	0	9	1	3	0	0	0	0	0	1	0	2	0	0	0	0	42	0	0	0	0	0	1	0	0	0	0	0	0	0	0	0	0	0
Nat Commun	2023-10-01	10328955	125755	11439	0	12	0	2	0	3	6	1	0	1	19	0	0	0	2	0	6	0	0	1	0	0	0	0	0	0	0	0	0	0	0	0	0	1
Nat Commun	2023-10-01	10349818	113398	10875	0	3	0	0	0	0	0	1	0	0	1	3	0	0	0	0	13	0	0	1	0	0	0	0	0	0	0	0	0	0	0	0	0	0
Nat Commun	2023-10-01	10349097	177827	16678	0	20	1	12	0	0	4	0	0	5	6	12	0	3	0	0	30	0	1	0	0	0	0	7	0	0	0	0	0	0	0	0	0	0
Nat Commun	2023-10-01	10344930	128775	8814	0	11	0	0	0	0	2	1	0	0	2	1	0	0	0	0	11	0	1	3	0	0	0	0	3	0	0	0	0	0	0	0	0	0
Nat Commun	2023-10-01	10349808	91276	7384	0	0	0	0	0	0	0	0	0	0	2	6	0	0	0	0	7	0	1	0	0	0	0	0	0	0	0	0	0	0	0	0	0	0
Nat Commun	2023-10-01	10349867	153272	14084	0	11	2	4	0	0	0	1	0	1	2	5	0	0	4	0	5	0	0	5	0	0	0	0	0	0	0	0	0	0	0	0	0	0
Nat Commun	2023-10-01	10349863	153176	14946	0	13	1	2	0	0	2	3	0	0	5	10	0	0	1	0	34	0	5	1	0	0	1	0	1	0	0	0	0	0	0	0	0	0
Nat Commun	2023-10-01	10345103	88147	8551	0	3	0	1	0	0	0	1	0	1	0	0	0	0	0	0	4	0	0	0	0	0	0	0	0	0	0	0	0	0	0	0	0	0
Nat Commun	2023-10-01	10349803	144857	13962	0	16	0	1	0	1	0	0	0	16	0	0	0	3	1	0	11	0	1	0	0	0	0	0	19	0	0	0	0	0	0	0	0	0
Nat Commun	2023-10-01	10349876	131052	11295	0	7	1	0	0	0	1	0	0	2	1	4	0	0	0	0	8	0	0	2	0	0	0	0	0	0	0	0	0	0	0	2	0	0
Nat Commun	2023-10-01	10344925	122875	10740	0	1	0	0	0	0	1	0	0	0	2	3	0	0	0	0	9	0	0	0	0	0	0	0	0	0	0	0	0	0	0	0	0	0
Nat Commun	2023-10-01	10344962	189558	20616	0	15	0	0	0	2	1	2	0	4	3	15	0	0	0	0	33	0	0	0	0	0	0	0	0	0	0	0	0	0	0	1	0	0
Nat Commun	2023-10-01	10349129	121612	12328	0	11	2	0	0	0	1	2	0	0	0	0	0	0	0	0	8	0	0	0	0	0	0	0	0	0	0	0	0	0	0	0	0	0
Nat Commun	2023-10-01	10349821	72563	6002	0	3	1	0	0	0	3	1	0	0	2	3	0	0	0	0	16	0	0	0	0	0	0	0	0	0	0	0	0	0	0	0	0	0
Nat Commun	2023-10-01	10349080	104750	10362	0	0	4	0	0	0	2	1	0	1	0	5	0	0	0	0	8	0	0	3	0	0	0	0	0	0	0	0	0	0	0	1	0	0
Nat Commun	2023-10-01	10349869	151668	14404	0	12	0	1	0	0	5	3	0	0	2	4	0	0	0	0	15	0	0	0	0	0	0	1	0	0	0	0	0	0	0	0	0	3
Nat Commun	2023-10-01	10349124	118838	11536	0	0	1	0	0	0	1	1	0	2	1	1	0	0	0	0	23	0	0	0	0	0	0	0	1	0	0	0	9	0	0	0	0	3
Nat Commun	2023-10-01	10345010	103316	9421	0	5	0	0	0	0	2	1	0	1	0	13	0	0	0	0	10	0	0	0	0	0	0	0	1	0	0	0	0	0	0	0	0	0
Nat Commun	2023-10-01	10349134	134475	14201	0	13	0	0	0	0	2	0	0	1	1	2	0	0	0	0	15	0	0	1	0	1	1	0	0	0	0	0	0	0	0	0	0	0
Nat Commun	2023-10-01	10349852	81630	6492	0	0	1	0	0	0	1	2	0	0	0	0	0	0	0	0	11	0	1	0	0	0	0	0	2	0	0	0	0	0	0	0	0	0
Nat Commun	2023-10-01	10345137	110731	10069	0	0	0	0	0	0	3	1	0	0	0	5	0	0	0	0	1	0	0	1	0	0	0	0	0	0	0	0	0	0	0	5	0	0
Nat Commun	2023-10-01	10349827	103667	11043	0	22	1	2	0	0	0	0	0	1	0	2	0	0	0	0	12	0	1	1	0	0	0	0	3	0	0	0	0	0	0	0	0	0
Nat Commun	2023-10-01	10345133	13921	1500	0	0	0	0	0	0	0	0	0	0	0	1	0	0	0	0	0	0	0	0	0	0	0	0	1	0	0	0	0	0	0	0	0	0
Nat Commun	2023-10-01	10344959	76479	7295	0	4	0	0	0	0	1	1	0	1	0	6	0	0	0	0	8	0	0	1	0	0	0	0	0	0	0	0	0	0	0	0	0	0
Nat Commun	2023-10-01	10344926	118236	11059	0	3	0	1	0	1	1	0	0	5	5	0	0	0	0	0	1	0	0	0	0	0	1	0	0	0	0	0	0	0	0	0	0	0
Nat Commun	2023-10-01	10349880	153393	11321	0	1	0	0	0	0	0	0	0	1	0	7	0	0	0	0	10	0	0	4	0	0	0	0	0	0	0	0	0	0	0	0	0	0
Nat Commun	2023-10-01	10359253	128995	14485	0	6	0	1	0	0	0	1	0	3	0	5	0	1	1	0	22	0	0	0	0	0	0	0	0	0	0	0	0	0	0	0	0	0
Nat Commun	2023-10-01	10359299	187588	18537	0	22	0	15	0	1	2	8	0	0	20	5	0	0	1	0	30	0	0	7	0	0	2	0	0	0	0	0	0	0	0	1	0	0
Nat Commun	2023-10-01	10359404	172764	18378	0	12	0	3	0	0	1	3	0	12	2	1	0	0	0	0	2	0	1	0	0	0	1	0	0	0	0	0	0	0	0	0	0	0
Nat Commun	2023-10-01	10362046	6044	472	0	0	0	0	0	0	0	0	0	0	0	0	0	0	0	0	0	0	0	0	0	0	0	0	0	0	0	0	0	0	0	1	0	0
Nat Commun	2023-10-01	10356948	105895	10652	0	3	0	0	0	0	0	0	0	1	0	1	0	0	0	0	6	0	0	4	0	0	0	0	0	0	0	0	0	0	0	0	0	0
Nat Commun	2023-10-01	10359353	134771	12828	0	6	0	1	0	0	1	19	0	0	0	0	0	0	0	0	14	0	0	0	0	0	0	0	0	0	0	0	0	0	0	0	0	0
Nat Commun	2023-10-01	10359414	114029	10573	0	18	0	6	0	0	0	5	0	0	4	5	0	0	0	0	37	0	0	1	0	0	0	0	0	0	0	0	0	0	0	0	0	0
Nat Commun	2023-10-01	10359340	16444	1053	0	0	0	0	0	0	0	0	0	0	0	0	0	0	0	0	0	0	0	0	0	0	0	0	0	0	0	0	0	0	0	0	0	0
Nat Commun	2023-10-01	10356764	112500	11391	0	16	0	9	0	0	0	0	0	3	0	9	0	0	1	0	6	0	0	0	0	0	0	0	0	0	0	0	0	0	0	0	0	0
Nat Commun	2023-10-01	10356806	154347	15313	0	4	0	0	0	0	0	1	0	0	0	4	0	0	0	0	21	0	1	2	0	0	1	0	0	0	0	0	0	0	0	0	0	1
Nat Commun	2023-10-01	10356854	93122	9016	0	2	1	0	0	0	0	1	0	0	0	3	0	0	3	0	12	0	0	0	0	0	0	0	0	0	0	0	0	0	0	0	0	3
Nat Commun	2023-10-01	10356931	117673	11214	0	15	0	0	0	1	3	0	0	0	0	3	0	0	0	0	10	0	0	2	0	0	2	0	0	0	0	0	0	0	0	0	0	0
Nat Commun	2023-10-01	10362001	150944	11996	0	0	0	0	0	0	0	0	0	7	3	1	0	0	0	0	1	0	0	1	0	0	0	0	1	0	0	0	1	0	0	0	0	0
Nat Commun	2023-10-01	10359277	128894	12993	0	7	1	2	0	0	0	0	0	0	1	0	0	1	0	0	9	0	0	0	0	0	0	0	0	0	0	0	0	0	0	0	0	0
Nat Commun	2023-10-01	10359460	122270	13220	0	4	0	0	0	0	1	0	0	3	2	0	0	0	0	0	23	0	0	1	0	0	1	0	0	0	0	0	0	0	0	1	0	0
Nat Commun	2023-10-01	10359332	114710	7729	0	1	2	0	0	0	4	0	0	0	0	0	0	0	0	0	3	0	0	0	0	0	0	0	0	0	0	0	0	1	0	0	0	0
Nat Commun	2023-10-01	10361961	111764	7235	0	2	2	0	0	0	1	0	0	0	2	2	0	0	2	0	10	0	0	0	0	0	0	0	0	0	0	0	0	0	0	0	0	0
Nat Commun	2023-10-01	10356863	107527	10510	0	5	0	3	0	0	0	0	0	8	0	0	0	0	0	0	7	0	0	1	0	0	0	0	0	0	0	0	0	0	0	0	0	0
Nat Commun	2023-10-01	10359262	102719	7806	0	3	0	0	0	0	6	0	0	4	0	1	0	0	0	0	8	0	0	2	0	0	0	0	0	0	0	0	0	0	0	0	0	0
Nat Commun	2023-10-01	10362033	104436	10555	0	7	0	2	0	0	0	4	0	0	0	8	0	0	1	0	37	0	0	1	0	0	1	1	0	0	0	0	0	0	0	0	0	0
Nat Commun	2023-10-01	10359292	78583	8384	0	3	0	6	0	1	0	2	0	1	4	0	0	0	1	0	9	0	0	0	0	0	1	0	0	0	0	0	0	0	0	0	0	0
Nat Commun	2023-10-01	10359259	170081	10990	0	1	1	0	0	0	1	2	0	0	0	0	0	0	0	0	1	0	0	0	0	0	0	1	0	0	0	0	0	1	0	0	0	1
Nat Commun	2023-10-01	10359311	146951	13385	0	14	0	3	0	0	1	3	0	0	14	5	0	1	0	0	23	0	0	2	0	0	0	2	0	0	0	0	0	0	0	0	0	0
Nat Commun	2023-10-01	10363112	105353	10849	0	1	1	1	0	0	3	2	0	1	0	5	0	0	0	1	5	0	0	0	0	0	0	0	1	0	0	0	0	0	0	0	0	0
Nat Commun	2023-10-01	10359272	13312	770	0	0	0	0	0	0	0	2	0	0	1	0	0	0	0	0	0	0	0	0	0	0	0	0	0	0	0	0	2	1	0	0	0	0
Nat Commun	2023-10-01	10390575	135326	12579	0	10	0	1	0	0	1	7	0	0	1	6	0	0	0	0	11	0	0	0	0	0	0	0	0	0	0	0	0	0	0	0	0	0
Nat Commun	2023-10-01	10390564	197117	18113	0	30	6	3	0	2	0	1	0	0	0	7	0	0	1	0	30	0	2	2	0	0	1	0	0	0	0	0	0	0	0	0	0	0
Nat Commun	2023-10-01	10382588	89581	8359	0	1	0	0	0	0	1	1	0	0	1	2	0	0	1	0	9	0	0	0	0	0	0	0	0	0	0	0	0	0	0	1	0	0
Nat Commun	2023-10-01	10393990	80895	7609	0	1	1	0	0	0	1	0	0	0	0	1	0	0	0	0	5	0	0	0	0	0	0	0	0	0	0	0	0	0	0	0	0	0
Nat Commun	2023-10-01	10390501	177573	18849	0	32	0	1	0	1	0	0	0	0	3	2	0	0	0	0	13	0	0	0	0	0	1	0	0	0	0	0	0	0	0	0	0	0
Nat Commun	2023-10-01	10387117	206577	18880	0	12	0	6	0	2	3	0	0	0	1	0	0	0	0	0	21	0	0	2	0	0	0	1	0	0	0	0	0	0	0	0	0	0
Nat Commun	2023-10-01	10393944	148694	13357	0	2	2	0	0	0	0	1	0	3	0	8	0	0	0	0	4	0	0	3	0	0	0	0	0	0	0	0	0	0	0	0	0	0
Nat Commun	2023-10-01	10374620	109715	11858	0	3	0	1	0	0	1	2	0	0	0	3	0	0	0	0	8	0	0	0	0	0	1	0	0	0	0	0	0	0	0	0	0	0
Nat Commun	2023-10-01	10382506	174176	15286	0	5	2	1	0	0	1	6	0	0	1	5	0	0	0	0	13	0	0	6	0	1	0	0	0	0	0	0	0	0	0	0	0	0
Nat Commun	2023-10-01	10374577	192483	18631	0	8	0	2	0	0	3	3	0	0	21	11	0	0	0	0	41	0	1	2	0	0	0	2	1	0	0	0	0	0	0	0	0	0
Nat Commun	2023-10-01	10382502	106363	9744	0	5	0	7	0	1	0	1	0	0	33	1	0	0	0	0	67	0	0	1	0	0	0	0	0	0	0	0	0	0	0	3	0	0
Nat Commun	2023-10-01	10382490	73161	6582	0	3	1	0	0	0	1	1	0	1	0	3	0	0	0	0	9	0	1	1	0	0	0	0	0	0	0	0	0	0	0	2	0	0
Nat Commun	2023-10-01	10374892	111653	11713	0	3	0	0	0	0	1	1	0	2	0	0	0	0	0	0	5	0	0	1	0	0	0	0	0	0	0	0	0	1	0	0	0	0
Nat Commun	2023-10-01	10390505	88129	7592	0	4	0	0	0	0	1	0	0	0	0	8	0	0	0	0	8	0	0	1	0	0	0	0	0	0	0	0	0	0	0	0	0	0
Nat Commun	2023-10-01	10382584	134527	13209	0	5	0	2	0	0	3	0	0	3	2	2	0	0	0	0	19	0	0	2	0	0	1	0	0	0	0	0	1	0	1	0	0	0
Nat Commun	2023-10-01	10390568	107368	10700	0	19	0	4	0	0	2	4	0	2	0	8	0	0	0	0	9	0	0	0	0	0	0	0	0	0	0	0	0	0	0	0	0	0
Nat Commun	2023-10-01	10390487	13707	1137	0	0	0	0	0	0	0	0	0	0	0	0	0	0	0	0	0	0	0	0	0	0	0	0	0	0	0	0	0	0	0	0	0	0
Nat Commun	2023-10-01	10387065	97940	9452	0	4	2	0	0	0	1	3	0	1	2	12	0	0	0	0	14	0	0	1	0	0	0	0	2	0	0	0	0	0	0	0	0	0
Nat Commun	2023-10-01	10382503	135140	12285	0	24	0	8	0	0	1	8	0	2	1	3	0	0	0	0	50	0	1	0	0	0	0	0	0	0	0	0	0	0	0	0	0	0
Nat Commun	2023-10-01	10390492	163189	16075	0	3	0	3	0	5	10	12	0	0	0	6	0	0	0	0	16	0	2	10	0	0	0	6	0	0	0	0	0	0	0	0	0	0
Nat Commun	2023-10-01	10390546	99783	9707	0	5	1	0	0	0	2	0	0	1	0	8	0	0	0	0	17	0	0	0	0	0	0	0	2	0	0	0	0	1	0	0	0	0
Nat Commun	2023-10-01	10382512	87292	7854	0	4	0	0	0	0	0	0	0	1	1	3	0	0	0	0	1	0	0	0	0	1	0	0	0	0	0	0	0	0	0	0	0	0
Nat Commun	2023-10-01	10394037	116155	10503	0	5	0	0	0	0	1	0	0	0	0	8	0	0	0	0	6	0	0	1	0	0	0	0	0	0	0	0	0	0	0	0	0	0
Nat Commun	2023-10-01	10387068	164804	16046	0	9	1	8	0	0	0	0	0	0	1	9	0	2	3	0	10	0	1	5	0	0	0	0	0	0	0	0	0	0	0	1	0	0
Nat Commun	2023-10-01	10382513	99791	9594	0	20	2	8	1	0	0	1	0	0	129	1	0	0	1	0	23	0	0	0	0	0	0	1	0	0	0	0	1	0	0	0	0	0
Nat Commun	2023-10-01	10404294	136215	14013	0	6	0	0	0	0	0	2	0	4	0	2	0	0	2	0	19	0	0	1	0	0	0	0	0	0	0	0	0	0	0	0	0	0
Nat Commun	2023-10-01	10409746	149704	14659	0	19	0	0	0	2	1	0	0	0	0	0	0	0	0	0	14	0	0	1	0	0	1	0	0	0	0	0	0	0	1	0	0	0
Nat Commun	2023-10-01	10409785	127539	13555	0	0	0	0	0	0	0	1	0	0	1	0	0	2	0	0	23	0	0	0	0	0	0	0	0	0	0	0	0	0	0	0	0	0
Nat Commun	2023-10-01	10409772	95701	9083	0	1	2	0	0	0	0	0	0	0	7	1	0	0	1	0	12	0	0	1	0	0	0	0	0	0	0	0	0	0	0	0	0	0
Nat Commun	2023-10-01	10404256	169420	17616	0	9	3	0	0	0	5	3	0	11	5	2	0	0	0	0	14	0	0	0	0	0	0	0	0	0	0	0	0	0	0	0	0	0
Nat Commun	2023-10-01	10403523	151176	15623	0	6	0	2	0	0	0	6	0	0	3	0	0	0	0	0	9	0	1	0	0	0	0	0	0	0	0	0	0	0	0	0	0	0
Nat Commun	2023-10-01	10406894	117685	11829	0	12	1	0	0	0	1	2	0	0	1	6	0	0	0	0	13	0	0	0	0	0	0	0	0	0	0	0	0	0	0	0	0	0
Nat Commun	2023-10-01	10403538	165165	16455	0	18	0	0	0	0	1	6	0	1	3	7	0	0	0	0	30	0	0	1	0	0	0	0	0	0	0	0	0	0	0	0	0	0
Nat Commun	2023-10-01	10403546	157378	16608	0	12	0	0	0	0	2	2	0	4	2	0	0	1	0	0	15	0	0	9	0	0	0	0	0	0	0	0	0	0	0	1	0	0
Nat Commun	2023-10-01	10406874	7339	554	0	0	0	0	0	0	0	0	0	0	0	0	0	0	0	0	0	0	0	0	0	0	0	0	0	0	0	0	0	0	0	1	0	0
Nat Commun	2023-10-01	10406891	122404	12610	0	6	1	2	0	0	0	0	0	1	0	2	0	0	0	0	14	0	0	0	0	0	0	0	0	0	0	0	0	0	0	0	0	0
Nat Commun	2023-10-01	10409853	10001	689	0	0	0	0	0	0	0	0	0	0	0	0	0	0	0	0	0	0	0	0	0	0	0	0	0	0	0	0	0	0	0	0	0	0
Nat Commun	2023-10-01	10409754	163273	13893	0	2	0	0	0	0	1	1	0	9	0	9	0	0	0	0	11	0	0	1	0	0	0	0	0	0	0	0	0	0	0	0	1	0
Nat Commun	2023-10-01	10406951	13520	1159	0	0	0	0	0	0	0	0	0	0	0	0	0	0	0	0	4	0	0	2	0	0	0	0	0	0	0	0	0	0	0	0	0	0
Nat Commun	2023-10-01	10406890	334246	19008	0	11	0	0	0	0	0	9	0	0	25	4	0	0	0	0	1	0	0	2	0	0	0	0	0	0	0	0	0	0	0	0	0	0
Nat Commun	2023-10-01	10409818	143533	10425	0	5	0	0	0	0	0	0	0	0	30	5	0	0	0	0	16	0	0	3	0	0	0	0	0	0	0	0	0	0	0	1	0	0
Nat Commun	2023-10-01	10409800	174778	16263	0	31	0	1	0	2	1	13	0	0	0	1	0	0	1	1	20	0	4	1	0	0	0	0	0	0	0	0	0	0	0	0	0	0
Nat Commun	2023-10-01	10403561	131181	13350	0	6	0	9	0	0	0	0	0	0	4	1	0	0	0	0	56	0	0	2	0	0	0	0	0	0	0	0	0	0	0	0	0	0
Nat Commun	2023-10-01	10404266	94129	9071	0	2	1	0	0	0	2	0	0	1	1	6	0	0	0	0	10	0	0	0	0	0	0	0	0	0	0	0	0	0	0	0	0	0
Nat Commun	2023-10-01	10406833	153663	15263	0	17	0	0	0	0	2	5	0	0	0	6	0	0	0	0	24	0	1	1	0	0	1	1	0	0	0	0	2	0	0	0	0	0
Nat Commun	2023-10-01	10409793	111895	10949	0	2	1	0	0	3	1	6	0	0	0	6	0	0	0	0	7	0	0	0	0	0	1	0	0	0	0	0	0	0	0	0	0	0
Nat Commun	2023-10-01	10406915	7858	534	0	0	0	0	0	0	0	0	0	0	0	0	0	0	0	0	0	0	0	0	0	0	0	0	0	0	0	0	0	0	0	0	0	0
Nat Commun	2023-10-01	10404234	135753	9523	0	0	1	0	0	0	1	1	0	5	1	6	0	0	0	0	8	0	0	1	0	0	0	0	0	0	0	0	0	0	0	0	0	0
Nat Commun	2023-10-01	10404270	136486	11621	0	3	2	0	0	0	0	0	0	0	0	1	0	0	4	0	16	0	0	3	0	0	0	0	0	0	0	0	1	0	0	0	0	0
Nat Commun	2023-10-01	10409715	115801	11158	0	12	0	0	0	0	6	1	0	0	0	7	0	0	0	0	17	0	0	1	0	0	1	0	0	0	0	0	0	0	0	0	0	0
Nat Commun	2023-10-01	10415349	139448	11001	0	3	0	0	0	0	3	0	0	0	2	2	0	0	1	0	8	0	0	2	0	0	0	0	0	0	0	0	0	0	0	0	0	0
Nat Commun	2023-10-01	10425332	101784	9805	0	5	0	1	0	0	3	0	0	0	0	2	0	0	0	0	6	0	0	0	0	1	0	0	0	0	0	0	0	0	0	0	0	0
Nat Commun	2023-10-01	10423291	133036	12811	0	33	0	6	0	0	0	1	0	1	17	0	0	1	1	0	25	0	0	0	0	0	2	0	5	0	0	0	0	0	0	0	0	0
Nat Commun	2023-10-01	10423258	216625	15551	0	8	0	5	0	0	2	12	0	0	16	3	0	0	3	0	26	0	3	3	0	0	0	4	0	0	0	0	1	0	0	0	0	0
Nat Commun	2023-10-01	10427627	162107	11441	0	7	0	0	0	0	0	0	0	0	4	3	0	0	0	0	4	0	0	2	0	0	0	0	0	0	0	0	0	0	0	0	0	0
Nat Commun	2023-10-01	10425459	160440	16128	0	16	1	4	0	0	1	1	0	0	1	8	0	1	1	0	8	0	0	0	0	0	1	0	0	0	1	0	0	0	0	0	0	0
Nat Commun	2023-10-01	10415286	100411	8733	0	1	2	0	0	0	1	0	0	0	2	5	0	0	0	0	13	0	1	2	0	0	0	0	0	0	0	0	0	2	0	0	0	0
Nat Commun	2023-10-01	10427651	174179	16407	0	6	1	0	0	0	5	0	0	0	0	4	0	0	0	0	7	0	1	2	0	0	1	0	0	0	0	0	0	0	0	0	0	0
Nat Commun	2023-10-01	10425436	117311	10886	0	5	0	5	0	0	2	1	0	0	5	3	0	0	1	0	72	0	0	0	0	0	2	0	0	0	0	0	0	0	0	0	0	0
Nat Commun	2023-10-01	10427679	165885	12208	0	4	3	0	0	0	0	0	0	1	21	1	0	0	0	0	6	0	0	0	0	0	0	0	0	0	0	0	0	0	0	0	0	1
Nat Commun	2023-10-01	10427628	101886	8653	0	5	0	0	0	0	5	0	0	0	0	3	0	0	0	0	16	0	0	1	0	0	0	0	0	0	0	0	0	0	0	0	0	0
Nat Commun	2023-10-01	10423204	82192	7669	0	8	0	0	0	0	0	1	0	0	0	1	0	0	0	0	14	0	0	3	0	0	0	0	0	0	0	0	0	0	0	0	0	0
Nat Commun	2023-10-01	10415298	163639	15947	0	12	6	4	0	0	1	8	0	1	1	4	0	0	0	0	24	0	0	2	0	0	0	0	0	0	0	0	0	0	0	0	0	0
Nat Commun	2023-10-01	10415399	96102	9624	0	6	2	0	0	0	3	5	0	2	0	2	0	0	0	0	11	0	0	0	0	0	0	0	0	0	0	0	0	0	0	0	0	0
Nat Commun	2023-10-01	10427669	135924	15221	0	27	0	2	0	0	1	2	0	2	0	10	0	0	0	0	26	0	0	0	0	0	0	0	0	0	0	0	0	0	0	0	0	0
Nat Commun	2023-10-01	10427629	117956	11783	0	26	0	0	0	0	1	0	0	0	0	0	0	0	1	0	6	0	0	3	0	0	0	0	0	0	0	0	0	0	0	0	0	0
Nat Commun	2023-10-01	10415377	191276	13270	0	5	0	0	0	0	0	0	0	0	24	0	0	0	0	0	39	0	0	3	0	0	0	1	0	0	0	0	2	0	0	0	0	0
Nat Commun	2023-10-01	10425355	157586	12811	0	2	4	0	0	0	2	0	0	4	1	1	0	0	0	0	11	0	0	2	0	0	0	0	0	0	0	0	0	0	0	0	0	0
Nat Commun	2023-10-01	10425365	90719	9720	0	2	1	0	0	0	2	1	0	2	0	2	0	0	0	0	14	0	0	1	0	0	0	0	0	0	0	0	0	0	0	0	0	0
Nat Commun	2023-10-01	10423282	149967	12877	0	0	1	1	0	0	1	1	0	0	0	5	0	0	0	0	6	0	0	0	0	0	0	0	0	0	0	0	0	0	0	0	0	0
Nat Commun	2023-10-01	10415408	174185	16066	0	11	0	4	0	0	1	0	0	2	0	4	0	0	0	0	11	0	0	1	0	0	0	0	0	0	0	0	0	0	0	0	0	0
Nat Commun	2023-10-01	10415361	73256	6187	0	2	1	0	0	0	0	0	0	4	4	5	0	0	0	0	7	0	0	0	0	0	0	0	0	0	0	0	0	0	0	0	0	0
Nat Commun	2023-10-01	10427667	132411	10543	0	2	1	5	0	0	0	2	0	0	8	1	0	0	0	0	9	0	0	0	0	0	1	0	0	0	0	0	0	0	0	0	0	0
Nat Commun	2023-10-01	10423214	69193	6290	0	0	0	0	0	0	0	0	0	0	0	0	0	0	0	0	7	0	0	0	0	0	0	0	0	0	0	0	0	0	0	0	0	0
Nat Commun	2023-10-01	10421871	104880	10554	0	5	0	2	0	0	1	2	0	5	5	0	0	0	0	0	49	0	0	3	0	0	0	0	0	0	0	0	0	0	0	0	0	0
Nat Commun	2023-10-01	10442450	170101	19014	0	31	0	7	0	0	7	1	0	3	0	7	0	0	0	0	6	0	0	1	0	0	0	0	0	0	0	0	0	0	0	0	0	0
Nat Commun	2023-10-01	10444786	189372	12492	0	1	5	1	0	0	4	1	0	0	0	4	0	0	0	0	4	0	0	0	0	0	1	0	0	0	0	0	0	0	0	0	0	0
Nat Commun	2023-10-01	10444825	136817	14594	0	15	0	3	0	3	2	4	0	8	0	5	0	0	0	0	14	0	0	1	0	0	0	1	3	0	0	0	0	0	0	0	0	0
Nat Commun	2023-10-01	10439134	135789	12786	0	2	1	0	0	1	2	2	0	3	0	3	0	0	0	0	7	0	0	0	0	0	1	0	1	0	0	0	1	0	0	0	0	0
Nat Commun	2023-10-01	10439916	165053	15247	0	1	3	0	0	0	0	1	0	0	0	0	0	1	2	0	7	0	0	0	0	0	0	2	0	0	0	0	1	0	0	1	0	0
Nat Commun	2023-10-01	10442373	123823	11116	0	4	0	1	0	0	2	1	0	0	2	9	0	0	0	0	5	0	1	4	0	0	0	0	0	0	0	0	0	0	0	0	0	0
Nat Commun	2023-10-01	10442344	106073	9554	0	6	0	4	0	0	0	1	0	0	13	2	0	0	0	0	33	0	0	0	0	0	1	0	0	0	0	0	0	0	0	0	0	0
Nat Commun	2023-10-01	10444851	191947	19321	0	8	0	0	0	0	1	0	0	0	0	6	0	0	0	0	45	0	0	2	0	0	0	0	0	0	0	0	0	0	0	0	0	0
Nat Commun	2023-10-01	10444801	106120	10067	0	1	0	3	0	0	6	1	0	0	1	1	0	0	0	0	5	0	0	2	0	0	0	0	1	0	0	0	0	0	1	0	0	0
Nat Commun	2023-10-01	10439884	118153	12070	0	12	5	0	0	0	2	4	0	0	1	0	0	0	0	0	34	0	0	0	0	0	0	0	0	0	0	0	0	0	0	0	0	0
Nat Commun	2023-10-01	10442441	101664	10175	0	10	0	1	0	0	0	1	0	0	0	2	0	0	0	0	12	0	0	2	0	0	0	1	0	0	0	0	0	0	0	0	0	0
Nat Commun	2023-10-01	10442442	112810	9109	0	2	0	0	0	0	0	0	0	0	1	1	0	0	0	0	8	0	0	0	0	0	0	0	0	0	0	0	0	1	0	0	0	0
Nat Commun	2023-10-01	10439160	148936	15505	0	25	1	5	0	0	1	0	0	0	6	3	0	0	9	0	21	0	0	3	0	0	2	1	1	0	0	0	0	0	0	0	0	0
Nat Commun	2023-10-01	10442431	103205	9723	0	8	0	1	0	0	0	0	0	0	2	0	0	0	0	0	9	0	0	3	0	0	0	0	0	0	0	0	0	0	0	0	0	0
Nat Commun	2023-10-01	10442404	196861	15506	0	1	0	0	0	0	1	1	0	1	2	6	0	0	3	0	14	0	0	4	0	0	0	0	2	0	0	0	0	3	0	0	0	0
Nat Commun	2023-10-01	10444821	26285	2165	0	1	0	0	0	0	0	0	0	0	0	0	0	0	0	0	4	0	0	0	0	0	0	0	0	0	0	0	0	0	0	0	0	0
Nat Commun	2023-10-01	10439156	110059	10055	0	1	0	1	0	0	9	1	0	1	0	1	0	0	0	0	1	0	0	4	0	1	0	0	0	0	0	0	0	0	0	0	0	0
Nat Commun	2023-10-01	10439950	145830	14742	0	4	0	9	0	1	5	3	0	2	3	3	0	0	0	0	19	0	0	2	0	0	0	0	1	0	0	0	0	0	0	1	0	0
Nat Commun	2023-10-01	10442412	173921	17550	0	3	2	5	0	0	0	0	0	0	3	3	0	0	0	0	19	0	0	0	0	0	0	2	1	0	0	0	0	0	0	1	0	0
Nat Commun	2023-10-01	10439105	98052	8229	0	1	0	0	0	0	2	1	0	0	0	0	0	0	1	0	6	0	0	1	0	0	0	0	0	0	0	0	0	0	0	0	0	0
Nat Commun	2023-10-01	10444793	148449	14709	0	5	0	1	0	1	0	7	0	0	0	5	0	0	1	0	29	0	1	3	0	0	0	0	0	0	0	0	0	0	0	0	0	0
Nat Commun	2023-10-01	10444892	193610	19835	0	12	0	3	0	3	9	3	0	0	3	10	0	0	0	0	27	0	3	3	0	0	1	5	0	0	0	0	0	0	0	0	0	0
Nat Commun	2023-10-01	10439935	87918	8318	0	10	2	3	0	0	2	8	0	0	3	3	0	0	0	0	8	0	0	2	0	0	0	0	0	0	0	0	0	0	0	0	0	0
Nat Commun	2023-10-01	10442364	133621	13553	0	1	2	11	0	0	1	0	0	1	3	0	0	0	0	0	36	0	0	0	0	0	0	0	0	0	0	0	0	0	0	0	0	0
Nat Commun	2023-10-01	10439888	108871	7322	0	1	6	0	0	0	0	0	0	0	0	0	0	0	0	0	4	0	0	0	0	0	0	0	4	0	0	0	2	0	0	0	0	0
Nat Commun	2023-10-01	10474299	200481	19102	0	24	0	0	0	0	0	0	0	1	0	0	0	0	0	0	29	0	0	3	0	0	0	0	0	0	0	0	0	0	0	1	0	0
Nat Commun	2023-10-01	10465600	155517	10983	0	3	0	4	0	0	2	0	0	2	16	1	0	0	6	0	27	0	0	0	0	0	0	0	0	0	0	0	0	0	0	0	0	0
Nat Commun	2023-10-01	10465536	137669	14069	0	20	1	1	0	0	4	6	0	0	2	2	0	0	1	0	59	0	0	4	0	0	0	0	0	0	0	0	1	0	0	0	0	0
Nat Commun	2023-10-01	10465572	199105	13707	0	1	0	1	0	0	2	3	0	0	8	3	0	0	0	0	16	0	0	3	0	0	0	1	0	0	0	0	0	0	0	0	0	0
Nat Commun	2023-10-01	10474280	83827	7592	0	0	2	0	0	0	0	0	0	0	2	0	0	0	0	0	16	0	0	1	0	0	1	0	0	0	0	0	0	1	0	0	0	1
Nat Commun	2023-10-01	10465490	144548	15284	0	36	1	1	0	1	2	4	0	0	1	3	0	1	0	0	17	0	1	7	0	0	0	0	1	0	0	0	0	0	1	2	0	0
Nat Commun	2023-10-01	10465567	89802	7400	0	1	4	0	0	0	1	0	0	0	0	2	0	0	0	0	20	0	0	0	0	0	0	0	0	0	0	0	0	0	0	1	0	0
Nat Commun	2023-10-01	10465582	8526	554	0	0	0	0	0	0	0	0	0	0	0	0	0	0	0	0	0	0	0	0	0	0	0	0	0	0	0	0	0	0	0	0	0	0
Nat Commun	2023-10-01	10462736	103614	9830	0	7	1	4	0	1	0	1	0	11	0	1	0	0	0	0	6	0	0	0	0	0	0	0	1	0	0	0	0	0	0	0	0	0
Nat Commun	2023-10-01	10471635	130944	12712	0	8	0	1	0	0	2	3	0	0	2	5	0	0	1	0	15	0	0	0	0	0	0	0	0	0	0	0	0	0	0	0	0	0
Nat Commun	2023-10-01	10474036	106358	8029	0	1	0	0	0	0	1	0	0	0	0	1	0	0	0	0	0	0	0	0	0	0	0	0	0	0	0	0	1	0	0	0	0	0
Nat Commun	2023-10-01	10471716	163343	12563	0	2	0	1	0	0	4	0	0	0	0	0	0	0	0	0	5	0	0	2	0	0	0	0	0	0	0	0	0	0	0	2	0	0
Nat Commun	2023-10-01	10471626	136562	13346	0	12	0	2	0	0	3	3	0	1	1	5	0	1	0	0	41	0	0	1	0	0	0	0	0	0	0	0	0	0	0	0	0	0
Nat Commun	2023-10-01	10462655	138501	13646	0	32	0	0	0	0	2	0	0	1	4	5	0	0	0	0	13	0	0	0	0	0	0	0	0	0	0	0	0	0	0	0	0	0
Nat Commun	2023-10-01	10474269	107899	11042	0	4	0	3	0	0	1	5	0	3	0	3	0	0	0	0	20	0	0	0	0	0	0	0	0	0	0	0	0	0	0	0	0	0
Nat Commun	2023-10-01	10469188	144799	13065	0	13	0	4	0	0	0	10	0	0	1	2	0	0	0	0	17	0	0	1	0	0	0	0	0	0	0	0	0	0	0	0	0	0
Nat Commun	2023-10-01	10462673	77930	6396	0	1	1	0	0	0	2	4	0	0	0	4	0	0	0	0	12	0	0	0	0	0	0	0	0	0	0	0	0	0	0	0	0	0
Nat Commun	2023-10-01	10465613	179877	18384	0	5	0	4	0	0	1	7	0	2	1	2	0	0	0	0	15	0	0	0	0	0	0	0	0	0	0	0	0	0	0	0	0	0
Nat Commun	2023-10-01	10462694	153202	14278	0	7	0	0	0	0	3	0	0	1	0	0	0	0	0	0	6	0	0	0	0	0	0	0	0	0	0	0	0	0	0	0	0	0
Nat Commun	2023-10-01	10474062	191036	18770	0	22	1	3	0	0	0	2	0	1	1	0	0	0	0	0	10	0	2	1	0	0	0	1	0	0	0	0	0	0	0	1	0	0
Nat Commun	2023-10-01	10462674	94241	7699	0	2	1	0	0	0	0	1	0	4	0	3	0	0	0	0	4	0	0	0	0	0	0	0	1	0	0	0	0	0	0	0	0	0
Nat Commun	2023-10-01	10471727	119713	11713	0	6	1	4	0	0	0	0	0	1	40	0	0	0	0	0	8	0	0	4	0	0	0	7	0	0	0	0	0	0	0	0	0	0
Nat Commun	2023-10-01	10471623	109769	9502	0	8	3	0	0	0	1	0	0	2	4	3	0	0	0	0	5	0	0	1	0	0	0	0	0	0	0	0	0	0	0	1	0	0
Nat Commun	2023-10-01	10474117	168757	9955	0	0	1	0	0	0	0	3	0	1	3	1	0	0	0	0	15	0	0	0	0	0	1	0	0	0	0	0	0	2	0	0	0	0
Nat Commun	2023-10-01	10465594	82706	7129	0	1	5	0	0	0	3	0	0	0	6	4	0	0	0	0	14	0	0	1	0	0	0	0	0	0	0	0	0	0	0	0	0	0
Nat Commun	2023-10-01	10482946	143755	15474	0	10	0	8	0	1	2	6	0	15	0	3	0	0	0	0	14	0	1	2	0	0	1	0	0	0	0	0	0	0	0	0	0	0
Nat Commun	2023-10-01	10485058	224738	21993	0	13	0	1	0	6	1	10	0	4	0	3	0	0	2	0	13	0	0	6	0	0	1	0	0	0	0	0	0	0	0	0	0	0
Nat Commun	2023-10-01	10491595	119270	13053	0	11	0	0	0	1	1	4	0	1	0	2	0	0	0	0	16	0	2	3	0	0	1	0	0	0	0	0	0	0	0	0	0	0
Nat Commun	2023-10-01	10484934	125440	12075	0	0	4	2	0	0	1	2	0	4	2	4	0	0	0	0	13	0	0	2	0	0	1	2	0	0	0	0	0	1	0	0	0	0
Nat Commun	2023-10-01	10482861	94081	7196	0	0	2	0	0	0	0	0	0	0	3	0	0	0	0	0	5	0	0	0	0	0	0	0	0	0	0	0	0	0	0	0	0	0
Nat Commun	2023-10-01	10491753	142488	13100	0	9	0	0	0	0	0	0	0	0	4	2	0	0	2	0	3	0	0	0	0	0	2	0	0	0	0	0	0	0	0	0	0	0
Nat Commun	2023-10-01	10482904	308340	15486	1	3	2	2	0	0	1	2	0	0	1	1	0	0	0	1	8	0	0	0	0	0	0	0	0	0	1	0	0	1	0	0	0	0
Nat Commun	2023-10-01	10485023	142692	14928	0	8	0	3	0	0	1	0	0	0	2	0	0	0	0	0	13	0	0	2	0	0	0	0	1	0	0	0	0	0	0	0	0	0
Nat Commun	2023-10-01	10491829	126292	12180	0	30	0	1	0	0	1	9	0	0	7	9	0	0	2	0	19	0	0	2	0	0	0	0	0	0	0	0	0	0	0	0	0	0
Nat Commun	2023-10-01	10482943	156817	16482	0	6	0	3	0	1	1	3	0	5	1	0	0	0	1	0	32	0	0	1	0	0	0	0	0	0	0	0	0	0	0	0	0	0
Nat Commun	2023-10-01	10491841	165960	14503	0	2	1	2	0	0	1	1	0	1	11	0	0	0	0	0	17	0	0	0	0	0	2	0	0	0	0	0	0	0	0	0	0	0
Nat Commun	2023-10-01	10485044	109747	11380	0	14	1	0	0	0	1	3	0	1	0	1	0	0	0	0	23	0	2	0	0	0	0	0	0	0	0	0	0	0	0	0	0	0
Nat Commun	2023-10-01	10484994	119897	11929	0	4	0	0	0	1	2	5	0	0	1	4	0	0	0	0	12	0	2	4	0	0	1	0	0	0	0	0	0	0	0	0	10	0
Nat Commun	2023-10-01	10485013	8383	601	0	0	0	0	0	0	0	0	0	0	0	0	0	0	0	0	0	0	0	0	0	0	0	0	0	0	0	0	0	0	0	0	0	0
Nat Commun	2023-10-01	10482938	193653	18440	0	13	1	8	0	1	5	0	0	1	0	1	0	0	0	0	21	0	2	1	0	0	0	3	1	0	0	0	0	0	0	1	0	0
Nat Commun	2023-10-01	10482924	9121	719	0	3	0	0	0	0	0	0	0	0	0	0	0	0	2	0	2	0	0	0	0	0	0	0	0	0	0	0	0	0	0	1	0	0
Nat Commun	2023-10-01	10482925	91486	8730	0	2	1	0	0	0	5	0	0	0	0	0	0	0	0	0	5	0	0	2	0	0	0	0	1	0	0	0	0	0	0	0	0	0
Nat Commun	2023-10-01	10482940	221034	19390	0	8	1	0	0	0	3	5	0	0	7	8	0	0	5	0	35	0	0	2	0	0	2	0	0	5	0	0	0	0	0	0	0	0
Nat Commun	2023-10-01	10482867	162646	16427	0	16	0	2	0	2	4	2	0	1	0	0	0	0	0	0	21	0	0	0	0	0	0	0	0	0	0	0	0	0	0	0	0	0
Nat Commun	2023-10-01	10482834	146768	15102	0	8	0	1	0	0	2	0	0	0	3	6	0	0	0	0	14	0	0	2	0	0	0	0	0	0	0	0	0	0	0	1	0	0
Nat Commun	2023-10-01	10482975	127457	12172	0	4	0	1	0	0	0	0	0	0	3	1	0	0	2	0	19	0	0	5	0	0	1	0	0	0	0	0	0	0	0	0	0	0
Nat Commun	2023-10-01	10482911	67903	5994	0	3	4	0	0	0	2	0	0	0	1	2	0	0	1	0	4	0	0	1	0	0	4	0	1	0	0	0	0	0	1	0	0	0
Nat Commun	2023-10-01	10482877	120873	11741	0	4	1	0	0	0	4	1	0	0	0	0	0	0	0	0	13	0	0	0	0	0	0	0	0	0	0	0	0	0	0	0	0	0
Nat Commun	2023-10-01	10484928	142475	14192	0	5	0	1	0	0	0	5	0	0	1	8	0	0	1	0	11	0	0	1	0	0	2	0	0	0	0	0	0	0	0	0	0	0
Nat Commun	2023-10-01	10491577	8844	576	0	0	0	0	0	0	0	0	0	0	0	0	0	0	0	0	0	0	0	0	0	0	0	0	0	0	0	0	0	0	0	0	0	0
Nat Commun	2023-10-01	10504268	134312	11839	0	6	1	0	0	1	1	2	0	0	2	1	0	0	0	0	24	0	1	1	0	0	0	0	0	0	0	0	0	0	0	0	0	0
Nat Commun	2023-10-01	10502079	177034	11588	0	2	0	0	0	0	0	1	0	1	0	1	0	0	0	0	2	0	0	0	0	0	0	0	0	0	1	0	0	0	0	0	0	0
Nat Commun	2023-10-01	10499828	184946	18757	0	11	2	4	0	0	1	8	0	0	3	4	0	1	2	0	33	0	0	4	0	0	0	1	0	0	0	0	0	0	0	0	0	0
Nat Commun	2023-10-01	10502023	112129	12076	1	8	0	3	0	0	2	1	0	2	1	0	0	0	0	0	10	0	0	0	0	0	0	0	0	0	0	0	0	0	0	1	0	0
Nat Commun	2023-10-01	10499994	139141	14533	0	14	4	11	0	0	11	1	0	0	9	0	0	0	1	0	12	0	0	2	0	0	1	0	0	0	0	0	0	0	0	0	0	0
Nat Commun	2023-10-01	10502152	110456	10370	0	10	0	1	0	3	3	1	0	1	0	3	0	0	1	0	22	0	0	3	0	0	0	0	0	0	0	0	0	0	0	0	1	0
Nat Commun	2023-10-01	10499996	97297	9367	0	4	2	0	0	0	0	0	0	0	1	0	0	0	0	0	2	0	0	0	0	0	0	0	0	0	0	0	0	0	0	0	0	0
Nat Commun	2023-10-01	10499981	227417	23024	0	15	0	4	0	1	9	5	0	0	5	5	0	0	0	0	29	0	1	5	0	0	0	0	0	0	1	0	0	0	0	0	0	0
Nat Commun	2023-10-01	10504251	92889	8618	0	1	0	0	0	0	0	0	0	0	0	2	0	0	0	0	3	0	1	7	0	0	0	0	1	0	0	0	0	0	0	0	0	0
Nat Commun	2023-10-01	10502056	139536	13725	0	19	1	0	0	0	4	3	0	0	9	10	0	2	0	0	46	0	1	4	0	0	0	1	0	0	1	0	0	0	0	0	0	0
Nat Commun	2023-10-01	10499988	126392	11601	0	7	0	0	0	0	1	2	0	0	2	1	0	0	0	0	15	0	1	0	0	0	0	0	1	0	0	0	0	0	0	0	0	0
Nat Commun	2023-10-01	10502105	144943	14611	0	20	0	1	0	0	1	1	0	2	1	2	0	0	0	0	13	0	0	1	0	0	0	0	0	0	0	0	0	0	0	1	0	0
Nat Commun	2023-10-01	10504246	166176	13910	0	3	1	0	0	0	10	1	0	0	3	2	0	0	0	0	8	0	0	4	0	0	0	0	1	0	0	0	1	1	0	1	0	0
Nat Commun	2023-10-01	10499811	144177	14144	0	23	1	5	0	0	2	0	0	0	2	5	0	0	1	0	51	0	0	1	0	0	0	0	0	0	0	0	0	0	0	0	0	0
Nat Commun	2023-10-01	10502081	142682	12544	0	7	0	2	0	0	0	7	0	0	5	1	0	0	0	0	28	0	0	2	0	0	1	0	1	0	0	0	1	0	1	0	0	0
Nat Commun	2023-10-01	10504294	152215	14955	0	7	1	3	0	0	2	2	0	0	3	6	0	0	0	0	13	0	0	0	0	0	0	0	2	0	0	0	2	0	0	0	0	0
Nat Commun	2023-10-01	10499821	175450	17627	0	12	0	0	0	0	0	0	0	2	4	4	0	1	0	0	17	0	0	1	0	0	1	1	0	0	0	0	0	1	0	0	0	0
Nat Commun	2023-10-01	10502114	174008	18803	0	19	1	4	0	0	1	8	0	0	0	5	0	0	1	0	15	0	0	1	0	0	0	0	0	0	0	0	0	0	0	0	0	0
Nat Commun	2023-10-01	10499912	109153	10770	0	12	2	1	0	0	0	2	0	0	54	2	0	0	0	0	62	0	0	5	0	0	1	0	1	0	0	0	0	0	0	0	0	0
Nat Commun	2023-10-01	10499989	157861	16095	0	44	0	10	0	0	2	14	0	0	3	0	0	0	1	0	48	0	1	0	0	0	0	0	0	0	0	0	0	0	0	0	0	0
Nat Commun	2023-10-01	10504234	8500	611	0	0	0	0	0	0	0	0	0	0	0	0	0	0	0	0	0	0	0	0	0	0	0	0	0	0	0	0	0	0	0	1	0	0
Nat Commun	2023-10-01	10499810	143731	13209	0	4	1	0	0	5	1	10	0	0	3	0	0	0	1	0	11	0	1	0	0	0	0	0	0	0	0	0	0	0	0	0	0	0
Nat Commun	2023-10-01	10504282	166378	16331	0	14	0	1	0	3	2	14	0	0	0	2	0	0	1	0	23	0	1	1	0	0	0	0	1	0	0	0	0	0	0	1	0	1
Nat Commun	2023-10-01	10502109	324263	18050	0	8	0	1	0	0	6	3	0	0	3	1	0	0	2	0	15	0	0	1	0	0	0	0	0	0	0	0	1	0	0	0	0	0
Nat Commun	2023-10-01	10499870	50860	4909	0	0	1	0	0	0	0	0	0	0	0	0	0	0	0	0	5	0	0	5	0	0	0	0	0	0	0	0	0	0	0	0	0	0
Nat Commun	2023-10-01	10516878	130580	13193	0	17	2	3	0	0	0	1	0	2	11	2	0	1	1	0	32	0	0	1	0	0	1	0	0	0	0	0	0	0	0	0	0	0
Nat Commun	2023-10-01	10514314	161866	14453	0	1	0	0	0	0	1	1	0	0	25	0	0	0	1	0	0	0	0	1	0	0	1	0	0	0	0	0	0	0	0	0	0	0
Nat Commun	2023-10-01	10516980	121438	11220	0	15	0	1	0	0	4	2	0	0	12	4	0	0	0	0	11	0	1	2	0	0	0	0	0	0	0	0	0	0	0	0	0	0
Nat Commun	2023-10-01	10511535	70115	6193	0	0	1	0	0	0	1	0	0	1	0	0	0	0	0	0	2	0	0	0	0	0	0	0	1	0	0	0	0	0	0	1	0	0
Nat Commun	2023-10-01	10517151	126215	13601	0	17	0	1	0	0	1	11	0	0	0	1	0	0	1	0	24	0	1	0	0	0	0	0	0	0	0	0	0	0	0	0	1	0
Nat Commun	2023-10-01	10511632	192202	20978	0	8	2	2	0	0	0	3	0	1	0	0	0	0	0	0	25	0	0	2	0	0	0	0	0	0	0	0	0	0	0	2	0	0
Nat Commun	2023-10-01	10514071	94361	9633	0	1	0	1	0	0	0	2	0	1	0	0	0	0	0	0	17	0	0	0	0	0	1	0	0	0	0	0	0	0	0	0	0	0
Nat Commun	2023-10-01	10514054	127767	14188	0	23	0	1	0	1	1	0	0	3	1	7	0	0	0	0	9	0	1	3	0	0	0	0	0	0	0	0	0	0	0	0	0	0
Nat Commun	2023-10-01	10511729	98464	8945	0	1	1	0	0	0	1	1	0	0	0	7	0	0	0	0	8	0	0	0	0	0	0	0	0	0	0	0	0	0	0	0	0	0
Nat Commun	2023-10-01	10516952	121129	11390	0	13	0	0	0	0	0	1	0	0	3	3	0	0	0	0	10	0	0	3	0	0	0	0	0	0	0	0	0	0	0	1	0	0
Nat Commun	2023-10-01	10516932	146057	14689	0	12	0	4	0	3	0	7	0	4	0	0	0	0	2	0	14	0	0	0	0	0	0	0	0	0	0	0	0	0	0	0	0	0
Nat Commun	2023-10-01	10517146	166022	15685	0	17	0	0	0	0	0	1	0	3	10	8	0	0	2	0	26	0	0	1	0	0	0	0	0	0	0	0	0	0	0	0	0	0
Nat Commun	2023-10-01	10511639	119709	11807	0	2	0	0	0	0	3	1	0	0	1	10	0	0	0	0	7	0	0	5	0	2	0	0	1	0	0	0	0	0	0	0	0	0
Nat Commun	2023-10-01	10511499	182949	18567	0	6	0	5	0	0	0	2	0	0	0	0	0	0	0	0	20	0	0	2	0	0	0	0	0	0	0	0	0	0	0	0	0	0
Nat Commun	2023-10-01	10516951	122321	12286	0	6	0	0	0	1	4	4	0	0	0	5	0	0	1	0	13	0	0	0	0	0	0	0	0	0	0	0	0	0	0	0	0	0
Nat Commun	2023-10-01	10516894	169876	16184	0	10	0	4	0	1	3	0	0	0	9	1	0	0	2	0	40	0	2	2	0	0	1	4	0	0	0	0	0	0	0	0	0	0
Nat Commun	2023-10-01	10514202	132680	13492	0	35	1	1	0	2	2	0	0	0	0	11	0	0	0	0	5	0	0	3	0	0	1	0	0	0	0	0	0	0	0	0	0	0
Nat Commun	2023-10-01	10516855	92132	8387	0	6	1	0	0	0	1	0	0	0	3	0	0	0	0	0	12	0	0	3	0	0	0	0	0	0	0	0	0	0	0	0	0	0
Nat Commun	2023-10-01	10511545	74768	6836	0	6	0	0	0	0	1	1	0	0	0	0	0	0	2	0	24	0	0	1	0	0	0	0	0	0	0	0	0	0	0	0	0	0
Nat Commun	2023-10-01	10516904	105884	9613	0	7	3	0	0	0	3	0	0	5	0	2	0	0	0	0	8	0	0	2	0	0	0	0	0	0	0	0	0	0	0	0	0	0
Nat Commun	2023-10-01	10514341	127588	14081	0	2	0	8	0	0	3	0	0	4	5	3	0	0	0	0	3	0	0	3	0	0	0	0	0	0	0	0	0	0	0	0	0	0
Nat Commun	2023-10-01	10511528	96051	8289	0	6	1	1	0	0	0	0	0	0	0	9	0	0	2	0	64	0	0	1	0	0	1	0	0	0	0	0	0	0	0	1	0	0
Nat Commun	2023-10-01	10517140	272878	23386	0	29	0	0	0	0	2	12	0	0	21	2	0	0	0	0	34	0	0	1	0	0	1	0	1	0	0	0	1	0	0	0	0	0
Nat Commun	2023-10-01	10516967	133281	13573	0	3	0	0	0	2	0	0	0	1	1	0	0	0	0	0	17	0	0	0	0	0	1	0	1	0	0	0	0	0	0	1	0	0
Nat Commun	2023-10-01	10514307	50033	1153	0	0	0	0	0	0	0	0	0	0	0	0	0	0	0	0	0	0	0	0	0	0	0	0	0	0	0	0	0	0	0	0	0	0
Nat Commun	2023-10-01	10542369	168268	17318	0	19	0	3	0	0	1	0	0	0	4	2	0	0	0	0	49	0	0	1	0	0	0	0	0	0	0	0	0	0	0	0	0	0
Nat Commun	2023-10-01	10539540	86963	8447	0	0	1	2	0	1	1	1	0	3	1	4	0	0	0	0	10	0	0	0	0	0	0	0	0	0	0	0	0	0	0	0	0	0
Nat Commun	2023-10-01	10533865	224678	23956	0	30	2	0	0	8	1	7	0	0	4	7	0	0	3	0	20	0	1	5	0	0	2	0	0	0	0	0	0	0	0	0	0	0
Nat Commun	2023-10-01	10539332	341184	15466	0	0	1	0	0	0	0	0	0	0	1	1	0	0	0	0	8	0	0	0	0	0	0	0	0	0	0	0	0	0	0	0	0	0
Nat Commun	2023-10-01	10542789	115490	11208	0	6	1	0	0	0	1	2	0	0	2	1	0	0	0	0	7	0	0	4	0	0	0	0	0	0	0	0	1	0	0	0	0	0
Nat Commun	2023-10-01	10539308	154244	15239	0	11	0	2	0	0	0	1	0	1	4	1	0	0	1	0	2	0	0	2	0	0	0	0	0	0	0	0	0	0	0	0	0	0
Nat Commun	2023-10-01	10533837	141144	13606	0	13	0	2	0	2	0	3	0	1	3	6	0	0	0	0	20	0	0	2	0	0	0	0	0	0	0	0	0	0	0	0	0	0
Nat Commun	2023-10-01	10542380	90961	8391	0	4	0	0	0	0	0	1	0	3	0	2	0	0	0	0	4	0	1	1	0	0	0	0	0	0	1	0	0	0	0	0	0	0
Nat Commun	2023-10-01	10539403	145558	13547	0	4	1	8	0	0	1	0	0	0	32	2	0	0	1	0	36	0	0	3	0	0	0	0	1	0	0	0	0	1	0	0	0	0
Nat Commun	2023-10-01	10539278	107427	9791	0	3	1	0	0	0	2	1	0	0	1	2	0	0	0	0	4	0	0	0	0	0	0	0	0	0	0	0	0	0	0	0	0	0
Nat Commun	2023-10-01	10541893	157828	14917	0	18	0	1	0	1	0	1	0	0	1	1	0	0	1	0	21	0	0	5	0	0	0	0	0	0	0	0	0	0	0	0	0	0
Nat Commun	2023-10-01	10541418	113059	8454	0	1	0	0	0	0	0	2	0	0	0	0	0	0	0	0	3	0	0	0	0	0	1	0	1	0	0	0	0	2	0	0	0	0
Nat Commun	2023-10-01	10533521	228336	16280	0	0	1	0	0	0	3	2	0	0	7	1	0	0	0	0	22	0	0	3	0	0	1	0	1	0	0	0	0	5	0	0	0	0
Nat Commun	2023-10-01	10533504	166126	10188	0	0	2	0	0	0	1	0	0	0	0	5	0	0	0	0	11	0	0	0	0	0	0	0	0	0	0	0	0	0	0	0	0	0
Nat Commun	2023-10-01	10533819	7163	503	0	0	0	0	0	0	0	0	0	0	0	0	0	0	0	0	0	0	0	0	0	0	0	0	0	0	0	0	0	0	0	0	0	0
Nat Commun	2023-10-01	10533906	145737	15082	0	26	0	7	0	1	0	0	0	13	17	5	0	6	0	0	29	0	0	1	0	0	0	0	0	0	2	0	0	0	0	0	0	0
Nat Commun	2023-10-01	10541415	112770	10360	0	2	0	2	0	0	3	2	0	1	4	4	0	0	0	0	30	0	1	0	0	0	0	0	12	0	0	0	0	0	0	0	0	0
Nat Commun	2023-10-01	10539298	111618	9510	0	2	0	0	0	0	1	2	0	1	0	5	0	0	0	0	9	0	0	1	0	0	0	0	0	0	0	0	0	0	0	0	0	0
Nat Commun	2023-10-01	10533544	170735	15646	0	14	1	3	0	0	2	4	0	0	3	2	0	1	1	0	14	0	1	3	0	0	0	0	0	0	0	0	0	0	0	0	0	0
Nat Commun	2023-10-01	10542358	118280	12659	0	13	1	0	0	0	1	4	0	2	0	4	0	0	0	0	12	0	0	1	0	0	0	0	0	0	0	0	0	0	0	0	0	0
Nat Commun	2023-10-01	10542376	117296	12512	0	22	0	1	0	0	11	1	0	0	0	5	0	0	0	0	52	0	0	2	0	0	0	0	0	2	0	0	0	0	0	0	0	0
Nat Commun	2023-10-01	10539383	90683	9707	0	3	0	0	0	0	0	1	0	0	0	2	0	0	0	0	23	0	0	2	0	0	0	0	0	0	0	0	0	0	0	1	1	0
Nat Commun	2023-10-01	10542385	117064	12469	0	13	0	16	0	0	9	4	0	1	0	3	0	0	0	0	26	0	1	1	0	2	0	0	0	0	0	0	0	0	0	0	0	0
Nat Commun	2023-10-01	10542802	149680	15963	0	20	2	2	0	0	1	3	0	0	14	6	0	0	0	0	63	0	0	1	0	0	0	0	0	0	0	0	0	0	0	0	0	0
Nat Commun	2023-10-01	10539333	19598	1156	0	0	0	0	0	0	0	0	0	0	0	0	0	0	0	0	0	0	0	0	0	0	0	0	0	0	0	0	0	0	0	1	0	0
