journal	date	pmc_id	Nchars	Nwords	delve	analyse	acknowledge	assess	appraise	dissect	explore	examine	extricate	expose	estimate	investigate	inquire	inspect	interpret	scrutinise	study	unearth	uncover	understand	ponder	research	reason	retrieve	avoid	discount	disregard	dismiss	ignore	neglect	overlook	omit	skip	reject
Nat Commun	2023-01-01	9547883	163317	15013	0	8	1	4	0	2	1	1	0	1	1	3	0	1	0	0	11	0	0	0	0	0	0	0	0	0	0	0	0	0	0	0	0	0
Nat Commun	2023-01-01	9532435	162858	15022	0	17	1	0	0	0	1	1	0	0	8	0	0	0	1	0	54	0	0	5	0	1	1	0	0	0	0	0	0	0	0	0	0	0
Nat Commun	2023-01-01	9546751	59853	6615	0	9	3	2	0	1	0	0	0	0	25	2	0	0	0	0	28	0	0	0	0	0	1	0	1	0	0	0	0	0	0	0	0	0
Nat Commun	2023-01-01	9547976	100728	9942	0	1	0	1	0	0	3	0	0	0	1	0	0	0	1	0	3	0	0	1	0	0	0	0	1	0	0	0	0	0	0	0	0	0
Nat Commun	2023-01-01	9535008	146383	14260	0	23	0	1	0	2	4	9	0	1	0	2	0	0	0	0	9	0	0	1	0	0	0	4	0	0	0	0	0	0	0	0	0	0
Nat Commun	2023-01-01	9547052	43106	4060	0	0	1	2	0	0	0	1	0	0	2	0	0	0	1	0	6	0	2	2	0	0	0	0	0	0	0	0	0	0	0	0	0	0
Nat Commun	2023-01-01	9534904	182683	20555	0	10	0	3	0	0	6	1	0	1	26	8	0	0	1	0	14	0	0	4	0	0	2	0	0	0	0	0	0	0	0	1	0	0
Nat Commun	2023-01-01	9534872	309414	26236	0	0	1	0	0	0	1	2	0	8	0	2	0	1	0	0	10	0	0	0	0	0	0	0	0	0	0	0	0	0	0	0	0	0
Nat Commun	2023-01-01	9537300	94163	7802	0	2	0	1	0	0	0	0	0	0	8	0	0	0	0	0	11	0	0	0	0	0	0	0	0	0	1	0	0	1	0	0	0	1
Nat Commun	2023-01-01	9532449	188586	13132	0	13	2	3	1	0	0	0	0	0	19	2	0	1	3	0	48	0	0	1	0	0	0	0	0	0	1	0	0	1	2	0	0	0
Nat Commun	2023-01-01	9531215	79227	7361	0	3	1	1	0	0	0	0	0	0	4	1	0	0	0	0	20	0	0	0	0	0	1	0	0	0	0	0	0	0	0	0	0	0
Nat Commun	2023-01-01	9547058	107383	9741	0	1	2	0	0	0	0	0	0	0	25	2	0	0	0	0	26	0	0	4	0	0	0	0	0	0	0	0	0	1	1	0	0	0
Nat Commun	2023-01-01	9546926	138807	12653	0	10	0	4	0	0	4	0	0	0	10	2	0	1	0	2	26	0	0	0	0	0	1	7	0	0	0	0	0	1	0	0	0	0
Nat Commun	2023-01-01	9547913	103105	7861	0	4	2	0	0	0	0	1	0	1	1	1	0	0	0	0	25	0	0	1	0	0	0	0	0	0	0	0	0	0	0	0	0	0
Nat Commun	2023-01-01	9547917	193877	20644	0	10	0	2	0	0	8	14	0	1	0	9	0	0	0	0	32	0	0	3	0	0	1	1	0	0	0	0	0	0	0	0	0	0
Nat Commun	2023-01-01	9532441	144286	14215	0	4	0	5	0	0	0	0	0	0	0	2	0	0	1	0	16	0	0	0	0	0	0	0	1	0	0	0	0	0	0	0	0	0
Nat Commun	2023-01-01	9537165	102399	8221	0	0	0	1	0	0	1	0	0	0	6	2	0	0	0	0	15	0	0	0	0	0	0	0	0	0	0	0	0	0	0	1	0	0
Nat Commun	2023-01-01	9537559	98276	8900	0	2	1	0	0	1	1	1	0	1	0	3	0	0	0	0	5	0	1	1	0	0	1	0	0	0	0	0	0	0	0	0	0	0
Nat Commun	2023-01-01	9547065	144777	14115	0	3	0	8	0	3	5	2	0	0	2	2	0	0	0	0	24	0	8	4	0	0	0	0	0	0	0	0	0	1	0	0	0	0
Nat Commun	2023-01-01	9534854	140353	13739	0	8	0	2	0	0	1	5	0	0	0	2	0	0	0	0	19	0	0	0	0	0	0	0	0	0	0	0	0	0	0	0	0	0
Nat Commun	2023-01-01	9537136	10021	485	0	0	0	0	0	0	0	0	0	0	0	0	0	0	0	0	0	0	0	0	0	0	0	0	0	0	0	0	0	0	0	0	0	0
Nat Commun	2023-01-01	9546894	101727	7254	0	0	0	0	0	0	0	0	0	0	0	0	0	0	0	0	2	0	0	0	0	0	0	0	0	0	0	0	0	0	0	0	0	0
Nat Commun	2023-01-01	9547874	109642	10057	0	2	0	0	0	0	1	0	0	0	1	2	0	0	1	0	6	0	0	2	0	0	1	0	0	0	0	0	0	0	0	5	0	0
Nat Commun	2023-01-01	9537338	149185	14602	0	14	1	3	0	2	0	2	0	0	0	11	0	0	1	0	28	0	0	4	0	0	0	0	0	0	0	0	0	0	0	0	0	0
Nat Commun	2023-01-01	9532448	107226	9789	0	10	0	0	0	0	5	0	0	1	3	1	0	0	2	0	7	0	0	2	0	0	0	0	0	0	0	0	0	0	0	0	0	0
Nat Commun	2023-01-01	9568517	131228	10235	0	2	1	0	0	0	0	0	0	2	34	0	0	0	0	0	20	0	0	3	0	0	1	0	0	0	0	0	0	1	0	0	0	0
Nat Commun	2023-01-01	9554868	123167	13347	0	21	0	0	0	0	0	0	0	0	1	4	0	0	0	0	7	0	1	2	0	0	0	0	0	0	0	0	0	0	0	0	0	0
Nat Commun	2023-01-01	9561110	89945	8203	0	2	0	0	0	0	0	0	0	0	3	0	0	0	0	0	2	0	0	0	0	0	0	0	1	0	0	0	0	0	0	1	0	0
Nat Commun	2023-01-01	9561704	207434	21181	0	18	2	12	0	0	2	1	0	2	1	4	0	0	0	0	19	0	1	0	0	1	2	4	0	0	0	0	0	0	0	0	0	0
Nat Commun	2023-01-01	9556617	100278	6848	0	0	0	0	0	0	0	1	0	0	2	2	0	0	0	0	4	0	0	0	0	0	1	0	0	0	0	0	0	0	0	0	0	0
Nat Commun	2023-01-01	9561644	175297	17617	0	18	0	3	0	8	1	0	0	1	0	0	0	0	1	0	34	0	1	1	0	0	0	0	0	0	0	0	0	0	0	1	0	0
Nat Commun	2023-01-01	9568556	133018	13264	0	9	0	0	0	0	1	0	0	2	0	1	0	4	2	0	7	0	0	1	0	0	0	1	0	0	0	0	0	0	0	0	0	0
Nat Commun	2023-01-01	9559146	12561	804	0	0	0	0	0	0	0	0	0	0	0	0	0	0	0	0	0	0	0	0	0	0	0	0	0	0	0	0	0	0	0	0	0	0
Nat Commun	2023-01-01	9561149	164346	17181	0	21	0	2	0	0	1	4	0	0	0	1	0	0	1	0	26	0	0	0	0	0	0	0	0	0	0	0	0	0	0	1	0	0
Nat Commun	2023-01-01	9568526	159020	16917	0	14	0	6	0	0	1	4	0	0	2	7	0	0	0	0	14	0	1	0	0	0	0	0	0	0	0	0	0	0	0	0	0	0
Nat Commun	2023-01-01	9556658	171712	15108	0	20	0	1	0	0	0	0	0	0	11	0	0	0	0	0	12	0	3	1	0	0	2	0	0	0	0	0	0	0	0	0	0	3
Nat Commun	2023-01-01	9569373	148454	13928	0	0	0	0	0	0	0	2	0	1	0	1	0	0	0	0	16	0	2	1	0	0	2	0	1	0	0	0	0	0	0	0	0	0
Nat Commun	2023-01-01	9568535	157515	15856	0	43	0	8	0	0	2	5	0	9	0	0	0	0	3	0	23	0	0	2	0	0	0	0	0	0	0	0	0	0	0	0	0	0
Nat Commun	2023-01-01	9568524	77570	7945	0	0	0	0	0	0	2	0	0	0	0	4	0	0	0	0	12	0	0	0	0	0	1	0	0	0	0	0	0	0	0	0	0	0
Nat Commun	2023-01-01	9561705	117585	10287	0	1	0	0	0	0	2	0	0	0	0	1	0	0	0	0	18	0	0	3	0	0	0	0	0	0	0	0	0	0	0	0	0	0
Nat Commun	2023-01-01	9563069	153504	9731	0	2	0	0	0	0	0	0	0	0	1	0	0	0	0	0	3	0	0	0	0	0	0	4	1	0	0	0	0	0	0	0	0	0
Nat Commun	2023-01-01	9561713	184890	19012	0	6	0	3	0	1	3	6	0	2	2	4	0	0	0	0	24	0	0	1	0	0	0	0	0	0	0	0	0	0	0	0	0	0
Nat Commun	2023-01-01	9559149	50408	5009	0	8	1	1	0	0	2	2	0	0	14	3	0	0	0	0	17	0	0	1	0	0	0	0	0	0	0	0	0	0	0	0	0	0
Nat Commun	2023-01-01	9556550	141236	10052	0	0	0	0	0	0	0	0	0	0	0	0	0	0	0	0	0	0	0	0	0	1	0	0	2	0	0	0	3	1	0	0	0	0
Nat Commun	2023-01-01	9569345	119634	8132	0	1	0	0	0	0	0	0	0	0	0	0	0	0	0	0	2	0	0	0	0	0	1	0	0	0	0	0	0	0	0	0	0	0
Nat Commun	2023-01-01	9569390	131986	13553	0	7	0	0	0	0	0	0	0	0	1	5	0	0	0	0	10	0	0	2	0	0	0	0	1	0	0	0	0	0	0	1	0	0
Nat Commun	2023-01-01	9558009	187342	19640	0	6	0	1	0	1	1	3	0	3	1	7	0	0	0	0	20	0	0	2	0	0	2	0	0	0	0	0	0	0	0	0	0	0
Nat Commun	2023-01-01	9556570	86857	8305	0	5	0	13	0	0	0	0	0	0	0	1	0	0	0	0	8	0	0	7	0	1	1	0	6	0	0	0	0	0	0	0	0	0
Nat Commun	2023-01-01	9561657	180928	17511	0	19	1	19	0	2	0	0	0	0	0	4	0	0	0	0	14	0	0	0	0	0	0	0	0	0	0	0	0	0	0	0	0	0
Nat Commun	2023-01-01	9559132	17176	1039	0	0	0	0	0	0	0	0	0	0	0	0	0	0	0	0	0	0	0	0	0	0	0	0	0	0	0	0	0	0	0	1	0	0
Nat Commun	2023-01-01	9587236	131160	13399	0	18	0	5	0	0	3	0	0	1	0	5	0	0	0	0	8	0	0	1	0	0	0	0	0	0	0	0	0	0	0	0	0	0
Nat Commun	2023-01-01	9587227	187768	18231	0	22	1	9	0	0	2	1	0	1	12	0	0	0	0	0	23	0	0	0	0	0	0	0	0	0	0	0	0	0	0	0	0	0
Nat Commun	2023-01-01	9585034	114297	10464	0	2	4	0	0	0	1	0	0	1	2	1	0	1	0	0	14	0	0	5	0	0	0	0	0	0	0	0	0	1	1	0	0	0
Nat Commun	2023-01-01	9584907	110232	10813	0	7	0	1	0	0	2	1	0	1	0	2	0	0	0	0	24	0	0	3	0	0	0	0	0	0	0	0	0	0	0	0	0	0
Nat Commun	2023-01-01	9586954	100221	9440	0	1	1	0	0	0	0	3	0	0	0	2	0	0	0	0	3	0	0	0	0	0	0	0	1	0	0	0	0	0	0	0	0	0
Nat Commun	2023-01-01	9587031	108283	10809	0	3	0	0	0	0	0	2	0	0	0	4	0	0	0	0	22	0	0	1	0	0	0	0	0	0	0	0	0	0	0	0	0	0
Nat Commun	2023-01-01	9584949	161255	15203	0	11	1	0	0	1	2	4	0	1	11	6	0	0	0	0	9	0	0	1	0	0	0	0	0	0	0	0	0	0	0	0	0	0
Nat Commun	2023-01-01	9587206	11327	746	0	0	0	0	0	0	0	0	0	0	0	0	0	0	0	0	0	0	0	0	0	0	0	0	0	0	0	0	0	0	0	0	0	0
Nat Commun	2023-01-01	9587247	103607	10241	0	7	0	0	0	2	2	10	0	0	0	3	0	0	0	0	23	0	0	2	0	0	2	0	0	0	0	0	0	0	0	0	0	0
Nat Commun	2023-01-01	9581951	106267	7397	0	1	0	0	0	0	0	0	0	0	3	3	0	0	0	0	5	0	0	0	0	0	0	0	0	0	0	0	0	0	0	0	0	0
Nat Commun	2023-01-01	9585019	139067	14785	0	18	0	12	0	0	2	0	0	2	0	3	0	0	1	0	14	0	2	0	0	0	0	0	0	0	0	0	0	0	0	0	0	0
Nat Commun	2023-01-01	9584972	86092	7900	0	1	1	2	0	0	0	0	0	0	0	2	0	0	0	0	4	0	0	0	0	0	0	0	1	0	0	0	0	0	0	0	0	0
Nat Commun	2023-01-01	9587023	120044	11409	0	3	1	0	0	0	2	0	0	3	0	4	0	0	0	0	12	0	0	0	0	0	0	0	0	0	0	0	0	0	0	0	0	0
Nat Commun	2023-01-01	9588045	190934	16830	0	5	1	0	0	0	0	3	0	0	11	1	0	0	1	0	33	0	0	0	0	0	1	1	0	0	0	0	0	0	0	0	0	0
Nat Commun	2023-01-01	9586961	109788	10794	0	0	0	0	0	0	0	3	0	2	4	5	0	0	1	0	23	0	0	1	0	0	1	0	1	0	0	0	0	0	0	0	0	0
Nat Commun	2023-01-01	9587301	150212	14749	0	13	0	13	0	0	1	1	0	1	2	5	0	0	0	0	30	0	0	1	0	0	1	0	0	0	0	0	0	0	0	0	0	0
Nat Commun	2023-01-01	9587251	15288	928	0	0	0	0	0	0	0	0	0	0	0	0	0	0	0	0	0	0	0	0	0	0	0	0	0	0	0	0	0	0	0	0	0	0
Nat Commun	2023-01-01	9588020	88843	9578	0	6	1	1	0	0	0	0	0	2	0	0	0	0	0	0	10	0	0	1	0	0	1	0	1	0	0	0	0	0	0	0	0	0
Nat Commun	2023-01-01	9587010	29119	2577	0	0	0	0	0	0	0	0	0	3	0	2	0	0	0	0	11	0	0	2	0	0	0	0	0	0	0	0	0	0	0	0	0	0
Nat Commun	2023-01-01	9588073	229740	10498	0	1	1	0	0	0	4	0	0	0	1	7	0	0	0	0	4	0	0	0	0	0	0	0	1	0	0	0	0	0	0	0	0	0
Nat Commun	2023-01-01	9588041	84559	7592	0	7	1	0	0	0	1	0	0	0	2	1	0	0	0	0	6	0	0	0	0	0	0	0	0	0	0	0	0	0	0	0	0	0
Nat Commun	2023-01-01	9587034	165764	17370	0	46	0	0	0	0	2	1	0	3	0	9	0	0	0	0	5	0	0	1	0	0	0	0	0	0	0	0	0	0	0	0	0	0
Nat Commun	2023-01-01	9585082	105520	10456	0	1	0	0	0	0	0	1	0	0	1	0	0	0	0	0	11	0	0	2	0	0	0	0	0	0	0	0	0	0	0	0	0	0
Nat Commun	2023-01-01	9588029	83265	7780	0	1	2	0	0	0	2	0	0	0	0	2	0	0	0	0	3	0	0	0	0	0	0	0	0	0	0	0	0	0	0	0	0	0
Nat Commun	2023-01-01	9584956	120888	9060	0	1	1	0	0	0	0	0	0	0	0	0	0	0	1	0	9	0	0	2	0	0	0	0	0	0	0	0	0	0	0	0	0	0
Nat Commun	2023-01-01	9617049	132705	14077	0	14	2	2	0	0	0	0	0	1	1	1	0	0	2	0	17	0	0	0	0	0	1	0	0	0	0	0	0	0	0	1	0	0
Nat Commun	2023-01-01	9617856	142084	13192	0	7	1	1	0	1	1	4	0	0	4	4	0	0	0	0	30	0	0	2	0	0	2	6	0	0	0	0	0	0	0	0	0	0
Nat Commun	2023-01-01	9618568	158242	15918	0	17	0	5	0	0	0	0	0	0	3	1	0	0	0	0	17	0	0	3	0	0	0	2	0	0	0	0	0	0	0	0	0	0
Nat Commun	2023-01-01	9616826	63690	6869	0	6	2	1	0	0	6	0	0	1	11	8	0	0	0	0	18	0	0	2	0	0	0	0	0	0	0	0	0	0	0	0	0	0
Nat Commun	2023-01-01	9622725	6134	428	0	0	0	0	0	0	0	0	0	0	0	0	0	0	0	0	0	0	0	0	0	0	0	0	0	0	0	0	0	0	0	0	0	0
Nat Commun	2023-01-01	9617606	143608	13866	0	0	1	0	0	0	1	1	0	0	0	0	0	0	2	0	8	0	0	0	0	0	0	0	0	0	0	0	0	0	0	0	0	0
Nat Commun	2023-01-01	9622850	36456	2128	0	0	0	0	0	0	0	0	0	0	0	0	0	0	0	0	2	0	0	0	0	0	0	0	0	0	0	0	0	0	0	1	0	0
Nat Commun	2023-01-01	9626587	10249	701	0	0	0	0	0	0	0	0	0	0	0	0	0	0	0	0	1	0	0	0	0	0	0	0	0	0	0	0	0	0	0	0	0	0
Nat Commun	2023-01-01	9616880	90495	8986	0	14	1	0	0	0	0	0	0	0	1	5	0	0	0	0	4	0	0	0	0	0	0	3	0	0	0	0	0	0	1	1	0	0
Nat Commun	2023-01-01	9626502	104442	9151	0	11	0	0	0	0	1	0	0	1	2	5	0	0	0	0	11	0	0	1	0	0	0	0	0	0	0	0	0	0	0	0	0	0
Nat Commun	2023-01-01	9617877	136439	13582	0	7	1	4	0	0	0	0	0	0	3	1	0	0	1	0	7	0	0	0	0	0	0	0	0	0	0	0	0	0	0	0	0	0
Nat Commun	2023-01-01	9617893	102370	10103	0	2	0	0	0	0	0	1	0	0	1	0	0	1	3	0	5	0	0	0	0	0	0	0	0	0	0	0	0	0	0	0	0	0
Nat Commun	2023-01-01	9622701	167750	17593	0	5	2	0	0	0	0	1	0	2	0	0	0	0	0	0	16	0	0	0	0	0	0	0	1	0	0	0	0	0	0	0	0	0
Nat Commun	2023-01-01	9618578	155397	12143	0	8	0	0	0	1	0	0	0	0	2	1	0	0	2	0	21	0	0	1	0	0	0	0	0	0	0	0	0	0	0	0	0	0
Nat Commun	2023-01-01	9617924	162536	15882	0	19	1	1	0	2	0	4	0	2	2	8	0	0	0	0	13	0	0	2	0	0	1	0	0	0	0	0	0	1	0	0	0	0
Nat Commun	2023-01-01	9622880	155111	17443	0	21	0	6	0	0	0	24	0	0	3	9	0	0	0	0	53	0	1	2	0	0	0	6	1	0	0	0	0	0	0	0	0	0
Nat Commun	2023-01-01	9626627	161894	14918	0	19	0	10	0	0	5	5	0	0	19	7	0	0	0	0	10	0	0	4	0	0	0	0	0	0	0	0	1	0	0	0	0	0
Nat Commun	2023-01-01	9618580	134177	8048	0	1	1	0	0	0	0	0	0	1	0	2	0	0	0	0	2	0	0	3	0	0	0	0	0	0	0	0	0	0	0	0	0	0
Nat Commun	2023-01-01	9617858	146969	15168	0	8	1	0	0	0	0	0	0	0	0	14	0	2	0	0	18	0	0	1	0	0	2	0	1	0	0	0	1	1	1	0	0	0
Nat Commun	2023-01-01	9617905	123822	8593	0	1	0	0	0	0	1	0	0	1	3	0	0	0	0	0	4	0	0	0	0	0	0	3	0	0	0	0	0	0	0	0	0	0
Nat Commun	2023-01-01	9622821	136179	13479	0	14	0	0	0	0	2	1	0	1	1	1	0	0	0	0	11	0	1	2	0	0	1	0	0	0	0	0	0	0	0	0	0	0
Nat Commun	2023-01-01	9622739	114315	11034	0	19	0	0	0	0	1	0	0	2	1	1	0	0	1	0	12	0	0	2	0	0	0	0	0	0	0	0	0	0	1	0	0	0
Nat Commun	2023-01-01	9618574	227002	19304	0	4	0	0	0	2	1	0	0	0	6	5	0	0	0	0	13	0	4	2	0	0	0	2	0	0	0	0	0	0	0	0	0	0
Nat Commun	2023-01-01	9617975	124103	7629	0	5	1	0	0	0	0	0	0	0	3	1	0	0	0	0	8	0	0	0	0	0	0	0	1	0	0	0	0	0	0	0	0	0
Nat Commun	2023-01-01	9626468	66851	5635	0	0	0	0	0	0	0	0	0	0	10	0	0	0	0	0	11	0	0	0	0	0	0	0	0	0	0	0	0	1	1	0	0	0
Nat Commun	2023-01-01	9640711	87439	8414	0	6	1	2	0	0	0	1	0	0	0	2	0	0	1	1	16	0	0	0	0	0	1	0	0	0	0	0	0	0	2	1	0	0
Nat Commun	2023-01-01	9640657	126766	13195	0	15	0	1	0	0	12	0	0	7	0	2	0	0	0	0	25	0	0	0	0	0	0	0	0	0	0	0	0	0	0	0	0	0
Nat Commun	2023-01-01	9643475	24222	1697	0	0	0	0	0	0	0	0	0	0	0	0	0	0	0	0	1	0	0	0	0	0	0	0	0	0	0	0	0	0	0	0	0	0
Nat Commun	2023-01-01	9637116	178976	14490	0	10	1	1	0	0	2	2	0	0	12	1	0	0	1	0	39	0	0	1	0	0	0	0	0	0	0	0	0	0	0	0	0	0
Nat Commun	2023-01-01	9643396	151223	16476	0	14	0	6	0	0	0	4	0	2	1	2	0	0	0	0	42	0	0	0	0	0	2	1	0	0	0	0	0	0	0	0	0	0
Nat Commun	2023-01-01	9637173	137749	14224	0	6	0	0	0	0	0	0	0	0	2	0	0	0	0	0	1	0	1	0	0	0	0	0	1	0	0	0	0	0	0	0	0	0
Nat Commun	2023-01-01	9640710	147016	11127	0	2	0	0	0	0	0	4	0	2	0	0	0	0	1	0	5	0	0	0	0	0	0	0	1	0	0	0	0	3	0	0	0	0
Nat Commun	2023-01-01	9637144	123301	12984	0	2	2	7	0	0	1	1	0	3	1	0	0	0	0	0	18	0	0	1	0	0	0	0	0	0	0	0	0	0	0	0	0	0
Nat Commun	2023-01-01	9640564	45694	4815	0	11	0	1	0	0	0	3	0	0	5	1	0	0	2	0	15	0	0	0	0	0	0	0	0	0	0	0	0	1	0	0	0	0
Nat Commun	2023-01-01	9643508	186322	18918	0	9	0	1	0	2	2	4	0	0	1	3	0	0	1	0	37	0	0	4	0	0	0	0	0	0	0	0	0	0	0	0	0	0
Nat Commun	2023-01-01	9637112	83659	9478	0	6	2	1	0	0	2	1	0	3	8	7	0	0	0	0	10	0	0	2	0	0	1	1	0	0	0	0	0	0	0	0	0	0
Nat Commun	2023-01-01	9640644	259028	21866	0	22	0	3	0	2	2	8	0	0	28	1	0	0	0	0	54	0	0	2	0	0	2	1	0	0	0	0	0	0	0	0	0	0
Nat Commun	2023-01-01	9640652	173144	13438	0	1	3	0	0	0	1	0	0	1	3	0	0	0	0	0	4	0	0	2	0	0	0	0	0	0	0	0	0	2	0	2	0	2
Nat Commun	2023-01-01	9643529	10687	970	0	0	0	0	0	0	0	0	0	0	0	0	0	0	0	0	0	0	0	0	0	0	0	0	0	0	0	0	0	0	0	0	0	0
Nat Commun	2023-01-01	9640696	85709	9335	0	2	0	0	0	0	0	4	0	1	1	0	0	0	0	0	7	0	0	0	0	0	0	0	0	0	0	0	0	0	0	0	0	0
Nat Commun	2023-01-01	9643335	119532	11799	0	1	3	1	0	0	0	1	0	3	1	0	0	1	4	1	6	0	0	0	0	0	1	0	0	0	0	0	0	0	0	1	0	2
Nat Commun	2023-01-01	9637124	63387	6229	0	2	0	0	0	0	1	0	0	0	0	0	0	0	0	0	5	0	0	0	0	0	0	0	0	0	0	0	0	0	0	0	0	0
Nat Commun	2023-01-01	9643451	119322	13283	0	3	0	0	0	0	6	11	0	0	1	1	0	0	1	0	15	0	0	1	0	0	5	0	0	0	0	0	3	0	0	1	0	0
Nat Commun	2023-01-01	9637189	66632	6876	0	3	0	0	0	0	1	1	0	0	0	2	0	0	0	0	1	0	0	0	0	0	0	0	0	0	0	0	0	0	0	0	0	0
Nat Commun	2023-01-01	9643419	154709	15888	0	11	0	2	0	1	3	8	0	0	1	0	0	0	0	0	19	0	1	0	0	0	0	0	0	0	0	0	0	0	0	0	0	0
Nat Commun	2023-01-01	9637148	196459	16311	0	9	0	0	0	0	0	8	0	0	1	1	0	2	0	0	22	0	0	3	0	0	0	0	0	0	0	0	0	0	0	0	0	0
Nat Commun	2023-01-01	9641692	163343	16223	0	12	0	3	0	0	1	0	0	0	11	11	0	0	3	0	23	0	0	0	0	0	0	0	0	0	0	0	1	0	0	0	0	0
Nat Commun	2023-01-01	9640649	227894	24616	0	17	2	3	0	3	8	0	0	0	5	8	0	2	0	0	25	0	1	10	0	0	0	11	0	0	0	0	0	0	0	0	0	0
Nat Commun	2023-01-01	9637181	124956	12450	0	5	0	5	0	0	2	2	0	1	8	6	0	0	1	0	45	0	0	0	0	0	0	1	0	0	0	0	1	0	0	0	0	0
Nat Commun	2023-01-01	9640584	124105	12333	0	6	0	1	0	1	0	2	0	1	0	1	0	0	1	0	9	0	0	0	0	0	2	0	0	0	0	0	0	0	0	0	0	0
Nat Commun	2023-01-01	9663410	34186	3274	0	0	6	0	0	0	4	0	0	0	0	0	0	0	0	0	3	0	0	9	0	1	0	0	0	0	0	0	0	2	0	0	0	0
Nat Commun	2023-01-01	9653397	139401	14917	0	10	0	2	0	2	0	2	0	7	0	0	0	0	0	0	11	0	0	0	0	0	0	0	1	0	0	0	0	0	0	0	0	0
Nat Commun	2023-01-01	9663573	104097	7455	0	0	9	0	0	0	1	1	0	0	2	0	0	1	0	0	5	0	0	1	0	0	0	0	0	0	0	0	0	0	0	0	0	0
Nat Commun	2023-01-01	9663517	45535	4605	0	6	0	1	0	0	0	0	0	2	0	1	0	0	0	0	18	0	0	0	0	0	0	2	0	0	0	0	0	0	0	0	0	0
Nat Commun	2023-01-01	9663411	87809	7834	0	26	0	0	0	0	0	18	0	0	4	9	0	0	3	0	49	0	1	1	0	0	0	0	0	0	0	0	0	0	0	0	0	0
Nat Commun	2023-01-01	9663450	111994	11602	0	9	0	1	0	0	1	0	0	0	0	3	0	0	0	0	10	0	0	0	0	0	0	0	0	0	0	0	0	0	0	0	0	0
Nat Commun	2023-01-01	9663568	119794	11071	0	2	1	3	0	0	5	0	0	0	1	0	0	0	0	0	9	0	0	1	0	0	0	0	1	0	0	0	0	0	0	0	0	0
Nat Commun	2023-01-01	9666535	167710	17038	0	4	0	0	0	0	0	0	0	0	10	9	0	0	1	0	9	0	0	3	0	0	0	0	0	0	0	0	0	0	0	0	0	0
Nat Commun	2023-01-01	9663577	134785	12398	0	8	0	0	0	0	1	3	0	0	2	1	0	0	1	0	14	0	0	1	0	1	0	0	0	0	0	0	1	0	0	0	0	0
Nat Commun	2023-01-01	9663594	90891	8452	0	1	0	0	0	0	1	0	0	1	6	0	0	0	0	0	2	0	0	0	0	0	0	0	0	0	0	0	0	0	0	0	0	0
Nat Commun	2023-01-01	9663175	101955	9542	0	1	0	1	0	0	0	0	0	3	2	1	0	0	0	0	10	0	0	5	0	0	0	0	0	0	0	0	0	0	0	0	0	0
Nat Commun	2023-01-01	9664440	76034	7848	0	1	0	11	0	0	1	0	0	1	17	2	0	0	0	0	5	0	0	0	0	0	1	0	0	0	1	0	0	2	0	0	0	0
Nat Commun	2023-01-01	9653381	93717	7640	0	1	0	2	0	0	1	1	0	0	0	2	0	0	0	0	8	0	0	5	0	0	2	0	0	0	0	0	0	0	0	0	0	0
Nat Commun	2023-01-01	9663714	85757	9091	0	8	1	0	0	0	2	5	0	1	15	2	0	0	5	0	44	0	0	2	0	0	1	0	0	0	0	0	1	0	0	0	0	0
Nat Commun	2023-01-01	9664047	58295	5926	0	12	0	1	0	0	0	0	0	1	13	2	0	0	0	0	69	0	0	1	0	0	0	0	0	0	0	0	0	0	0	0	0	0
Nat Commun	2023-01-01	9663200	75204	8051	0	5	0	7	0	0	1	0	0	0	0	0	0	0	0	0	40	0	0	1	0	0	0	0	0	0	0	0	0	0	0	0	0	0
Nat Commun	2023-01-01	9666559	106789	10224	0	37	1	1	0	0	3	0	0	0	1	1	0	0	8	0	5	0	0	3	0	0	0	2	0	0	0	0	0	0	0	0	0	0
Nat Commun	2023-01-01	9663704	83807	8044	0	6	0	6	0	0	4	0	0	11	15	0	0	0	0	0	7	0	0	1	0	0	0	0	1	0	0	0	1	0	0	0	0	0
Nat Commun	2023-01-01	9666475	185713	15510	0	13	3	1	0	0	2	1	0	1	2	3	0	0	0	0	12	0	0	2	0	0	0	0	0	0	0	0	1	0	0	0	0	0
Nat Commun	2023-01-01	9663695	134030	12606	0	16	0	3	0	0	0	0	0	0	0	0	0	0	0	0	7	0	0	0	0	0	0	0	0	0	0	0	0	0	0	0	0	0
Nat Commun	2023-01-01	9663503	115178	12257	0	10	0	0	0	1	4	3	0	1	2	6	0	0	0	0	15	0	1	5	0	0	0	0	0	0	0	0	0	0	0	0	0	0
Nat Commun	2023-01-01	9663601	106968	9108	0	1	3	0	0	0	1	0	0	0	0	2	0	0	0	0	4	0	2	2	0	0	0	0	0	0	0	0	0	0	0	0	0	0
Nat Commun	2023-01-01	9663583	148579	15142	0	19	1	0	0	0	1	3	0	0	13	9	0	1	0	0	26	0	0	0	0	0	0	0	0	0	0	0	1	0	0	0	0	0
Nat Commun	2023-01-01	9663448	145056	13625	0	12	1	4	0	0	3	0	0	0	15	1	0	0	1	0	23	0	0	3	0	0	0	3	0	0	0	0	0	0	0	0	0	0
Nat Commun	2023-01-01	9663555	184790	15312	0	1	1	0	0	0	1	1	0	2	57	2	0	0	0	0	33	0	0	3	0	0	1	0	0	0	0	0	1	1	0	0	0	0
Nat Commun	2023-01-01	9675777	44822	4413	0	3	0	0	0	0	0	0	0	0	0	0	0	0	0	0	12	0	0	0	0	0	0	0	0	0	0	0	0	0	0	0	0	0
Nat Commun	2023-01-01	9684135	86285	7815	0	2	3	1	0	0	2	3	0	2	7	0	0	0	0	0	8	0	0	2	0	0	0	0	3	0	0	0	0	0	0	2	0	0
Nat Commun	2023-01-01	9684543	112092	9990	0	2	0	0	0	0	2	0	0	0	0	2	0	0	0	0	10	0	1	5	0	0	0	0	0	0	0	0	0	0	0	0	0	0
Nat Commun	2023-01-01	9674701	158137	17265	0	2	0	2	0	0	2	2	0	3	1	1	0	0	0	0	32	0	1	0	0	0	0	0	1	0	0	0	0	0	0	0	0	0
Nat Commun	2023-01-01	9674706	219561	13574	0	8	2	1	0	0	3	1	0	5	47	2	0	0	0	0	6	0	0	2	0	0	0	0	0	0	0	0	0	1	0	0	0	0
Nat Commun	2023-01-01	9681837	165213	16127	0	6	0	0	0	0	4	3	0	1	1	2	0	0	0	0	19	0	0	0	0	0	1	0	0	0	0	0	0	0	0	0	0	0
Nat Commun	2023-01-01	9675769	106862	9638	0	7	2	3	0	0	2	5	0	0	13	3	0	0	4	0	29	0	0	1	0	0	0	0	2	0	0	0	0	1	0	0	0	0
Nat Commun	2023-01-01	9681739	138272	14694	0	13	1	6	0	1	3	4	0	0	1	8	0	0	1	0	43	0	0	0	0	0	0	0	0	0	0	0	1	0	0	0	0	0
Nat Commun	2023-01-01	9684510	183488	19492	0	12	0	10	0	0	1	24	0	1	1	1	0	0	0	0	28	0	0	1	0	0	0	0	0	0	0	0	0	0	0	0	0	0
Nat Commun	2023-01-01	9675734	165347	15021	0	7	2	2	0	1	2	0	0	0	5	4	0	0	1	0	17	0	0	2	0	0	0	0	1	0	0	0	0	0	0	1	0	0
Nat Commun	2023-01-01	9674705	103686	9098	0	1	0	0	0	0	1	2	0	0	1	2	0	0	1	0	11	0	0	2	0	0	0	0	0	0	0	0	1	0	0	0	0	0
Nat Commun	2023-01-01	9684498	107944	7666	0	5	0	0	0	0	0	1	0	0	4	2	0	1	0	0	6	0	0	1	0	0	0	0	0	0	0	0	0	0	0	0	0	0
Nat Commun	2023-01-01	9675791	90918	7728	0	1	1	0	0	0	0	0	0	0	0	2	0	0	0	0	1	0	0	0	0	0	0	0	0	0	0	0	0	0	0	0	0	0
Nat Commun	2023-01-01	9674851	139164	11916	0	13	0	0	0	8	1	0	0	2	0	2	0	0	0	0	12	0	0	0	0	0	0	0	0	0	0	0	0	0	0	0	0	2
Nat Commun	2023-01-01	9684563	66228	6522	0	4	2	0	0	0	0	0	0	0	1	2	0	0	1	0	6	0	0	0	0	0	0	0	0	0	0	0	0	0	0	0	0	0
Nat Commun	2023-01-01	9684150	165016	16773	0	49	0	9	0	2	0	0	0	1	0	1	0	0	0	0	15	0	1	0	0	0	0	0	0	0	0	0	0	0	0	0	0	0
Nat Commun	2023-01-01	9712426	233010	21811	0	20	0	2	0	1	1	3	0	0	3	3	0	2	0	0	21	0	0	2	0	0	2	2	0	0	0	0	0	0	0	1	0	0
Nat Commun	2023-01-01	9681727	104924	10745	0	4	0	0	0	0	0	1	0	1	6	2	0	0	0	0	7	0	0	0	0	0	0	0	0	0	0	0	0	0	0	1	0	0
Nat Commun	2023-01-01	9684156	120663	12538	0	7	0	0	0	0	5	1	0	6	0	10	0	0	1	0	7	0	0	0	0	0	0	0	0	0	0	0	0	0	0	0	0	0
Nat Commun	2023-01-01	9678885	152301	15547	0	10	0	4	0	0	8	5	0	2	0	0	0	0	1	0	19	0	0	0	0	0	0	1	1	0	0	0	0	0	0	0	0	0
Nat Commun	2023-01-01	9675798	77701	8074	0	1	0	0	0	0	0	2	0	1	0	0	0	0	0	0	7	0	0	0	0	0	0	2	1	0	0	0	0	0	0	0	0	0
Nat Commun	2023-01-01	9674633	78101	6599	0	1	4	0	0	0	5	1	0	0	0	5	0	0	0	0	5	0	0	1	0	0	0	0	0	0	0	0	0	0	0	1	0	0
Nat Commun	2023-01-01	9675736	110078	10809	0	10	0	1	0	0	0	0	0	0	0	3	0	0	1	0	11	0	0	0	0	0	0	1	0	0	0	0	0	0	0	0	0	0
Nat Commun	2023-01-01	9675783	150880	15519	0	20	0	10	0	0	0	0	0	0	16	0	0	0	1	0	81	0	0	1	0	0	2	0	1	0	0	0	0	0	0	0	0	0
Nat Commun	2023-01-01	9681770	171497	18843	0	92	1	1	0	0	0	47	0	3	4	33	0	0	0	0	65	0	0	1	0	0	0	0	0	0	0	0	0	0	0	1	0	0
Nat Commun	2023-01-01	9712654	13768	847	0	0	0	0	0	0	0	0	0	0	0	0	0	0	0	0	0	0	0	0	0	0	0	0	0	0	0	0	0	0	0	1	0	0
Nat Commun	2023-01-01	9715557	123697	12371	0	17	1	0	0	0	2	4	0	0	19	4	0	0	1	1	60	0	0	2	0	0	1	1	0	0	0	0	0	0	0	1	1	0
Nat Commun	2023-01-01	9708698	232734	14124	0	8	0	0	0	0	0	3	0	0	1	3	0	0	1	0	20	0	0	1	0	0	0	0	0	0	0	0	0	0	0	1	0	0
Nat Commun	2023-01-01	9712615	112323	9662	0	2	1	0	0	0	8	0	0	0	0	2	0	0	0	0	6	0	1	0	0	0	1	0	1	0	0	0	0	1	0	0	0	0
Nat Commun	2023-01-01	9712616	121103	13129	0	10	0	0	0	0	0	0	0	3	2	3	0	0	0	0	19	0	0	0	0	0	1	0	0	0	0	0	0	0	0	0	0	0
Nat Commun	2023-01-01	9705720	152177	14178	0	12	1	4	0	2	2	1	0	0	11	2	0	0	0	0	8	0	0	1	0	0	1	1	0	0	0	0	0	0	0	0	0	0
Nat Commun	2023-01-01	9705401	88126	8995	0	0	0	1	0	0	6	3	0	0	8	5	0	0	0	0	18	0	0	2	0	0	1	0	0	0	0	0	3	0	0	0	0	0
Nat Commun	2023-01-01	9715697	44871	3929	0	0	0	0	0	0	0	0	0	0	0	0	0	0	0	0	7	0	1	1	0	0	0	0	0	0	0	0	0	0	0	0	0	0
Nat Commun	2023-01-01	9708656	71994	7573	0	5	3	1	0	0	1	2	0	0	15	1	0	0	2	0	25	0	0	0	0	0	1	3	1	0	0	0	0	0	0	0	0	0
Nat Commun	2023-01-01	9708679	103215	9992	0	7	0	0	0	0	1	4	0	2	2	2	0	0	0	0	8	0	0	0	0	0	0	0	0	0	0	0	0	0	0	0	0	0
Nat Commun	2023-01-01	9715710	193874	13356	0	5	0	0	0	0	2	1	0	0	1	0	0	0	0	0	4	0	0	1	0	0	0	0	0	0	0	0	2	0	0	0	0	0
Nat Commun	2023-01-01	9715570	301793	20948	0	4	0	0	0	0	5	0	0	0	15	3	0	3	1	0	9	0	0	5	0	0	1	0	0	0	1	0	3	0	0	0	0	0
Nat Commun	2023-01-01	9715915	7166	524	0	0	0	0	0	0	0	0	0	0	0	0	0	0	0	0	0	0	0	0	0	0	0	0	0	0	0	0	0	0	0	0	0	0
Nat Commun	2023-01-01	9715552	68445	5992	0	1	1	0	0	0	0	1	0	0	3	1	0	0	0	0	6	0	0	0	0	0	0	0	0	0	0	0	0	0	0	0	0	0
Nat Commun	2023-01-01	9708693	226218	11281	0	1	1	0	0	0	1	0	0	0	1	0	0	0	0	0	2	0	0	0	0	0	0	0	1	0	0	0	0	0	0	0	0	0
Nat Commun	2023-01-01	9712526	89771	6712	0	1	0	0	0	0	1	1	0	0	0	1	0	0	0	0	4	0	0	0	0	0	0	0	0	0	0	0	0	0	1	0	0	0
Nat Commun	2023-01-01	9712617	8678	597	0	0	0	0	0	0	0	0	0	0	0	0	0	0	0	0	0	0	0	0	0	0	0	0	0	0	0	0	0	0	0	0	0	0
Nat Commun	2023-01-01	9715661	134041	11937	0	13	0	3	0	0	0	9	0	0	3	0	0	0	0	0	23	0	0	2	0	0	0	2	0	0	0	0	0	0	0	0	0	0
Nat Commun	2023-01-01	9712761	180034	14822	0	14	0	3	0	0	0	1	0	9	14	4	0	0	0	0	17	0	0	3	0	0	1	0	0	0	0	0	0	0	0	0	0	0
Nat Commun	2023-01-01	9712383	84006	7695	0	2	1	0	0	0	2	2	0	0	3	1	0	0	0	0	14	0	0	2	0	0	2	0	0	0	0	0	0	0	0	0	0	0
Nat Commun	2023-01-01	9712688	97707	9582	0	0	0	3	0	0	1	1	0	0	0	2	0	0	0	0	13	0	3	2	0	0	0	0	0	0	0	0	0	0	1	0	0	0
Nat Commun	2023-01-01	9705307	87233	7070	0	1	1	0	0	0	0	0	0	0	1	4	0	0	0	0	6	0	0	0	0	0	0	0	0	0	0	0	0	0	0	0	0	0
Nat Commun	2023-01-01	9712419	103138	11611	0	3	0	2	0	1	1	5	0	0	0	3	0	0	0	0	25	0	0	1	0	0	1	0	0	0	0	0	0	0	0	0	0	0
Nat Commun	2023-01-01	9712507	98085	8479	0	2	2	0	0	0	1	0	0	1	0	0	0	0	0	0	13	0	0	0	0	0	0	0	0	0	0	0	0	0	0	0	0	0
Nat Commun	2023-01-01	9712536	113831	10670	0	14	1	0	0	3	0	0	0	0	0	2	0	0	0	0	12	0	0	0	0	0	0	0	0	0	0	0	0	0	1	0	0	0
Nat Commun	2023-01-01	9722899	219495	13926	0	11	1	0	0	0	0	0	0	0	6	0	0	0	0	0	7	0	0	0	0	0	1	0	1	0	1	0	2	0	0	0	0	0
Nat Commun	2023-01-01	9732346	152424	13231	0	3	1	2	0	0	0	0	0	0	5	1	0	0	0	0	10	0	0	0	0	0	0	0	0	0	0	0	0	0	0	0	0	0
Nat Commun	2023-01-01	9722933	82182	8072	0	4	0	1	0	0	0	1	0	0	2	1	0	0	0	0	12	0	0	1	0	0	0	0	0	0	0	0	0	0	0	0	0	0
Nat Commun	2023-01-01	9731958	563453	21658	0	0	0	0	0	0	0	0	0	0	0	0	0	0	0	0	0	0	0	0	0	0	0	0	0	0	0	0	0	0	0	0	0	0
Nat Commun	2023-01-01	9732351	126307	13629	0	19	1	10	0	0	1	0	0	1	22	2	2	1	0	0	11	0	1	2	0	0	1	0	0	0	0	0	0	1	0	0	0	0
Nat Commun	2023-01-01	9726825	136206	15289	0	9	0	0	0	0	0	6	0	0	1	0	0	0	0	0	6	0	1	3	0	0	6	0	0	0	0	0	0	0	0	0	0	0
Nat Commun	2023-01-01	9732360	168783	16374	0	6	0	0	0	0	1	1	0	0	8	1	0	0	0	0	10	0	0	0	0	0	0	1	1	0	0	0	0	0	0	0	0	0
Nat Commun	2023-01-01	9729230	144948	14074	0	17	0	2	0	0	2	0	0	0	13	6	0	0	0	0	43	0	0	3	0	0	3	0	1	0	0	0	0	0	0	0	0	0
Nat Commun	2023-01-01	9731987	149744	11743	0	1	2	0	0	0	10	2	0	0	17	0	0	0	0	0	46	0	0	1	0	0	0	0	0	0	0	0	0	0	0	0	0	0
Nat Commun	2023-01-01	9727123	135210	12783	0	2	0	0	0	0	3	0	0	0	0	5	0	0	0	0	12	0	0	2	0	0	0	0	0	0	0	0	0	0	0	0	0	0
Nat Commun	2023-01-01	9732052	125405	11694	0	2	2	0	0	0	10	1	0	0	20	1	0	0	1	0	13	0	0	0	0	0	1	0	0	0	0	0	0	0	0	0	0	0
Nat Commun	2023-01-01	9732309	107295	8886	0	0	0	0	0	0	3	1	0	2	3	2	0	0	0	0	4	0	0	1	0	0	0	0	0	0	0	0	0	0	0	0	0	0
Nat Commun	2023-01-01	9729207	67296	5738	0	0	0	0	0	0	0	0	0	0	0	3	0	0	0	0	2	0	0	0	0	0	0	0	0	0	0	0	0	0	0	0	0	0
Nat Commun	2023-01-01	9726817	189588	11869	0	1	3	0	0	0	0	0	0	0	0	1	0	0	0	0	2	0	0	1	0	0	0	0	0	0	1	0	0	0	0	0	0	0
Nat Commun	2023-01-01	9722782	266056	22084	0	9	1	4	0	0	4	0	0	0	0	0	0	0	0	0	65	0	0	2	0	0	0	0	1	0	0	0	0	0	0	0	0	0
Nat Commun	2023-01-01	9729581	94886	9211	0	0	2	0	0	0	0	0	0	0	0	0	0	0	0	0	2	0	0	0	0	0	0	7	0	0	0	0	0	0	0	1	0	0
Nat Commun	2023-01-01	9727025	130182	13345	0	10	0	2	0	1	6	4	0	1	0	8	0	0	0	0	20	0	1	0	0	0	0	0	0	0	0	0	0	0	0	0	0	0
Nat Commun	2023-01-01	9726987	207414	19305	0	15	0	2	0	2	1	1	0	2	1	7	0	0	2	0	24	0	3	2	0	0	0	0	1	0	0	0	0	0	0	0	0	0
Nat Commun	2023-01-01	9731988	210556	22429	0	29	0	3	0	3	2	8	0	1	12	6	0	1	1	0	26	0	0	0	0	0	1	1	0	0	0	0	0	0	0	1	0	0
Nat Commun	2023-01-01	9726883	272411	17538	0	6	0	2	0	0	0	1	0	0	51	1	0	0	0	0	31	0	0	2	0	0	0	0	0	0	0	0	0	0	1	0	0	0
Nat Commun	2023-01-01	9729564	6208	447	0	0	0	0	0	0	0	0	0	0	0	0	0	0	0	0	0	0	0	0	0	0	0	0	0	0	0	0	0	0	0	1	0	0
Nat Commun	2023-01-01	9723654	132042	13338	0	13	0	8	0	1	3	0	0	0	1	2	0	0	4	0	24	0	0	0	0	0	0	0	0	0	0	0	0	0	0	0	0	0
Nat Commun	2023-01-01	9732334	104665	9862	0	10	0	2	0	0	2	0	0	1	11	1	0	0	0	0	6	0	0	1	0	0	0	0	0	0	0	0	0	0	1	0	0	0
Nat Commun	2023-01-01	9726985	138233	11833	0	1	0	0	0	0	0	1	0	0	2	3	0	1	0	0	3	0	0	2	0	0	0	0	0	0	0	0	0	0	0	0	0	0
Nat Commun	2023-01-01	9722937	134938	13173	0	8	0	0	0	0	2	0	0	0	0	2	0	0	0	0	32	0	0	2	0	0	0	0	0	0	0	0	0	0	0	0	0	0
Nat Commun	2023-01-01	9748031	97189	8518	0	3	0	1	0	0	0	0	0	0	1	4	0	0	1	0	12	0	0	1	0	0	0	0	0	0	0	0	0	0	0	0	0	0
Nat Commun	2023-01-01	9748393	118512	12222	0	6	0	3	0	0	1	4	0	0	0	8	0	0	0	0	18	0	0	1	0	0	0	0	0	0	0	0	0	0	0	0	0	0
Nat Commun	2023-01-01	9747967	119310	11498	0	9	1	1	0	0	2	2	0	0	0	17	0	0	0	1	10	0	0	0	0	0	0	0	0	0	0	0	0	0	0	2	0	0
Nat Commun	2023-01-01	9748015	194851	17439	0	26	1	1	0	0	0	0	0	0	2	2	0	0	0	0	14	0	3	2	0	0	0	0	3	0	0	0	0	0	0	0	0	0
Nat Commun	2023-01-01	9755280	93029	9850	0	4	0	5	0	0	0	0	0	2	4	2	0	0	0	0	22	0	0	0	0	0	1	0	1	0	0	0	0	0	0	0	0	0
Nat Commun	2023-01-01	9755257	96107	8910	0	8	1	0	0	0	0	1	0	0	0	1	0	0	0	0	5	0	0	0	0	0	0	0	0	0	0	0	0	0	0	0	0	0
Nat Commun	2023-01-01	9747081	158413	10891	0	3	0	6	0	0	0	0	0	1	127	4	0	0	1	0	30	0	0	3	0	0	0	0	0	0	0	0	0	0	0	0	0	0
Nat Commun	2023-01-01	9755519	106190	11098	0	9	0	2	0	0	0	1	0	0	4	0	0	0	0	0	4	0	1	1	0	0	0	0	0	0	0	0	0	0	0	0	0	0
Nat Commun	2023-01-01	9744910	98866	9405	0	4	2	0	0	0	0	1	0	0	1	6	0	0	0	0	5	0	0	0	0	0	1	0	1	0	0	0	0	1	0	0	0	0
Nat Commun	2023-01-01	9744909	108249	11190	0	12	0	3	0	0	4	0	0	4	0	4	0	2	0	0	10	0	1	3	0	0	0	1	0	0	0	0	0	0	0	0	0	0
Nat Commun	2023-01-01	9747780	16163	985	0	0	0	0	0	0	0	0	0	0	0	0	0	0	0	0	0	0	0	0	0	0	0	0	0	0	0	0	0	0	0	1	0	0
Nat Commun	2023-01-01	9747807	80928	7003	0	1	0	0	0	0	2	0	0	0	3	0	0	0	0	0	3	0	0	1	0	0	0	0	0	0	0	0	0	0	0	0	0	0
Nat Commun	2023-01-01	9751139	159009	15025	0	22	0	0	0	0	0	1	0	0	27	13	0	0	0	1	37	0	0	1	0	0	0	0	0	0	0	0	0	0	0	0	0	0
Nat Commun	2023-01-01	9744903	91849	8342	0	3	0	0	0	0	2	0	0	0	1	0	0	0	1	0	6	0	0	2	0	0	1	0	0	0	0	0	1	1	0	0	0	0
Nat Commun	2023-01-01	9744872	111734	10370	0	1	5	0	0	0	2	0	0	0	8	0	0	0	0	0	1	0	0	0	0	0	0	0	1	1	0	0	0	0	0	0	0	0
Nat Commun	2023-01-01	9755297	91949	8621	0	5	1	0	0	0	0	0	0	1	2	0	0	0	0	0	6	0	0	0	0	0	0	0	0	0	0	0	0	0	0	0	0	0
Nat Commun	2023-01-01	9751268	80318	7132	0	2	0	0	0	0	0	2	0	0	3	5	0	0	0	0	7	0	0	1	0	0	0	0	0	0	0	0	0	1	0	0	0	0
Nat Commun	2023-01-01	9744815	8523	603	0	0	0	0	0	0	0	0	0	0	0	0	0	0	0	0	0	0	0	0	0	0	0	0	0	0	0	0	0	0	0	1	0	0
Nat Commun	2023-01-01	9750965	115222	11264	0	4	3	3	0	0	1	4	0	3	9	0	0	0	0	0	18	0	0	5	0	0	0	0	0	0	0	0	0	0	0	0	0	0
Nat Commun	2023-01-01	9755124	147769	12274	0	1	0	0	0	0	1	1	0	0	1	4	0	0	0	0	2	0	1	3	0	0	0	0	0	0	0	0	0	0	0	0	0	0
Nat Commun	2023-01-01	9747917	111358	9407	0	6	0	0	0	0	1	1	0	0	0	3	0	0	0	0	7	0	0	1	0	0	0	0	1	0	0	0	2	0	0	0	0	0
Nat Commun	2023-01-01	9748899	148934	15041	0	13	0	0	0	0	2	0	0	0	0	3	0	0	0	0	16	0	0	0	0	0	1	0	0	0	0	0	0	0	0	0	0	0
Nat Commun	2023-01-01	9747719	163940	15359	0	18	0	3	0	0	1	3	0	1	0	0	0	0	0	0	22	0	1	0	0	0	0	0	0	0	0	0	0	0	0	2	0	0
Nat Commun	2023-01-01	9747961	93765	9670	0	6	0	0	0	0	0	1	0	0	0	4	0	1	0	0	25	0	0	0	0	0	1	0	0	0	0	0	0	0	0	0	0	0
Nat Commun	2023-01-01	9747922	122738	11948	0	5	2	1	0	0	0	0	0	0	16	1	0	0	1	0	6	0	0	8	0	0	0	0	0	0	0	0	0	0	0	0	0	0
Nat Commun	2023-01-01	9780327	141311	16231	0	13	1	3	0	1	9	12	0	0	0	11	0	0	0	0	11	0	0	2	0	0	0	0	2	0	0	0	0	0	0	0	0	1
Nat Commun	2023-01-01	9780342	71106	7010	0	2	0	1	0	0	1	1	0	0	0	0	0	0	0	0	9	0	0	0	0	0	0	0	2	0	0	0	0	0	0	0	0	0
Nat Commun	2023-01-01	9780337	162146	14889	0	39	3	6	0	0	1	7	0	1	13	2	0	0	0	0	80	0	0	1	0	0	1	2	0	0	0	0	0	0	0	0	0	0
Nat Commun	2023-01-01	9763497	116125	11222	0	17	0	13	0	0	1	2	0	9	6	6	0	0	1	0	20	0	0	2	0	0	0	0	1	0	0	0	0	0	1	0	0	0
Nat Commun	2023-01-01	9780241	109188	11629	0	16	0	2	0	0	1	1	0	4	0	2	0	0	0	0	39	0	0	0	0	0	1	1	0	0	0	0	0	0	0	0	0	1
Nat Commun	2023-01-01	9780226	110976	11771	0	4	0	5	0	0	6	8	0	0	6	0	0	0	3	0	18	0	1	0	0	0	0	0	0	0	0	0	2	0	0	0	0	1
Nat Commun	2023-01-01	9763393	110092	8801	0	0	0	0	0	0	0	0	0	0	1	0	0	0	0	0	5	0	0	0	0	0	0	0	0	0	0	0	0	0	0	0	0	0
Nat Commun	2023-01-01	9767941	322016	20990	0	15	0	6	0	0	2	1	0	0	49	6	0	0	1	0	77	0	0	0	0	0	0	0	0	0	0	0	0	0	0	0	0	0
Nat Commun	2023-01-01	9763500	126102	13011	0	25	0	22	1	0	3	3	0	0	7	4	0	0	4	0	75	0	0	12	0	0	1	0	1	0	0	0	0	0	0	0	0	0
Nat Commun	2023-01-01	9780243	195381	9546	0	1	0	0	0	0	1	0	0	0	3	1	0	0	0	0	11	0	0	1	0	0	0	0	1	0	0	0	0	0	0	3	0	0
Nat Commun	2023-01-01	9780315	368467	19266	0	1	0	0	0	0	4	3	0	0	18	3	0	0	0	0	9	0	0	2	0	0	3	0	0	0	0	0	0	1	0	3	0	0
Nat Commun	2023-01-01	9772239	205366	18765	0	5	0	1	0	2	0	1	0	0	5	1	0	0	0	0	17	0	0	1	0	0	1	0	0	0	0	0	0	1	0	0	0	0
Nat Commun	2023-01-01	9763431	157850	12330	0	0	2	0	0	0	0	0	0	1	0	0	0	0	0	0	3	0	0	0	0	0	0	0	0	0	0	0	1	0	0	0	0	0
Nat Commun	2023-01-01	9768162	115230	10475	0	4	0	0	0	0	0	3	0	1	3	7	0	0	0	0	11	0	0	0	0	0	1	0	0	0	0	0	0	0	0	0	0	0
Nat Commun	2023-01-01	9772192	114962	9599	0	3	0	0	0	0	0	1	0	1	0	0	0	0	1	0	7	0	0	1	0	0	0	0	0	0	0	0	0	0	0	0	0	0
Nat Commun	2023-01-01	9772410	69362	6135	0	2	1	0	0	0	2	0	0	1	0	8	0	0	0	0	0	0	1	0	0	0	0	0	0	0	0	0	0	0	0	0	0	0
Nat Commun	2023-01-01	9768145	135288	12748	0	2	2	0	0	0	0	0	0	7	2	1	0	0	1	0	15	0	0	0	0	0	0	0	1	0	0	0	1	0	1	0	0	0
Nat Commun	2023-01-01	9768169	170296	18332	0	24	0	0	0	1	0	3	0	0	5	2	0	0	1	0	16	0	0	2	0	0	0	0	0	0	0	0	0	0	0	0	0	0
Nat Commun	2023-01-01	9772184	110391	10886	0	4	2	0	0	1	0	1	0	1	0	1	0	0	0	0	9	0	0	1	0	0	0	0	0	0	0	0	0	0	0	0	0	0
Nat Commun	2023-01-01	9780323	83137	7674	0	2	0	0	0	0	0	0	0	0	3	5	0	0	0	0	2	0	0	2	0	0	0	0	0	0	0	0	0	0	0	0	0	0
Nat Commun	2023-01-01	9763395	108858	10141	0	3	0	0	0	0	0	0	0	5	3	0	0	0	3	0	15	0	0	1	0	0	0	0	0	0	0	0	0	0	1	0	0	1
Nat Commun	2023-01-01	9780324	76003	6938	0	0	0	2	0	0	0	0	0	0	0	0	0	0	0	0	2	0	0	0	0	0	1	0	0	0	0	0	0	0	1	0	0	0
Nat Commun	2023-01-01	9780361	148306	14918	0	51	2	0	0	0	0	1	0	11	0	1	0	0	8	0	18	0	0	3	0	0	0	0	0	0	0	0	0	0	1	0	0	0
Nat Commun	2023-01-01	9772391	78321	7026	0	2	1	0	0	0	1	0	0	0	0	0	0	0	1	0	3	0	0	0	0	0	0	1	0	0	0	0	0	0	0	0	0	0
Nat Commun	2023-01-01	9780347	219783	22558	0	24	0	0	0	0	6	5	0	1	1	5	0	0	0	0	21	0	0	2	0	0	0	0	0	0	0	0	0	0	0	0	0	0
Nat Commun	2023-01-01	9794725	119165	11832	0	8	0	1	0	0	1	0	0	1	0	1	0	0	0	0	6	0	0	1	0	0	0	0	0	0	0	0	0	0	0	0	0	0
Nat Commun	2023-01-01	9794802	122343	11187	0	3	7	1	0	0	4	4	0	0	6	3	0	0	0	0	13	0	0	3	0	0	0	0	0	0	0	0	0	0	0	0	0	0
Nat Commun	2023-01-01	9794693	125725	8326	0	2	2	0	0	0	0	0	0	1	1	1	0	0	2	0	7	0	0	0	0	0	0	0	0	0	0	0	0	0	0	1	0	0
Nat Commun	2023-01-01	9790007	193002	17834	0	22	0	9	0	8	6	4	0	0	0	0	0	0	0	0	14	0	2	2	0	0	0	1	1	0	0	0	0	0	0	0	0	0
Nat Commun	2023-01-01	9789106	226583	20981	0	10	0	2	0	1	0	1	0	1	3	3	0	0	2	0	11	0	0	2	0	0	0	0	0	0	0	0	0	0	0	0	0	0
Nat Commun	2023-01-01	9797572	133532	12169	0	4	0	0	0	0	0	0	0	0	2	0	0	0	1	0	11	0	3	0	0	0	0	0	0	0	0	0	1	0	0	2	0	0
Nat Commun	2023-01-01	9794801	107538	10121	0	2	1	0	0	0	3	0	0	0	0	0	0	0	1	0	7	0	0	0	0	0	1	1	0	0	0	0	0	0	0	0	0	0
Nat Commun	2023-01-01	9789121	83327	7567	0	0	2	0	0	0	6	0	0	0	0	1	0	0	1	0	12	0	0	1	0	0	0	0	1	0	0	0	0	0	0	0	0	0
Nat Commun	2023-01-01	9790014	100839	9305	0	4	0	3	0	0	1	5	0	0	0	2	0	0	0	0	75	0	0	0	0	0	0	0	0	0	0	0	0	0	0	0	0	0
Nat Commun	2023-01-01	9794824	162877	16385	0	58	0	3	0	2	1	0	0	0	0	4	0	0	0	0	26	0	1	6	0	0	1	2	0	0	0	0	0	0	0	0	0	0
Nat Commun	2023-01-01	9789309	179815	16679	0	6	2	1	0	0	1	0	0	1	1	3	0	0	0	0	13	0	0	1	0	0	1	1	0	0	0	0	0	0	0	0	0	0
Nat Commun	2023-01-01	9789974	109552	8359	0	0	1	0	0	0	0	0	0	0	0	6	0	0	0	0	2	0	0	0	0	0	0	0	2	0	0	0	0	0	0	0	0	0
Nat Commun	2023-01-01	9789151	163554	14266	0	14	0	0	0	0	3	1	0	0	1	3	0	0	1	0	16	0	0	1	0	0	0	0	0	0	0	0	0	0	0	0	0	0
Nat Commun	2023-01-01	9792593	117364	10819	0	3	0	0	0	0	0	1	0	1	1	1	0	0	2	0	13	0	0	2	0	0	0	0	0	0	0	0	0	1	0	0	0	0
Nat Commun	2023-01-01	9789140	20993	1263	0	0	0	0	0	0	0	0	0	0	0	0	0	0	0	0	0	0	0	0	0	0	0	0	0	0	0	0	0	0	0	0	0	0
Nat Commun	2023-01-01	9792460	119137	11686	0	2	1	0	0	0	0	0	0	0	10	1	0	0	0	0	20	0	0	0	0	0	1	0	0	0	0	0	0	0	0	0	0	0
Nat Commun	2023-01-01	9789958	160820	17330	0	14	0	0	0	1	8	1	0	0	2	6	0	0	0	0	13	0	2	0	0	0	1	0	2	0	0	0	0	0	0	0	0	0
Nat Commun	2023-01-01	9780246	105578	10388	0	21	0	1	0	0	6	2	0	0	0	0	0	0	0	0	10	0	0	0	0	0	1	0	0	0	0	0	0	0	0	0	0	0
Nat Commun	2023-01-01	9789093	17804	1519	0	0	0	0	0	0	0	0	0	0	0	1	0	0	0	0	1	0	0	0	0	0	0	0	0	0	0	0	0	1	0	0	0	0
Nat Commun	2023-01-01	9789131	58644	4663	0	1	1	1	0	0	2	1	0	0	0	2	0	0	0	0	5	0	0	1	0	0	0	0	1	0	0	0	0	0	0	0	0	0
Nat Commun	2023-01-01	9792944	149066	15586	0	11	0	0	0	0	1	0	0	2	1	1	0	0	0	0	19	0	0	0	0	0	0	0	0	0	0	0	0	0	0	0	0	0
Nat Commun	2023-01-01	9789150	194001	17781	0	11	0	3	0	0	2	20	0	1	52	2	0	0	2	0	14	0	1	1	0	0	1	0	1	0	0	0	0	0	0	4	0	0
Nat Commun	2023-01-01	9800587	312816	16916	0	2	0	0	0	0	18	3	0	0	3	1	0	0	0	0	10	0	0	2	0	0	0	0	0	0	0	0	0	0	0	0	0	1
Nat Commun	2023-01-01	9789054	78086	6918	0	0	0	0	0	0	4	0	0	1	0	0	0	0	0	0	9	0	0	1	0	0	2	0	4	0	0	0	1	0	1	0	0	0
Nat Commun	2023-01-01	9792554	114485	10884	0	1	0	0	0	0	0	0	0	0	4	0	0	0	1	0	16	0	0	3	0	0	0	0	0	0	0	0	0	1	0	0	0	0
