journal	date	pmc_id	Nchars	Nwords	delve	analyse	acknowledge	assess	appraise	dissect	explore	examine	extricate	expose	estimate	investigate	inquire	inspect	interpret	scrutinise	study	unearth	uncover	understand	ponder	research	reason	retrieve	avoid	discount	disregard	dismiss	ignore	neglect	overlook	omit	skip	reject
Nat Commun	2022-01-01	8497548	107967	9398	0	1	4	0	0	1	0	3	0	0	1	2	0	0	0	0	9	0	0	3	0	0	0	0	0	0	0	0	0	0	1	1	0	0
Nat Commun	2022-01-01	8501087	153738	12760	0	7	0	0	0	0	2	0	0	0	0	6	0	1	0	0	17	0	0	2	0	0	0	0	0	0	0	0	0	0	0	0	0	0
Nat Commun	2022-01-01	8494738	150418	14310	0	4	0	0	0	0	8	9	0	0	4	2	0	0	1	0	19	0	1	8	0	0	0	0	0	0	0	0	0	0	0	0	0	0
Nat Commun	2022-01-01	8494927	195616	16497	0	10	1	1	0	0	3	0	0	5	3	2	0	0	0	0	19	0	0	0	0	0	0	26	0	0	0	0	0	0	0	0	0	0
Nat Commun	2022-01-01	8494802	68074	6951	0	1	0	0	0	0	0	0	0	0	9	0	0	0	0	0	8	0	0	0	0	0	1	0	0	0	0	0	0	0	0	0	0	0
Nat Commun	2022-01-01	8494928	12170	1140	0	0	0	0	0	0	0	0	0	0	0	0	0	0	0	0	2	0	0	0	0	0	0	0	0	0	0	0	0	0	0	1	0	0
Nat Commun	2022-01-01	8497557	182589	19274	0	13	5	5	0	0	0	0	0	3	3	1	0	1	1	6	66	0	0	3	0	0	0	0	0	0	2	2	0	1	1	0	0	0
Nat Commun	2022-01-01	8494881	69876	6947	0	1	1	0	0	0	1	0	0	1	0	1	0	0	0	0	2	0	0	0	0	0	0	0	0	0	0	0	0	0	0	0	0	0
Nat Commun	2022-01-01	8494941	139121	14136	0	3	0	2	0	0	2	1	0	0	3	0	0	0	0	0	4	0	0	2	0	0	1	0	2	2	0	0	0	0	0	0	0	0
Nat Commun	2022-01-01	8501045	141751	13330	0	2	0	0	0	0	5	4	0	1	0	0	0	0	0	0	26	0	0	1	0	0	0	0	0	0	0	0	0	0	0	0	0	0
Nat Commun	2022-01-01	8492615	9682	624	0	0	0	0	0	0	0	0	0	0	0	0	0	0	0	0	0	0	0	0	0	0	0	0	0	0	0	0	0	0	0	0	0	0
Nat Commun	2022-01-01	8492701	153376	11868	0	8	1	0	0	0	0	8	0	0	6	6	0	0	0	0	25	0	0	2	0	1	1	0	0	0	0	0	0	0	0	0	0	0
Nat Commun	2022-01-01	8494913	107101	9362	0	7	1	3	0	0	0	0	0	0	8	1	0	0	0	0	43	0	0	1	0	0	2	0	0	0	0	0	0	0	0	0	0	0
Nat Commun	2022-01-01	8501084	94952	8737	0	1	6	0	0	0	1	0	0	0	0	3	0	0	0	0	7	0	1	0	0	0	0	0	0	0	0	0	0	0	0	0	0	0
Nat Commun	2022-01-01	8494883	115923	11960	0	9	0	2	0	3	1	15	0	0	0	4	0	0	1	0	16	0	0	0	0	0	1	0	0	0	0	0	0	0	0	0	0	0
Nat Commun	2022-01-01	8497571	135864	13332	0	12	1	2	0	0	0	1	0	0	0	4	0	1	0	0	6	0	1	0	0	0	1	0	0	0	0	0	0	0	0	0	2	0
Nat Commun	2022-01-01	8501025	118941	10478	0	1	1	0	0	0	1	4	0	0	2	3	0	0	2	0	9	0	0	0	0	0	0	0	1	0	0	0	0	0	0	0	0	0
Nat Commun	2022-01-01	8492760	87435	8034	0	11	1	0	0	0	0	0	0	0	4	0	0	0	0	0	10	0	0	10	0	0	0	0	0	0	3	0	0	1	0	0	0	0
Nat Commun	2022-01-01	8497570	435525	28640	0	19	0	1	0	0	1	1	0	0	10	1	0	0	1	0	15	0	0	0	0	0	0	0	0	0	0	0	2	0	0	0	0	0
Nat Commun	2022-01-01	8494922	122835	12652	0	24	1	8	0	0	0	0	0	1	0	4	0	0	0	0	10	0	0	0	0	0	0	0	0	0	0	0	0	0	0	0	0	0
Nat Commun	2022-01-01	8497514	151606	11545	0	4	0	0	0	1	0	1	0	0	13	0	0	0	0	0	18	0	0	0	0	0	0	0	0	0	0	0	0	0	0	0	0	0
Nat Commun	2022-01-01	8501058	135771	14910	0	4	0	3	0	0	0	0	0	0	5	3	0	0	0	0	29	0	0	0	0	0	0	0	0	0	0	0	0	0	0	0	0	0
Nat Commun	2022-01-01	8497584	68660	2276	0	0	0	0	0	0	0	0	0	0	0	0	0	0	0	0	0	0	0	0	0	0	0	0	0	0	0	0	0	0	0	0	0	0
Nat Commun	2022-01-01	8494900	109621	9194	0	3	1	0	0	0	0	0	0	0	0	0	0	0	0	0	5	0	0	0	0	0	0	0	2	0	0	0	2	0	0	0	0	1
Nat Commun	2022-01-01	8492741	110531	9653	0	6	1	2	0	0	0	2	0	8	1	2	0	0	0	0	27	0	0	2	0	0	0	0	0	0	0	0	0	0	0	0	0	0
Nat Commun	2022-01-01	8514480	87803	7462	0	1	0	0	0	0	4	4	0	0	0	6	0	0	0	1	12	0	0	0	0	0	0	0	0	0	0	0	0	0	0	0	0	0
Nat Commun	2022-01-01	8511204	84370	7853	0	12	1	1	0	0	1	2	0	0	0	1	0	0	0	0	11	0	0	3	0	0	0	0	0	0	0	0	0	0	1	0	0	0
Nat Commun	2022-01-01	8514514	99720	9574	0	15	0	1	0	0	0	0	0	0	0	0	0	0	0	0	3	0	0	0	0	0	0	0	1	0	0	0	0	0	0	0	0	0
Nat Commun	2022-01-01	8516959	125974	13247	0	12	1	1	0	3	0	3	0	0	2	10	0	0	0	0	5	0	0	1	0	0	1	1	0	0	0	0	0	0	0	0	0	0
Nat Commun	2022-01-01	8514453	223246	14354	0	11	0	1	0	0	1	4	0	2	59	0	0	0	2	0	9	0	0	0	0	0	0	0	0	0	0	0	3	0	0	0	0	0
Nat Commun	2022-01-01	8514469	88390	8535	0	10	0	0	0	0	3	0	0	4	6	1	0	0	0	0	20	0	0	0	0	0	0	0	0	0	0	0	0	0	0	0	0	0
Nat Commun	2022-01-01	8519949	7008	496	0	0	0	0	0	0	0	0	0	0	0	0	0	0	0	0	0	0	0	0	0	0	0	0	0	0	0	0	0	0	0	0	0	0
Nat Commun	2022-01-01	8516933	144135	16362	0	7	1	0	0	0	1	0	0	0	0	7	0	0	0	0	7	0	0	0	0	0	0	0	0	0	0	0	0	0	0	0	0	0
Nat Commun	2022-01-01	8514430	8613	590	0	0	0	0	0	0	0	0	0	0	0	0	0	0	0	0	0	0	0	0	0	0	0	0	0	0	0	0	0	0	0	0	0	0
Nat Commun	2022-01-01	8517019	176630	14471	0	22	4	5	0	0	0	1	0	0	75	4	0	0	0	0	6	0	0	0	0	0	0	0	0	0	0	0	1	0	0	1	0	0
Nat Commun	2022-01-01	8516925	76626	6231	0	1	4	0	0	0	2	0	0	0	2	3	0	0	0	0	14	0	0	2	0	0	0	0	0	0	0	0	0	0	0	0	0	0
Nat Commun	2022-01-01	8514546	110410	10846	0	2	0	1	0	0	2	2	0	7	1	1	0	0	0	0	17	0	0	1	0	0	0	0	0	0	0	0	0	0	0	0	0	0
Nat Commun	2022-01-01	8519947	126146	13026	0	9	0	1	0	0	0	0	0	0	6	6	0	0	0	0	36	0	0	0	0	0	3	0	0	0	0	0	0	1	0	0	0	0
Nat Commun	2022-01-01	8516993	32018	2957	0	0	0	0	0	0	1	0	0	0	0	0	0	0	0	0	1	0	0	0	0	0	0	0	0	0	0	0	0	0	0	0	0	0
Nat Commun	2022-01-01	8514568	103741	8145	0	2	0	0	0	0	1	0	0	4	0	2	0	0	0	0	18	0	0	0	0	0	0	0	0	0	0	0	0	0	0	0	0	0
Nat Commun	2022-01-01	8520019	167042	16904	0	13	0	0	0	1	1	0	0	2	3	1	0	0	0	0	10	0	0	3	0	0	2	0	0	0	0	0	0	0	0	0	0	0
Nat Commun	2022-01-01	8519915	145071	16331	0	13	0	3	0	2	0	1	0	0	0	3	0	0	0	0	29	0	0	3	0	0	2	0	0	0	0	0	0	0	0	0	0	0
Nat Commun	2022-01-01	8514433	163199	14483	0	1	3	0	0	0	4	0	0	6	0	8	0	0	0	0	10	0	0	4	0	1	0	0	2	0	0	0	0	0	0	0	0	0
Nat Commun	2022-01-01	8516912	112549	11820	0	6	0	0	0	0	0	5	0	1	6	1	0	0	0	0	10	0	0	2	0	0	0	0	0	0	0	0	0	0	0	0	0	0
Nat Commun	2022-01-01	8514510	124818	11453	0	8	0	8	0	0	1	2	0	5	7	2	0	0	1	0	58	0	0	1	0	0	1	0	0	0	0	0	0	0	0	0	0	0
Nat Commun	2022-01-01	8519999	112606	11028	0	8	0	0	0	1	1	0	0	0	4	4	0	0	3	0	20	0	0	2	0	0	0	0	0	0	0	0	0	0	0	0	0	0
Nat Commun	2022-01-01	8519910	87917	8243	0	3	0	0	0	0	0	1	0	1	2	4	0	0	0	0	15	0	0	0	0	1	0	0	0	0	0	0	0	0	0	0	0	0
Nat Commun	2022-01-01	8514445	127125	13006	0	8	0	1	0	0	0	1	0	0	3	0	0	0	0	0	8	0	0	3	0	0	0	0	0	0	0	0	0	0	0	0	0	0
Nat Commun	2022-01-01	8514604	221273	11345	0	2	0	0	0	0	0	0	0	0	2	0	0	0	0	0	2	0	0	0	0	0	0	0	0	0	0	0	1	0	0	8	0	0
Nat Commun	2022-01-01	8514506	303932	15021	0	3	0	0	0	0	0	0	0	0	2	0	0	0	0	0	20	0	0	1	0	0	0	0	1	0	0	0	0	2	0	0	0	0
Nat Commun	2022-01-01	8526568	139346	14498	0	14	1	2	0	0	0	2	0	2	3	1	0	0	0	0	12	0	0	0	0	0	0	0	0	0	0	1	0	0	0	0	0	0
Nat Commun	2022-01-01	8536701	140542	10340	0	5	2	0	0	0	2	0	0	0	4	2	0	0	1	0	16	0	0	0	0	0	0	0	2	0	1	0	0	1	0	37	0	0
Nat Commun	2022-01-01	8523714	194417	20653	0	31	2	2	0	0	1	10	0	1	3	6	0	1	1	0	19	0	1	3	0	0	0	0	0	0	0	0	0	0	0	0	0	0
Nat Commun	2022-01-01	8536673	184056	11768	0	1	2	0	0	0	1	0	0	0	0	0	0	0	0	0	20	0	0	6	0	0	1	0	0	0	0	0	0	0	0	0	0	0
Nat Commun	2022-01-01	8531361	93987	9070	0	12	0	1	0	0	1	1	0	0	2	0	0	0	0	0	1	0	0	0	0	0	0	0	0	0	0	0	0	0	0	0	0	0
Nat Commun	2022-01-01	8531342	123245	12713	0	1	2	0	0	0	1	0	0	3	0	1	0	0	0	0	6	0	1	0	0	0	0	0	1	0	0	0	0	0	0	0	0	0
Nat Commun	2022-01-01	8528856	25087	2169	0	0	0	0	0	0	0	0	0	0	1	2	0	0	0	0	3	0	0	0	0	0	0	0	0	0	0	0	0	0	0	0	0	0
Nat Commun	2022-01-01	8536666	146005	15444	0	24	0	0	0	1	0	0	0	2	1	0	0	0	1	0	10	0	0	0	0	0	0	0	0	0	0	0	0	0	0	0	0	0
Nat Commun	2022-01-01	8528853	132234	10787	0	8	0	0	0	1	4	5	0	0	1	3	0	0	0	0	11	0	0	3	0	0	0	0	0	0	0	0	0	0	0	0	0	0
Nat Commun	2022-01-01	8536712	125082	12272	0	37	0	2	0	0	2	0	0	0	0	1	0	0	0	0	9	0	0	0	0	0	0	0	0	0	0	0	0	0	0	0	0	0
Nat Commun	2022-01-01	8526834	135943	13292	0	13	0	5	0	0	0	0	0	16	0	0	0	0	0	0	4	0	2	0	0	0	2	0	1	0	0	0	0	0	0	0	0	0
Nat Commun	2022-01-01	8531441	94329	9262	0	1	0	0	0	0	0	0	0	0	2	0	0	0	0	0	1	0	3	3	0	0	0	0	0	0	0	0	0	0	0	0	0	0
Nat Commun	2022-01-01	8536784	121611	11056	0	7	0	3	0	0	0	1	0	0	22	2	0	0	0	0	12	0	0	1	0	0	0	0	0	0	0	0	0	1	0	0	0	0
Nat Commun	2022-01-01	8536662	79944	7912	0	4	1	0	0	0	5	0	0	2	2	2	0	0	0	0	8	0	0	0	0	0	0	0	0	0	0	0	0	0	0	0	0	0
Nat Commun	2022-01-01	8536679	182898	17416	0	5	0	6	0	0	1	2	0	2	0	7	0	0	1	0	8	0	0	2	0	1	1	0	1	0	0	0	0	0	0	0	0	0
Nat Commun	2022-01-01	8523741	88050	7981	0	1	4	0	0	0	3	0	0	0	0	6	0	0	0	0	14	0	0	1	0	0	1	0	0	0	0	0	0	0	0	0	0	0
Nat Commun	2022-01-01	8528861	89105	8570	0	6	0	1	0	0	0	3	0	0	1	5	0	0	1	0	8	0	0	5	0	0	0	0	0	0	0	0	0	0	0	0	0	0
Nat Commun	2022-01-01	8531398	190688	21079	0	17	1	3	0	1	5	4	0	1	1	8	0	0	0	0	21	0	1	0	0	0	0	0	0	0	0	0	0	0	0	1	0	0
Nat Commun	2022-01-01	8523698	209104	20834	0	24	1	8	0	0	3	1	0	0	7	0	0	0	3	0	67	0	0	2	0	0	0	0	0	0	0	0	0	0	0	0	0	0
Nat Commun	2022-01-01	8531294	167498	16399	0	6	0	3	0	0	2	4	0	0	4	0	0	0	0	1	18	0	0	0	0	0	0	0	0	0	0	0	0	0	0	0	0	0
Nat Commun	2022-01-01	8528838	61219	6128	0	1	0	0	0	0	1	1	0	0	0	0	0	0	0	0	4	0	0	1	0	0	0	0	0	0	0	0	0	0	0	1	0	0
Nat Commun	2022-01-01	8528851	130194	15901	0	5	0	4	0	0	2	5	0	0	4	0	0	0	0	0	43	0	0	3	0	0	2	0	0	0	0	0	0	0	0	0	0	0
Nat Commun	2022-01-01	8536785	151137	15890	0	26	0	6	0	0	0	6	0	0	3	4	0	1	1	0	9	0	0	0	0	0	1	0	0	0	0	0	0	0	0	0	0	0
Nat Commun	2022-01-01	8531030	10303	691	0	0	0	0	0	0	0	0	0	0	0	0	0	0	0	0	0	0	0	0	0	0	0	0	0	0	0	0	0	0	0	0	0	0
Nat Commun	2022-01-01	8526626	162504	9307	0	3	0	0	0	0	2	0	0	1	1	3	0	0	0	0	7	0	0	3	0	0	0	0	1	0	0	0	0	0	0	0	0	0
Nat Commun	2022-01-01	8560760	128190	13738	0	6	2	0	0	0	2	1	0	0	0	7	0	0	0	0	22	0	0	3	0	0	1	0	3	0	0	0	0	0	0	1	0	0
Nat Commun	2022-01-01	8560912	182614	17551	0	20	0	1	0	0	0	6	0	0	6	1	0	0	1	0	27	0	1	0	0	0	0	3	0	0	0	0	0	0	0	0	0	0
Nat Commun	2022-01-01	8553747	77849	6891	0	0	0	2	0	0	2	0	0	1	11	1	0	0	0	0	4	0	0	1	0	0	0	0	0	0	0	0	0	0	0	0	0	0
Nat Commun	2022-01-01	8553784	136556	10347	0	2	3	5	0	0	0	1	0	0	2	2	0	0	1	0	10	0	0	1	0	0	0	0	0	0	0	0	1	0	0	0	0	1
Nat Commun	2022-01-01	8548400	191092	19844	0	20	0	0	0	0	2	2	0	1	3	4	0	1	0	0	14	0	0	3	0	0	0	0	0	0	0	0	0	0	0	0	0	0
Nat Commun	2022-01-01	8553856	189421	19702	0	20	0	0	0	0	0	10	0	0	8	2	0	0	0	0	41	0	0	4	0	0	0	24	1	0	0	0	0	0	0	0	0	0
Nat Commun	2022-01-01	8560911	65021	5858	0	1	1	0	0	0	0	0	0	0	0	3	0	0	0	0	5	0	0	2	0	0	0	0	0	0	0	0	0	0	0	0	0	0
Nat Commun	2022-01-01	8556258	128070	12137	0	2	2	2	0	0	2	0	0	0	1	4	0	0	0	0	8	0	1	0	0	0	0	3	0	0	0	0	0	0	0	0	0	0
Nat Commun	2022-01-01	8560862	192642	19231	0	29	0	2	0	1	0	11	0	0	0	0	0	0	0	0	12	0	0	0	0	0	1	0	0	0	0	0	0	0	0	0	5	0
Nat Commun	2022-01-01	8556418	4651	348	0	0	0	0	0	0	0	0	0	0	0	0	0	0	0	0	0	0	0	0	0	0	0	0	0	0	0	0	0	0	0	0	0	0
Nat Commun	2022-01-01	8560856	112526	10458	0	1	0	1	0	0	3	0	0	1	2	0	0	1	0	0	8	0	1	1	0	0	0	0	0	0	0	0	0	0	0	3	0	0
Nat Commun	2022-01-01	8548296	175224	17829	0	12	2	2	0	0	0	1	0	10	11	2	0	1	1	0	24	0	0	1	0	1	0	2	0	0	0	0	0	0	0	1	0	0
Nat Commun	2022-01-01	8553829	128103	13974	0	12	0	2	0	0	0	0	0	1	2	0	0	0	0	0	15	0	0	0	0	0	1	0	0	0	0	0	0	0	0	0	0	0
Nat Commun	2022-01-01	8560925	145137	13375	0	9	0	4	0	0	0	0	0	1	1	4	0	0	1	0	13	0	0	1	0	0	0	0	0	0	0	0	0	0	0	0	0	0
Nat Commun	2022-01-01	8551331	126021	13149	0	9	0	2	0	0	1	15	0	2	0	1	0	0	1	0	17	0	0	0	0	0	2	0	0	0	0	0	0	0	0	0	0	0
Nat Commun	2022-01-01	8556363	163919	14957	0	23	0	14	0	0	1	0	0	0	1	0	0	0	0	0	50	0	0	0	0	0	0	0	0	0	0	0	0	0	0	1	0	0
Nat Commun	2022-01-01	8548590	54700	5215	0	8	0	0	0	0	0	4	0	0	1	1	1	0	2	0	4	0	0	2	0	0	2	0	0	0	0	0	1	0	0	0	0	0
Nat Commun	2022-01-01	8560803	206455	19766	0	35	5	2	0	3	2	6	0	4	1	1	0	0	0	0	23	0	0	0	0	0	0	0	0	0	0	0	0	0	1	1	0	0
Nat Commun	2022-01-01	8551216	176569	18401	0	8	0	3	0	1	0	5	0	0	10	7	0	3	0	0	42	0	0	2	0	0	0	0	0	0	0	0	0	0	0	0	0	0
Nat Commun	2022-01-01	8556392	132589	13329	0	10	5	0	0	0	2	0	0	0	9	10	0	0	0	0	13	0	0	1	0	0	0	0	0	0	0	0	0	0	0	0	0	0
Nat Commun	2022-01-01	8556382	46450	4325	0	0	0	0	0	0	0	0	0	0	1	3	0	0	0	0	3	0	0	3	0	0	0	0	0	0	0	0	0	0	0	0	0	0
Nat Commun	2022-01-01	8556400	207379	21225	0	8	0	8	0	0	1	7	0	0	1	5	0	0	3	0	17	0	1	1	0	0	1	0	0	0	0	0	0	0	0	0	2	0
Nat Commun	2022-01-01	8556266	90581	9030	0	11	0	0	0	1	3	2	0	1	3	6	0	0	0	0	10	0	0	0	0	0	0	0	0	0	0	0	0	0	0	0	0	0
Nat Commun	2022-01-01	8553942	107169	11007	0	25	3	2	0	0	1	0	0	0	0	0	0	0	0	0	8	0	0	0	0	0	0	0	1	0	0	0	0	0	0	0	0	0
Nat Commun	2022-01-01	8551263	144558	13847	0	14	1	1	0	0	5	2	1	0	0	3	0	0	0	0	17	0	0	2	0	0	0	0	0	0	0	0	0	0	0	0	0	0
Nat Commun	2022-01-01	8568920	109565	10961	0	9	0	1	0	0	0	3	0	0	1	0	0	0	0	0	9	0	0	0	0	0	1	0	0	0	0	0	0	0	0	0	0	0
Nat Commun	2022-01-01	8575950	121699	11289	0	13	0	0	0	0	2	1	0	0	3	0	0	0	0	0	7	0	0	0	0	0	1	0	0	0	0	0	1	0	1	0	0	0
Nat Commun	2022-01-01	8571282	97016	10160	0	9	0	4	0	0	1	3	0	0	4	0	0	0	0	0	28	0	0	0	0	0	0	2	0	0	0	0	0	0	0	0	0	0
Nat Commun	2022-01-01	8568927	77684	7388	0	12	0	1	0	0	0	0	0	0	2	1	0	0	0	0	15	0	1	0	0	0	1	0	0	0	0	1	0	0	0	0	0	0
Nat Commun	2022-01-01	8569116	106030	10357	0	1	0	0	0	0	0	2	0	0	0	6	0	0	1	0	21	0	0	0	0	0	0	0	0	0	0	0	0	0	0	0	0	0
Nat Commun	2022-01-01	8568949	28940	2975	0	0	0	0	0	0	0	0	1	2	0	0	0	0	0	0	1	0	0	0	0	0	0	0	0	0	0	0	0	0	0	0	0	0
Nat Commun	2022-01-01	8568979	106722	10286	0	3	0	0	0	1	1	0	0	1	9	0	0	0	0	0	5	0	0	0	0	0	0	2	2	0	0	0	0	1	0	0	0	1
Nat Commun	2022-01-01	8569160	105446	11321	0	5	1	0	0	0	5	0	0	6	1	3	0	0	0	0	15	0	0	4	0	0	0	0	0	0	0	0	0	0	0	0	0	0
Nat Commun	2022-01-01	8571318	105864	9629	0	4	2	0	0	0	0	1	0	0	3	3	0	0	0	0	15	0	0	4	0	0	0	1	0	0	0	0	1	0	0	0	0	0
Nat Commun	2022-01-01	8568944	132567	12832	0	23	0	4	0	2	2	0	0	5	3	2	0	0	0	0	21	0	0	1	0	0	0	0	0	0	0	0	1	0	0	0	0	0
Nat Commun	2022-01-01	8571404	79776	7060	0	1	1	0	0	0	1	2	0	0	3	4	0	0	0	0	3	0	0	0	0	0	0	0	0	0	0	0	0	0	0	0	0	0
Nat Commun	2022-01-01	8569197	65086	5591	0	1	4	0	0	0	1	0	0	0	0	2	0	0	2	0	7	0	0	0	0	0	0	0	1	0	0	0	0	0	0	0	0	0
Nat Commun	2022-01-01	8568929	179211	11441	0	4	0	1	0	0	0	1	0	0	32	0	0	0	0	0	11	0	0	1	0	0	1	0	0	0	0	0	0	0	0	0	0	0
Nat Commun	2022-01-01	8568898	139516	13417	0	10	0	2	0	0	2	0	0	0	0	1	0	1	0	0	40	0	0	0	0	0	0	0	0	0	0	0	0	0	0	0	0	0
Nat Commun	2022-01-01	8571283	89424	8132	0	8	0	0	0	5	0	0	0	0	2	4	0	0	0	0	10	0	0	0	0	0	0	1	0	0	0	0	0	0	0	0	0	0
Nat Commun	2022-01-01	8569006	36581	3434	0	3	0	2	0	0	0	2	0	0	2	1	0	0	1	0	19	0	0	0	0	0	0	0	0	0	0	0	0	0	0	0	0	0
Nat Commun	2022-01-01	8571336	86345	8714	0	7	0	0	0	0	2	4	0	0	2	1	0	0	0	0	8	0	0	0	0	0	0	0	0	0	0	0	1	0	0	0	0	0
Nat Commun	2022-01-01	8576001	142525	15162	0	18	0	0	0	0	5	0	0	0	0	4	0	0	1	0	25	0	0	0	0	0	0	0	0	0	0	0	0	0	0	1	0	0
Nat Commun	2022-01-01	8569213	101323	10271	0	8	0	3	0	1	2	0	0	0	3	1	0	0	0	0	75	0	0	1	0	0	0	0	0	0	0	0	0	0	0	0	0	0
Nat Commun	2022-01-01	8568903	88207	8647	0	8	0	0	0	0	2	0	0	0	0	11	0	0	0	0	4	0	0	1	0	0	0	0	0	0	0	0	0	0	0	0	0	0
Nat Commun	2022-01-01	8569212	104826	8882	0	1	0	0	0	0	2	0	0	0	1	2	0	0	0	0	3	0	0	0	0	0	0	0	0	1	0	0	0	1	0	0	0	0
Nat Commun	2022-01-01	8568899	83595	8803	0	6	1	1	0	0	1	0	0	0	1	2	0	0	0	0	17	0	0	0	0	0	0	0	0	0	0	0	0	0	0	0	0	0
Nat Commun	2022-01-01	8569206	103712	11346	0	11	1	3	0	1	2	0	0	0	1	2	0	0	0	0	17	0	0	0	0	0	1	0	0	0	0	0	0	0	0	1	0	0
Nat Commun	2022-01-01	8576045	170877	17436	0	9	1	1	0	5	1	0	0	0	1	3	0	0	2	0	18	0	0	0	0	0	0	0	0	0	0	0	0	0	0	0	0	0
Nat Commun	2022-01-01	8568918	115069	8173	0	2	0	0	0	0	0	0	0	0	1	1	0	0	0	0	2	0	0	0	0	0	0	2	2	0	0	0	0	0	0	0	0	0
Nat Commun	2022-01-01	8593157	101889	10534	0	7	0	14	0	0	2	5	0	0	0	3	0	0	0	0	8	0	0	0	0	0	0	0	0	0	0	0	0	0	0	0	0	0
Nat Commun	2022-01-01	8592990	131965	13212	0	10	0	0	0	0	0	3	0	0	3	2	0	0	0	0	25	0	0	0	0	0	0	1	0	0	0	0	0	0	0	0	0	0
Nat Commun	2022-01-01	8585950	78148	7680	0	2	1	1	0	0	2	1	0	3	0	1	0	0	0	0	3	0	0	0	0	0	0	0	0	0	0	0	0	0	0	0	0	0
Nat Commun	2022-01-01	8585877	70624	6687	0	4	1	0	0	0	0	0	0	0	3	0	0	0	0	0	10	0	0	0	0	0	0	0	1	0	0	0	0	0	0	0	0	0
Nat Commun	2022-01-01	8585975	102312	7423	0	0	0	0	0	0	0	0	0	0	1	1	0	0	0	0	3	0	0	0	0	0	0	0	0	0	0	0	0	0	0	0	0	0
Nat Commun	2022-01-01	8586156	107864	7631	0	1	4	0	0	0	2	1	0	0	1	0	0	0	0	0	2	0	0	0	0	0	0	6	1	0	0	0	1	0	0	0	0	0
Nat Commun	2022-01-01	8586342	76810	7684	0	2	0	0	0	0	1	0	0	0	0	0	0	0	0	0	15	0	0	0	0	0	0	0	0	0	0	0	0	0	0	0	0	0
Nat Commun	2022-01-01	8589834	65825	6657	0	3	1	1	0	0	0	1	0	0	5	2	0	0	0	1	9	0	0	0	0	0	0	1	1	0	0	0	2	0	0	0	0	0
Nat Commun	2022-01-01	8585875	152052	17039	0	10	0	0	0	0	0	2	0	0	0	9	0	0	0	0	20	0	0	2	0	0	0	0	0	0	0	0	0	0	0	1	0	0
Nat Commun	2022-01-01	8589837	142342	14504	0	4	0	3	0	1	1	12	0	0	0	3	0	0	0	0	14	0	0	0	0	0	1	1	0	0	0	0	0	0	0	0	0	0
Nat Commun	2022-01-01	8585867	113948	8624	0	3	1	0	0	0	0	5	0	0	4	2	0	0	0	0	12	0	0	1	0	0	0	0	0	0	0	0	0	0	0	0	0	0
Nat Commun	2022-01-01	8593046	121061	12121	0	11	0	3	0	2	3	11	0	0	0	3	0	0	0	0	12	0	1	0	0	0	0	0	0	0	0	0	0	0	0	0	0	0
Nat Commun	2022-01-01	8585945	97558	10059	0	12	0	1	0	1	1	0	0	7	0	1	0	0	0	0	11	0	0	4	0	0	0	0	0	0	0	0	0	0	0	0	0	0
Nat Commun	2022-01-01	8589989	188818	19948	0	13	0	6	0	0	0	7	0	11	5	5	0	0	0	0	8	0	0	4	0	0	0	0	0	0	0	0	0	0	0	0	0	0
Nat Commun	2022-01-01	8586013	9228	604	0	0	0	0	0	0	0	0	0	0	0	0	0	0	0	0	1	0	0	0	0	0	0	0	0	0	0	0	0	0	0	1	0	0
Nat Commun	2022-01-01	8589987	142263	14120	0	19	0	1	0	2	0	5	0	4	0	4	0	0	1	0	12	0	0	0	0	0	0	0	0	0	0	0	0	0	0	0	0	0
Nat Commun	2022-01-01	8594430	64128	6152	0	18	0	2	0	0	1	0	0	0	10	0	0	0	1	0	34	0	0	0	0	0	1	0	0	0	0	0	0	0	0	0	0	0
Nat Commun	2022-01-01	8586147	287439	15149	0	0	3	0	0	0	2	0	0	0	13	0	0	0	0	0	22	0	0	1	0	0	0	0	2	0	0	0	0	0	0	1	0	0
Nat Commun	2022-01-01	8592984	175538	17722	0	15	0	2	0	3	1	5	0	0	0	2	0	0	0	0	14	0	0	0	0	0	0	1	0	0	0	0	0	0	0	0	0	0
Nat Commun	2022-01-01	8592992	225836	18002	0	2	1	0	0	1	3	2	0	1	33	5	0	0	4	0	37	0	0	6	0	0	0	0	0	0	0	0	0	1	0	1	0	1
Nat Commun	2022-01-01	8586142	159108	16658	0	30	0	1	0	0	0	2	0	3	0	3	0	0	0	0	32	0	1	3	0	0	0	0	0	0	0	0	0	0	0	0	0	0
Nat Commun	2022-01-01	8586222	168435	16691	0	21	0	7	0	1	7	0	0	0	2	1	0	0	1	0	8	0	0	4	0	0	1	0	0	0	0	0	0	0	0	0	0	0
Nat Commun	2022-01-01	8593010	73316	7218	0	1	0	0	0	0	0	0	0	0	1	5	0	0	1	0	3	0	0	0	0	0	0	0	0	0	0	0	0	0	0	0	0	0
Nat Commun	2022-01-01	8586249	87411	7449	0	1	3	0	0	0	0	0	0	2	0	4	0	0	0	0	1	0	0	0	0	0	0	0	0	0	0	0	0	0	0	0	0	0
Nat Commun	2022-01-01	8586227	185016	18126	0	15	1	5	0	0	1	0	0	4	0	1	0	0	0	0	17	0	0	3	0	0	0	0	1	0	0	0	0	1	0	0	0	0
Nat Commun	2022-01-01	8604921	55200	4702	0	1	1	0	0	0	1	2	0	0	0	0	0	0	0	0	2	0	0	0	0	0	0	0	0	0	0	0	0	0	0	0	0	0
Nat Commun	2022-01-01	8602672	134671	13399	0	2	0	2	0	0	0	1	0	0	8	6	0	0	2	0	30	0	0	2	0	0	1	0	2	1	0	0	0	0	0	0	0	0
Nat Commun	2022-01-01	8602266	164756	16897	0	10	0	7	0	3	0	7	0	1	0	1	0	0	1	0	6	0	0	2	0	0	0	0	0	0	0	0	0	0	0	0	0	0
Nat Commun	2022-01-01	8602397	105019	9909	0	6	0	1	0	0	0	0	0	11	19	0	0	0	1	0	27	0	0	1	0	0	0	0	0	0	0	0	0	0	0	0	0	0
Nat Commun	2022-01-01	8602248	115892	10991	0	4	1	3	0	0	7	0	0	2	7	1	0	0	1	0	54	0	0	0	0	0	0	0	1	0	0	0	0	0	0	0	0	0
Nat Commun	2022-01-01	8602412	103606	9424	0	10	1	0	0	0	0	0	0	0	9	5	0	0	1	0	20	0	0	1	0	0	1	0	1	0	0	0	0	0	0	0	0	0
Nat Commun	2022-01-01	8608791	103446	10274	0	21	2	18	0	0	2	0	0	0	6	1	0	0	4	0	62	0	0	0	0	0	2	0	0	0	0	0	0	0	0	0	0	0
Nat Commun	2022-01-01	8602704	237260	22914	0	10	0	40	0	1	4	4	0	0	2	8	0	0	0	0	21	0	0	0	0	0	0	0	0	0	0	1	0	0	0	0	0	0
Nat Commun	2022-01-01	8602344	87774	8984	0	16	0	2	0	0	1	2	0	0	2	3	0	0	0	0	31	0	0	1	0	0	0	0	0	0	0	0	0	0	0	0	0	0
Nat Commun	2022-01-01	8602431	107638	11217	0	3	0	1	0	0	0	1	0	0	1	0	0	0	0	0	7	0	1	2	0	0	0	0	0	0	0	0	0	0	0	0	0	0
Nat Commun	2022-01-01	8604946	69700	6732	0	4	3	0	0	0	1	0	0	0	2	1	0	0	0	0	4	0	0	1	0	0	0	0	0	0	0	0	0	0	0	0	0	0
Nat Commun	2022-01-01	8608796	144645	14721	0	8	1	1	0	0	0	5	0	2	1	1	0	0	2	0	22	0	1	1	0	0	1	0	0	0	0	0	0	0	0	0	0	0
Nat Commun	2022-01-01	8604917	96902	7414	0	0	4	0	0	0	2	0	0	0	0	0	0	0	0	0	5	0	0	1	0	0	0	0	0	0	0	0	0	0	0	0	0	0
Nat Commun	2022-01-01	8602628	153433	15643	0	11	0	1	0	0	0	0	0	1	0	2	0	1	0	0	10	0	0	0	0	0	0	0	0	0	0	0	1	0	0	0	0	0
Nat Commun	2022-01-01	8602706	140061	14079	0	28	2	2	0	0	1	5	0	0	0	7	0	0	0	0	23	0	0	0	0	0	0	0	0	0	0	0	0	0	0	0	0	0
Nat Commun	2022-01-01	8602292	119357	12088	0	16	0	12	0	0	4	0	0	0	2	1	0	0	0	0	9	0	0	2	0	0	1	0	0	0	0	0	0	0	0	0	0	0
Nat Commun	2022-01-01	8602657	209266	20652	0	15	0	6	0	0	1	2	0	8	2	5	0	0	0	0	36	0	0	0	0	0	1	0	0	0	0	0	0	0	0	2	0	0
Nat Commun	2022-01-01	8604929	99139	9405	0	3	0	0	0	0	3	0	0	0	2	2	0	0	0	0	3	0	0	2	0	0	0	0	0	0	0	0	1	0	0	0	0	0
Nat Commun	2022-01-01	8602241	62282	5704	0	3	0	0	0	0	0	1	0	0	0	2	0	0	0	0	10	0	0	0	0	0	0	0	0	0	0	0	0	0	0	0	0	0
Nat Commun	2022-01-01	8608799	106394	10374	0	11	0	0	0	0	0	3	0	0	0	1	0	0	0	0	12	0	1	0	0	0	0	0	0	0	0	0	0	0	0	0	0	0
Nat Commun	2022-01-01	8602370	116353	13220	0	4	1	1	0	0	0	0	0	2	1	1	0	0	4	0	13	0	0	3	0	0	1	0	0	0	0	0	0	0	0	0	0	0
Nat Commun	2022-01-01	8602298	8800	587	0	0	0	0	0	0	0	0	0	0	0	0	0	0	0	0	0	0	0	0	0	0	0	0	0	0	0	0	0	0	0	0	0	0
Nat Commun	2022-01-01	8604909	101239	10019	0	19	4	6	0	0	1	8	0	2	31	3	0	1	1	0	67	0	0	2	0	0	0	0	3	0	0	0	0	0	0	0	0	0
Nat Commun	2022-01-01	8602281	109836	12130	0	5	0	0	0	1	0	0	0	0	0	2	0	1	0	0	9	0	1	0	0	0	0	0	2	0	0	0	0	0	0	0	0	0
Nat Commun	2022-01-01	8602384	152221	15651	0	22	0	14	0	2	9	3	0	0	27	3	0	0	0	0	16	0	0	1	0	0	0	0	0	0	0	1	0	0	0	0	0	0
Nat Commun	2022-01-01	8626468	205302	11788	0	8	0	0	0	0	0	1	0	0	2	3	0	0	0	0	8	0	0	1	0	0	0	2	0	0	0	0	0	1	0	0	0	0
Nat Commun	2022-01-01	8632878	7664	518	0	0	0	0	0	0	0	0	0	0	0	0	0	0	0	0	0	0	0	0	0	0	0	0	0	0	0	0	0	0	0	1	0	0
Nat Commun	2022-01-01	8630228	192072	16322	0	5	0	0	0	0	0	0	0	6	2	0	0	0	2	0	21	0	0	5	0	1	0	0	0	0	0	0	0	0	0	0	0	0
Nat Commun	2022-01-01	8630083	93007	7613	0	1	0	0	0	0	3	1	0	0	0	0	0	0	0	0	6	0	0	1	0	0	0	0	0	0	0	0	0	0	0	0	0	0
Nat Commun	2022-01-01	8635406	154824	16750	0	13	0	2	0	1	11	0	0	16	10	4	0	0	3	0	11	0	0	3	0	0	0	0	1	2	0	0	1	0	0	0	0	0
Nat Commun	2022-01-01	8633023	116303	12447	0	2	0	0	0	0	0	0	0	4	0	0	0	0	2	0	4	0	0	1	0	0	0	0	0	0	0	0	0	0	0	1	0	0
Nat Commun	2022-01-01	8632972	84199	8866	0	7	0	0	0	0	4	1	0	0	0	2	0	0	0	0	9	0	0	0	0	0	0	1	0	0	0	0	0	0	0	0	0	0
Nat Commun	2022-01-01	8636605	154725	15823	0	13	1	0	0	0	1	2	0	0	24	1	2	0	0	0	16	0	0	2	0	0	1	0	0	0	0	0	1	0	0	0	0	0
Nat Commun	2022-01-01	8636622	142595	14728	0	11	1	0	0	0	0	0	0	0	2	0	0	0	0	0	4	0	0	2	0	0	0	1	0	0	0	0	0	0	0	0	0	0
Nat Commun	2022-01-01	8632994	113866	10531	0	6	0	0	0	1	0	2	0	0	0	1	0	0	0	0	17	0	0	0	0	0	0	0	0	0	0	0	0	0	0	0	0	0
Nat Commun	2022-01-01	8633007	100110	10711	0	6	1	0	0	0	0	2	0	0	0	6	0	0	0	0	15	0	0	2	0	0	0	0	0	0	0	0	0	0	0	0	0	0
Nat Commun	2022-01-01	8630171	114547	11366	0	7	0	0	0	0	1	4	0	6	1	4	0	0	0	0	11	0	0	1	0	0	0	0	0	0	0	0	0	0	0	0	0	0
Nat Commun	2022-01-01	8630017	108044	11071	0	5	0	1	0	0	0	0	0	1	2	0	0	0	0	0	6	0	0	2	0	0	0	0	0	0	0	0	0	0	0	2	0	0
Nat Commun	2022-01-01	8633328	181429	18437	0	11	0	2	0	0	0	0	0	3	1	5	1	0	0	0	13	0	1	0	0	0	4	0	0	0	0	0	0	0	0	1	0	0
Nat Commun	2022-01-01	8632912	10837	708	0	0	0	0	0	0	0	0	0	0	0	0	0	0	0	0	1	0	0	0	0	0	0	0	0	0	0	0	0	0	0	0	0	0
Nat Commun	2022-01-01	8630051	104525	9679	0	2	1	2	0	0	0	0	0	0	4	0	0	0	0	0	12	0	0	5	0	0	0	0	0	0	0	0	0	0	0	0	0	0
Nat Commun	2022-01-01	8626467	167544	15421	0	8	1	5	0	0	1	3	0	0	19	1	0	1	2	0	35	0	0	2	0	0	1	0	0	0	0	0	0	0	0	0	0	0
Nat Commun	2022-01-01	8636562	119876	11892	0	15	0	0	0	0	0	0	0	1	1	0	0	0	0	0	5	0	0	0	0	0	1	2	0	0	0	0	0	0	0	0	0	0
Nat Commun	2022-01-01	8636517	8452	580	0	0	0	0	0	0	0	0	0	0	0	0	0	0	0	0	0	0	0	0	0	0	0	0	0	0	0	0	0	0	0	0	0	0
Nat Commun	2022-01-01	8626438	152098	15019	0	0	0	0	0	3	0	17	0	0	0	2	0	0	0	0	8	0	0	0	0	0	1	0	0	0	0	0	0	0	0	0	0	0
Nat Commun	2022-01-01	8630005	117707	11775	0	11	1	0	0	0	0	0	0	0	1	2	0	0	2	0	15	0	0	5	0	0	0	0	1	0	0	0	0	0	0	0	0	0
Nat Commun	2022-01-01	8635308	167835	16230	0	5	0	3	0	0	0	3	0	0	0	0	0	0	0	0	25	0	0	0	0	0	0	0	0	0	0	0	0	0	0	0	0	0
Nat Commun	2022-01-01	8632992	8969	592	0	0	0	0	0	0	0	0	0	0	0	0	0	0	0	0	0	0	0	0	0	0	0	0	0	0	0	0	0	0	0	1	0	0
Nat Commun	2022-01-01	8626497	143925	14717	0	10	0	2	0	0	2	9	0	0	0	6	0	0	0	0	23	0	0	2	0	0	1	0	0	0	0	0	0	0	0	0	0	0
Nat Commun	2022-01-01	8626477	124086	12826	0	7	0	0	0	0	0	0	0	1	3	2	0	0	0	1	10	0	0	3	0	0	0	8	0	0	0	0	0	0	1	0	0	0
Nat Commun	2022-01-01	8654963	112717	11365	0	4	0	1	0	0	0	0	0	3	0	3	0	1	1	0	8	0	0	0	0	0	0	0	0	0	0	0	0	0	0	0	0	0
Nat Commun	2022-01-01	8651658	145842	14874	0	15	1	5	0	0	3	7	0	3	2	3	0	0	0	0	27	0	0	4	0	0	1	0	0	0	0	0	0	0	0	0	0	0
Nat Commun	2022-01-01	8651657	113964	9062	0	3	5	0	0	0	0	1	0	0	7	6	0	0	0	0	4	0	0	2	0	0	0	0	0	0	0	0	2	2	0	0	0	0
Nat Commun	2022-01-01	8651752	120941	11691	0	5	2	1	0	0	1	0	0	2	8	1	0	0	0	0	51	0	0	0	0	0	0	0	0	0	0	0	0	2	0	0	0	0
Nat Commun	2022-01-01	8654910	7890	557	0	0	0	0	0	0	0	0	0	0	0	0	0	0	0	0	0	0	0	0	0	0	0	0	0	0	0	0	0	0	0	0	0	0
Nat Commun	2022-01-01	8648877	112616	10397	0	17	0	1	0	1	1	0	0	0	3	5	0	0	1	0	28	0	0	1	0	0	0	0	0	0	0	0	0	0	0	0	0	0
Nat Commun	2022-01-01	8654942	13731	1193	0	0	0	0	0	0	0	0	0	2	0	0	0	0	0	0	0	0	0	0	0	0	0	0	0	0	0	0	0	0	0	0	0	0
Nat Commun	2022-01-01	8655073	99122	11025	0	18	1	3	0	0	0	0	0	0	0	4	0	0	0	0	13	0	0	1	0	0	0	0	0	0	0	0	0	1	0	0	0	0
Nat Commun	2022-01-01	8642555	122576	13611	0	2	3	3	0	0	1	0	0	9	6	1	0	0	0	0	38	0	0	4	0	0	1	0	0	0	0	0	0	0	0	0	0	0
Nat Commun	2022-01-01	8642393	79097	7127	0	3	1	0	0	0	0	0	0	0	2	1	0	0	0	0	7	0	0	1	0	0	0	0	1	0	0	0	0	0	0	0	0	0
Nat Commun	2022-01-01	8654979	84506	8187	0	6	0	0	0	0	2	0	0	0	2	1	0	0	0	0	3	0	0	0	0	0	0	0	0	0	0	0	0	0	0	0	0	0
Nat Commun	2022-01-01	8648849	111171	11929	0	11	0	2	0	0	0	0	0	2	2	1	0	0	0	0	15	0	0	0	0	0	0	0	0	0	0	0	0	0	0	0	0	0
Nat Commun	2022-01-01	8651741	79075	6654	0	2	0	0	0	0	0	1	0	0	1	1	0	0	0	0	5	0	0	1	0	0	0	0	0	0	0	0	0	0	0	0	0	0
Nat Commun	2022-01-01	8654972	29502	1800	0	0	0	0	0	0	0	0	0	0	0	0	0	0	0	0	2	0	0	0	0	0	0	0	0	0	0	0	0	0	0	0	0	0
Nat Commun	2022-01-01	8654940	79898	7265	0	1	0	0	0	0	2	1	0	0	1	4	0	0	0	0	5	0	0	0	0	0	1	0	0	0	0	0	0	0	0	0	0	0
Nat Commun	2022-01-01	8654998	215876	19624	0	13	1	9	0	1	1	1	0	1	10	0	0	1	5	0	22	0	0	0	0	0	1	1	0	0	0	0	0	0	0	0	0	0
Nat Commun	2022-01-01	8651722	183956	12186	0	3	1	0	0	0	0	0	0	0	2	3	0	0	0	0	14	0	0	5	0	0	1	1	0	0	0	0	0	1	0	0	0	0
Nat Commun	2022-01-01	8642403	93659	8459	0	1	2	0	0	0	0	0	0	1	0	0	0	0	0	0	1	0	0	1	0	0	0	0	1	0	0	0	1	1	0	0	0	0
Nat Commun	2022-01-01	8648735	118974	12601	0	31	1	5	0	0	0	3	0	0	6	6	0	1	0	0	103	0	0	5	0	0	1	0	0	0	0	0	0	0	0	0	1	0
Nat Commun	2022-01-01	8654947	184976	16611	0	2	1	0	0	0	8	0	0	3	1	2	0	0	1	0	21	0	0	2	0	0	0	0	1	0	0	0	0	0	0	0	0	0
Nat Commun	2022-01-01	8655018	161043	17167	0	8	1	0	0	0	3	0	0	7	1	2	0	0	0	0	40	0	0	0	0	0	1	0	0	1	0	0	0	0	0	0	0	0
Nat Commun	2022-01-01	8649069	129576	13457	0	12	0	1	0	0	0	2	0	1	1	0	0	0	0	0	25	0	0	0	0	0	0	0	0	0	0	0	0	0	0	0	0	0
Nat Commun	2022-01-01	8655033	151884	15262	0	16	0	4	0	2	2	3	0	1	3	2	0	0	1	0	25	0	0	1	0	0	1	0	0	0	0	0	0	0	0	0	0	0
Nat Commun	2022-01-01	8651748	187254	14395	0	7	4	2	0	0	0	2	0	5	1	0	0	0	0	0	18	0	0	4	0	0	0	0	0	0	0	0	0	0	0	0	0	0
Nat Commun	2022-01-01	8648847	96060	10565	0	12	0	0	0	0	1	1	0	0	0	1	0	0	0	0	9	0	0	1	0	0	0	0	1	0	0	0	0	0	0	0	0	0
Nat Commun	2022-01-01	8664857	91562	8980	0	4	1	0	0	0	0	2	0	0	1	9	0	0	0	0	15	0	0	0	0	1	0	0	0	0	0	0	0	0	1	0	0	0
Nat Commun	2022-01-01	8671448	103578	10035	0	3	1	1	0	0	1	0	0	0	8	0	0	1	3	0	12	0	0	1	0	0	1	1	0	0	0	0	0	0	0	0	0	0
Nat Commun	2022-01-01	8668997	104271	9277	0	3	1	0	0	0	0	0	0	0	26	4	0	0	1	0	10	0	0	0	0	0	0	0	0	0	0	0	0	0	0	0	0	0
Nat Commun	2022-01-01	8674334	128623	12903	0	8	0	2	0	0	0	2	0	2	1	4	0	0	0	0	9	0	0	0	0	0	0	0	0	0	0	0	0	0	0	1	0	0
Nat Commun	2022-01-01	8674358	134084	13834	0	11	0	1	0	0	4	6	0	0	0	4	0	0	1	0	14	0	2	5	0	0	1	0	0	0	0	0	0	0	0	1	0	0
Nat Commun	2022-01-01	8668904	151467	15145	0	3	0	2	0	0	0	0	0	0	0	0	0	1	0	0	28	0	1	1	0	0	0	0	0	0	0	0	0	0	0	0	0	0
Nat Commun	2022-01-01	8664811	73375	6323	0	0	0	0	0	0	1	0	0	0	0	2	0	0	0	0	14	0	0	0	0	0	0	0	0	0	0	0	0	0	0	0	0	0
Nat Commun	2022-01-01	8669064	153692	15613	0	18	0	0	0	4	2	4	0	2	0	0	0	0	0	0	18	0	1	1	0	0	0	0	0	0	2	0	0	0	0	0	0	0
Nat Commun	2022-01-01	8671535	121385	11901	0	19	0	1	0	0	4	10	0	0	0	3	0	0	0	0	49	0	1	0	0	0	0	0	1	0	0	0	0	0	0	0	0	0
Nat Commun	2022-01-01	8664958	112315	10412	0	12	0	0	0	0	0	1	0	4	5	1	0	0	1	0	17	0	0	0	0	0	1	0	0	0	0	0	0	0	0	0	0	0
Nat Commun	2022-01-01	8664887	99758	9580	0	2	2	0	0	0	1	0	0	2	0	1	0	0	0	0	4	0	0	0	0	0	1	0	0	0	0	0	1	0	0	0	0	0
Nat Commun	2022-01-01	8674339	125817	12958	0	12	0	3	0	0	0	3	0	0	1	1	0	0	1	0	19	0	0	0	0	0	2	1	0	0	0	0	0	0	0	0	0	0
Nat Commun	2022-01-01	8669013	92768	10095	0	12	1	0	0	0	3	4	0	6	18	0	0	0	0	0	19	0	0	0	0	0	1	0	0	0	0	0	0	0	0	0	0	0
Nat Commun	2022-01-01	8671423	101942	9645	0	0	0	0	0	0	0	1	0	0	3	2	0	0	2	0	14	0	0	1	0	0	0	0	0	0	0	0	0	1	0	0	0	0
Nat Commun	2022-01-01	8671507	103280	10807	0	16	1	1	0	0	4	4	0	0	0	7	0	0	0	0	16	0	0	0	0	0	0	0	0	0	0	0	0	0	0	0	0	0
Nat Commun	2022-01-01	8664898	137911	9453	0	2	2	0	0	0	3	0	0	0	2	2	0	0	0	0	10	0	0	0	0	0	0	0	0	0	0	0	0	2	0	0	0	0
Nat Commun	2022-01-01	8671466	135276	13210	0	7	0	2	0	0	5	2	0	3	7	0	0	1	0	0	19	0	0	0	0	0	0	0	0	0	0	0	0	0	0	0	0	0
Nat Commun	2022-01-01	8674288	161268	16863	0	2	1	3	0	0	0	0	0	0	31	3	0	0	0	0	6	0	0	5	0	0	0	0	0	0	0	0	1	1	0	1	0	0
Nat Commun	2022-01-01	8671597	295201	27344	0	7	0	1	0	0	1	3	0	0	29	16	0	0	2	0	19	0	0	4	0	0	1	0	0	0	0	0	1	1	0	2	0	0
Nat Commun	2022-01-01	8674260	147733	14869	0	19	0	2	0	0	0	1	0	0	0	1	0	0	0	0	18	0	1	3	0	0	0	0	0	0	0	0	0	1	0	0	0	0
Nat Commun	2022-01-01	8671429	148814	15858	0	13	3	0	0	0	0	6	0	0	0	3	0	0	0	0	9	0	0	1	0	0	0	0	0	0	0	0	0	0	0	0	0	0
Nat Commun	2022-01-01	8671416	145343	9974	0	1	2	0	0	0	0	0	0	0	3	1	0	0	0	0	10	0	0	0	0	0	0	0	0	0	0	0	0	0	0	0	0	0
Nat Commun	2022-01-01	8671532	23859	2410	0	4	1	0	0	0	1	0	0	1	1	1	0	0	0	0	5	0	0	2	0	0	0	0	0	0	0	0	0	0	0	0	0	0
Nat Commun	2022-01-01	8664945	118153	10982	0	8	0	0	0	1	1	14	0	0	1	4	0	0	0	0	23	0	0	0	0	0	0	1	0	0	0	0	0	0	0	0	0	0
Nat Commun	2022-01-01	8664834	122325	10591	0	7	0	0	0	0	1	0	0	3	1	13	0	0	0	0	9	0	0	5	0	0	0	0	0	0	0	0	0	0	0	0	0	0
Nat Commun	2022-01-01	8677732	80500	8438	0	1	0	1	0	0	2	0	0	0	1	9	0	0	0	0	40	0	0	1	0	0	0	1	0	0	0	0	0	0	0	0	0	0
Nat Commun	2022-01-01	8683407	123244	12050	0	19	0	1	0	0	4	0	0	0	2	1	0	0	1	0	13	0	0	2	0	0	0	1	0	0	0	0	0	0	0	0	0	0
Nat Commun	2022-01-01	8688480	183629	13355	0	11	0	2	0	0	2	3	0	0	10	3	0	0	1	0	66	0	0	2	0	0	0	0	0	0	0	0	0	0	0	0	0	0
Nat Commun	2022-01-01	8692429	122936	12874	0	14	0	2	0	0	0	0	0	0	7	0	0	0	0	0	10	0	0	0	0	0	0	0	0	0	0	0	0	0	0	0	0	0
Nat Commun	2022-01-01	8677765	158970	15628	0	2	0	0	0	0	0	6	0	0	10	13	0	0	0	0	20	0	0	3	0	0	3	0	0	0	0	0	0	0	0	0	0	0
Nat Commun	2022-01-01	8677738	82157	8965	0	1	3	0	0	0	0	1	0	0	4	0	0	0	0	0	8	0	0	1	0	0	0	0	0	0	0	0	0	0	0	0	0	0
Nat Commun	2022-01-01	8677790	101798	7032	0	1	1	0	0	0	1	0	0	0	1	0	0	0	2	0	1	0	0	0	0	0	0	0	0	0	0	0	2	3	1	0	0	0
Nat Commun	2022-01-01	8677734	15971	1104	0	0	0	0	0	0	0	0	0	0	0	0	0	0	0	0	0	0	0	0	0	0	0	0	0	0	0	0	0	0	0	0	0	0
Nat Commun	2022-01-01	8695577	119599	11544	0	17	0	0	0	0	2	9	0	0	1	3	0	0	1	0	16	0	0	1	0	0	0	0	0	0	0	0	0	0	0	0	0	0
Nat Commun	2022-01-01	8677802	20107	922	0	0	0	0	0	0	0	0	0	0	0	0	0	0	0	0	0	0	0	0	0	0	0	0	0	0	0	0	0	0	0	2	0	0
Nat Commun	2022-01-01	8677782	79964	7812	0	9	0	1	0	0	4	10	0	0	4	1	0	0	0	0	13	0	0	4	0	0	0	0	0	0	0	0	0	0	0	0	0	0
Nat Commun	2022-01-01	8677717	14590	971	0	0	0	0	0	0	0	0	0	0	0	0	0	0	0	0	0	0	0	0	0	0	0	0	0	0	0	0	0	0	0	0	0	0
Nat Commun	2022-01-01	8688474	113094	11663	0	6	0	0	0	0	0	2	0	2	1	0	0	0	0	0	14	0	0	2	0	0	0	0	0	0	0	0	0	0	0	0	0	0
Nat Commun	2022-01-01	8692330	215883	21055	0	12	1	3	0	0	1	8	0	1	4	6	0	0	0	0	23	0	1	2	0	0	1	1	0	0	0	0	0	0	0	0	0	0
Nat Commun	2022-01-01	8683436	190690	19959	0	37	2	1	0	0	2	0	0	1	7	3	0	0	1	0	10	0	1	1	0	0	0	3	0	0	0	0	0	0	0	1	0	0
Nat Commun	2022-01-01	8677841	8765	596	0	0	0	0	0	0	0	0	0	0	0	0	0	0	0	0	0	0	0	0	0	0	0	0	0	0	0	0	0	0	0	0	0	0
Nat Commun	2022-01-01	8677803	145976	14812	0	11	2	0	0	0	2	12	0	0	2	4	0	0	0	0	32	0	0	1	0	0	0	0	0	0	0	0	0	0	0	0	0	0
Nat Commun	2022-01-01	8677757	145104	13355	0	29	1	12	0	0	1	0	0	0	2	8	0	2	0	0	43	0	2	2	0	0	0	3	0	0	0	0	0	0	0	0	0	0
Nat Commun	2022-01-01	8677779	11894	784	0	0	0	0	0	0	0	0	0	0	0	0	0	0	0	0	1	0	0	0	0	0	0	0	0	0	0	0	0	0	0	0	0	0
Nat Commun	2022-01-01	8695578	151572	16417	0	25	0	18	0	0	0	0	0	0	3	5	0	0	1	0	27	0	0	0	0	0	0	0	0	0	0	0	0	0	0	1	0	1
Nat Commun	2022-01-01	8677818	180226	18242	0	17	0	12	0	0	0	3	0	0	2	1	0	0	0	0	13	0	0	0	0	0	0	0	0	0	0	0	0	0	0	3	0	0
Nat Commun	2022-01-01	8677759	85393	7447	0	1	0	2	0	0	1	0	0	0	1	1	0	0	2	0	6	0	0	0	0	0	0	0	0	0	0	0	0	0	0	0	0	0
Nat Commun	2022-01-01	8677737	12310	890	0	0	0	0	0	0	0	0	0	0	0	0	0	0	0	0	0	0	0	0	0	0	0	0	0	0	0	0	0	0	0	0	0	0
Nat Commun	2022-01-01	8677791	61112	5801	0	1	0	0	0	0	0	0	0	1	0	3	0	0	1	0	11	0	0	0	0	0	1	0	1	0	0	0	0	0	0	0	0	0
Nat Commun	2022-01-01	8692471	98958	10428	0	21	2	0	0	0	0	2	0	0	2	3	0	0	1	0	46	0	0	1	0	0	0	0	1	0	0	0	0	0	0	0	0	0
