journal	date	pmc_id	Nchars	Nwords	delve	analyse	acknowledge	assess	appraise	dissect	explore	examine	extricate	expose	estimate	investigate	inquire	inspect	interpret	scrutinise	study	unearth	uncover	understand	ponder	research	reason	retrieve	avoid	discount	disregard	dismiss	ignore	neglect	overlook	omit	skip	reject
PeerJ	2024-04-01	10771764	120624	10455	0	1	0	0	0	0	1	2	0	0	1	5	0	0	0	0	18	0	0	1	0	0	0	0	0	0	0	0	0	0	0	0	0	0
PeerJ	2024-04-01	10771080	104155	9870	0	10	0	0	0	0	2	1	0	0	1	2	0	0	7	0	46	0	0	4	0	0	1	0	2	0	0	0	0	0	0	0	3	0
PeerJ	2024-04-01	10768667	81355	7664	0	5	0	3	0	0	0	0	0	0	0	1	0	0	1	0	12	0	0	0	0	0	0	0	0	0	0	0	0	0	0	0	0	0
PeerJ	2024-04-01	10771081	241612	22677	0	6	0	5	0	0	1	3	0	10	38	2	0	0	7	0	78	0	0	0	0	0	0	0	0	0	0	0	0	0	0	1	0	0
PeerJ	2024-04-01	10771083	166800	14918	0	6	1	1	0	0	1	0	0	1	1	0	0	0	1	0	17	0	0	0	0	0	0	0	0	0	0	0	0	0	0	0	0	0
PeerJ	2024-04-01	10768661	190214	16667	0	4	0	8	0	0	0	2	0	0	6	0	0	0	2	0	19	0	1	3	0	0	0	0	0	0	0	0	0	0	0	0	0	0
PeerJ	2024-04-01	10768656	114230	9471	0	2	0	2	0	1	4	0	0	20	4	4	0	0	0	0	26	0	0	0	0	0	0	0	0	0	0	0	0	0	0	0	0	0
PeerJ	2024-04-01	10768659	123808	10358	0	6	0	3	0	0	7	0	0	0	0	2	0	0	0	1	32	0	1	1	0	0	0	0	0	0	0	0	0	0	0	0	0	0
PeerJ	2024-04-01	10773451	166909	15534	0	9	0	0	0	0	3	0	0	1	0	3	0	0	0	0	30	0	0	0	0	1	0	0	0	0	0	0	0	0	0	0	0	0
PeerJ	2024-04-01	10768679	195782	18416	0	12	0	4	0	0	1	1	0	2	2	4	0	0	0	0	44	0	0	0	0	0	2	0	0	0	0	0	0	0	0	0	0	0
PeerJ	2024-04-01	10768660	129714	12512	0	7	0	0	0	0	1	1	0	0	3	1	0	0	0	0	18	0	0	0	0	0	0	0	0	0	0	0	0	0	0	0	0	0
PeerJ	2024-04-01	10771767	87340	7914	0	8	0	1	0	0	0	0	0	1	6	4	0	0	0	0	30	0	0	0	0	0	0	0	0	0	0	0	0	0	0	0	0	0
PeerJ	2024-04-01	10771770	88379	8563	0	17	0	3	0	0	1	1	0	0	1	0	0	0	0	0	5	0	0	0	0	0	0	0	0	0	0	0	0	0	0	1	0	0
PeerJ	2024-04-01	10782956	128686	12149	0	17	0	1	0	0	2	2	0	0	1	3	0	0	0	0	34	0	0	2	0	0	0	0	1	0	0	0	1	0	0	2	0	0
PeerJ	2024-04-01	10771086	159536	14377	0	9	1	0	0	0	1	1	0	0	0	0	0	2	0	0	19	0	0	0	0	0	0	0	1	0	0	0	0	0	0	0	0	0
PeerJ	2024-04-01	10782957	212992	17365	0	16	1	5	0	0	6	0	0	0	15	1	0	0	3	0	38	0	0	2	0	0	0	0	0	0	0	0	0	0	0	0	0	0
PeerJ	2024-04-01	10771091	91277	8159	0	6	0	0	0	0	0	3	0	1	1	0	0	0	0	0	10	0	0	0	0	0	0	1	0	0	0	0	0	1	0	0	0	0
PeerJ	2024-04-01	10782946	68988	6434	0	4	0	0	0	0	0	0	0	0	0	1	0	0	0	0	24	0	0	2	0	0	0	0	0	0	0	0	0	0	0	0	0	0
PeerJ	2024-04-01	10771087	84097	7822	0	2	0	2	0	0	1	1	0	0	0	2	0	0	0	0	19	0	0	0	0	0	0	0	0	0	0	0	0	0	0	0	0	0
PeerJ	2024-04-01	10771759	112290	10138	0	7	1	4	0	0	0	0	0	0	1	3	0	0	0	0	39	0	0	1	0	0	0	0	0	0	0	0	0	0	0	0	0	0
PeerJ	2024-04-01	10771095	137065	12675	0	8	0	0	0	0	0	3	0	3	0	1	0	0	0	0	24	0	0	2	0	0	0	0	1	0	0	0	0	0	0	0	0	0
PeerJ	2024-04-01	10771090	99579	9323	0	12	0	2	0	0	0	0	0	0	0	1	0	0	1	0	41	0	0	0	0	0	11	0	1	0	0	0	0	0	0	0	0	0
PeerJ	2024-04-01	10771760	83703	7154	0	10	0	0	0	0	1	1	0	9	2	6	0	0	0	0	17	0	0	3	0	0	0	0	0	0	0	0	0	0	0	0	0	0
PeerJ	2024-04-01	10771092	123532	10528	0	13	2	3	0	0	0	2	0	4	1	1	0	0	0	0	11	0	2	1	0	0	1	0	0	0	0	0	0	0	0	0	0	0
PeerJ	2024-04-01	10768669	101524	9149	0	7	0	2	0	0	0	0	0	0	10	0	0	0	0	0	17	0	0	1	0	0	0	0	0	0	0	0	1	0	0	0	0	0
PeerJ	2024-04-01	10785795	144110	13445	0	5	0	1	0	0	0	1	0	0	1	0	0	0	0	0	25	0	0	0	0	0	0	0	2	0	0	0	0	0	0	0	0	1
PeerJ	2024-04-01	10795525	79244	7919	0	3	1	0	0	1	6	0	0	0	3	1	0	1	0	0	34	0	0	5	0	0	0	1	0	0	0	0	0	0	0	0	0	0
PeerJ	2024-04-01	10785791	76361	7783	0	10	1	0	0	0	0	1	0	0	4	0	0	0	0	0	29	0	0	1	0	0	0	0	0	0	0	0	0	0	0	0	0	0
PeerJ	2024-04-01	10788090	116524	10765	0	3	0	0	0	0	0	0	0	0	2	3	0	0	0	0	41	0	0	0	0	0	2	0	1	0	0	0	0	0	0	0	0	0
PeerJ	2024-04-01	10789189	122497	12080	0	11	0	1	0	0	5	4	0	0	1	5	0	0	0	0	38	0	0	4	0	0	0	0	0	0	0	0	0	0	0	0	0	0
PeerJ	2024-04-01	10795523	65640	6076	0	5	0	0	0	0	0	0	0	0	2	8	0	0	0	0	42	0	0	2	0	0	0	0	0	0	0	0	0	0	0	0	0	0
PeerJ	2024-04-01	10787544	237116	19536	0	5	0	0	0	0	1	2	0	0	2	5	0	0	0	0	30	0	0	4	0	0	0	0	0	0	0	0	0	0	0	0	0	0
PeerJ	2024-04-01	10795537	137820	11679	0	8	0	3	0	1	0	1	0	0	3	0	0	0	0	0	17	0	0	0	0	0	1	0	0	0	0	0	0	0	0	0	0	0
PeerJ	2024-04-01	10795528	271419	21943	0	4	0	0	0	1	3	0	0	0	0	0	0	0	1	0	13	0	1	1	0	0	0	1	2	0	0	0	0	0	1	0	0	0
PeerJ	2024-04-01	10785792	91580	8099	0	4	0	2	0	0	1	1	0	0	1	0	0	0	0	0	21	0	0	0	0	0	0	0	0	0	0	0	0	0	0	0	0	0
PeerJ	2024-04-01	10787543	151627	14718	0	10	0	2	0	0	0	10	0	0	0	1	0	0	0	0	81	0	0	1	0	0	0	0	0	0	0	0	0	0	0	0	0	0
PeerJ	2024-04-01	10787542	90675	8496	0	14	0	0	0	1	4	0	0	0	1	9	0	0	0	0	17	0	0	0	0	1	0	0	0	0	0	0	0	0	0	0	0	0
PeerJ	2024-04-01	10795524	117285	9659	0	9	0	5	0	0	0	0	0	0	3	0	0	0	0	0	3	0	1	0	0	0	0	0	0	0	0	0	0	0	0	0	0	0
PeerJ	2024-04-01	10785793	165976	14385	0	14	0	3	0	0	3	2	0	0	0	2	0	0	0	0	27	0	0	1	0	0	0	0	0	0	0	0	0	0	0	0	0	0
PeerJ	2024-04-01	10795529	88992	7677	0	7	0	1	0	1	0	0	0	2	2	0	0	0	0	0	24	0	0	3	0	0	0	0	0	0	0	0	0	0	0	0	0	0
PeerJ	2024-04-01	10785794	269508	23509	0	89	1	1	0	0	2	4	0	0	11	2	0	0	2	0	40	0	0	12	0	0	0	0	0	0	0	0	0	0	0	0	0	0
PeerJ	2024-04-01	10787541	82442	8077	0	4	0	1	0	0	0	0	0	4	2	1	0	0	0	0	28	0	0	0	0	0	0	0	0	0	0	0	0	0	0	0	0	0
PeerJ	2024-04-01	10795526	104752	8787	0	8	0	0	0	0	0	1	0	0	8	0	0	0	0	0	13	0	0	0	0	0	0	0	0	0	0	0	0	0	0	0	0	0
PeerJ	2024-04-01	10795527	112459	10119	0	16	0	0	0	0	2	0	0	0	1	1	0	0	0	0	25	0	0	2	0	0	0	1	0	0	0	0	0	0	0	0	0	0
PeerJ	2024-04-01	10788089	126470	11002	0	13	0	7	0	0	2	0	0	0	2	1	0	0	1	0	31	0	0	0	0	0	0	0	0	0	0	0	0	0	0	0	0	0
PeerJ	2024-04-01	10795531	180750	16261	0	8	1	1	0	0	0	0	0	0	6	3	0	0	0	0	20	0	0	2	0	0	0	0	1	0	0	0	0	0	0	0	0	0
PeerJ	2024-04-01	10788088	153274	12989	0	11	0	0	0	0	1	0	0	0	10	4	0	0	0	0	28	0	0	2	0	0	0	0	0	0	0	0	0	0	0	0	0	0
PeerJ	2024-04-01	10788087	104773	9728	0	17	0	6	0	0	0	1	0	0	2	0	0	0	0	0	31	0	0	0	0	0	0	0	0	0	0	0	0	0	0	0	0	0
PeerJ	2024-04-01	10800100	113958	10029	0	14	0	2	0	0	2	3	0	1	0	1	0	0	0	0	14	0	0	0	0	0	0	1	0	0	0	0	0	0	0	0	0	0
PeerJ	2024-04-01	10809981	109776	9598	0	12	0	0	0	0	1	0	0	0	0	12	0	0	0	0	19	0	0	1	0	0	0	1	0	0	0	0	0	0	0	0	0	0
PeerJ	2024-04-01	10798156	134672	12152	0	9	0	2	0	0	4	1	0	0	0	7	0	0	0	0	35	0	0	1	0	0	0	0	0	0	0	0	0	0	0	0	0	0
PeerJ	2024-04-01	10799610	97109	9708	0	6	2	2	0	0	6	0	0	0	0	2	0	0	1	0	25	0	0	1	0	0	0	0	0	0	0	0	0	0	0	0	0	0
PeerJ	2024-04-01	10809978	121848	12171	0	26	0	9	0	0	1	0	0	0	6	4	0	0	0	0	49	0	0	0	0	0	2	0	1	0	0	0	0	0	0	0	0	0
PeerJ	2024-04-01	10802156	77174	7150	1	5	0	8	0	0	1	0	0	0	0	0	0	0	5	0	17	0	0	0	0	0	0	0	1	0	0	0	0	0	0	0	0	0
PeerJ	2024-04-01	10799611	128124	10964	0	11	1	4	0	0	2	0	0	0	2	5	0	0	0	0	24	0	0	0	0	0	0	0	0	0	0	0	0	0	0	0	0	0
PeerJ	2024-04-01	10809977	106557	9489	1	10	0	1	1	0	3	2	0	0	0	5	0	0	0	0	19	0	0	5	0	0	0	0	0	0	0	0	0	0	0	0	0	0
PeerJ	2024-04-01	10809995	109846	9740	0	8	0	1	0	0	2	0	0	0	3	1	0	0	0	0	25	0	0	0	0	0	0	3	0	0	0	0	0	0	0	0	0	0
PeerJ	2024-04-01	10798153	124916	10731	0	17	0	0	0	0	0	0	0	14	1	6	0	0	0	0	27	0	0	2	0	1	0	0	0	0	0	0	0	0	0	0	0	0
PeerJ	2024-04-01	10802158	139147	12122	0	12	1	0	0	1	4	4	0	0	0	5	0	0	0	0	31	0	0	0	0	0	0	0	0	0	0	0	0	0	0	0	0	0
PeerJ	2024-04-01	10802160	131325	11199	0	22	0	6	0	0	0	1	0	0	2	1	0	0	0	0	39	0	1	1	0	0	0	0	0	0	0	0	0	0	0	0	0	2
PeerJ	2024-04-01	10798149	66976	6107	0	15	0	1	0	0	0	2	0	0	0	0	0	0	0	0	21	0	0	0	0	0	1	0	1	0	0	0	0	0	0	0	0	0
PeerJ	2024-04-01	10807751	5136	396	0	0	2	0	0	0	0	0	0	0	0	0	0	0	0	0	1	0	0	0	0	0	0	0	0	0	0	0	0	0	0	1	0	0
PeerJ	2024-04-01	10798154	73330	6627	0	14	0	0	0	0	2	1	0	1	0	0	0	0	0	0	4	0	0	0	0	0	0	2	0	0	0	0	0	0	0	0	0	0
PeerJ	2024-04-01	10802155	102829	8688	0	10	0	1	0	0	1	0	0	0	2	0	0	0	0	0	24	0	0	0	0	1	0	0	0	0	0	0	0	0	0	0	0	0
PeerJ	2024-04-01	10809994	104391	9819	0	10	0	1	0	0	3	1	0	0	2	3	0	0	1	0	36	0	0	3	0	0	0	0	0	0	0	0	1	0	0	0	0	0
PeerJ	2024-04-01	10802157	144014	12825	0	5	0	1	0	0	3	0	0	0	0	6	0	0	0	0	24	0	0	0	0	0	0	0	0	0	0	0	1	0	0	0	0	0
PeerJ	2024-04-01	10798152	116399	10318	0	14	0	2	0	0	5	0	0	0	1	2	0	0	1	0	34	0	0	0	0	0	0	0	0	0	0	0	0	0	0	0	0	0
PeerJ	2024-04-01	10800099	116350	11066	0	4	1	0	0	1	0	5	0	0	0	0	0	0	0	0	40	0	0	3	0	0	0	0	0	0	0	0	0	0	1	0	0	0
PeerJ	2024-04-01	10802153	66253	6455	0	8	0	1	0	0	0	2	0	1	0	2	0	0	0	0	19	0	0	2	0	0	0	0	0	0	0	0	0	0	0	0	0	0
PeerJ	2024-04-01	10809983	110629	9775	0	16	0	0	0	0	2	0	0	0	0	2	0	0	0	0	14	1	0	0	0	0	1	0	0	0	0	0	0	0	0	0	0	0
PeerJ	2024-04-01	10809984	134684	11985	0	12	0	8	0	0	1	3	0	0	6	1	0	0	0	0	23	0	1	1	0	0	0	0	0	0	0	0	0	0	0	0	0	0
PeerJ	2024-04-01	10798150	80115	7771	0	5	0	0	0	0	1	2	0	0	0	1	0	0	0	0	22	0	0	0	0	0	0	0	0	0	0	0	0	0	0	0	0	0
PeerJ	2024-04-01	10809979	95790	8791	0	8	0	2	0	0	1	0	0	0	1	0	0	0	0	0	55	0	0	0	0	0	0	0	0	0	0	0	0	0	0	0	0	0
PeerJ	2024-04-01	10832625	153679	14322	5	7	0	1	0	0	7	5	0	0	7	1	0	0	0	0	42	0	2	6	0	0	1	0	0	0	0	0	0	0	0	1	0	0
PeerJ	2024-04-01	10823992	87194	8072	0	7	0	2	0	0	2	2	0	0	1	3	0	0	0	0	18	0	0	1	0	0	0	0	0	0	0	0	0	0	0	0	0	0
PeerJ	2024-04-01	10823990	86863	7414	0	5	0	0	0	0	0	6	0	0	1	8	0	0	0	0	38	0	0	0	0	0	0	0	0	0	0	0	0	0	0	0	0	0
PeerJ	2024-04-01	10812582	48626	4916	0	3	0	0	0	0	0	1	0	0	21	0	0	0	0	0	79	0	0	0	0	0	1	0	0	0	0	0	0	0	0	0	0	0
PeerJ	2024-04-01	10838070	153585	14121	0	4	1	3	0	0	3	2	0	0	13	1	0	0	0	0	31	0	0	1	0	0	3	3	0	0	0	0	0	0	0	0	0	0
PeerJ	2024-04-01	10812607	110706	9948	0	2	0	2	0	0	0	0	0	0	1	1	0	0	0	0	24	0	0	0	0	0	0	0	0	0	0	0	0	0	0	0	0	0
PeerJ	2024-04-01	10836204	105915	9002	0	3	0	0	0	1	3	0	0	0	1	0	0	0	0	0	9	0	0	5	0	1	0	0	0	0	0	0	0	0	0	0	0	0
PeerJ	2024-04-01	10838101	110464	9743	0	4	0	0	0	0	1	0	0	0	0	0	0	0	0	0	45	0	0	0	0	0	0	0	0	0	0	0	0	0	0	0	0	0
PeerJ	2024-04-01	10836209	240114	20204	0	16	1	5	0	0	0	7	0	15	4	0	0	0	0	0	33	0	1	1	0	0	0	0	0	0	0	0	0	0	0	0	0	0
PeerJ	2024-04-01	10832664	162607	15165	0	16	0	2	0	3	3	2	0	0	4	0	0	0	1	0	45	0	0	4	0	0	0	1	0	0	0	0	0	0	0	0	0	0
PeerJ	2024-04-01	10838068	199976	17258	0	1	0	1	0	0	2	1	0	0	1	0	0	0	0	0	14	0	0	3	0	1	1	0	0	0	0	0	1	0	0	0	0	0
PeerJ	2024-04-01	10838075	101739	9374	0	11	0	0	0	0	1	0	0	1	3	4	0	0	0	0	18	0	0	0	0	0	1	0	0	0	0	0	0	0	1	0	0	0
PeerJ	2024-04-01	10821722	131139	11545	0	3	0	1	0	0	1	1	0	0	4	3	0	1	0	0	45	0	0	5	0	1	0	0	0	0	0	0	0	0	0	0	0	0
PeerJ	2024-04-01	10832662	116097	9990	0	7	0	0	0	0	0	2	0	0	2	5	0	0	0	0	45	0	0	0	0	0	1	0	0	0	0	0	0	0	0	0	0	0
PeerJ	2024-04-01	10838067	135724	12699	0	6	0	2	0	0	7	4	0	2	17	1	0	1	1	0	40	0	0	5	0	0	0	0	0	0	0	0	1	0	0	0	0	0
PeerJ	2024-04-01	10838087	103429	8984	0	13	0	1	0	0	1	0	0	0	0	1	0	0	0	0	52	0	0	1	0	0	0	0	1	0	0	0	2	0	0	0	0	0
PeerJ	2024-04-01	10812585	137869	12088	0	7	0	0	0	0	1	0	0	2	0	2	0	0	0	0	21	0	0	1	0	0	0	0	0	0	0	0	0	0	0	0	0	0
PeerJ	2024-04-01	10838110	144040	12955	0	9	2	6	0	0	2	3	0	0	1	2	0	1	0	0	40	0	0	0	0	0	0	0	0	0	0	0	1	0	0	0	0	0
PeerJ	2024-04-01	10832622	157512	15148	0	2	1	8	0	0	8	3	0	2	2	7	0	0	0	0	31	0	0	3	0	0	1	0	0	0	0	0	0	0	0	0	0	0
PeerJ	2024-04-01	10812590	68836	6449	0	7	0	0	0	0	1	3	0	0	0	3	0	0	0	0	9	0	0	0	0	0	0	0	0	0	0	0	0	0	0	0	0	0
PeerJ	2024-04-01	10838532	93491	8861	0	6	1	0	1	0	2	1	0	0	1	0	1	0	0	0	24	0	0	3	0	0	0	1	1	0	0	0	1	0	1	0	0	0
PeerJ	2024-04-01	10838090	121501	10912	0	14	0	1	0	0	4	6	0	1	1	0	0	0	0	0	8	0	0	0	0	1	0	0	0	0	0	0	0	0	0	0	0	0
PeerJ	2024-04-01	10822134	99077	9646	0	8	1	6	0	1	4	1	0	0	3	1	0	2	0	0	21	0	0	0	0	0	0	0	0	0	0	0	0	0	0	1	0	0
PeerJ	2024-04-01	10822135	119781	10422	0	13	0	2	0	0	0	1	0	2	0	1	0	0	0	0	17	0	0	1	0	0	0	0	0	0	0	0	0	0	0	0	0	0
PeerJ	2024-04-01	10838069	115492	10760	0	3	0	4	0	0	1	3	0	0	0	1	0	0	0	0	15	0	0	0	0	0	0	0	0	0	1	0	0	0	0	0	0	0
PeerJ	2024-04-01	10840498	118953	11292	0	28	0	1	0	0	2	2	0	0	4	6	0	0	0	0	14	0	0	2	0	0	0	0	0	0	0	0	0	0	0	0	0	0
PeerJ	2024-04-01	10859081	188021	16654	2	2	0	4	0	0	11	2	0	0	0	3	0	0	0	1	21	0	0	4	0	0	0	0	0	0	0	0	0	0	0	1	0	0
PeerJ	2024-04-01	10840496	116240	10803	0	3	1	4	0	0	0	4	0	26	1	5	0	0	0	0	74	0	0	1	0	0	1	0	0	0	0	0	0	0	0	0	0	0
PeerJ	2024-04-01	10859078	127089	12274	0	4	0	1	0	0	7	4	0	0	0	1	0	0	2	0	30	0	0	0	0	0	2	0	0	0	0	0	0	0	0	2	0	0
PeerJ	2024-04-01	10859084	172804	14466	0	12	0	0	0	2	0	4	0	0	1	0	0	1	0	0	10	0	0	0	0	1	0	0	0	0	0	0	0	0	0	0	0	0
PeerJ	2024-04-01	10858685	149454	12028	0	9	0	0	0	0	2	2	0	0	0	2	0	0	0	0	16	0	0	1	0	0	0	0	0	0	0	0	0	0	0	0	0	0
PeerJ	2024-04-01	11636677	317835	16689	0	6	0	1	0	0	0	0	0	1	8	2	0	0	0	0	10	0	0	0	0	0	0	0	1	0	0	0	2	18	0	1	0	0
PeerJ	2024-04-01	10851874	151092	14104	0	11	0	1	0	0	0	0	0	0	0	4	0	0	0	0	17	0	0	0	0	0	0	0	0	0	0	0	1	0	0	0	0	0
PeerJ	2024-04-01	10851873	112389	10670	0	9	0	12	0	0	0	0	0	0	0	0	0	0	0	0	89	0	0	0	0	0	1	0	0	0	0	0	0	0	0	0	0	0
PeerJ	2024-04-01	10859082	80219	6910	0	7	0	3	0	0	0	2	0	0	3	1	0	0	0	0	22	0	0	3	0	0	0	0	0	0	0	0	0	0	0	0	0	0
PeerJ	2024-04-01	10859079	128314	11845	0	4	0	1	0	0	3	6	0	0	1	2	0	0	0	0	50	0	0	1	0	0	0	0	1	0	0	0	0	0	0	0	0	0
PeerJ	2024-04-01	10851872	102251	9747	0	9	2	2	0	0	0	0	0	1	6	4	0	0	1	0	23	0	0	4	0	0	0	0	0	0	0	0	0	0	0	0	0	0
PeerJ	2024-04-01	10854395	98216	9082	0	3	0	2	0	0	0	2	0	0	6	0	0	0	0	0	50	0	0	2	0	0	0	0	0	0	0	0	1	0	0	0	0	0
PeerJ	2024-04-01	10859080	103105	10516	0	9	1	5	0	0	0	1	0	0	0	3	0	0	0	0	57	0	0	0	0	1	1	0	0	0	0	0	0	1	0	0	0	0
PeerJ	2024-04-01	11075808	102401	8943	0	3	0	0	0	0	0	0	0	0	0	2	0	0	0	0	19	0	0	0	0	0	0	0	0	0	0	0	0	0	0	0	0	0
PeerJ	2024-04-01	10859077	101605	10316	0	3	0	0	0	1	0	1	0	2	0	0	0	0	0	0	33	0	0	0	0	0	0	0	1	0	0	0	0	0	0	0	0	0
PeerJ	2024-04-01	10859083	201864	12514	0	4	1	1	0	0	1	1	0	2	45	2	0	1	1	0	19	0	0	2	0	0	0	2	1	0	0	0	0	0	1	2	0	0
PeerJ	2024-04-01	10840499	168091	14667	0	20	0	3	0	0	9	1	0	0	5	3	0	0	0	1	13	0	2	0	0	0	0	1	0	0	0	0	0	0	0	0	0	0
PeerJ	2024-04-01	10840497	89136	8243	0	2	0	0	0	0	2	4	0	1	0	3	0	0	0	0	17	0	0	1	0	0	0	0	1	0	0	0	0	0	0	0	0	0
PeerJ	2024-04-01	10840495	101269	9880	0	5	5	2	0	0	2	1	0	0	3	1	0	0	0	0	56	0	0	0	0	0	1	0	0	0	0	0	0	0	0	0	0	0
PeerJ	2024-04-01	10860548	115051	9069	0	9	0	0	0	0	3	0	0	1	0	1	0	0	2	0	11	0	0	0	0	0	0	0	0	0	0	0	0	0	0	0	0	0
PeerJ	2024-04-01	10874175	132363	11376	0	5	0	0	0	0	1	0	0	0	3	0	0	0	0	0	8	0	0	3	0	0	0	0	0	0	0	0	1	0	0	0	0	0
PeerJ	2024-04-01	10870924	130251	10969	0	4	0	0	0	0	0	4	0	1	3	3	0	0	0	0	38	0	0	3	0	0	1	0	0	0	0	0	0	0	0	0	0	0
PeerJ	2024-04-01	10868520	96950	9219	0	3	1	1	0	0	1	0	0	0	15	1	0	0	1	0	26	0	0	2	0	0	1	0	0	0	0	0	0	0	0	0	0	0
PeerJ	2024-04-01	10860557	131669	12396	0	6	0	0	0	0	0	2	0	0	1	0	0	0	0	0	16	0	0	0	0	0	0	0	0	0	0	0	0	0	0	0	0	0
PeerJ	2024-04-01	10860553	201992	17570	0	14	0	3	0	0	7	5	0	0	2	1	0	0	1	0	63	0	0	5	0	1	1	0	0	0	0	0	0	0	0	0	0	0
PeerJ	2024-04-01	10874174	81183	7829	0	4	0	1	0	0	1	1	0	0	0	3	0	0	0	0	18	0	0	2	0	0	0	0	0	0	0	0	0	0	0	0	0	0
PeerJ	2024-04-01	10874176	152900	13898	0	6	0	0	0	0	2	0	0	19	6	0	0	0	1	0	36	0	0	1	0	0	0	0	0	0	0	0	0	0	0	0	0	0
PeerJ	2024-04-01	10874594	104235	10669	0	6	0	1	0	0	2	15	0	3	0	1	0	0	0	0	58	0	0	1	0	0	0	0	0	0	0	0	0	0	0	6	0	0
PeerJ	2024-04-01	10874595	117428	10870	0	4	0	4	0	0	3	0	0	0	3	0	0	0	1	0	63	0	0	0	0	0	2	3	1	0	0	0	0	0	0	0	0	0
PeerJ	2024-04-01	10874173	124110	9379	0	7	0	0	0	0	8	0	0	0	4	1	0	0	0	0	37	0	0	0	0	0	0	0	0	0	0	0	0	0	0	0	0	0
PeerJ	2024-04-01	10860551	128717	12601	0	7	0	1	0	0	0	12	0	3	2	3	0	0	0	0	32	0	4	6	0	0	0	0	0	0	0	0	0	0	0	0	0	0
PeerJ	2024-04-01	10868522	79325	8110	0	5	0	1	0	0	3	2	0	0	0	1	0	0	0	0	24	0	0	1	0	0	0	0	0	0	1	0	0	0	0	0	0	0
PeerJ	2024-04-01	10868523	169116	14333	0	19	0	0	0	0	4	4	0	0	7	0	0	0	0	0	14	0	0	1	0	0	0	0	0	0	0	0	0	0	0	0	0	1
PeerJ	2024-04-01	10868521	79315	7586	0	3	0	1	0	0	1	2	0	1	1	1	0	0	0	0	16	0	0	1	0	0	0	0	0	0	0	0	0	0	0	0	0	0
PeerJ	2024-04-01	10870925	129052	11331	0	6	0	2	0	0	3	0	0	0	5	3	0	0	0	0	29	0	0	2	0	0	0	1	0	0	0	0	0	0	0	0	0	0
PeerJ	2024-04-01	10874172	59860	5936	0	7	1	1	0	0	1	0	0	0	1	1	0	0	0	0	18	0	0	0	0	0	0	0	0	0	0	0	0	0	0	0	0	0
PeerJ	2024-04-01	10885796	139295	12538	0	12	0	2	0	0	2	3	0	0	1	3	0	0	0	0	39	0	3	3	0	0	1	0	0	0	0	0	0	0	0	0	0	0
PeerJ	2024-04-01	10893859	81577	8341	0	10	0	0	0	0	0	0	0	0	2	2	0	0	4	0	3	0	0	1	0	0	2	1	0	0	0	0	2	0	0	0	1	0
PeerJ	2024-04-01	10894593	120522	11605	0	9	0	3	0	0	4	0	0	0	0	3	0	0	0	0	31	0	0	0	0	0	0	0	0	0	0	0	0	0	0	0	0	0
PeerJ	2024-04-01	10875987	70780	6516	0	5	2	2	0	0	0	2	0	0	4	4	0	0	0	0	53	0	0	0	0	0	0	0	0	0	0	0	0	0	0	0	0	0
PeerJ	2024-04-01	10894591	148772	14473	0	14	0	3	0	0	0	12	0	0	1	4	0	0	1	0	54	0	0	3	0	1	1	0	0	0	0	0	0	0	0	0	0	0
PeerJ	2024-04-01	10893860	136560	12585	0	6	0	0	0	0	0	2	0	0	3	1	0	0	1	0	21	0	0	3	0	0	1	0	0	0	0	0	0	0	0	0	0	0
PeerJ	2024-04-01	10875988	118326	10004	0	6	0	0	0	0	0	0	0	0	0	0	0	0	0	0	14	0	0	0	0	0	0	0	0	0	0	0	0	0	0	0	0	0
PeerJ	2024-04-01	10893871	137608	11250	0	11	1	0	0	0	4	1	0	0	2	2	0	0	0	0	19	0	0	1	0	0	0	1	0	0	0	0	0	0	0	0	0	0
PeerJ	2024-04-01	10885797	84947	8205	0	20	0	1	0	0	6	0	0	0	0	1	0	0	0	0	24	0	0	1	0	0	0	0	0	0	0	0	0	0	0	0	0	0
PeerJ	2024-04-01	10885794	65024	6493	0	9	0	1	0	0	0	0	0	0	1	0	0	0	1	0	53	0	0	0	0	0	0	0	2	0	0	0	0	0	0	0	0	0
PeerJ	2024-04-01	10883148	91139	8935	0	8	0	2	0	0	2	1	0	3	0	4	0	0	0	0	14	0	0	0	0	1	0	0	0	0	0	0	0	0	0	0	0	0
PeerJ	2024-04-01	10885795	123167	10521	0	10	0	0	0	0	0	2	0	0	1	0	0	0	0	0	21	0	0	0	0	0	0	0	0	0	0	0	0	0	0	0	0	0
PeerJ	2024-04-01	10885808	125251	11316	0	6	0	1	0	0	3	7	0	1	0	4	0	0	0	0	24	0	0	0	0	0	1	0	0	0	0	0	0	0	0	0	0	0
PeerJ	2024-04-01	10883155	252156	19961	2	10	0	0	0	0	2	0	0	0	0	2	0	0	0	0	26	0	0	7	0	0	0	0	0	0	0	0	0	0	0	0	0	0
PeerJ	2024-04-01	10893868	117831	10354	0	5	0	2	0	0	2	1	0	3	0	3	0	0	0	0	17	0	0	0	0	0	0	0	0	0	0	0	0	0	0	0	0	0
PeerJ	2024-04-01	10893865	152207	14556	0	12	0	1	0	0	3	0	0	0	0	7	0	0	0	0	30	0	0	0	0	0	0	0	0	0	0	0	0	0	0	0	0	0
PeerJ	2024-04-01	10894594	160263	14885	0	4	0	1	0	0	1	1	0	0	0	0	0	0	0	0	13	0	0	0	0	0	1	0	0	0	0	0	0	0	0	0	0	0
PeerJ	2024-04-01	10893866	151431	12629	1	10	1	0	0	0	1	0	0	0	1	2	0	0	0	0	23	0	0	2	0	0	0	1	0	0	0	0	0	0	0	0	0	0
PeerJ	2024-04-01	10893863	102747	9559	0	13	0	2	0	0	1	0	0	1	1	0	0	0	0	0	15	0	0	0	0	0	0	5	0	0	0	0	0	0	0	0	0	0
PeerJ	2024-04-01	10883150	111328	10207	0	11	0	2	0	0	2	0	0	0	0	5	0	0	1	0	35	0	0	1	0	0	1	0	0	0	0	0	0	0	0	0	0	0
PeerJ	2024-04-01	10893869	120664	11321	0	11	0	1	0	0	0	0	0	0	0	1	0	0	0	0	23	0	0	2	0	0	1	0	0	0	1	0	0	1	0	0	0	0
PeerJ	2024-04-01	10894595	128104	12199	0	10	0	2	0	0	1	6	0	0	1	1	0	0	0	0	17	0	0	2	0	0	0	0	0	0	0	0	0	0	0	0	0	0
PeerJ	2024-04-01	10893867	196926	18189	0	9	0	4	0	0	0	1	0	0	3	1	0	0	0	0	65	0	0	0	0	0	0	0	1	0	0	0	0	0	0	0	0	0
PeerJ	2024-04-01	10893870	136895	12762	0	9	4	1	0	0	3	3	0	0	2	3	0	0	0	0	50	0	0	5	0	0	0	0	0	0	0	0	1	0	0	0	0	0
PeerJ	2024-04-01	10893862	149853	13175	0	10	0	0	0	0	2	0	0	1	0	4	0	0	0	0	48	0	0	0	0	1	2	0	1	0	0	0	0	0	0	0	0	0
PeerJ	2024-04-01	10906262	98621	9604	2	8	0	0	0	0	10	3	0	1	9	11	0	0	0	0	42	0	0	5	0	0	0	0	0	0	0	0	0	0	0	0	0	0
PeerJ	2024-04-01	11636679	122779	10814	0	8	0	0	0	0	1	0	0	0	1	0	0	1	0	0	20	0	0	0	0	0	0	2	0	0	0	0	0	0	0	0	0	0
PeerJ	2024-04-01	10909362	112932	8926	0	3	0	1	0	0	0	0	0	0	0	0	0	0	0	1	3	0	0	0	0	0	0	0	0	0	0	0	0	0	0	0	0	0
PeerJ	2024-04-01	10903337	79921	6817	0	4	0	1	0	1	0	0	0	1	0	2	0	0	0	0	17	0	0	2	0	0	0	0	0	0	0	0	0	0	0	0	0	0
PeerJ	2024-04-01	10896078	131150	11660	0	8	0	0	0	0	6	0	0	0	0	5	0	0	0	0	32	0	0	0	0	0	0	0	0	0	0	0	0	0	0	0	0	0
PeerJ	2024-04-01	10908260	129868	11087	0	5	0	2	0	0	1	3	0	5	3	5	0	0	0	0	22	0	0	2	0	0	0	0	0	0	0	0	0	0	0	0	0	0
PeerJ	2024-04-01	10909350	149645	14489	0	4	0	1	0	0	1	13	0	0	82	0	0	0	0	0	9	0	0	1	0	0	1	0	0	0	0	0	0	0	0	0	0	0
PeerJ	2024-04-01	10908269	84601	8245	0	4	0	0	0	0	0	1	0	0	2	2	0	0	0	0	19	0	0	0	0	0	0	0	0	0	0	0	0	0	0	1	0	0
PeerJ	2024-04-01	10906259	118585	11579	0	15	0	2	0	0	3	3	0	0	2	2	0	0	0	0	18	0	0	0	0	0	0	0	1	0	0	0	0	0	0	0	0	0
PeerJ	2024-04-01	10908268	98696	9440	0	15	0	4	0	0	0	0	0	2	6	1	0	1	2	0	13	0	0	1	0	0	2	0	0	0	0	0	0	0	0	0	0	0
PeerJ	2024-04-01	10906265	271488	26775	0	27	1	0	0	1	1	12	0	0	5	3	0	0	0	0	24	0	0	0	0	0	0	0	1	0	0	0	0	0	0	0	0	0
PeerJ	2024-04-01	11636686	175132	16111	0	8	0	1	0	0	0	0	0	0	9	0	0	0	1	0	25	0	0	0	0	0	1	0	1	0	0	0	0	0	0	0	0	1
PeerJ	2024-04-01	10909354	166910	14530	0	6	1	1	0	0	1	4	0	0	10	2	0	0	1	0	44	0	0	7	0	1	0	1	0	0	0	0	0	0	0	0	0	0
PeerJ	2024-04-01	10909363	104076	9147	0	13	1	0	0	0	0	0	0	1	1	5	0	0	0	0	11	0	0	1	0	0	0	0	0	0	0	0	0	0	0	0	0	0
PeerJ	2024-04-01	10896084	183291	17576	0	43	0	0	0	0	3	2	0	1	5	1	0	0	0	0	27	0	0	0	0	0	0	0	0	1	0	0	0	0	0	1	0	0
PeerJ	2024-04-01	10903340	120059	9729	0	15	0	0	0	0	8	3	0	2	1	3	0	0	0	0	15	0	0	1	0	0	0	0	0	0	0	0	0	0	0	0	0	0
PeerJ	2024-04-01	10908257	239826	22664	0	5	0	0	0	0	0	1	0	1	0	2	0	0	0	2	50	0	0	1	0	0	0	0	0	0	0	0	0	0	0	0	0	0
PeerJ	2024-04-01	10909365	122350	10710	0	10	1	2	0	0	5	5	0	0	3	7	0	0	0	0	43	0	0	5	0	1	0	0	0	0	0	0	0	0	0	0	0	0
PeerJ	2024-04-01	10909348	306298	16395	2	3	0	3	0	0	0	0	0	0	7	0	0	0	0	1	10	0	0	0	0	0	0	0	0	0	0	0	0	0	0	0	0	0
PeerJ	2024-04-01	10909373	450385	45152	0	2	1	1	0	0	0	1	0	15	2	8	0	0	11	0	22	0	0	7	0	0	0	0	0	0	0	0	2	0	2	0	0	1
PeerJ	2024-04-01	10908263	101095	9446	0	5	1	0	0	0	0	5	0	1	1	4	0	0	0	0	23	0	0	1	0	0	0	0	0	0	0	0	0	0	0	0	0	0
PeerJ	2024-04-01	10909358	135596	14028	0	6	1	1	0	0	6	6	0	0	1	2	0	0	0	0	14	0	0	0	0	0	1	0	0	0	0	0	1	0	0	0	0	0
PeerJ	2024-04-01	10909359	106021	9417	0	18	0	2	0	0	7	2	0	0	7	1	0	0	0	0	23	0	0	1	0	0	0	0	0	0	0	0	0	0	0	0	0	0
PeerJ	2024-04-01	10903347	88861	8643	0	13	0	2	0	0	2	1	0	0	0	2	0	0	0	0	26	0	0	1	0	0	1	0	0	0	0	0	0	0	0	0	0	0
PeerJ	2024-04-01	10906260	87388	8657	0	8	0	1	0	0	3	2	0	1	1	7	0	0	2	0	25	0	0	3	0	0	0	0	0	0	0	0	0	0	0	0	0	0
PeerJ	2024-04-01	10921934	154468	13081	0	9	0	2	0	0	3	3	0	0	8	5	0	0	1	0	18	0	1	1	0	0	0	0	0	0	0	0	0	0	1	0	0	0
PeerJ	2024-04-01	10924784	213183	18500	0	11	0	4	0	2	0	0	0	2	1	8	0	0	1	1	28	0	0	8	0	0	0	1	0	0	0	0	0	0	0	0	0	0
PeerJ	2024-04-01	11636720	719317	66097	0	4	0	4	0	0	4	57	0	3	2	1	0	0	0	0	63	0	1	1	0	0	0	0	0	0	0	0	0	1	2	0	0	0
PeerJ	2024-04-01	10924456	150124	14498	0	31	1	0	0	0	5	3	0	0	1	4	0	0	0	0	40	0	0	2	0	0	1	0	0	0	0	0	0	0	0	1	0	0
PeerJ	2024-04-01	10924775	123165	11656	0	9	0	2	0	0	3	1	0	1	2	0	0	0	0	0	41	0	0	2	0	0	0	0	0	0	0	0	0	0	1	0	0	0
PeerJ	2024-04-01	10924778	184844	15521	0	3	0	0	0	0	2	3	0	0	0	3	0	0	0	0	13	0	0	6	0	0	0	0	0	0	0	0	0	0	0	0	0	0
PeerJ	2024-04-01	10924453	99372	8531	0	17	0	0	0	0	1	0	0	0	3	0	0	0	1	0	7	0	0	1	0	0	0	0	0	0	1	0	1	0	0	0	0	0
PeerJ	2024-04-01	10926908	135439	11834	0	17	3	48	0	0	0	2	0	0	2	0	0	0	0	0	115	0	0	0	0	0	2	1	0	0	0	0	0	0	0	0	0	0
PeerJ	2024-04-01	10921932	106370	9351	0	7	0	1	0	0	0	0	0	0	3	0	0	0	1	0	4	0	0	0	0	0	0	0	0	0	0	0	0	0	0	0	0	0
PeerJ	2024-04-01	10926909	254378	23298	1	12	3	9	0	0	0	4	0	0	6	7	0	0	1	0	121	0	0	2	0	0	0	0	0	0	0	0	0	0	0	0	0	0
PeerJ	2024-04-01	10924454	160494	14497	0	20	1	4	0	0	1	2	0	0	2	0	0	0	10	0	44	0	0	1	0	0	0	0	0	0	0	0	0	0	0	0	0	0
PeerJ	2024-04-01	10921933	82528	7658	0	8	0	0	0	0	3	1	0	0	1	5	0	0	0	0	36	0	0	1	0	0	0	0	0	0	0	0	0	0	0	0	0	0
PeerJ	2024-04-01	10921929	99553	9096	0	15	0	1	0	0	0	1	0	0	2	3	0	0	0	0	31	0	0	0	0	0	0	0	0	0	0	0	0	0	0	0	0	0
PeerJ	2024-04-01	10921931	110540	11316	0	4	0	0	0	0	1	7	0	0	0	0	0	0	0	0	7	0	0	0	0	0	0	0	0	0	0	0	0	0	0	0	0	1
PeerJ	2024-04-01	10924455	92490	8033	1	8	1	0	0	0	6	1	0	0	1	0	0	0	2	0	57	0	0	11	0	0	56	0	0	0	0	0	0	0	0	0	0	0
PeerJ	2024-04-01	10924786	127832	9737	0	2	0	1	0	0	1	1	0	0	1	0	0	0	0	0	16	0	0	3	0	0	0	0	0	0	0	0	0	0	0	0	0	0
PeerJ	2024-04-01	10924776	171258	14924	0	15	0	0	0	0	4	2	0	1	0	1	0	0	0	0	19	0	1	1	0	0	0	0	0	0	0	0	0	0	0	0	0	0
PeerJ	2024-04-01	10924762	82135	7190	0	5	0	5	0	0	0	1	0	0	4	1	0	0	2	0	21	0	0	0	0	0	0	0	0	0	0	0	0	0	0	0	0	0
PeerJ	2024-04-01	10921930	79403	7423	0	6	0	1	0	0	4	0	0	0	2	3	0	0	0	0	25	0	0	1	0	0	0	0	0	0	0	0	0	0	0	0	0	0
PeerJ	2024-04-01	10946385	169363	12666	0	26	0	1	0	0	3	2	0	0	13	3	0	0	0	0	51	0	0	0	0	0	0	0	0	0	0	0	1	0	0	0	0	0
PeerJ	2024-04-01	10941763	94118	8920	0	13	2	2	0	0	0	2	0	0	1	1	0	0	2	0	33	0	0	6	0	1	1	0	0	0	0	0	0	0	0	0	0	0
PeerJ	2024-04-01	10944632	149299	13173	0	8	2	1	0	1	1	1	0	0	2	0	0	0	0	0	50	0	0	0	0	0	0	1	0	0	0	0	0	0	0	0	0	0
PeerJ	2024-04-01	10946392	106185	9855	0	13	0	1	0	0	7	0	0	0	1	4	0	0	0	0	20	0	0	0	0	0	0	0	0	0	0	0	0	0	0	0	0	0
PeerJ	2024-04-01	10944631	138036	12392	0	24	0	2	0	0	1	2	0	0	1	4	0	0	1	1	86	0	0	0	0	0	3	2	0	0	0	0	0	0	0	0	0	0
PeerJ	2024-04-01	10944164	153573	13944	0	7	0	0	0	0	2	2	0	1	0	2	0	0	0	0	17	0	0	1	0	0	0	0	0	0	0	0	0	0	0	0	0	0
PeerJ	2024-04-01	10939030	91250	8318	0	7	0	0	0	0	0	0	0	0	2	1	0	0	0	0	38	0	0	0	0	0	0	0	0	0	0	0	0	2	0	0	0	0
PeerJ	2024-04-01	10946391	78787	7595	0	6	0	0	0	0	3	14	0	5	6	0	0	0	0	0	17	0	0	0	0	0	0	0	0	0	0	0	0	0	0	0	0	0
PeerJ	2024-04-01	10941765	154234	13620	0	4	0	5	0	0	2	0	0	0	1	3	0	0	0	0	48	0	0	2	0	0	0	0	1	0	0	0	0	1	0	1	0	0
PeerJ	2024-04-01	10946386	156103	15504	0	12	0	11	0	0	0	1	0	0	1	1	0	0	0	0	153	0	0	9	0	0	0	1	0	0	0	0	0	0	0	0	0	1
PeerJ	2024-04-01	10946389	145660	13122	0	11	0	2	0	0	0	1	0	0	0	1	0	0	0	0	62	0	1	1	0	0	0	0	0	0	0	0	0	0	0	0	0	0
PeerJ	2024-04-01	10944166	248477	19032	0	8	0	0	0	1	5	1	0	0	1	2	0	0	0	0	40	0	0	7	0	0	0	0	0	0	0	0	0	1	1	0	0	0
PeerJ	2024-04-01	10944167	232135	21144	0	13	0	2	0	0	1	0	0	0	20	3	0	2	1	0	16	0	0	2	0	0	0	0	0	0	0	0	1	0	0	0	0	0
PeerJ	2024-04-01	10944629	133749	12569	0	8	0	0	0	0	1	0	0	1	0	3	0	0	0	0	15	0	0	0	0	0	0	0	0	0	0	0	0	0	0	0	0	0
PeerJ	2024-04-01	10944630	114806	10225	0	11	0	2	0	2	4	2	0	0	1	1	0	0	0	0	19	0	0	0	0	0	0	0	0	0	0	0	0	0	0	0	0	0
PeerJ	2024-04-01	10946390	95688	9539	0	3	0	4	0	0	2	8	0	2	0	2	0	0	0	0	96	0	0	6	0	0	0	0	0	0	0	0	0	0	0	0	0	0
PeerJ	2024-04-01	10946388	128075	12050	0	11	0	1	0	9	0	1	0	0	1	2	0	0	0	0	25	0	2	1	0	0	1	0	0	0	0	0	0	0	1	0	0	0
PeerJ	2024-04-01	10946397	99854	8724	0	9	0	0	0	0	1	0	0	0	1	2	0	0	0	0	16	0	0	1	0	0	0	0	0	0	0	0	0	0	1	0	0	0
PeerJ	2024-04-01	10944165	133025	11564	0	11	0	1	0	0	0	2	0	0	3	1	0	0	0	0	37	0	0	5	0	1	1	0	0	0	0	0	0	0	0	0	0	0
PeerJ	2024-04-01	10946395	131794	12036	0	15	0	1	0	1	1	0	0	0	0	0	0	0	0	0	16	0	0	0	0	0	0	0	0	0	0	0	0	0	0	2	0	0
PeerJ	2024-04-01	10944633	142787	13041	0	15	1	2	0	1	1	1	0	0	0	4	0	0	1	0	14	0	1	2	0	0	2	1	0	0	0	0	0	0	0	1	0	0
PeerJ	2024-04-01	10941764	135012	12184	0	18	0	1	0	1	0	3	0	1	0	1	0	0	0	0	21	0	0	2	0	0	0	0	0	0	0	0	0	0	0	0	0	0
PeerJ	2024-04-01	10946394	116946	11189	0	8	0	0	0	0	3	0	0	0	3	0	0	0	1	0	10	0	1	2	0	0	0	0	0	1	0	0	0	0	0	0	0	0
PeerJ	2024-04-01	10946399	110304	9642	0	9	0	2	0	1	3	0	0	1	0	3	0	0	0	0	22	0	0	1	0	0	0	0	0	0	0	0	0	0	0	0	0	0
PeerJ	2024-04-01	10944162	115962	9541	0	5	0	0	0	0	0	3	0	0	0	1	0	0	0	0	12	0	0	0	0	0	0	1	0	0	0	0	0	0	1	1	0	0
PeerJ	2024-04-01	10959106	105916	8742	0	11	0	0	0	0	1	2	0	0	1	3	0	0	0	0	14	0	0	4	0	0	0	0	0	0	0	0	0	0	1	1	0	0
PeerJ	2024-04-01	10962349	161259	15322	0	5	0	0	0	0	0	1	0	0	1	1	0	0	0	0	18	0	0	0	0	1	0	0	0	0	0	0	0	0	0	0	0	0
PeerJ	2024-04-01	10962336	87578	8802	0	9	0	0	0	0	1	0	0	0	1	4	0	0	0	0	57	0	0	0	0	0	1	0	1	0	0	0	0	0	0	0	0	0
PeerJ	2024-04-01	10961059	120807	10647	0	5	0	1	0	0	7	1	0	0	0	9	0	27	0	0	32	0	0	3	0	0	0	0	3	0	0	0	1	0	0	0	0	0
PeerJ	2024-04-01	10962342	172957	14967	0	24	0	1	0	0	1	2	0	0	7	0	0	0	1	0	17	0	0	0	0	0	0	0	0	0	0	0	0	0	0	0	0	2
PeerJ	2024-04-01	10962334	100811	8901	0	7	0	3	0	0	2	5	0	11	0	3	0	0	0	1	23	0	0	2	0	0	0	0	1	0	0	0	0	2	0	0	0	0
PeerJ	2024-04-01	10961058	124311	10793	0	11	1	1	0	0	0	4	0	1	0	4	0	0	0	0	41	0	0	0	0	0	0	0	0	0	0	0	0	0	0	0	0	0
PeerJ	2024-04-01	10962335	138755	13149	0	2	0	0	0	0	0	4	0	0	1	0	0	0	0	0	48	0	0	0	0	0	0	0	0	0	0	0	1	0	0	0	0	0
PeerJ	2024-04-01	10960526	88203	8419	0	14	0	2	0	0	0	2	0	0	12	2	0	0	1	0	58	0	0	0	0	0	0	0	0	0	0	0	0	0	0	0	0	0
PeerJ	2024-04-01	10962348	135950	12735	0	15	0	1	0	0	2	1	0	0	8	2	0	0	0	0	47	0	0	2	0	0	1	0	1	0	0	0	1	0	0	0	0	0
PeerJ	2024-04-01	10960529	153345	13668	0	5	1	3	0	0	0	14	0	0	1	1	0	0	1	0	50	0	0	4	0	0	0	0	0	0	0	0	0	0	0	0	0	0
PeerJ	2024-04-01	10962341	102814	9312	0	8	1	6	0	0	3	4	0	0	0	2	0	0	0	0	28	0	0	0	0	0	1	0	0	0	0	0	0	0	0	0	0	0
PeerJ	2024-04-01	10960531	177921	15070	0	9	0	4	0	0	5	4	0	2	1	6	0	0	0	0	57	0	0	2	0	0	0	0	0	0	0	0	0	0	0	0	0	0
PeerJ	2024-04-01	10956518	97303	8971	0	22	1	2	0	0	2	2	0	0	5	8	0	0	1	0	29	0	0	1	0	0	0	0	0	0	0	0	0	0	0	0	0	0
PeerJ	2024-04-01	10956520	143396	13054	0	12	0	0	0	0	1	0	0	0	1	1	0	0	0	0	21	0	0	0	0	0	1	0	0	0	0	0	0	0	0	0	0	0
PeerJ	2024-04-01	10956521	123346	11332	0	2	0	1	0	0	6	1	0	1	1	1	0	0	0	0	35	0	0	1	0	0	0	0	1	0	0	0	0	0	0	0	0	0
PeerJ	2024-04-01	10959103	126538	10314	0	5	0	1	0	0	5	2	0	0	0	1	0	0	0	0	23	0	1	0	0	0	0	0	0	0	0	0	0	0	0	0	0	0
PeerJ	2024-04-01	10956522	157562	14706	0	11	0	4	0	0	14	3	0	0	8	8	0	0	0	0	27	0	0	1	0	0	0	1	0	0	0	0	0	0	0	0	0	0
PeerJ	2024-04-01	10962346	121371	11024	0	6	0	5	0	0	5	0	0	22	2	6	0	0	0	0	29	0	0	1	0	0	0	0	0	0	0	0	0	0	0	0	0	0
PeerJ	2024-04-01	10961060	148992	13124	0	4	0	3	0	0	4	2	0	0	2	2	0	0	0	0	34	0	0	0	0	0	1	0	0	0	0	0	0	0	0	0	0	0
PeerJ	2024-04-01	10961057	85080	8207	0	2	0	1	0	0	0	10	0	1	0	0	0	0	0	0	9	0	0	0	0	0	0	0	0	0	0	0	0	1	0	0	0	0
PeerJ	2024-04-01	10962339	191481	16643	0	8	0	5	1	0	3	0	0	1	1	1	0	0	0	0	22	0	0	2	0	0	0	0	0	0	0	0	0	0	0	0	0	0
PeerJ	2024-04-01	10962347	78395	7691	0	2	0	1	0	0	0	2	0	0	0	2	0	0	0	0	83	0	0	0	0	0	0	1	0	0	0	0	0	0	0	0	0	0
PeerJ	2024-04-01	10960528	117582	10114	0	14	1	6	0	0	0	1	0	0	2	0	0	0	0	1	21	0	0	0	0	0	0	0	0	0	0	0	0	0	0	0	0	0
PeerJ	2024-04-01	10959102	102015	9616	0	11	0	1	0	0	0	1	0	1	6	0	0	0	0	0	24	0	0	4	0	0	0	0	0	0	0	0	0	0	0	2	0	0
PeerJ	2024-04-01	10981885	99152	8442	0	5	1	3	0	0	0	2	0	1	2	0	0	0	1	0	75	0	0	0	0	0	1	1	0	0	0	0	0	0	0	0	0	0
PeerJ	2024-04-01	10977086	94883	9735	0	9	0	0	0	0	0	3	0	0	4	0	0	0	4	0	47	0	0	1	0	0	0	0	0	0	0	0	0	0	0	0	0	0
PeerJ	2024-04-01	10993886	159978	14610	0	10	0	1	0	1	1	0	0	0	1	5	0	2	0	0	31	0	0	1	0	0	0	0	0	0	0	0	0	0	1	0	0	0
PeerJ	2024-04-01	10984179	280106	22610	1	6	0	0	0	0	4	0	0	1	0	1	0	0	0	0	13	0	0	7	0	1	0	0	0	0	0	0	0	0	0	0	0	0
PeerJ	2024-04-01	10981411	103668	9420	0	8	0	0	0	0	0	6	0	0	2	0	0	0	1	0	34	0	0	0	0	0	1	0	0	0	0	0	2	0	0	0	0	0
PeerJ	2024-04-01	10993885	126315	10803	0	5	0	1	0	0	0	0	0	0	3	1	0	0	0	0	18	0	0	1	0	0	0	0	0	0	0	0	0	0	0	0	0	0
PeerJ	2024-04-01	10981889	164270	14980	0	6	0	0	0	1	0	1	0	15	1	1	0	0	2	0	10	0	0	3	0	0	0	0	0	0	0	0	0	0	0	0	0	0
PeerJ	2024-04-01	10981886	140323	12347	0	10	0	1	0	0	1	1	0	1	1	3	0	0	0	0	23	0	1	1	0	0	0	0	0	0	0	0	0	0	0	0	0	0
PeerJ	2024-04-01	10977088	149194	12625	0	10	1	2	0	0	0	0	0	1	0	0	0	0	0	0	27	0	0	4	0	0	0	0	2	0	0	0	0	3	0	0	0	0
PeerJ	2024-04-01	10984187	217742	18778	0	6	0	3	0	0	2	2	0	0	0	0	0	0	0	0	51	0	0	2	0	0	0	0	0	0	0	0	0	0	1	0	0	0
PeerJ	2024-04-01	10977092	177652	15752	0	9	0	1	0	0	6	1	0	1	18	6	0	0	0	0	14	0	0	2	0	0	0	0	1	0	0	0	0	0	0	0	0	0
PeerJ	2024-04-01	10984178	166339	14531	0	5	0	7	0	0	0	1	0	0	7	0	0	0	0	0	33	0	0	1	0	0	0	0	1	0	0	0	0	0	1	0	0	0
PeerJ	2024-04-01	10977089	145494	12607	0	15	0	0	0	0	10	0	0	0	3	0	0	0	0	0	23	0	0	1	0	0	0	5	0	0	0	0	0	0	0	0	0	0
PeerJ	2024-04-01	10984169	172516	15211	0	8	1	4	0	0	2	1	0	1	4	6	0	0	4	0	56	0	0	3	0	0	0	0	0	0	0	0	0	0	0	0	0	0
PeerJ	2024-04-01	10984168	127370	11448	0	9	0	2	0	0	0	0	0	0	2	5	0	0	0	0	21	0	0	0	0	0	0	0	1	0	0	0	0	0	0	0	0	0
PeerJ	2024-04-01	10981417	138761	11145	1	7	0	0	0	0	2	1	0	1	0	2	0	0	0	0	21	0	1	1	0	1	0	0	0	0	0	0	0	0	0	0	0	0
PeerJ	2024-04-01	10981884	132706	12841	1	16	0	8	0	2	4	9	0	2	0	5	0	0	0	1	25	0	0	1	0	0	0	2	0	0	0	0	0	0	0	1	0	0
PeerJ	2024-04-01	10979742	117662	8599	0	3	0	0	0	0	0	3	0	0	0	0	0	0	1	0	11	0	10	1	0	0	0	0	0	0	0	0	0	0	0	0	0	0
PeerJ	2024-04-01	10981412	150204	12954	0	7	0	1	0	0	0	0	0	0	14	4	0	0	1	0	58	0	0	0	0	0	1	0	0	0	0	0	0	0	0	1	0	0
PeerJ	2024-04-01	10981883	104796	9102	1	12	0	6	1	1	0	1	0	0	0	1	0	0	0	1	11	0	0	5	0	0	0	0	0	0	0	0	0	0	0	0	0	0
PeerJ	2024-04-01	10979752	89001	8117	0	6	0	3	0	0	4	1	0	0	0	4	0	0	0	0	29	0	0	0	0	0	1	0	0	0	0	0	0	0	1	0	0	0
PeerJ	2024-04-01	10984163	72388	6777	0	2	0	0	0	1	1	1	0	0	0	0	0	0	0	0	10	0	0	0	0	0	1	0	0	0	0	0	0	0	0	0	0	0
PeerJ	2024-04-01	10993887	180048	15744	0	6	0	1	0	0	3	2	0	0	0	4	0	0	0	0	38	0	0	0	0	0	0	0	0	0	0	0	0	0	0	0	0	0
PeerJ	2024-04-01	10981414	273204	17253	0	3	0	1	0	0	1	0	0	0	2	1	0	0	2	0	28	0	0	5	0	0	0	0	0	0	0	0	0	0	0	0	0	0
PeerJ	2024-04-01	10981410	138873	12162	0	5	1	1	0	0	2	0	0	0	0	4	0	1	0	0	33	0	0	1	0	0	0	0	0	0	0	0	0	0	0	0	0	0
