journal	date	pmc_id	Nchars	Nwords	delve	analyse	acknowledge	assess	appraise	dissect	explore	examine	extricate	expose	estimate	investigate	inquire	inspect	interpret	scrutinise	study	unearth	uncover	understand	ponder	research	reason	retrieve	avoid	discount	disregard	dismiss	ignore	neglect	overlook	omit	skip	reject
PeerJ	2022-01-01	8496460	92758	7796	0	8	0	0	0	0	4	0	0	0	1	3	0	0	0	0	12	0	0	0	0	2	0	0	0	0	0	0	0	0	0	0	0	0
PeerJ	2022-01-01	8500106	103555	9362	0	9	0	1	0	0	2	2	0	0	0	1	0	0	0	0	39	0	0	1	0	0	0	0	0	0	0	0	0	0	0	0	0	0
PeerJ	2022-01-01	8496463	254714	23019	0	26	0	2	0	0	2	2	0	2	16	5	0	0	0	0	72	0	1	4	0	0	0	0	0	0	0	0	0	0	0	0	0	0
PeerJ	2022-01-01	8500090	116497	11594	0	6	0	4	0	0	3	1	0	0	5	0	0	0	0	0	21	0	0	1	0	0	0	0	1	0	0	0	0	0	0	0	1	0
PeerJ	2022-01-01	8500072	83318	7066	0	5	0	1	0	0	0	1	0	0	0	0	0	1	0	0	16	0	0	1	0	0	0	1	0	0	0	0	0	0	0	0	0	0
PeerJ	2022-01-01	8496461	111388	10203	0	5	1	0	0	0	0	1	0	0	2	2	0	0	0	0	21	0	0	0	0	0	1	0	0	0	0	0	0	0	0	0	0	0
PeerJ	2022-01-01	8504466	166237	13746	0	3	0	1	0	0	1	2	0	0	25	2	0	1	0	0	21	0	0	1	0	1	0	1	1	0	0	0	0	0	0	0	0	0
PeerJ	2022-01-01	8500091	116052	9724	0	6	0	1	0	0	3	0	0	0	2	8	0	0	0	0	13	0	3	0	0	0	0	1	0	0	0	0	0	0	0	0	0	0
PeerJ	2022-01-01	8504460	133483	11781	0	48	0	0	0	0	5	0	0	0	2	2	0	0	0	0	14	0	0	0	0	1	1	0	0	0	0	0	0	0	0	0	0	0
PeerJ	2022-01-01	8502450	120956	11378	0	4	2	0	0	0	0	0	0	1	0	0	0	0	0	0	46	0	0	1	0	0	0	0	0	0	0	0	0	0	0	0	0	0
PeerJ	2022-01-01	8504462	123541	11854	0	7	0	1	0	0	2	2	0	0	12	0	0	0	0	0	23	0	0	1	0	0	0	0	0	0	0	0	0	0	1	0	1	0
PeerJ	2022-01-01	8504464	149593	14836	1	28	0	2	0	0	3	7	0	0	1	5	0	0	2	0	28	0	0	1	0	0	1	0	0	0	0	0	0	2	0	0	0	0
PeerJ	2022-01-01	8500075	116793	10543	0	3	0	1	0	0	0	0	0	0	2	3	0	0	0	0	21	0	0	0	0	0	0	0	0	0	0	0	0	0	0	0	0	0
PeerJ	2022-01-01	8496462	182458	14896	0	15	1	1	0	0	0	1	0	0	1	0	0	0	0	0	17	0	0	0	0	0	0	0	0	0	0	0	0	0	1	0	0	0
PeerJ	2022-01-01	8500085	258419	22173	0	6	0	3	0	0	0	0	0	0	3	1	0	0	1	0	20	0	0	3	0	1	0	0	0	0	0	0	0	0	0	0	0	0
PeerJ	2022-01-01	8501990	108153	10592	0	9	0	6	0	0	0	0	0	0	4	2	0	0	0	0	22	0	0	1	0	0	0	0	0	0	0	0	0	1	0	0	0	0
PeerJ	2022-01-01	8500093	77711	7066	0	2	0	0	0	0	0	0	0	0	0	1	0	0	0	0	14	0	0	0	0	0	0	0	0	0	0	0	0	0	0	0	0	0
PeerJ	2022-01-01	8500086	114991	10044	0	7	0	0	0	0	0	0	0	0	2	0	0	0	0	0	31	0	0	0	0	0	0	0	0	0	0	0	0	0	0	0	0	0
PeerJ	2022-01-01	8500109	139933	12823	0	11	3	5	0	0	0	3	0	1	6	1	0	0	0	0	29	0	0	2	0	0	0	0	0	0	0	0	0	1	0	0	0	0
PeerJ	2022-01-01	8500084	194577	17874	0	2	0	0	0	0	0	0	0	8	7	1	0	0	3	0	12	1	0	0	0	0	1	0	0	0	0	0	0	0	0	0	0	0
PeerJ	2022-01-01	8504465	138179	12335	0	9	0	2	0	0	0	4	0	0	0	7	0	0	0	0	38	0	0	0	0	0	0	0	1	0	0	0	0	0	0	0	0	0
PeerJ	2022-01-01	8504463	176315	15233	0	21	0	1	0	0	1	2	0	0	0	1	0	0	0	0	26	0	0	1	0	0	0	0	0	0	0	0	0	0	0	0	0	0
PeerJ	2022-01-01	8504461	146371	12440	0	18	0	1	0	0	3	1	0	2	1	8	0	0	0	0	22	0	0	0	0	0	0	0	0	0	0	0	0	1	0	0	0	0
PeerJ	2022-01-01	8504459	175934	15522	0	5	0	2	0	0	0	0	0	0	3	1	0	0	0	0	41	0	0	2	0	0	1	0	0	0	0	0	1	0	0	0	0	0
PeerJ	2022-01-01	8502451	165891	14913	0	1	0	2	0	0	0	4	0	0	5	0	0	0	0	0	28	0	0	2	0	0	0	0	0	0	0	0	0	0	0	0	0	0
PeerJ	2022-01-01	8519179	80062	7679	0	7	0	2	0	0	2	0	0	1	0	1	0	0	0	0	19	0	0	1	0	0	0	0	0	0	0	0	0	0	0	0	0	0
PeerJ	2022-01-01	8522644	104368	9437	0	8	0	1	0	0	1	4	0	0	1	3	0	0	0	0	18	0	0	0	0	0	0	1	0	0	0	0	1	1	0	0	0	0
PeerJ	2022-01-01	8522640	94730	8811	0	2	1	5	0	0	1	2	0	0	5	1	0	0	0	0	30	0	0	1	0	0	0	0	0	0	0	0	0	0	0	0	0	0
PeerJ	2022-01-01	8522643	114938	10485	0	8	0	2	0	0	0	0	0	0	1	1	0	0	0	0	45	0	0	0	0	0	0	0	0	0	0	0	0	0	0	0	0	0
PeerJ	2022-01-01	8519180	148960	14904	0	40	0	1	0	0	0	2	0	0	35	5	0	0	0	0	196	0	0	0	0	0	3	2	1	0	0	0	0	0	0	0	0	2
PeerJ	2022-01-01	8519178	156514	13978	0	15	0	0	0	0	3	2	0	0	2	4	0	0	0	0	42	0	0	5	0	0	0	0	0	0	0	0	0	1	0	0	0	0
PeerJ	2022-01-01	8522642	244604	21207	0	7	0	4	0	0	0	1	0	2	3	2	0	0	1	0	32	0	0	6	0	0	0	1	0	0	0	0	0	0	0	0	0	0
PeerJ	2022-01-01	8520394	83988	7375	0	5	0	0	0	0	0	3	0	1	0	2	0	0	0	0	26	0	0	0	0	1	1	0	0	0	0	0	0	0	0	0	0	0
PeerJ	2022-01-01	8520690	109393	9375	0	20	0	5	0	0	2	1	0	0	2	5	0	0	0	0	15	0	1	2	0	0	0	0	0	0	0	0	0	0	0	0	0	0
PeerJ	2022-01-01	8519175	44601	3975	0	4	0	1	0	0	0	1	0	0	1	0	0	0	0	0	4	0	0	1	0	0	0	0	0	0	0	0	0	0	0	0	0	0
PeerJ	2022-01-01	8520691	122857	11016	0	6	0	3	0	0	1	0	0	0	1	2	0	0	0	0	20	0	0	1	0	1	4	0	0	0	0	0	2	0	0	0	0	0
PeerJ	2022-01-01	8519177	125744	11134	0	6	1	3	0	0	2	4	0	0	5	2	0	0	1	0	46	0	0	1	0	0	0	0	0	0	0	0	2	0	0	0	0	0
PeerJ	2022-01-01	8522647	124413	11213	0	5	0	0	0	0	0	0	0	0	25	0	0	0	0	0	47	0	0	0	0	0	2	0	0	0	0	0	0	0	0	0	0	0
PeerJ	2022-01-01	8520396	132616	12404	0	3	0	0	0	0	0	7	0	0	1	2	0	0	0	0	7	0	1	1	0	0	0	0	0	0	0	0	0	0	0	0	0	0
PeerJ	2022-01-01	8515995	141998	12851	0	8	0	2	0	0	0	0	0	0	5	1	0	0	0	0	42	0	0	0	0	0	1	0	1	0	0	0	0	0	0	0	0	0
PeerJ	2022-01-01	8522645	130595	11985	0	8	0	0	0	1	2	1	0	1	3	0	0	0	0	0	19	0	0	1	0	0	0	0	0	0	0	0	0	0	0	0	0	0
PeerJ	2022-01-01	8522641	146243	11609	0	8	1	1	0	0	0	1	0	0	4	0	0	2	0	0	33	0	1	0	0	0	0	1	0	0	0	0	0	0	0	1	0	0
PeerJ	2022-01-01	8515994	136553	11398	0	12	0	0	0	0	2	0	0	3	0	1	0	0	0	0	21	0	0	1	0	0	0	0	2	0	0	0	0	0	0	0	0	0
PeerJ	2022-01-01	8520395	102644	9893	0	7	0	1	0	0	0	0	0	0	0	0	0	0	0	0	49	0	0	0	0	0	0	0	0	0	0	0	0	0	0	0	0	0
PeerJ	2022-01-01	8520688	126161	10762	0	19	0	2	0	0	0	0	0	0	2	4	0	0	0	0	14	0	0	3	0	0	0	0	1	0	0	0	0	0	0	0	0	0
PeerJ	2022-01-01	8522646	96547	8981	0	6	0	0	0	0	0	6	0	3	3	4	0	0	0	0	22	0	0	1	0	0	0	0	0	0	0	0	0	0	0	0	0	0
PeerJ	2022-01-01	8520692	114763	10082	0	14	0	2	0	0	1	1	0	0	0	5	0	0	0	0	24	0	0	1	0	0	0	0	0	0	0	0	0	0	0	0	0	0
PeerJ	2022-01-01	8519176	112516	9930	0	6	0	4	0	0	2	1	0	0	2	2	0	0	0	0	56	0	0	0	0	0	0	0	0	0	0	0	0	0	0	0	0	0
PeerJ	2022-01-01	8520689	125871	10848	0	17	0	1	0	1	0	1	0	0	0	3	0	0	0	0	23	0	1	0	0	0	0	0	0	0	0	0	0	0	0	0	0	0
PeerJ	2022-01-01	8533026	139904	14497	0	7	1	0	0	0	0	0	0	2	6	0	0	0	1	0	6	0	0	4	0	0	0	0	0	0	0	0	0	0	0	0	0	0
PeerJ	2022-01-01	8530099	143228	14365	0	3	0	3	0	0	0	2	0	0	22	0	0	0	0	0	17	0	0	0	0	0	1	0	0	0	0	0	0	0	0	0	0	0
PeerJ	2022-01-01	8541302	73528	7491	0	5	0	0	0	0	0	0	0	0	1	1	0	0	0	0	37	0	0	0	0	0	0	0	0	0	0	0	0	0	0	0	0	0
PeerJ	2022-01-01	8542373	295140	27498	0	7	1	0	0	0	0	0	0	4	3	0	0	0	1	0	18	0	0	0	0	0	0	0	0	0	0	0	0	0	0	0	0	0
PeerJ	2022-01-01	8532987	199069	18176	0	12	0	3	0	0	2	0	0	1	5	0	0	0	0	0	33	0	0	1	0	0	0	0	0	0	0	0	0	0	1	0	0	0
PeerJ	2022-01-01	8541319	107587	9626	0	14	0	0	0	0	3	0	0	0	0	3	0	0	0	0	15	0	0	1	0	0	0	0	0	0	0	0	0	0	0	0	0	0
PeerJ	2022-01-01	8542372	130276	10601	0	19	0	0	0	0	0	0	0	0	1	0	0	0	0	0	17	0	0	0	0	1	0	1	1	0	0	0	0	0	0	0	0	0
PeerJ	2022-01-01	8530093	129552	11175	0	7	0	0	0	0	1	0	0	0	0	0	0	0	0	0	20	0	0	1	0	0	0	0	0	0	0	0	0	0	0	0	0	0
PeerJ	2022-01-01	8541317	111263	9819	0	5	0	0	0	0	0	0	0	0	0	2	0	0	0	0	30	0	0	4	0	0	0	0	0	0	0	0	2	0	1	1	0	0
PeerJ	2022-01-01	8530103	97681	8967	0	18	0	2	0	0	2	1	0	0	16	1	0	0	0	0	18	0	0	2	0	0	0	1	0	0	0	0	0	0	0	0	0	0
PeerJ	2022-01-01	8544250	100117	9404	0	4	0	0	0	0	0	0	0	0	1	1	0	0	0	0	30	0	0	0	0	0	2	0	0	0	0	0	0	0	0	0	0	0
PeerJ	2022-01-01	8532989	129790	11412	0	11	0	0	0	0	0	4	0	1	14	3	0	0	1	0	44	0	0	0	0	0	1	0	0	0	0	0	0	0	0	0	0	0
PeerJ	2022-01-01	8530102	155352	12804	0	8	0	0	0	0	0	0	0	0	0	1	0	0	0	0	23	0	0	0	0	0	0	0	0	0	0	0	0	0	0	0	0	0
PeerJ	2022-01-01	8532979	149252	14099	0	3	0	3	0	1	0	0	0	0	2	0	0	0	0	0	14	0	1	6	0	0	0	5	0	0	0	0	0	0	0	1	0	0
PeerJ	2022-01-01	8544251	98269	9166	0	3	0	0	0	0	0	5	0	0	1	0	0	0	0	0	11	0	0	1	0	0	0	0	0	0	0	0	0	0	0	0	0	0
PeerJ	2022-01-01	8541307	133730	11665	0	13	0	0	0	0	1	1	0	0	0	2	0	0	0	0	26	0	0	4	0	0	0	0	0	0	0	0	0	0	0	0	0	0
PeerJ	2022-01-01	8542369	107829	9609	0	11	0	1	0	0	0	3	0	0	0	4	0	0	0	0	25	0	0	0	0	0	0	0	0	0	0	0	0	0	0	0	0	0
PeerJ	2022-01-01	8541326	98797	8964	0	16	0	0	0	0	0	3	0	0	1	2	0	0	1	0	12	0	0	4	0	1	0	0	0	0	0	0	0	0	0	0	0	0
PeerJ	2022-01-01	8544255	497128	36551	0	7	1	1	0	1	2	0	0	2	1	0	0	0	1	0	54	0	2	3	0	0	0	0	0	0	0	0	0	0	0	0	0	0
PeerJ	2022-01-01	8541303	81438	7393	0	11	0	0	0	0	0	1	0	0	3	2	0	0	0	0	12	0	0	0	0	1	0	0	0	0	0	0	0	0	0	0	0	0
PeerJ	2022-01-01	8544249	91148	8996	0	2	1	3	0	0	0	0	0	0	9	1	0	0	1	0	18	0	0	0	0	0	0	0	0	0	0	0	0	0	0	0	0	0
PeerJ	2022-01-01	8544256	116267	9925	0	16	1	0	0	0	0	1	0	0	0	2	0	0	0	0	8	0	0	0	0	0	0	0	0	0	0	0	0	0	3	0	0	0
PeerJ	2022-01-01	8532990	92942	8834	0	3	0	0	0	0	0	0	0	0	0	0	0	0	0	0	14	0	0	0	0	0	0	0	0	0	0	0	0	0	0	0	0	0
PeerJ	2022-01-01	8532992	66419	7008	0	5	0	0	0	0	5	6	0	0	10	0	0	0	0	0	2	0	0	0	0	0	0	0	0	0	0	0	0	0	0	0	0	0
PeerJ	2022-01-01	8542368	111487	9847	0	5	0	1	0	0	3	0	0	0	1	2	0	0	0	0	48	0	0	1	0	0	1	0	0	0	0	0	0	0	0	0	0	0
PeerJ	2022-01-01	8555506	77816	7117	0	7	0	1	0	0	0	1	0	0	0	4	0	0	0	0	10	0	0	0	0	0	0	0	0	0	0	0	0	0	0	0	0	0
PeerJ	2022-01-01	8559606	137315	13005	0	3	0	3	0	0	3	0	0	5	0	2	0	0	3	0	13	0	0	3	0	0	0	1	0	0	0	0	0	0	0	0	0	0
PeerJ	2022-01-01	8556713	173411	15461	0	8	1	0	0	0	0	2	0	2	11	0	0	0	1	0	56	0	0	0	0	0	0	0	1	0	0	0	0	0	0	0	0	0
PeerJ	2022-01-01	8567855	135357	11912	0	14	0	0	0	0	2	0	0	0	0	1	0	0	0	0	34	0	0	0	0	1	0	0	0	0	0	0	0	0	0	0	0	0
PeerJ	2022-01-01	8555496	153971	13448	0	5	0	0	0	1	0	0	0	0	5	2	0	0	0	0	32	0	0	3	0	0	0	0	0	0	0	0	1	0	0	0	0	0
PeerJ	2022-01-01	8559603	77068	6681	0	7	0	1	0	0	2	0	0	0	1	0	0	0	0	0	10	0	0	0	0	0	0	0	0	0	0	0	0	1	0	0	0	0
PeerJ	2022-01-01	8559605	136298	11443	0	5	0	0	0	0	0	6	0	0	1	3	0	0	0	0	32	0	0	0	0	0	0	0	0	0	0	0	0	0	0	0	0	0
PeerJ	2022-01-01	8556709	56014	5291	0	6	0	0	0	0	0	0	0	0	7	0	0	0	0	0	6	0	0	0	0	0	0	0	0	0	0	0	0	0	0	0	0	0
PeerJ	2022-01-01	8567858	159569	15197	0	8	0	3	0	0	0	2	0	0	2	0	0	0	0	0	8	0	0	1	0	0	0	0	0	0	0	0	0	0	0	0	0	0
PeerJ	2022-01-01	8556715	125247	11636	0	13	0	4	0	0	0	2	0	0	15	0	0	0	0	0	26	0	0	1	0	0	0	0	0	0	0	0	0	0	0	0	0	1
PeerJ	2022-01-01	8555504	117824	10407	0	13	0	0	0	0	4	0	0	0	2	0	0	0	0	0	27	0	0	3	0	0	1	0	0	0	0	0	1	0	0	0	0	0
PeerJ	2022-01-01	8552788	117409	10361	0	8	0	0	0	0	3	0	0	0	0	2	0	1	0	0	21	0	0	3	0	0	0	0	0	0	0	0	0	0	0	0	1	0
PeerJ	2022-01-01	8557692	92214	8134	0	11	0	2	0	0	0	3	0	0	0	1	0	0	0	0	3	0	0	0	0	0	0	0	1	0	0	0	1	0	1	0	0	0
PeerJ	2022-01-01	8557684	98326	9047	0	8	0	1	0	0	3	2	0	0	2	1	0	0	0	0	83	0	0	0	0	0	0	1	0	0	0	0	0	0	0	0	0	0
PeerJ	2022-01-01	8567857	119221	10613	0	7	0	6	0	0	0	0	0	0	0	0	0	0	0	0	12	0	0	0	0	0	0	0	0	0	0	0	0	0	0	0	0	0
PeerJ	2022-01-01	8557686	132558	11559	0	7	0	0	0	0	1	0	0	0	0	1	0	0	0	0	14	0	1	4	0	0	0	0	0	0	0	0	0	0	0	0	0	0
PeerJ	2022-01-01	8556712	151459	13667	0	10	0	3	0	0	1	8	0	0	0	0	0	0	1	0	50	0	0	6	0	0	0	0	1	0	0	0	0	0	0	0	0	0
PeerJ	2022-01-01	8556714	133175	11505	1	5	0	0	0	0	0	0	0	0	1	0	0	0	0	0	19	0	0	0	0	0	0	0	1	0	0	0	0	0	0	0	0	0
PeerJ	2022-01-01	8555497	76240	6606	0	4	0	0	0	0	0	6	0	1	0	0	0	0	0	0	16	0	0	0	0	0	0	0	0	0	0	0	0	0	0	0	0	0
PeerJ	2022-01-01	8555500	142063	13382	0	11	0	3	0	0	0	1	0	4	3	0	0	0	0	0	38	0	0	0	0	0	0	0	0	0	0	0	0	0	0	0	0	0
PeerJ	2022-01-01	8552790	121499	10928	0	6	0	1	0	0	3	0	0	0	0	3	0	0	0	0	18	0	1	0	0	0	0	1	0	0	0	0	0	0	0	0	0	0
PeerJ	2022-01-01	8557688	92056	8466	0	8	0	0	0	0	3	0	0	0	4	4	0	0	0	0	18	0	0	2	0	0	0	0	0	0	0	0	0	0	0	0	0	0
PeerJ	2022-01-01	8552779	100884	8193	0	2	0	0	0	0	0	0	0	0	0	1	0	0	1	0	32	0	0	1	0	0	1	0	0	0	0	0	0	0	0	0	0	0
PeerJ	2022-01-01	8567851	69992	5945	0	5	0	0	0	0	1	0	0	0	0	0	0	0	0	0	9	0	0	0	0	0	0	0	0	0	0	0	0	0	0	0	0	0
PeerJ	2022-01-01	8555502	278937	23788	0	21	0	1	0	0	0	2	0	0	10	1	0	1	1	0	30	0	0	1	0	0	1	0	0	0	0	0	2	0	0	0	0	5
PeerJ	2022-01-01	8570164	117000	9093	0	21	0	0	0	0	1	0	0	0	13	1	0	0	1	0	7	0	0	0	0	0	0	1	0	0	0	0	0	0	0	1	0	0
PeerJ	2022-01-01	8572521	182061	16312	0	13	1	0	0	0	0	1	0	3	0	4	0	0	0	0	18	0	0	3	0	0	0	0	0	0	0	0	0	0	0	0	0	0
PeerJ	2022-01-01	8570175	90298	9338	0	4	0	2	0	0	0	1	0	7	28	0	0	0	0	0	17	0	0	2	0	0	3	0	0	0	0	1	1	0	0	0	0	0
PeerJ	2022-01-01	8570176	124408	11043	0	4	0	0	0	0	1	0	0	0	11	0	0	0	0	0	27	0	0	3	0	0	0	0	0	0	0	0	0	0	0	0	0	0
PeerJ	2022-01-01	8570171	77061	6333	0	3	0	0	0	0	1	0	0	0	0	0	0	0	1	0	45	0	0	1	0	1	0	0	2	0	0	0	0	0	0	0	0	0
PeerJ	2022-01-01	8570163	227661	19193	0	10	0	1	0	0	2	4	0	0	1	1	0	0	1	0	29	0	0	6	0	0	1	0	0	0	0	0	2	0	0	0	0	0
PeerJ	2022-01-01	8570159	71795	6267	0	2	1	0	0	0	0	2	0	0	0	2	0	0	0	0	4	0	0	0	0	0	0	0	0	0	0	0	0	0	0	0	0	0
PeerJ	2022-01-01	8570165	174735	14546	0	24	0	1	0	0	0	1	0	0	1	5	0	1	2	0	24	0	0	2	0	0	0	6	0	0	0	0	1	0	0	0	0	0
PeerJ	2022-01-01	8582303	92737	7821	0	9	0	0	0	0	2	0	0	0	0	1	0	0	0	0	26	0	0	1	0	0	0	0	0	0	0	0	0	0	0	0	0	0
PeerJ	2022-01-01	8574216	142127	15897	0	17	0	6	0	0	3	11	0	11	0	0	0	0	0	0	18	0	1	0	0	0	2	0	1	0	0	0	0	0	0	0	0	0
PeerJ	2022-01-01	8571955	130438	12182	0	8	0	0	0	0	6	10	0	0	0	1	0	0	1	0	76	0	0	3	0	0	0	0	1	0	0	0	0	0	0	0	0	1
PeerJ	2022-01-01	8570177	133356	11968	0	6	0	4	0	0	6	1	0	0	3	0	0	0	1	0	47	0	0	1	0	0	0	0	0	0	0	0	0	0	0	0	0	0
PeerJ	2022-01-01	8571957	81089	7273	0	15	0	0	0	0	0	2	0	0	0	0	0	0	0	0	16	0	0	1	0	0	0	0	0	0	0	0	0	1	0	0	0	0
PeerJ	2022-01-01	8570157	7218	593	0	0	0	0	0	0	0	1	0	0	1	0	0	0	1	0	5	0	0	1	0	0	0	0	0	0	0	0	0	0	0	0	0	0
PeerJ	2022-01-01	8572522	176003	16062	0	17	0	4	0	0	1	0	0	0	2	1	0	0	0	0	61	0	0	2	0	0	2	1	0	0	0	0	0	0	3	0	0	0
PeerJ	2022-01-01	8570166	89227	8601	0	9	0	0	0	0	0	0	0	6	0	3	0	1	11	0	8	0	0	0	0	0	0	0	0	0	0	0	0	0	1	0	0	0
PeerJ	2022-01-01	8572524	146266	12142	0	8	0	1	1	0	2	1	0	0	2	2	0	0	0	0	14	0	0	2	0	0	0	0	0	0	0	0	0	0	0	0	0	0
PeerJ	2022-01-01	8582302	119812	10470	0	7	0	4	0	0	2	2	0	1	2	5	0	0	1	0	35	0	0	4	0	0	1	0	0	0	0	0	0	0	0	0	0	0
PeerJ	2022-01-01	8571961	273905	19142	0	7	0	1	0	0	3	0	0	4	1	0	0	0	0	0	68	0	0	0	0	1	0	0	0	0	0	0	0	0	0	0	0	0
PeerJ	2022-01-01	8572520	127328	11506	0	10	0	4	0	0	0	1	0	0	1	1	0	0	0	0	37	0	0	0	0	0	0	0	0	0	0	0	0	0	0	0	0	0
PeerJ	2022-01-01	8571958	154603	12253	0	10	0	0	0	0	1	1	0	0	0	8	0	0	0	0	21	0	2	3	0	0	0	0	0	0	0	0	0	0	0	0	1	0
PeerJ	2022-01-01	8574217	159952	13036	0	21	0	2	0	0	1	2	0	0	12	0	0	0	0	0	11	0	0	2	0	0	0	0	0	0	0	0	0	0	0	0	0	0
PeerJ	2022-01-01	8570173	116648	10044	0	9	0	2	0	0	0	2	0	0	0	5	0	0	0	0	18	0	0	1	0	0	0	0	0	0	0	0	0	0	0	0	0	0
PeerJ	2022-01-01	8572519	144648	12324	0	10	0	1	0	2	1	1	0	1	1	1	0	0	0	0	18	0	0	0	0	0	0	0	0	0	0	0	1	0	0	0	0	0
PeerJ	2022-01-01	8570160	165820	16673	0	17	0	1	0	0	3	0	0	0	1	1	0	0	0	0	41	0	0	2	0	1	0	0	0	0	0	0	0	0	0	0	0	0
PeerJ	2022-01-01	8590391	90756	9014	0	4	0	1	0	0	0	2	0	0	0	2	0	0	0	0	14	0	0	1	0	0	0	0	1	0	0	0	0	0	0	0	0	0
PeerJ	2022-01-01	8590396	140572	12851	0	14	1	0	0	0	0	0	0	2	1	4	0	0	0	0	25	0	0	3	0	0	1	0	0	0	0	0	0	0	0	0	0	0
PeerJ	2022-01-01	8590805	137788	12043	0	19	0	0	0	0	3	2	0	4	1	2	0	0	0	0	19	0	1	1	0	0	0	1	0	0	0	0	0	0	0	0	0	0
PeerJ	2022-01-01	8590390	140602	13020	0	12	0	9	0	0	1	2	0	0	1	2	0	0	0	0	38	0	0	0	0	0	0	0	0	0	0	0	0	0	0	0	0	0
PeerJ	2022-01-01	8590395	170020	13902	0	12	0	1	0	0	8	1	0	1	0	2	0	0	0	0	29	0	0	3	0	1	0	0	0	0	0	0	0	1	0	0	0	0
PeerJ	2022-01-01	8590394	186128	17137	0	5	0	1	0	0	0	2	0	1	7	1	0	2	1	0	78	0	0	0	0	0	0	0	1	0	0	0	0	0	0	0	0	0
PeerJ	2022-01-01	8592050	151613	12747	0	18	0	1	0	0	0	30	0	0	3	1	0	1	0	0	40	0	0	1	0	0	0	1	0	0	0	0	0	0	0	0	0	0
PeerJ	2022-01-01	8588853	140324	12662	0	5	0	9	0	0	0	0	0	0	2	0	0	0	0	0	67	0	0	0	0	0	1	0	0	0	0	0	0	0	0	0	0	0
PeerJ	2022-01-01	8588851	114447	10127	0	6	0	0	0	0	0	0	0	0	1	1	0	0	0	0	13	0	1	2	0	0	0	0	0	0	0	0	0	0	0	0	0	0
PeerJ	2022-01-01	8601055	149052	14713	0	6	1	0	0	0	1	0	0	9	0	0	0	0	0	0	5	0	0	0	0	0	1	0	0	0	0	0	0	0	1	0	0	0
PeerJ	2022-01-01	8588852	55454	5455	0	3	0	0	0	0	2	0	0	0	6	1	0	0	0	0	11	0	0	0	0	0	0	0	0	0	0	0	0	0	0	0	0	0
PeerJ	2022-01-01	8590802	135174	12958	0	12	0	1	0	0	4	4	0	0	5	6	0	0	0	0	25	0	0	2	0	0	1	0	0	0	0	0	1	0	0	0	0	0
PeerJ	2022-01-01	8592049	100977	9559	0	11	0	0	0	0	0	2	0	0	1	0	0	1	0	0	12	0	0	1	0	0	0	0	0	0	0	0	0	0	0	0	0	0
PeerJ	2022-01-01	8588862	102438	9901	0	4	0	0	0	0	1	0	0	0	15	1	0	0	0	0	23	0	0	4	0	0	0	0	0	0	0	0	0	0	0	0	0	0
PeerJ	2022-01-01	8588854	143240	12466	0	14	0	0	0	0	2	0	0	0	1	0	0	0	2	0	9	0	0	0	0	0	0	2	0	0	0	0	0	0	0	0	0	0
PeerJ	2022-01-01	8588864	88140	8360	0	5	0	2	0	0	0	2	0	0	1	2	0	0	0	0	47	0	0	0	0	0	0	0	0	0	0	0	0	0	0	0	0	0
PeerJ	2022-01-01	8592047	136479	12341	0	9	0	14	0	0	0	0	0	1	0	0	0	0	0	0	22	0	0	1	0	0	0	0	0	0	0	0	0	0	0	0	0	0
PeerJ	2022-01-01	8601059	141014	13178	0	12	0	2	0	0	3	2	0	0	1	1	0	0	0	0	36	0	0	3	0	0	0	0	0	0	0	0	0	0	0	0	0	0
PeerJ	2022-01-01	8588858	119790	11248	0	13	0	1	0	0	3	0	0	0	0	1	0	1	0	0	17	0	0	0	0	0	1	0	0	0	0	0	0	0	0	0	0	0
PeerJ	2022-01-01	8588857	152143	14651	0	86	0	0	0	0	0	0	0	0	8	1	0	0	0	0	52	0	2	2	0	0	2	0	0	0	0	0	0	0	1	0	0	0
PeerJ	2022-01-01	8601053	141804	13628	0	23	0	3	0	0	1	0	0	0	1	2	0	0	0	0	7	0	0	0	0	0	1	0	0	0	0	0	0	0	0	0	0	0
PeerJ	2022-01-01	8588856	174248	15155	0	8	1	0	0	0	0	3	0	0	5	0	0	0	0	0	18	0	2	1	0	0	0	3	0	0	0	0	0	2	0	0	0	0
PeerJ	2022-01-01	8590800	136513	11170	0	8	0	2	0	0	1	0	0	1	0	0	0	0	0	0	24	0	0	0	0	0	0	0	0	0	0	0	0	0	0	0	0	0
PeerJ	2022-01-01	8588863	151685	12586	0	14	0	0	0	0	4	2	0	0	1	0	0	0	0	0	35	0	0	0	0	0	0	0	0	0	0	0	0	0	0	0	0	0
PeerJ	2022-01-01	8588865	98913	10388	0	3	0	0	0	0	0	0	0	0	0	0	0	0	0	0	16	0	0	3	0	0	1	0	0	0	0	0	0	0	0	0	0	0
PeerJ	2022-01-01	8614190	148746	12823	0	7	0	3	0	0	1	0	0	5	3	3	0	4	0	0	14	0	0	0	0	0	0	2	0	0	0	0	0	0	0	0	0	0
PeerJ	2022-01-01	8607929	125710	11164	0	13	0	3	0	0	0	0	0	0	8	2	0	0	0	0	17	0	0	1	0	0	0	0	0	0	0	0	0	0	0	0	0	0
PeerJ	2022-01-01	8603817	176843	16340	0	29	1	3	0	0	2	1	0	0	18	2	0	0	1	0	26	0	0	1	0	0	0	0	0	0	0	0	0	0	0	0	0	0
PeerJ	2022-01-01	8607932	144787	11799	0	16	0	0	0	0	2	0	0	1	0	1	0	0	0	0	9	0	0	0	0	0	0	0	0	0	0	0	0	0	0	0	0	0
PeerJ	2022-01-01	8605761	133935	13631	0	7	1	0	0	0	2	9	0	5	5	2	0	0	0	0	55	0	0	2	0	0	0	0	0	0	0	0	0	1	0	1	0	0
PeerJ	2022-01-01	8605757	168782	15128	0	12	0	0	0	0	1	0	0	0	3	0	0	0	0	0	25	0	0	4	0	0	0	0	1	0	0	0	0	0	0	0	0	0
PeerJ	2022-01-01	8606120	90051	9632	0	19	0	0	0	0	2	5	0	9	3	7	0	0	1	0	58	0	0	2	0	2	1	1	0	0	0	0	0	0	0	0	0	0
PeerJ	2022-01-01	8605762	146216	14825	0	6	0	2	0	2	0	1	0	10	6	0	0	0	2	0	23	0	0	3	0	0	2	0	0	0	0	0	0	0	0	1	0	0
PeerJ	2022-01-01	8606161	206297	17818	0	22	0	3	0	1	3	0	0	2	3	2	0	2	0	1	60	0	0	2	0	0	1	0	0	0	0	0	0	0	0	0	0	0
PeerJ	2022-01-01	8603829	66591	7349	0	1	0	0	0	0	0	1	0	1	10	0	0	0	0	0	21	0	0	0	0	0	1	0	1	0	0	0	0	0	0	0	0	0
PeerJ	2022-01-01	8614191	203550	17878	0	15	0	3	0	0	2	1	0	0	11	4	0	0	0	0	76	0	0	3	0	0	0	0	0	0	0	0	0	0	0	0	0	0
PeerJ	2022-01-01	8603816	104067	8996	0	6	0	1	0	0	5	5	0	1	0	3	0	0	0	0	17	0	0	0	0	0	0	0	0	0	0	0	0	0	0	0	0	0
PeerJ	2022-01-01	8603819	94328	8779	0	4	1	7	0	0	2	3	0	0	0	0	0	0	0	1	15	0	0	1	0	0	1	0	0	0	0	0	0	0	0	0	0	0
PeerJ	2022-01-01	8607928	71303	6397	0	3	0	0	0	0	0	0	0	0	4	0	0	0	0	0	49	0	0	0	0	0	1	0	0	0	0	0	0	0	0	0	0	0
PeerJ	2022-01-01	8614189	95439	8866	0	3	0	0	0	5	0	2	0	1	0	1	0	0	0	0	24	0	0	1	0	0	1	0	0	0	0	0	0	0	0	0	0	0
PeerJ	2022-01-01	8606162	144874	11514	0	20	0	0	0	0	4	1	0	0	0	1	0	0	0	0	16	0	0	0	0	1	0	0	0	0	0	0	0	0	0	0	0	0
PeerJ	2022-01-01	8605760	139602	12875	0	4	1	7	0	0	0	0	0	7	4	0	0	0	0	0	16	0	0	5	0	0	1	0	0	0	0	0	0	0	0	0	0	0
PeerJ	2022-01-01	8603832	75438	6779	0	2	0	0	0	0	3	0	0	0	0	0	0	0	0	0	25	0	0	0	0	0	0	0	0	0	0	0	0	0	0	0	0	0
PeerJ	2022-01-01	8607931	110034	9830	0	3	0	1	0	0	2	0	0	20	7	0	0	1	0	0	8	0	0	1	0	0	0	0	0	0	0	0	0	0	0	0	0	0
PeerJ	2022-01-01	8603814	86788	8172	0	12	0	2	0	0	2	2	0	0	0	2	0	0	0	0	37	0	0	1	0	0	0	0	0	0	0	0	0	0	0	0	0	0
PeerJ	2022-01-01	8614188	99044	8903	0	6	0	4	0	0	1	1	0	0	4	3	0	0	0	0	24	0	0	0	0	0	0	0	0	0	0	0	0	0	0	0	0	0
PeerJ	2022-01-01	8605758	136232	12919	0	32	0	2	0	1	0	0	0	0	5	0	0	1	0	0	6	0	0	0	0	0	0	1	1	0	0	0	2	0	0	0	0	0
PeerJ	2022-01-01	8603818	105274	9041	0	21	0	0	0	0	0	0	0	0	0	1	0	0	0	0	23	0	0	1	0	0	0	0	0	0	0	0	0	0	0	0	0	0
PeerJ	2022-01-01	8603831	119974	10347	0	22	0	1	0	1	0	0	0	0	3	1	0	0	0	0	21	0	0	3	0	0	0	0	0	0	0	0	0	0	0	0	0	0
PeerJ	2022-01-01	8607927	106777	9409	0	7	0	1	0	0	0	2	0	0	10	0	0	1	1	0	30	0	0	1	0	0	0	0	2	0	0	0	0	1	0	0	0	0
PeerJ	2022-01-01	8638565	116280	10983	0	7	0	1	0	0	2	1	0	0	0	2	0	0	1	0	25	0	0	2	0	1	0	0	0	0	0	0	0	0	0	0	0	1
PeerJ	2022-01-01	8627653	108101	8939	0	8	0	0	0	0	2	0	0	0	0	0	0	0	0	0	17	0	0	0	0	0	0	0	0	0	0	0	0	0	0	0	0	0
PeerJ	2022-01-01	8638566	130009	11854	0	6	1	0	0	1	0	0	0	2	3	0	0	0	0	0	38	0	0	0	0	0	0	0	0	0	0	0	0	0	0	0	0	0
PeerJ	2022-01-01	8627652	94733	8354	0	18	0	0	0	0	2	2	0	1	1	1	0	0	0	0	20	0	0	2	0	0	0	0	0	0	0	0	0	0	0	0	0	0
PeerJ	2022-01-01	8621709	100817	9707	0	10	0	1	0	0	0	4	0	2	0	2	0	0	0	0	53	0	0	0	0	0	0	0	0	0	0	0	0	0	0	0	0	0
PeerJ	2022-01-01	8627128	150819	13273	0	8	0	1	0	0	0	2	0	0	1	4	0	0	0	0	45	0	0	0	0	0	0	0	0	0	0	0	0	1	0	0	0	0
PeerJ	2022-01-01	8627129	127920	9873	0	7	0	0	0	0	1	0	0	0	0	0	0	0	0	0	13	0	0	3	0	0	0	0	0	0	0	0	0	0	0	0	0	0
PeerJ	2022-01-01	8627126	138087	12680	0	13	1	6	0	0	0	4	0	1	12	10	0	0	0	1	40	0	0	0	0	0	1	0	0	0	0	0	0	0	0	0	0	0
PeerJ	2022-01-01	8643103	137400	11861	0	7	0	0	0	1	1	2	0	0	1	0	0	0	0	0	25	0	0	0	0	0	0	0	0	0	0	0	0	0	0	0	0	0
PeerJ	2022-01-01	8621710	97542	8621	0	4	0	0	0	0	0	1	0	0	1	2	0	0	0	0	43	0	0	0	0	0	2	1	0	0	0	0	0	0	0	0	0	0
PeerJ	2022-01-01	8621711	58163	6215	0	5	0	0	0	0	3	0	0	1	0	0	0	0	0	0	12	0	0	0	0	0	0	0	0	0	0	0	0	0	0	0	0	0
PeerJ	2022-01-01	8621708	105784	10673	0	12	0	6	0	0	0	0	0	0	0	3	0	0	1	0	26	0	0	0	0	1	0	2	1	0	0	0	0	0	0	0	1	0
PeerJ	2022-01-01	8627127	133661	11390	0	12	0	0	0	2	1	3	0	0	0	1	0	0	0	0	23	0	0	0	0	0	0	0	0	0	0	0	0	0	0	0	0	0
PeerJ	2022-01-01	8627131	181655	17423	0	5	0	2	0	0	0	2	0	0	0	0	0	0	0	0	60	0	0	1	0	0	2	0	1	0	0	0	0	0	0	0	0	0
PeerJ	2022-01-01	8641487	144249	12626	0	9	1	0	0	1	0	2	0	0	2	0	0	0	0	0	23	0	0	1	0	0	0	0	0	0	0	0	0	0	0	0	0	0
PeerJ	2022-01-01	8628619	85477	7931	0	8	0	0	0	0	0	2	0	0	4	6	0	1	0	0	27	0	0	0	0	0	0	1	0	0	0	0	1	0	0	0	0	0
PeerJ	2022-01-01	8621782	114246	9266	0	5	0	3	0	0	2	3	0	3	0	1	0	0	0	0	43	0	0	0	0	0	2	0	0	0	0	0	0	0	0	0	0	0
PeerJ	2022-01-01	8627130	220093	19303	0	9	0	3	0	0	1	0	0	0	1	3	0	0	0	0	35	0	0	2	0	0	0	0	0	0	0	0	0	0	0	0	0	0
PeerJ	2022-01-01	8627657	134526	13183	0	10	0	1	0	0	0	2	0	1	0	0	0	0	0	0	78	0	0	0	0	0	0	0	0	0	0	0	0	0	0	0	0	0
PeerJ	2022-01-01	8628624	105725	9827	0	16	0	1	0	0	3	0	0	0	8	6	0	0	0	0	18	0	0	0	0	0	0	0	0	0	0	0	0	0	0	0	0	0
PeerJ	2022-01-01	8641485	126977	10468	0	16	0	0	0	0	0	0	0	1	1	2	0	0	0	0	15	0	0	1	0	1	0	0	0	0	0	0	0	0	0	0	0	1
PeerJ	2022-01-01	8627656	135021	11870	0	19	0	1	0	0	8	0	0	0	1	0	0	0	0	0	22	0	0	0	0	2	0	0	0	0	0	0	0	0	0	0	0	0
PeerJ	2022-01-01	8621781	115291	10484	0	3	0	2	0	1	0	1	0	3	4	0	0	0	0	0	18	0	0	0	0	0	0	0	0	0	0	0	0	0	0	0	0	0
PeerJ	2022-01-01	8641482	117643	11020	0	9	0	0	0	0	1	0	0	0	0	0	0	0	1	0	14	0	0	0	0	0	0	0	1	0	0	0	2	0	0	0	0	0
PeerJ	2022-01-01	8627654	142721	12242	0	14	0	2	0	0	1	1	0	0	16	0	0	0	0	0	26	0	0	1	0	0	0	0	0	0	0	0	0	0	0	0	0	2
PeerJ	2022-01-01	8663631	158558	14083	0	12	0	9	0	0	0	1	0	0	2	2	0	0	0	0	24	0	0	0	0	0	1	0	0	0	0	0	0	0	0	0	0	0
PeerJ	2022-01-01	8667735	146683	14010	0	5	0	0	0	0	0	0	0	0	0	1	0	0	1	0	15	0	0	1	0	1	0	1	0	0	0	0	0	1	0	0	0	0
PeerJ	2022-01-01	8656375	69179	6954	0	6	0	0	0	0	0	1	0	1	2	3	0	0	0	0	15	0	0	0	0	0	0	0	0	0	0	0	0	0	0	1	0	0
PeerJ	2022-01-01	8656384	137990	12388	0	25	0	0	0	0	2	0	0	1	1	2	0	0	4	0	12	0	0	0	0	0	0	0	0	0	0	1	0	0	0	0	0	0
PeerJ	2022-01-01	8647716	127633	11093	0	4	0	3	0	0	0	0	0	0	4	7	0	0	1	0	38	0	0	3	0	0	0	0	2	0	0	0	0	0	0	0	0	0
PeerJ	2022-01-01	8645204	98631	8844	0	3	0	0	0	0	0	1	0	0	1	0	0	0	0	0	6	0	0	0	0	0	0	0	0	0	0	0	0	0	0	0	0	0
PeerJ	2022-01-01	8667742	156537	14258	0	12	0	0	0	0	2	0	0	0	2	0	0	0	0	0	25	0	0	0	0	0	0	2	0	0	0	0	0	0	0	0	0	0
PeerJ	2022-01-01	8647717	166751	12755	0	6	2	1	0	0	0	0	0	5	52	2	0	0	1	0	41	0	0	0	0	0	0	0	0	0	0	0	0	0	0	0	0	0
PeerJ	2022-01-01	8663652	146144	16519	0	3	0	0	0	14	0	4	0	0	0	1	0	0	0	0	13	0	0	0	0	0	0	0	0	0	0	0	0	0	1	4	0	0
PeerJ	2022-01-01	8656386	124859	10691	0	8	0	0	0	0	1	0	0	0	0	0	0	0	1	0	17	0	0	1	0	0	0	0	0	0	0	0	0	0	0	0	0	0
PeerJ	2022-01-01	8656372	70519	6457	0	4	0	3	0	0	0	1	0	0	3	5	0	0	0	0	37	0	0	0	0	0	0	0	0	0	0	0	0	0	0	0	0	0
PeerJ	2022-01-01	8663626	107648	8942	0	7	0	0	0	0	0	0	0	1	3	1	0	0	0	0	14	0	0	0	0	0	0	0	0	0	0	0	0	0	0	0	0	0
PeerJ	2022-01-01	8647715	107945	9165	0	2	0	2	0	0	0	2	0	1	0	1	0	0	0	0	13	0	0	3	0	0	0	1	0	0	0	0	0	0	0	0	0	0
PeerJ	2022-01-01	8663621	121637	10678	0	8	1	0	0	0	0	1	0	0	0	0	0	0	0	0	25	0	0	0	0	0	0	0	0	0	0	0	0	1	0	0	0	0
PeerJ	2022-01-01	8663623	72861	6536	0	8	0	0	0	0	0	0	0	0	0	7	0	0	0	0	26	0	0	0	0	0	0	0	0	0	0	0	0	0	0	0	0	0
PeerJ	2022-01-01	8663654	125366	11152	0	16	0	2	0	0	0	2	0	2	0	1	0	0	0	0	17	0	0	1	0	0	0	0	0	0	0	0	0	0	0	0	0	0
PeerJ	2022-01-01	8663612	134142	13990	0	7	0	2	0	0	0	5	0	49	1	0	0	0	0	0	24	0	0	5	0	0	0	0	0	0	0	0	0	0	0	0	0	0
PeerJ	2022-01-01	8663655	114334	9802	0	15	0	3	0	0	1	2	0	0	1	0	0	0	0	0	15	0	0	1	0	0	0	0	0	0	0	0	0	0	0	0	0	0
PeerJ	2022-01-01	8667738	99303	9008	0	7	0	2	0	0	0	2	0	0	10	3	0	0	2	0	26	0	0	2	0	0	0	0	0	0	0	0	0	1	0	0	0	3
PeerJ	2022-01-01	8645205	100577	8186	0	4	0	2	0	0	0	0	0	0	0	0	0	0	0	0	9	0	0	0	0	0	0	0	0	0	0	0	0	0	0	0	0	0
PeerJ	2022-01-01	8667761	132341	12275	0	13	1	2	0	0	0	0	0	0	18	5	0	0	0	0	40	0	0	6	0	0	0	0	0	0	0	0	2	0	0	0	0	0
PeerJ	2022-01-01	8663619	95748	9008	0	4	0	5	0	0	4	5	0	0	0	6	0	0	0	0	60	0	0	0	0	0	2	0	4	0	0	0	0	0	0	0	0	0
PeerJ	2022-01-01	8663620	117480	9728	0	6	1	1	0	0	4	4	0	0	1	4	0	0	0	0	21	0	0	1	0	0	0	0	0	0	0	0	0	0	0	0	0	0
PeerJ	2022-01-01	8684321	121514	10586	0	11	0	0	0	0	1	2	0	0	0	0	0	0	0	0	12	0	0	2	0	0	0	0	0	0	0	0	0	0	0	0	0	0
PeerJ	2022-01-01	8667754	141497	11446	0	25	0	1	0	0	1	0	0	0	6	4	0	0	0	0	39	0	0	1	0	0	1	1	0	0	0	0	0	0	0	0	0	0
PeerJ	2022-01-01	8667721	135542	11180	0	22	0	2	0	0	0	0	0	0	0	0	0	0	0	0	42	0	0	0	0	0	0	0	1	0	0	0	0	0	0	0	0	0
PeerJ	2022-01-01	8667718	106739	9120	0	6	0	2	0	0	2	1	0	0	0	3	0	0	0	0	19	0	0	1	0	0	1	0	0	0	0	0	0	0	0	0	0	0
PeerJ	2022-01-01	8667724	235065	21436	0	20	0	1	0	0	0	41	0	0	0	0	0	0	26	0	14	0	0	1	0	1	1	1	0	0	0	0	0	1	1	0	0	0
PeerJ	2022-01-01	8679960	189378	14552	0	15	0	1	0	0	0	1	0	1	11	4	0	0	0	0	15	0	0	2	0	0	1	0	0	0	0	0	0	0	0	0	0	0
PeerJ	2022-01-01	8684317	145758	12879	0	14	0	1	0	0	2	1	0	1	25	0	0	1	1	0	32	0	1	2	0	0	0	2	0	0	0	0	0	0	0	0	0	0
PeerJ	2022-01-01	8684323	146093	14328	0	3	0	0	1	1	0	1	0	1	0	4	0	0	0	0	26	0	0	0	0	0	0	0	0	0	0	0	0	0	0	0	0	0
PeerJ	2022-01-01	8667740	77925	6534	0	6	0	0	0	0	1	0	0	0	0	1	0	0	0	0	15	0	0	0	0	0	0	0	0	0	0	0	0	0	1	0	0	0
PeerJ	2022-01-01	8679901	157772	14035	0	5	0	0	0	0	0	0	0	0	2	4	0	0	0	0	22	0	0	0	0	0	0	0	0	0	0	0	0	0	0	0	0	0
PeerJ	2022-01-01	8675255	120563	10769	0	8	0	2	0	0	0	2	0	1	0	2	0	0	0	0	23	0	0	4	0	0	0	0	0	0	0	0	0	0	0	0	0	0
PeerJ	2022-01-01	8667750	155408	13103	0	9	1	0	0	0	6	0	0	0	1	8	0	0	0	0	18	0	0	1	0	2	0	0	0	0	0	0	0	0	0	0	0	0
PeerJ	2022-01-01	8684326	174160	15731	0	7	0	4	0	0	1	0	0	0	3	7	0	1	0	0	27	0	0	1	0	0	0	0	0	0	0	0	0	0	0	0	0	0
PeerJ	2022-01-01	8675262	149481	12582	0	31	0	2	0	0	5	0	0	0	1	1	0	0	1	0	27	0	0	0	0	0	1	0	0	0	0	0	0	0	0	0	0	0
PeerJ	2022-01-01	8667746	93372	8346	0	4	0	0	0	0	0	0	0	0	0	1	0	0	0	0	30	0	0	0	0	0	1	0	0	0	0	0	0	0	0	0	0	0
PeerJ	2022-01-01	8675248	130759	11194	0	16	1	1	0	0	2	5	0	0	0	2	0	0	0	0	27	0	0	2	0	0	0	1	0	0	0	0	0	0	0	0	0	0
PeerJ	2022-01-01	8679913	151821	13340	0	29	1	1	0	0	1	2	0	1	0	3	0	0	0	0	12	0	0	3	0	0	0	3	0	0	0	0	1	0	0	0	0	0
PeerJ	2022-01-01	8679954	59403	5485	0	8	0	0	0	0	0	1	0	0	0	0	0	0	0	0	12	0	0	1	0	0	0	0	0	0	0	0	0	0	0	0	0	0
PeerJ	2022-01-01	8667720	141934	12229	0	20	0	0	0	0	6	1	0	0	1	1	0	0	0	0	26	0	0	1	0	0	0	2	0	0	0	0	0	0	0	0	0	0
PeerJ	2022-01-01	8667716	113468	9869	0	10	0	0	0	0	2	3	0	0	4	3	0	0	0	0	13	0	0	0	0	0	0	0	0	0	0	0	0	0	0	0	0	0
PeerJ	2022-01-01	8679902	105792	8874	0	3	1	0	0	0	5	0	0	0	0	6	0	0	0	0	20	0	0	1	0	2	0	0	0	0	0	0	0	0	0	0	0	0
PeerJ	2022-01-01	8679908	153743	13775	0	7	0	0	0	0	0	9	0	2	16	5	0	0	10	0	15	0	0	0	0	0	1	0	0	0	0	0	0	0	0	0	0	0
PeerJ	2022-01-01	8667744	342664	28830	0	4	0	1	0	0	4	0	0	2	2	6	0	0	1	0	97	0	0	3	0	0	3	0	1	0	0	0	0	0	0	0	0	0
PeerJ	2022-01-01	8667743	92989	7718	0	9	0	1	0	0	0	0	0	0	0	5	0	0	1	0	15	0	0	0	0	0	0	0	0	0	0	0	0	0	0	0	0	0
PeerJ	2022-01-01	8679910	180963	14995	0	17	0	0	0	0	1	0	0	0	0	0	0	0	0	0	23	0	0	5	0	0	0	0	0	0	0	0	0	0	0	0	0	0
PeerJ	2022-01-01	8697769	218280	17701	0	23	1	1	0	0	4	0	0	6	3	15	0	0	0	0	20	0	0	0	0	0	0	0	0	0	0	0	0	1	1	0	0	0
PeerJ	2022-01-01	8697770	166353	14218	0	24	0	2	0	0	1	0	0	0	1	2	0	0	0	0	36	0	0	0	0	0	1	0	0	0	0	0	0	0	0	0	0	0
PeerJ	2022-01-01	8706331	269789	24935	0	43	0	0	0	0	1	0	0	1	3	2	0	0	2	0	34	0	0	3	0	0	0	0	0	0	0	0	0	0	0	1	0	0
PeerJ	2022-01-01	8684722	131359	11646	0	14	0	1	0	0	0	0	0	0	0	2	0	0	0	0	22	0	0	6	0	0	1	0	0	0	0	0	0	0	0	0	0	0
PeerJ	2022-01-01	8706330	69199	6666	0	3	0	0	0	0	0	2	0	0	1	1	0	0	0	1	45	0	0	0	0	0	0	0	0	0	0	0	0	0	0	0	0	0
PeerJ	2022-01-01	8686734	128793	11938	0	22	0	6	0	1	1	2	0	1	0	4	0	0	0	0	13	0	0	1	0	0	0	0	0	0	0	0	0	0	0	0	0	0
PeerJ	2022-01-01	8710046	115101	10444	0	4	0	0	0	0	4	0	0	0	3	0	0	1	0	0	21	0	0	0	0	0	0	0	0	0	0	0	0	0	0	0	0	0
PeerJ	2022-01-01	8710050	116950	10685	0	16	0	0	0	0	2	0	0	0	2	0	0	0	0	0	35	0	0	0	0	0	0	0	0	0	0	0	0	0	0	0	0	0
PeerJ	2022-01-01	8686731	114634	11446	0	15	1	5	0	0	0	0	0	0	8	1	0	0	0	0	26	0	0	0	0	0	4	1	1	0	2	0	1	0	0	0	0	0
PeerJ	2022-01-01	8697771	87511	9146	0	5	0	0	0	0	0	0	0	0	0	5	0	0	1	0	26	0	0	1	0	0	0	0	0	0	0	0	0	0	0	0	0	0
PeerJ	2022-01-01	8684720	129801	11850	0	29	1	1	0	0	1	4	0	3	0	1	0	0	3	0	19	0	0	0	0	0	0	0	0	0	0	0	0	0	0	0	0	0
PeerJ	2022-01-01	8710051	99847	9107	0	5	0	0	0	0	4	0	0	1	0	1	0	0	0	0	34	0	0	2	0	0	1	0	0	0	0	0	1	0	0	0	0	0
PeerJ	2022-01-01	8706337	174589	15580	0	23	0	1	0	0	1	0	0	1	1	1	0	0	2	0	49	0	0	3	0	0	0	0	0	0	0	0	0	0	0	0	0	0
PeerJ	2022-01-01	8710061	99657	9447	0	15	0	1	0	0	0	1	0	0	0	5	0	0	0	0	44	0	0	2	0	0	1	0	0	0	0	0	0	0	0	0	0	0
PeerJ	2022-01-01	8710062	281929	22220	0	5	0	0	0	0	7	1	0	1	1	0	0	0	0	0	12	0	0	1	0	0	0	1	0	0	0	0	0	0	0	0	0	0
PeerJ	2022-01-01	8697764	181232	15970	0	6	0	1	0	0	1	1	0	0	0	0	0	0	0	0	20	0	0	0	0	0	1	0	0	0	0	0	1	0	0	0	0	0
PeerJ	2022-01-01	8710054	164644	14057	0	4	0	3	0	0	1	5	0	0	0	3	0	0	0	0	83	0	0	0	0	0	1	5	0	0	0	0	0	0	0	0	0	0
PeerJ	2022-01-01	8710056	102222	9607	0	4	0	2	0	0	1	0	0	0	9	0	0	0	0	0	14	0	0	1	0	0	0	0	0	0	0	0	0	1	1	0	0	0
PeerJ	2022-01-01	8710053	565584	45919	0	3	0	1	0	0	1	1	0	3	1	2	0	0	0	1	31	0	1	5	0	0	0	0	4	0	1	0	0	2	0	0	0	0
PeerJ	2022-01-01	8697763	68496	6746	0	7	0	0	0	0	1	0	0	0	0	5	0	0	0	0	26	0	1	0	0	0	0	0	0	0	0	0	0	0	0	0	0	0
PeerJ	2022-01-01	8684718	155918	13592	0	9	0	3	0	0	3	0	0	0	10	1	0	0	0	0	35	0	0	1	0	0	1	0	0	0	0	0	0	0	0	0	0	0
PeerJ	2022-01-01	8697762	74065	6848	0	5	1	4	0	0	0	2	0	0	0	4	0	0	0	0	29	0	0	1	0	0	0	0	0	0	0	0	0	0	0	0	0	0
PeerJ	2022-01-01	8706327	108085	9385	0	4	0	2	0	0	2	7	0	0	3	6	0	0	0	0	15	0	0	1	0	0	0	0	0	0	0	0	0	0	0	0	0	0
PeerJ	2022-01-01	8684739	124882	11015	0	6	0	0	0	0	1	1	0	1	4	0	0	0	0	0	106	0	0	0	0	0	1	1	0	0	0	0	0	0	0	0	0	0
PeerJ	2022-01-01	8710049	66926	6428	0	12	0	4	0	0	1	0	0	0	3	1	0	0	0	0	21	0	0	0	0	0	0	0	0	0	0	0	0	0	0	1	0	0
PeerJ	2022-01-01	9753745	113211	10259	0	14	0	4	0	0	6	1	0	0	0	1	0	0	0	0	21	0	0	1	0	0	0	0	0	0	0	0	0	0	0	0	0	0
PeerJ	2022-01-01	9760026	172578	14413	0	11	0	1	0	0	8	1	0	1	0	1	0	0	0	0	37	0	0	0	0	3	0	0	0	0	0	0	0	0	0	0	0	0
PeerJ	2022-01-01	9756877	624326	29940	0	1	0	0	0	0	0	1	0	0	54	14	0	0	0	0	39	0	0	0	0	0	2	0	0	0	0	0	1	0	0	1	0	0
PeerJ	2022-01-01	9745916	203354	17692	0	11	0	1	0	0	2	0	0	0	1	1	0	0	0	0	36	0	0	3	0	0	0	0	0	0	0	0	0	0	0	0	0	0
PeerJ	2022-01-01	9789697	162704	14626	0	15	1	0	0	0	0	1	0	0	2	0	0	0	0	1	20	0	1	6	0	0	0	1	1	0	0	0	0	0	0	0	0	1
PeerJ	2022-01-01	9762249	116684	10580	0	3	0	0	0	0	3	0	0	7	1	4	0	0	0	0	23	0	0	1	0	0	0	0	1	0	0	0	0	0	0	0	0	0
PeerJ	2022-01-01	9745943	86443	7449	0	14	0	3	0	0	5	2	0	0	0	0	0	0	0	0	13	0	0	0	0	0	1	0	0	0	0	0	0	0	0	0	0	0
PeerJ	2022-01-01	9753738	158168	14264	0	17	1	0	0	0	1	0	0	2	0	2	0	0	0	0	29	0	0	0	0	0	0	0	0	0	0	0	0	0	0	0	0	0
PeerJ	2022-01-01	9760030	185483	15920	0	10	0	0	0	0	1	4	0	1	1	1	0	0	0	0	20	0	1	3	0	0	0	0	1	0	0	0	0	0	0	1	0	0
PeerJ	2022-01-01	9745922	142807	13975	0	24	1	2	0	0	5	0	0	0	7	0	0	0	0	0	19	0	0	0	0	0	0	0	0	0	0	0	1	3	0	0	0	0
PeerJ	2022-01-01	9753739	134860	12676	0	18	0	0	0	0	0	3	0	1	3	1	0	0	0	0	82	0	0	0	0	0	0	0	0	0	0	0	0	0	0	0	0	0
PeerJ	2022-01-01	9784332	131061	11950	0	11	0	0	0	0	2	2	0	0	0	2	0	0	0	0	29	0	0	0	0	0	0	0	0	0	0	0	0	0	0	0	0	0
PeerJ	2022-01-01	9753749	106090	10327	0	6	3	2	0	0	3	1	0	0	11	4	0	0	0	0	26	0	0	0	0	0	1	0	0	0	0	0	0	0	0	0	0	0
PeerJ	2022-01-01	9756874	129766	11205	0	9	0	5	0	0	2	1	0	0	16	1	0	0	0	0	20	0	0	0	0	0	0	0	0	0	0	0	0	0	0	0	0	0
PeerJ	2022-01-01	9753759	139787	11638	0	24	1	5	0	0	0	1	0	0	22	0	0	0	0	0	15	0	0	0	0	0	0	0	0	0	0	0	0	0	0	0	0	0
PeerJ	2022-01-01	10286731	106648	9387	0	11	1	0	0	0	2	0	0	0	0	0	0	0	0	0	27	0	0	0	0	0	1	0	0	0	0	0	0	0	0	0	0	0
PeerJ	2022-01-01	9756872	112363	9996	0	7	0	2	0	0	1	0	0	0	0	1	0	0	0	0	43	0	0	0	0	0	1	1	0	0	0	0	0	0	0	0	0	0
PeerJ	2022-01-01	9760016	91528	7977	0	6	0	1	0	0	2	2	0	0	2	2	0	0	0	0	30	0	0	0	0	0	0	0	0	0	0	0	0	0	0	0	0	0
PeerJ	2022-01-01	9762251	698167	71869	0	63	1	6	0	0	0	3	0	3	24	6	0	0	18	0	126	0	0	15	0	0	0	0	0	0	0	0	0	0	0	0	0	1
PeerJ	2022-01-01	9756863	218449	17749	0	4	1	0	0	0	2	8	0	0	3	2	0	0	0	0	90	0	0	13	0	0	0	1	0	0	0	0	0	0	0	0	0	0
PeerJ	2022-01-01	9760025	127401	11349	0	41	1	0	0	0	2	0	0	1	1	2	0	0	0	0	35	0	0	1	0	1	0	0	0	0	0	0	0	0	0	0	0	0
PeerJ	2022-01-01	9753764	179892	15540	0	8	1	1	0	0	1	0	0	0	2	1	0	0	0	0	50	0	0	2	0	0	0	0	0	0	0	0	0	0	0	0	0	0
PeerJ	2022-01-01	9760023	145483	12477	0	8	0	3	0	0	1	10	0	22	0	1	0	0	0	0	22	0	0	1	0	1	0	0	1	0	0	0	0	0	0	0	0	0
PeerJ	2022-01-01	9745910	107133	9941	0	3	0	3	0	0	0	13	0	0	0	7	0	2	0	0	57	0	0	0	0	0	4	0	0	0	0	0	0	0	1	0	0	0
PeerJ	2022-01-01	9774003	86518	8104	0	2	0	2	0	0	3	4	0	0	1	11	0	0	1	0	38	0	0	2	0	0	5	0	0	0	0	0	0	0	0	0	0	0
