journal	date	pmc_id	Nchars	Nwords	delve	analyse	acknowledge	assess	appraise	dissect	explore	examine	extricate	expose	estimate	investigate	inquire	inspect	interpret	scrutinise	study	unearth	uncover	understand	ponder	research	reason	retrieve	avoid	discount	disregard	dismiss	ignore	neglect	overlook	omit	skip	reject
PeerJ	2022-04-01	8743009	103627	9855	0	8	0	0	0	0	0	1	0	0	2	1	0	0	0	0	31	0	0	0	0	0	0	3	2	0	0	0	0	0	0	0	0	0
PeerJ	2022-04-01	8744484	82637	7175	0	7	1	0	0	0	0	0	0	0	15	0	0	0	1	0	8	0	0	0	0	0	0	0	0	0	0	0	0	0	0	0	0	0
PeerJ	2022-04-01	8740509	108002	9060	0	19	0	0	0	0	1	4	0	0	0	2	0	0	1	0	21	0	0	0	0	0	0	0	0	0	0	0	0	0	0	0	0	0
PeerJ	2022-04-01	8742545	118211	11098	0	7	0	0	0	0	0	7	0	6	2	1	0	0	0	0	25	0	0	4	0	0	0	0	0	0	0	0	0	0	0	0	0	0
PeerJ	2022-04-01	8742537	80404	6884	0	5	0	0	0	0	0	0	0	1	0	5	0	0	0	0	13	0	0	1	0	0	0	0	0	0	0	0	0	0	0	0	0	0
PeerJ	2022-04-01	8742546	103421	9564	0	14	0	2	0	0	0	0	0	0	0	1	0	0	1	0	27	0	0	0	0	0	0	0	0	0	0	0	0	0	0	0	0	0
PeerJ	2022-04-01	8740519	148909	13930	0	11	0	0	0	0	2	1	0	0	0	1	0	0	0	0	44	0	0	0	0	0	0	0	0	0	0	0	0	0	0	0	0	0
PeerJ	2022-04-01	8734458	73917	6733	0	7	1	1	0	0	1	0	0	1	1	1	0	0	0	0	20	0	0	0	0	0	0	0	0	0	0	0	0	0	0	0	0	0
PeerJ	2022-04-01	8740514	186297	16886	0	21	0	11	0	0	1	0	0	0	9	0	0	0	0	0	45	0	0	0	0	0	0	0	0	0	0	0	0	0	0	0	0	0
PeerJ	2022-04-01	8740515	161802	13431	0	18	0	0	0	1	2	3	0	0	1	4	0	0	1	0	31	0	0	4	0	0	0	0	0	0	0	0	0	0	0	0	0	0
PeerJ	2022-04-01	8742540	141743	12828	0	4	0	0	0	0	2	0	0	0	4	0	0	0	0	0	11	0	0	0	0	0	0	1	2	0	0	0	0	0	0	0	0	0
PeerJ	2022-04-01	8734470	119318	10125	0	13	0	0	0	0	3	0	0	0	0	1	0	0	0	0	20	0	2	0	0	0	0	0	0	0	0	0	0	0	0	0	0	0
PeerJ	2022-04-01	8734463	138516	13211	0	14	0	0	0	0	0	3	0	1	0	0	0	0	0	0	14	0	0	1	0	0	0	0	0	0	0	0	1	0	0	0	0	0
PeerJ	2022-04-01	8743011	125666	11386	0	4	0	4	0	1	0	1	0	1	1	0	0	0	0	0	10	0	0	0	0	0	0	0	0	0	0	0	0	0	0	0	0	0
PeerJ	2022-04-01	8740518	87058	8162	0	10	2	0	0	0	1	0	0	1	0	1	0	0	0	0	15	0	0	0	0	0	1	0	0	0	0	0	0	0	0	0	0	0
PeerJ	2022-04-01	8734464	201386	17605	0	9	0	7	0	0	1	0	0	0	0	2	0	0	0	0	28	0	0	4	0	0	0	0	0	0	0	0	0	0	0	0	0	0
PeerJ	2022-04-01	8740513	198286	19229	0	18	1	0	4	0	4	3	0	1	0	0	0	0	5	1	54	0	0	6	0	0	5	0	1	0	0	0	0	0	0	0	0	0
PeerJ	2022-04-01	8740516	157689	14265	0	3	0	4	0	0	0	2	0	1	0	5	0	0	0	0	91	0	0	2	0	0	0	0	0	0	0	0	0	0	0	0	0	0
PeerJ	2022-04-01	8742538	101836	8699	0	13	0	0	0	0	0	0	0	0	0	0	0	0	0	0	23	0	0	0	0	0	0	0	0	0	0	0	0	0	0	0	0	0
PeerJ	2022-04-01	8734459	75562	6514	0	4	0	2	0	0	3	0	0	0	0	3	0	0	0	0	11	0	2	1	0	0	0	0	0	0	0	0	0	0	0	0	0	0
PeerJ	2022-04-01	8742547	115520	9595	0	3	0	3	0	0	0	7	0	0	0	0	0	0	0	0	13	0	0	0	0	0	0	0	0	0	0	0	0	0	0	0	0	0
PeerJ	2022-04-01	8734465	154762	13980	0	7	0	3	0	0	3	11	0	0	3	3	0	0	0	0	7	0	0	1	0	0	0	0	0	0	0	0	1	0	0	0	0	0
PeerJ	2022-04-01	8742543	94306	8393	0	3	0	3	0	0	4	0	0	1	0	3	0	0	0	0	18	0	0	0	0	0	0	0	0	0	0	0	0	0	0	0	0	0
PeerJ	2022-04-01	8742536	184539	14738	0	4	0	0	0	0	3	0	0	1	0	2	0	0	0	0	30	0	1	2	0	0	0	0	0	0	0	0	0	0	1	0	0	0
PeerJ	2022-04-01	8742549	173243	17217	0	20	1	3	0	0	0	0	0	6	14	0	0	0	0	0	28	0	0	1	0	0	0	0	0	0	0	0	0	0	0	0	0	0
PeerJ	2022-04-01	8759356	136278	12550	0	20	0	7	0	0	2	8	0	0	4	0	0	3	0	0	27	0	0	3	0	0	3	0	1	0	0	0	0	0	0	0	0	1
PeerJ	2022-04-01	8763041	172961	16262	0	18	0	1	0	0	1	0	0	5	0	0	0	0	0	0	22	0	0	2	0	0	3	0	3	0	0	0	0	0	0	0	0	1
PeerJ	2022-04-01	8759377	76294	6974	0	3	0	0	0	0	2	1	0	0	3	0	0	0	0	0	10	0	0	0	0	0	2	0	0	0	0	0	1	0	0	0	0	0
PeerJ	2022-04-01	8759381	106697	8959	0	1	0	1	0	0	0	0	0	0	3	0	0	0	0	0	13	0	0	2	0	0	0	0	0	0	0	0	0	0	0	0	0	0
PeerJ	2022-04-01	8757371	148375	13221	0	12	1	1	0	1	3	1	0	0	2	3	0	0	0	0	15	0	0	6	0	0	0	0	0	0	0	0	0	0	0	0	0	0
PeerJ	2022-04-01	8771795	146014	13096	0	7	0	1	0	0	4	0	0	0	1	3	0	0	0	0	9	0	0	3	0	0	0	0	1	0	0	0	0	0	0	0	0	0
PeerJ	2022-04-01	8757372	108575	9443	0	7	0	1	0	0	0	2	0	0	1	0	0	0	0	0	52	0	0	6	0	0	0	0	0	0	0	0	2	0	0	0	0	0
PeerJ	2022-04-01	8761366	112005	9922	0	17	0	0	0	0	1	0	0	3	1	3	0	0	0	0	26	0	0	0	0	0	0	2	0	0	0	0	0	0	0	0	0	0
PeerJ	2022-04-01	8760855	172168	15226	0	7	1	3	0	0	0	1	0	0	0	2	0	0	0	0	22	0	0	3	0	0	1	0	0	0	0	0	0	0	1	0	0	0
PeerJ	2022-04-01	8757375	99584	10215	0	11	0	1	0	0	0	7	0	0	1	0	0	0	0	0	41	0	0	1	0	0	0	1	0	0	0	0	0	0	0	0	0	0
PeerJ	2022-04-01	8760858	115191	10210	0	6	0	0	0	0	4	0	0	0	0	2	0	0	0	0	21	0	0	1	0	0	0	0	0	0	0	0	0	0	0	0	0	0
PeerJ	2022-04-01	8761365	97777	8369	0	7	1	0	0	0	0	0	0	0	0	0	0	0	0	0	11	0	0	0	0	0	0	0	0	0	0	0	0	0	0	0	0	0
PeerJ	2022-04-01	8757374	133683	13486	0	1	1	1	0	2	2	1	0	0	0	1	0	0	0	0	18	0	0	1	0	0	0	0	0	0	0	0	0	0	0	0	2	0
PeerJ	2022-04-01	8760859	104445	9939	0	5	0	0	0	0	4	1	0	1	0	0	0	0	0	0	24	0	0	1	0	0	0	0	0	0	0	0	0	0	0	0	0	0
PeerJ	2022-04-01	8757378	539203	53076	0	61	0	2	0	1	1	33	0	0	32	0	0	0	1	0	85	0	0	6	0	0	1	1	0	0	0	0	1	1	6	2	0	0
PeerJ	2022-04-01	8763042	186230	11689	0	3	0	0	0	0	0	0	0	0	29	0	0	0	4	0	5	0	0	1	0	0	0	0	0	0	0	0	0	0	0	0	0	0
PeerJ	2022-04-01	8759358	82805	7488	0	9	0	4	0	0	2	1	0	0	0	4	0	0	0	0	34	0	0	3	0	0	0	0	0	0	0	0	0	0	0	0	0	0
PeerJ	2022-04-01	8761368	137215	11209	0	5	0	0	0	0	1	0	0	0	1	4	0	0	0	0	7	0	0	1	0	1	0	0	0	0	0	0	0	0	0	0	0	0
PeerJ	2022-04-01	8759354	84858	8038	0	3	0	0	0	0	2	0	0	0	1	1	0	0	0	0	22	0	0	0	0	0	1	0	0	0	0	0	0	0	0	0	0	0
PeerJ	2022-04-01	8759357	84430	7294	0	2	0	1	0	0	0	0	0	0	0	1	0	0	0	0	25	0	0	1	0	0	0	0	0	0	0	0	0	0	0	0	0	0
PeerJ	2022-04-01	8757373	131004	12113	0	1	9	5	2	0	1	0	0	0	1	0	0	0	0	0	26	0	0	2	0	0	1	0	0	0	0	0	0	0	0	0	0	0
PeerJ	2022-04-01	8757370	88263	8023	0	8	0	1	0	0	3	1	0	1	0	0	0	0	0	0	28	0	0	0	0	0	2	0	1	0	0	0	0	0	0	0	0	0
PeerJ	2022-04-01	8761370	167477	14728	0	10	0	0	0	0	10	0	0	0	2	2	0	0	0	0	37	0	0	0	0	1	0	0	0	0	0	0	0	0	0	0	0	0
PeerJ	2022-04-01	8761369	125329	11284	0	9	0	0	0	0	0	0	0	0	4	5	0	0	0	0	29	0	1	0	0	0	0	0	0	0	0	0	0	0	0	0	0	0
PeerJ	2022-04-01	8761367	131680	10810	0	9	2	1	0	0	1	2	0	1	0	10	0	0	0	0	18	0	0	1	0	0	0	2	0	0	0	0	0	0	0	0	0	0
PeerJ	2022-04-01	8784019	128960	10121	0	5	0	0	0	0	4	0	0	0	66	0	0	0	0	0	11	0	0	2	0	0	0	0	0	0	0	0	2	0	0	3	0	0
PeerJ	2022-04-01	8783560	115844	11204	0	6	0	1	0	0	1	1	0	0	1	4	0	0	1	0	27	1	0	0	0	0	1	0	0	0	0	0	0	0	0	0	0	0
PeerJ	2022-04-01	8772444	92126	8468	0	9	1	1	0	0	2	0	0	0	2	1	0	0	0	0	46	0	0	0	0	0	2	1	0	0	0	0	0	0	0	0	0	0
PeerJ	2022-04-01	8781319	138212	13206	0	9	0	1	0	0	1	0	0	1	0	0	0	0	0	0	17	0	0	0	0	0	0	1	0	0	0	0	0	0	0	0	0	0
PeerJ	2022-04-01	8783556	64916	6154	0	6	0	0	0	1	0	0	0	2	0	7	0	0	0	0	7	0	0	0	0	0	0	0	1	0	0	0	0	0	0	0	0	0
PeerJ	2022-04-01	8783554	80537	8182	0	5	0	16	0	0	2	0	0	0	0	0	0	0	0	0	19	0	0	4	0	0	0	0	0	0	0	0	0	0	0	0	0	0
PeerJ	2022-04-01	8845569	189881	13185	0	8	0	0	0	0	2	0	0	0	0	0	0	0	0	0	8	0	0	0	0	0	0	0	0	0	0	0	0	0	0	0	0	1
PeerJ	2022-04-01	8784013	99689	9303	0	4	0	2	0	0	0	1	0	0	9	1	0	0	0	0	41	0	0	0	0	0	0	0	0	0	0	0	0	0	0	0	0	0
PeerJ	2022-04-01	8783555	77776	6553	0	7	0	0	0	0	0	2	0	0	0	1	0	0	0	0	17	0	0	4	0	0	0	0	0	0	0	0	0	1	0	0	0	0
PeerJ	2022-04-01	8785663	155834	16709	0	6	0	0	0	0	0	2	0	0	2	0	0	0	0	0	6	0	0	0	0	0	0	0	0	0	0	0	0	0	0	0	0	3
PeerJ	2022-04-01	8781322	261745	22782	0	7	0	1	0	0	0	0	0	2	2	4	0	0	1	0	28	0	0	0	0	1	0	0	0	0	0	0	0	0	0	0	0	0
PeerJ	2022-04-01	8781309	151381	13026	0	12	0	0	0	0	1	0	0	0	0	0	0	0	0	0	15	0	0	0	0	1	0	0	0	0	0	0	0	0	0	0	0	0
PeerJ	2022-04-01	8781442	125163	10950	0	6	0	2	0	0	5	4	0	0	0	1	0	0	0	0	36	0	0	0	0	0	2	0	0	0	0	0	0	0	0	0	0	0
PeerJ	2022-04-01	8784015	61418	5640	0	1	0	1	0	0	1	1	0	0	1	0	0	0	0	0	16	0	0	3	0	0	1	0	0	0	0	0	0	0	0	0	0	0
PeerJ	2022-04-01	8781313	143927	11459	0	16	0	1	0	0	4	2	0	0	1	0	0	0	0	0	38	0	0	0	0	0	0	0	0	0	0	0	0	0	0	0	0	0
PeerJ	2022-04-01	8785657	141426	13476	0	5	0	0	0	0	1	4	0	0	0	0	0	0	0	0	57	0	0	6	0	0	0	0	0	0	0	0	0	0	0	0	0	0
PeerJ	2022-04-01	8783564	102489	8133	0	5	0	2	0	0	2	1	0	0	30	2	0	0	0	0	30	0	0	0	0	0	0	0	0	0	0	0	0	0	0	0	0	0
PeerJ	2022-04-01	8772450	140384	12539	0	5	0	1	0	0	0	0	0	0	0	4	0	0	0	0	24	0	0	1	0	0	0	0	0	0	0	0	0	0	0	0	0	0
PeerJ	2022-04-01	8784016	220410	18133	0	3	2	4	0	0	4	1	0	1	3	2	0	0	0	0	11	0	0	15	0	0	0	0	0	0	0	0	0	1	0	0	0	0
PeerJ	2022-04-01	8781444	100432	8070	0	3	0	0	0	0	5	1	0	0	8	0	0	0	0	0	12	0	0	4	0	0	0	0	0	0	0	0	0	0	0	0	0	0
PeerJ	2022-04-01	8785658	77500	7283	0	17	0	3	0	0	1	10	0	0	11	1	0	0	0	0	24	0	0	3	0	0	0	0	0	0	0	0	0	0	1	0	0	0
PeerJ	2022-04-01	8783561	217545	17965	0	15	2	0	0	0	0	0	0	0	1	6	0	0	0	0	19	0	0	0	0	0	0	0	1	0	0	0	0	0	0	0	0	0
PeerJ	2022-04-01	8785661	101825	9177	0	12	0	0	0	0	3	0	0	0	1	3	0	0	0	0	24	0	0	1	0	0	1	1	0	0	0	0	1	0	0	0	0	0
PeerJ	2022-04-01	8785662	122479	11061	0	12	0	0	0	0	3	0	0	0	2	4	0	0	0	0	23	0	0	1	0	0	0	1	0	0	0	0	0	0	0	0	0	0
PeerJ	2022-04-01	8783566	318397	29282	0	8	0	0	0	0	0	0	0	0	3	0	0	0	0	0	13	0	0	0	0	0	0	0	0	0	0	0	0	1	0	0	0	0
PeerJ	2022-04-01	8815364	167914	14093	0	11	0	0	0	0	2	0	0	0	8	0	0	0	1	0	38	0	0	3	0	2	1	1	0	0	0	0	0	0	0	0	0	0
PeerJ	2022-04-01	8815370	127356	11352	0	10	0	1	0	0	1	1	0	1	1	1	0	0	0	0	9	0	0	0	0	0	0	0	0	0	0	0	0	0	0	0	0	0
PeerJ	2022-04-01	8815373	179080	14789	0	14	0	3	0	0	1	0	0	0	10	3	0	0	2	0	20	0	0	0	0	1	0	1	0	0	0	0	0	0	0	0	0	0
PeerJ	2022-04-01	8796710	131570	11430	0	7	0	1	0	0	1	0	0	0	2	0	0	0	0	0	12	0	0	0	0	0	0	0	0	0	0	0	0	1	0	0	0	0
PeerJ	2022-04-01	8812298	130663	11849	0	1	0	0	0	0	1	2	0	0	1	1	0	0	0	0	19	0	0	0	0	0	0	0	0	0	0	0	0	0	0	0	0	0
PeerJ	2022-04-01	8815377	167043	15182	0	16	0	2	0	0	0	4	0	1	8	0	0	0	0	0	27	1	0	2	0	0	0	0	0	0	0	0	0	0	1	0	0	0
PeerJ	2022-04-01	8812315	101605	8791	0	7	0	0	0	0	3	0	0	0	1	0	0	0	0	0	17	0	0	0	0	0	0	0	0	0	0	0	0	0	0	0	0	0
PeerJ	2022-04-01	8796708	96318	8815	0	15	0	1	0	0	4	1	0	0	0	3	0	0	0	0	58	0	0	0	0	0	1	0	0	0	0	0	0	0	0	0	0	0
PeerJ	2022-04-01	8815367	101638	9004	0	33	0	0	0	0	0	0	0	0	0	8	0	0	0	0	20	0	0	1	0	1	0	0	0	0	0	0	0	0	0	0	0	0
PeerJ	2022-04-01	8796711	182344	15812	0	11	0	1	0	0	1	0	0	0	2	0	0	0	0	0	35	0	0	0	0	2	0	0	0	0	0	0	0	0	0	0	0	0
PeerJ	2022-04-01	8802710	50487	4638	0	5	0	0	0	0	0	0	0	0	0	1	0	0	0	0	12	0	0	0	0	0	0	0	0	0	0	0	0	0	0	0	0	0
PeerJ	2022-04-01	8801178	158037	14175	0	18	0	3	0	0	0	2	0	0	3	3	0	1	0	0	25	0	0	4	0	0	2	0	0	0	0	0	2	0	0	0	0	0
PeerJ	2022-04-01	8815365	222062	21188	0	12	0	0	0	0	0	3	0	0	0	1	0	0	3	0	13	0	0	0	0	0	1	3	0	0	0	0	0	1	0	0	0	0
PeerJ	2022-04-01	8793725	106185	9397	0	5	0	2	0	0	0	2	0	0	2	3	0	0	0	0	26	0	0	1	0	0	0	1	0	0	0	0	0	0	0	0	0	0
PeerJ	2022-04-01	8793727	91843	8500	0	4	1	2	0	0	0	1	0	0	7	0	0	0	0	0	33	0	0	0	0	0	0	0	0	0	0	0	0	0	0	0	0	1
PeerJ	2022-04-01	8815376	92364	8798	0	9	2	1	0	0	0	1	0	4	1	1	0	0	0	0	16	0	0	0	0	0	0	0	0	0	0	0	0	0	0	0	0	0
PeerJ	2022-04-01	8815371	172917	15375	0	10	0	2	0	0	1	3	0	0	1	7	0	0	0	0	67	0	0	1	0	0	0	0	4	0	0	0	0	0	0	0	0	1
PeerJ	2022-04-01	8796713	279731	25234	0	14	0	1	0	0	0	1	0	5	22	0	0	0	1	0	17	0	0	9	0	0	0	0	0	0	0	0	0	0	0	0	0	0
PeerJ	2022-04-01	8796709	167792	14007	0	22	0	2	0	0	6	0	0	0	5	6	0	0	0	0	17	0	1	1	0	0	0	0	0	0	0	0	0	0	0	0	0	0
PeerJ	2022-04-01	8801177	172680	14621	0	13	0	8	0	1	1	4	0	1	8	1	0	0	0	0	25	0	1	0	0	1	0	0	1	0	0	0	1	0	1	0	0	0
PeerJ	2022-04-01	8793732	177884	18423	0	8	3	0	0	0	1	1	0	0	1	0	0	1	0	0	5	1	0	2	0	0	0	0	0	1	0	0	0	0	0	0	0	0
PeerJ	2022-04-01	8796712	170368	15421	0	6	0	0	0	0	0	0	0	1	6	2	0	0	0	0	30	0	0	0	0	0	0	0	1	0	0	0	0	0	0	0	0	0
PeerJ	2022-04-01	8800386	120289	11229	0	4	0	3	0	0	1	3	0	35	2	0	0	0	0	0	24	0	0	2	0	0	0	0	0	0	0	0	0	0	0	0	0	0
PeerJ	2022-04-01	8801175	144071	12610	0	14	0	1	0	0	0	1	0	0	0	0	0	0	0	0	15	0	0	0	0	0	0	0	0	0	0	0	0	0	0	0	0	0
PeerJ	2022-04-01	8793726	93306	7856	0	5	0	1	0	0	1	2	0	1	5	3	0	0	0	0	13	0	0	0	0	0	2	0	0	0	0	0	0	0	0	0	0	0
PeerJ	2022-04-01	8820211	105951	9297	0	3	1	2	0	0	1	2	0	4	0	3	0	0	0	1	16	0	0	0	0	0	0	1	0	0	0	0	0	0	0	0	0	0
PeerJ	2022-04-01	8833223	103148	9446	0	6	0	0	0	0	0	4	0	1	0	10	0	0	0	0	43	0	0	0	0	0	0	0	0	0	0	0	0	0	0	0	0	0
PeerJ	2022-04-01	8830330	93986	8890	0	6	0	0	0	0	0	1	0	0	1	4	0	0	0	0	84	0	0	0	0	0	0	0	0	0	0	0	0	0	0	0	0	0
PeerJ	2022-04-01	8820225	430166	23366	0	4	0	0	0	0	0	1	0	0	11	0	0	0	0	0	15	0	0	0	0	0	0	0	0	0	0	0	0	0	0	0	0	0
PeerJ	2022-04-01	8820209	71478	7130	0	9	1	2	0	0	0	0	0	0	1	1	0	0	0	0	43	0	0	2	0	0	0	0	0	0	0	0	0	0	0	0	0	1
PeerJ	2022-04-01	8833224	111496	9451	0	5	1	0	0	0	2	2	0	0	4	1	0	0	0	0	24	0	0	1	0	0	0	2	0	0	0	0	0	0	0	0	0	0
PeerJ	2022-04-01	8818269	128165	11400	0	9	0	4	0	0	2	7	0	0	0	3	0	0	0	0	30	0	0	1	0	0	0	0	0	0	0	0	0	0	0	0	0	0
PeerJ	2022-04-01	8818271	139528	13269	0	19	0	0	0	0	0	0	0	2	1	2	0	0	0	0	18	0	3	0	0	1	0	0	0	0	0	0	0	0	0	0	0	0
PeerJ	2022-04-01	8833225	97195	8469	0	7	0	1	0	1	1	0	0	0	0	1	0	0	0	0	17	0	0	0	0	0	0	0	0	0	0	0	0	0	0	0	0	0
PeerJ	2022-04-01	8817631	85760	8314	0	6	0	1	0	0	5	0	0	0	2	0	0	0	0	0	25	0	0	1	0	0	0	0	0	0	0	0	0	0	0	0	0	0
PeerJ	2022-04-01	8818270	83094	7120	0	14	0	1	0	0	0	0	0	0	0	0	0	0	0	0	17	0	0	1	0	0	0	0	0	0	0	0	0	0	0	0	0	0
PeerJ	2022-04-01	8830297	95091	9256	0	14	0	2	0	0	0	1	0	5	12	2	0	0	0	0	17	0	0	3	0	0	1	0	0	0	0	0	0	0	0	0	0	0
PeerJ	2022-04-01	8830334	123726	12828	0	7	1	3	0	0	1	1	0	0	6	16	0	1	0	0	35	0	0	3	0	0	0	0	0	0	0	0	1	0	0	0	1	0
PeerJ	2022-04-01	8833226	106604	10132	0	17	0	0	0	0	0	3	0	0	3	1	0	0	0	0	11	0	0	2	0	0	0	0	0	0	0	0	0	0	0	0	0	0
PeerJ	2022-04-01	8817630	116014	11230	0	3	0	1	0	0	0	10	0	0	0	5	0	0	1	0	78	0	0	1	0	0	1	0	0	0	0	0	0	0	0	0	0	0
PeerJ	2022-04-01	8830315	122837	10878	0	7	0	0	0	0	1	0	0	1	0	0	0	0	0	0	26	0	0	2	0	0	2	0	0	0	0	0	0	0	0	0	0	0
PeerJ	2022-04-01	8833227	106944	9469	0	10	0	0	0	0	3	0	0	1	0	2	0	0	0	0	17	0	0	2	0	0	0	0	0	0	0	0	0	0	0	0	0	0
PeerJ	2022-04-01	8830296	77028	7722	0	3	0	1	0	0	3	0	0	0	2	2	0	0	0	0	38	0	0	0	0	0	0	0	0	0	0	0	0	0	0	0	0	0
PeerJ	2022-04-01	8833222	74391	6479	0	3	0	0	0	1	1	2	0	1	0	1	0	1	0	0	13	0	0	2	0	0	1	0	0	0	0	0	0	0	0	0	0	0
PeerJ	2022-04-01	8818268	83746	7604	0	3	0	0	0	0	0	0	0	0	0	0	0	0	0	0	17	0	0	2	0	0	0	0	0	0	0	0	0	0	0	0	0	0
PeerJ	2022-04-01	8820212	71159	6530	0	11	0	0	0	0	3	0	0	0	2	2	0	0	0	0	7	0	0	0	0	0	0	0	0	0	0	0	0	0	0	0	0	0
PeerJ	2022-04-01	8833244	65509	6342	0	3	0	4	0	0	1	1	0	0	0	1	0	0	0	0	22	0	0	0	0	0	1	0	0	0	0	0	0	0	0	0	0	0
PeerJ	2022-04-01	8830332	118887	10642	0	3	0	0	0	0	0	0	0	0	3	7	0	0	0	0	26	0	0	0	0	0	2	0	0	0	0	0	0	0	0	0	0	0
PeerJ	2022-04-01	8833236	173019	16721	0	10	1	0	0	1	0	10	0	0	0	0	0	0	0	0	27	0	0	1	0	0	0	2	2	0	0	0	0	0	0	0	0	0
PeerJ	2022-04-01	8817629	140244	11742	0	14	0	0	0	2	2	5	0	0	0	2	0	0	0	0	19	0	1	0	0	0	0	0	0	0	0	0	0	0	0	0	0	0
PeerJ	2022-04-01	8840057	119751	9576	0	13	0	0	0	0	0	0	0	1	2	2	0	0	0	0	15	0	0	3	0	0	0	2	0	0	0	0	0	0	0	0	0	0
PeerJ	2022-04-01	8841037	127070	10508	0	5	0	1	0	0	0	0	0	0	26	1	0	0	0	0	31	0	0	0	0	0	0	0	0	0	0	0	0	0	0	0	0	0
PeerJ	2022-04-01	8855720	66165	6738	0	8	0	1	0	0	0	0	0	0	0	0	0	0	1	0	37	0	0	0	0	0	2	0	1	0	0	0	0	0	0	0	0	0
PeerJ	2022-04-01	8855724	76694	7192	0	5	0	0	0	0	1	4	0	0	0	1	0	0	1	0	40	0	0	0	0	0	0	0	0	0	0	0	0	0	0	0	0	0
PeerJ	2022-04-01	8855717	90544	10435	0	6	0	8	0	0	10	0	0	0	0	8	0	0	0	0	37	0	0	3	0	0	2	0	0	0	0	0	0	0	0	0	0	0
PeerJ	2022-04-01	8855725	126401	9745	0	3	0	0	0	0	1	0	0	0	2	1	0	0	0	0	4	0	0	0	0	0	0	0	0	0	0	0	2	0	0	0	0	0
PeerJ	2022-04-01	8841035	154078	14862	0	13	0	2	0	0	0	0	0	0	2	0	0	0	0	0	94	0	0	2	0	0	0	0	0	0	0	0	0	0	0	0	0	0
PeerJ	2022-04-01	8842651	103944	8303	0	1	0	0	0	0	1	1	0	0	0	2	0	0	0	0	9	0	0	2	0	0	0	0	2	0	0	0	0	0	0	0	0	0
PeerJ	2022-04-01	8855713	109642	9228	0	3	0	0	0	0	0	0	0	0	0	0	0	0	0	0	7	0	0	0	0	0	0	0	0	0	0	0	0	0	0	0	0	0
PeerJ	2022-04-01	8855712	89506	8602	0	4	1	10	0	0	0	3	0	0	9	4	0	0	0	0	46	0	0	1	0	0	0	0	0	0	0	0	0	0	0	0	0	0
PeerJ	2022-04-01	8855716	144647	13832	0	3	0	3	0	0	0	5	0	0	0	2	0	0	0	0	27	0	0	2	0	0	1	0	0	0	0	0	0	0	0	0	0	0
PeerJ	2022-04-01	8840058	96973	8285	0	9	0	0	0	0	0	0	0	1	5	1	0	0	0	0	15	0	0	1	0	0	0	0	0	0	0	0	0	0	0	0	0	0
PeerJ	2022-04-01	8840093	226363	20975	0	14	0	3	0	0	1	5	0	3	5	2	0	0	0	0	26	0	0	2	0	0	0	0	0	0	0	0	0	0	0	0	0	0
PeerJ	2022-04-01	8855718	77823	6818	0	10	0	3	0	0	0	0	0	0	3	1	0	0	0	0	26	0	0	0	0	0	0	0	0	0	0	0	0	0	0	0	0	0
PeerJ	2022-04-01	8855722	75971	7240	0	7	1	0	0	0	0	0	0	5	0	1	0	0	0	0	27	0	0	0	0	0	0	0	0	0	0	0	0	0	0	0	0	0
PeerJ	2022-04-01	8840065	117016	10618	0	2	1	0	0	0	0	0	0	2	0	0	0	0	0	0	4	0	0	0	0	0	0	0	0	0	0	0	0	0	0	0	0	0
PeerJ	2022-04-01	8840067	107864	9538	0	3	0	3	0	0	0	0	0	0	14	1	0	0	0	0	27	0	0	0	0	0	1	0	0	0	0	0	0	0	0	0	0	0
PeerJ	2022-04-01	8852270	159057	14833	0	15	0	1	0	0	2	0	0	5	0	3	0	0	0	0	39	0	0	0	0	0	0	0	0	0	0	0	0	0	1	0	0	0
PeerJ	2022-04-01	8842653	106465	10648	0	2	0	1	0	0	1	0	0	1	0	1	0	0	0	0	22	0	0	2	0	0	3	0	0	0	0	0	0	0	0	0	0	0
PeerJ	2022-04-01	8840056	103124	9467	0	14	0	0	0	0	5	1	0	0	0	9	0	0	0	0	23	0	0	4	0	0	0	0	0	0	0	0	0	0	0	0	0	0
PeerJ	2022-04-01	8855721	122462	10850	0	9	0	1	0	1	2	0	0	2	0	1	0	0	0	0	15	0	0	1	0	0	0	0	1	0	0	0	0	0	0	0	0	0
PeerJ	2022-04-01	8855714	125887	12573	0	3	0	1	0	0	0	1	0	0	1	0	0	1	1	0	2	0	0	1	0	0	8	0	0	0	0	0	0	0	0	1	1	0
PeerJ	2022-04-01	8855711	70547	6463	1	5	0	0	0	0	1	6	0	0	1	4	0	0	0	0	40	0	0	0	0	0	0	0	0	0	0	0	0	0	0	0	0	0
PeerJ	2022-04-01	8852271	100175	9583	0	13	0	0	0	0	0	0	0	1	0	2	0	0	0	0	30	0	0	4	0	0	0	0	0	0	0	0	0	0	0	0	0	0
PeerJ	2022-04-01	8841032	86839	7768	0	11	0	4	0	0	3	4	0	1	0	2	0	0	0	0	13	0	0	2	0	0	0	0	0	0	0	0	0	0	0	0	0	0
PeerJ	2022-04-01	8857904	178816	14165	0	8	0	1	0	0	0	3	0	13	2	2	0	0	0	0	5	0	0	2	0	0	1	0	0	0	0	0	0	0	0	0	0	0
PeerJ	2022-04-01	8858584	155108	13571	0	19	0	0	0	0	0	0	0	0	0	8	0	0	0	0	22	0	0	0	0	0	0	0	0	0	0	0	0	0	0	0	0	0
PeerJ	2022-04-01	8868018	181100	15458	0	3	0	1	0	0	0	0	0	1	1	2	0	0	0	0	75	0	0	0	0	1	0	0	0	0	0	0	0	0	0	0	0	0
PeerJ	2022-04-01	8877398	135588	11801	0	15	0	3	0	0	0	0	0	0	1	1	0	0	0	0	10	0	0	1	0	0	0	0	0	0	0	0	0	0	0	0	0	0
PeerJ	2022-04-01	8860066	115006	10179	0	11	0	28	0	0	1	0	0	0	0	1	0	0	0	0	22	0	0	1	0	0	0	0	0	0	0	0	0	0	0	0	0	0
PeerJ	2022-04-01	8858576	154268	13031	0	6	0	2	0	0	3	1	0	2	3	1	0	0	1	0	14	0	0	2	0	0	0	1	3	0	0	0	0	0	0	0	0	0
PeerJ	2022-04-01	8858581	169767	17696	0	9	0	1	0	0	0	2	0	0	10	4	0	0	0	0	39	0	0	0	0	0	1	1	0	0	0	0	0	0	0	0	0	0
PeerJ	2022-04-01	8877333	85497	7834	0	9	0	0	0	0	1	1	0	2	2	0	0	0	0	0	27	0	0	4	0	0	0	0	0	0	0	0	0	0	0	0	0	0
PeerJ	2022-04-01	8877334	78892	7303	0	12	0	0	0	0	2	1	0	2	5	1	0	0	0	1	5	0	0	0	0	0	0	2	0	0	0	0	0	0	0	0	0	0
PeerJ	2022-04-01	8877339	147275	13151	0	13	1	1	0	1	0	5	0	0	5	4	0	0	0	1	18	0	0	2	0	0	0	0	0	0	0	0	0	0	0	0	0	0
PeerJ	2022-04-01	8877397	116314	9786	0	9	0	0	0	0	2	0	0	1	0	0	0	0	0	0	45	0	0	0	0	0	0	0	0	0	0	0	0	0	0	0	0	0
PeerJ	2022-04-01	8877344	126954	10556	0	15	0	1	0	0	4	0	0	1	0	2	0	0	0	0	13	0	0	0	0	0	0	0	0	0	0	0	0	0	0	0	0	0
PeerJ	2022-04-01	8858582	66738	6775	0	12	0	2	0	0	1	0	0	0	4	0	0	2	0	0	3	0	0	0	0	0	0	0	1	0	0	0	1	0	0	0	0	1
PeerJ	2022-04-01	8858577	79207	7015	0	7	0	3	0	0	0	0	0	0	0	1	0	0	0	0	33	0	0	0	0	0	0	0	0	0	0	0	0	0	0	0	0	0
PeerJ	2022-04-01	8857901	86153	7617	0	2	0	0	0	0	0	0	0	0	0	0	0	0	0	0	6	0	0	0	0	0	0	0	0	0	0	0	0	0	0	0	0	0
PeerJ	2022-04-01	8877337	118572	11027	0	5	2	4	0	0	5	5	0	0	102	0	0	0	0	0	77	0	0	3	0	0	1	1	0	0	0	0	0	0	0	0	0	0
PeerJ	2022-04-01	8858585	164969	11101	0	5	0	1	0	0	0	2	0	0	9	2	0	0	0	0	12	0	1	0	0	0	0	0	0	0	0	0	0	0	0	0	0	0
PeerJ	2022-04-01	8858583	92602	10514	0	4	0	3	0	0	0	3	0	5	1	1	0	0	0	0	4	0	0	0	0	0	1	0	0	0	0	0	0	0	0	0	0	0
PeerJ	2022-04-01	8857899	110760	9810	0	4	1	2	0	0	0	0	0	0	0	0	0	0	0	0	11	0	0	0	0	0	0	6	0	0	0	0	0	0	0	0	0	0
PeerJ	2022-04-01	8877395	170977	15990	0	5	1	4	0	0	0	1	0	1	0	1	0	0	0	0	56	0	0	3	0	0	0	0	1	0	0	0	0	0	0	0	0	0
PeerJ	2022-04-01	8877342	98455	8917	0	9	0	2	0	0	3	4	0	0	1	5	0	0	0	0	26	0	0	0	0	0	0	0	0	0	0	0	0	0	0	0	0	0
PeerJ	2022-04-01	8868016	158801	14336	0	18	0	0	0	0	0	3	0	0	2	2	0	0	0	0	20	0	1	2	0	0	0	1	0	0	0	0	0	0	0	0	0	0
PeerJ	2022-04-01	8857905	91914	8149	0	6	0	1	0	0	3	3	0	3	1	3	0	0	0	0	22	0	0	1	0	0	0	0	0	0	0	0	0	0	0	0	0	0
PeerJ	2022-04-01	8858580	113477	10388	0	8	0	1	0	0	2	0	0	0	0	2	0	0	0	0	47	0	0	0	0	0	0	0	0	0	0	0	0	0	1	0	0	0
PeerJ	2022-04-01	8857902	141677	11404	0	12	0	5	0	0	0	0	0	0	3	0	0	0	0	0	26	0	0	1	0	0	0	0	0	0	0	0	0	0	0	0	0	0
PeerJ	2022-04-01	8896017	127178	11266	0	11	0	3	0	0	0	1	0	0	0	4	0	0	0	0	32	0	0	3	0	0	0	0	0	0	0	0	0	0	0	0	0	0
PeerJ	2022-04-01	8896022	108450	10380	0	14	0	15	0	0	0	3	0	0	0	1	0	0	1	0	22	0	0	0	0	0	1	0	1	0	0	0	0	0	0	0	0	0
PeerJ	2022-04-01	8893030	165103	14883	0	12	0	0	0	1	0	0	0	0	0	5	0	0	0	0	11	0	0	0	0	3	0	0	0	0	0	0	0	0	0	0	0	0
PeerJ	2022-04-01	8884064	199332	15862	0	14	0	0	0	0	2	0	0	0	0	5	0	0	0	0	7	0	0	2	0	0	1	0	0	0	0	0	0	0	0	0	0	0
PeerJ	2022-04-01	8884061	97327	8622	0	7	0	0	0	0	2	0	0	0	0	6	0	0	0	0	28	0	0	1	0	1	0	0	0	0	0	0	0	0	0	0	1	0
PeerJ	2022-04-01	8881911	133546	12931	0	7	0	1	0	0	2	0	0	0	17	0	0	0	0	0	22	0	0	2	0	0	1	0	0	0	0	0	0	0	0	0	0	0
PeerJ	2022-04-01	8893027	139540	12014	0	12	0	0	0	0	2	0	0	0	1	5	0	0	0	0	18	0	0	4	0	0	0	0	0	0	1	0	0	0	0	0	0	0
PeerJ	2022-04-01	8896021	102108	9534	0	4	1	9	0	0	1	2	0	0	2	2	0	0	0	0	62	0	0	0	0	0	0	0	0	0	0	0	0	0	0	0	0	0
PeerJ	2022-04-01	8884063	174152	15435	0	7	0	5	0	0	4	17	0	0	12	0	0	0	0	0	22	0	0	3	0	0	0	0	0	0	0	0	1	0	0	0	0	0
PeerJ	2022-04-01	8896024	155397	14169	0	8	0	0	0	0	3	2	0	0	0	1	0	0	0	0	27	0	0	1	0	1	0	0	0	0	0	0	0	0	0	0	0	0
PeerJ	2022-04-01	8881909	89193	8183	0	7	0	0	0	0	0	1	0	2	8	0	0	0	1	0	34	0	0	0	0	0	1	0	0	0	1	0	0	1	0	0	0	0
PeerJ	2022-04-01	8893028	114074	9899	0	5	0	0	0	0	0	1	0	0	1	0	0	0	0	0	19	0	0	2	0	0	1	0	0	0	0	0	0	1	0	0	0	0
PeerJ	2022-04-01	8893029	123564	10538	0	10	0	3	0	0	1	1	0	0	16	0	0	0	2	0	16	0	0	0	0	0	0	0	2	0	0	0	0	0	0	0	0	0
PeerJ	2022-04-01	8893026	163101	14210	0	16	0	0	0	0	3	7	0	1	0	2	0	0	1	0	39	0	0	1	0	0	0	0	0	0	0	0	0	0	0	0	0	0
PeerJ	2022-04-01	8881914	146531	12114	0	14	0	0	0	0	0	0	0	1	2	8	0	0	0	0	23	0	0	0	0	2	0	0	0	0	0	0	1	0	0	0	0	0
PeerJ	2022-04-01	8893031	177061	14982	0	27	0	0	0	1	1	1	0	1	0	0	0	0	0	0	18	0	0	2	0	0	0	0	0	0	0	0	0	0	0	0	0	0
PeerJ	2022-04-01	8893032	193793	16622	0	27	0	0	0	0	1	0	0	0	0	6	0	0	0	0	17	0	1	4	0	0	0	0	0	0	0	0	0	0	0	0	0	0
PeerJ	2022-04-01	8882334	136417	12578	0	7	0	6	0	0	0	1	0	1	0	7	0	0	0	0	39	0	0	1	0	0	0	0	0	0	0	0	0	0	0	0	0	0
PeerJ	2022-04-01	8882335	310836	25122	0	3	0	2	0	0	1	3	0	0	1	2	0	0	0	0	34	0	0	3	0	0	0	0	1	0	0	0	1	0	0	0	0	0
PeerJ	2022-04-01	8882336	152161	14145	0	10	0	1	0	0	0	0	0	0	1	0	0	0	0	0	26	0	0	1	0	0	0	0	0	0	0	0	0	0	0	0	0	0
PeerJ	2022-04-01	8896058	168043	14268	0	8	0	1	0	0	0	0	0	0	2	2	0	0	0	0	23	0	0	3	0	0	1	0	0	2	0	0	0	0	3	0	0	0
PeerJ	2022-04-01	8881916	204358	16105	0	11	0	5	0	0	0	0	0	0	17	4	0	0	3	0	27	0	0	2	0	0	0	0	0	0	0	0	2	1	0	0	0	0
PeerJ	2022-04-01	8881915	122370	11296	0	15	0	3	0	0	0	1	0	1	0	0	0	1	0	0	28	0	0	1	0	0	0	0	0	0	0	0	0	0	0	0	0	0
PeerJ	2022-04-01	8896019	109605	9835	0	8	0	0	0	0	0	0	0	0	0	0	0	0	0	0	7	0	0	0	0	0	0	0	0	0	0	0	0	0	0	0	0	0
PeerJ	2022-04-01	8881910	120385	11007	0	12	0	4	0	0	2	0	0	0	6	2	0	0	0	0	53	0	0	0	0	1	0	0	0	0	0	0	0	0	0	0	0	0
PeerJ	2022-04-01	8898549	127554	10723	0	1	0	1	0	0	0	0	0	1	3	0	0	0	0	0	5	0	0	1	0	0	0	0	0	0	0	0	0	0	0	1	0	0
PeerJ	2022-04-01	8898006	88828	8618	0	3	0	3	0	0	0	1	0	0	2	0	0	0	0	0	21	0	0	1	0	0	0	0	0	0	0	0	0	0	0	0	0	0
PeerJ	2022-04-01	8898550	113923	9923	0	9	0	0	0	0	2	0	0	4	4	2	0	0	0	0	19	0	0	0	0	0	0	1	0	0	0	0	0	0	0	0	0	0
PeerJ	2022-04-01	8916031	99151	8929	0	8	0	0	0	0	0	1	0	0	0	0	0	0	0	0	22	0	0	0	0	0	0	0	0	0	0	0	0	0	0	1	0	0
PeerJ	2022-04-01	8900609	130732	11512	0	7	2	2	0	0	1	0	0	0	1	2	0	0	0	0	34	0	0	0	0	0	0	0	0	0	0	0	0	0	0	0	0	0
PeerJ	2022-04-01	8898548	77959	7163	0	9	0	1	0	0	1	0	0	0	1	6	0	0	0	0	12	0	0	1	0	0	0	0	0	0	0	0	0	0	0	0	0	0
PeerJ	2022-04-01	8916026	131052	11433	0	14	2	4	0	0	2	3	0	1	0	4	0	0	1	0	44	0	0	3	0	0	0	0	0	0	0	0	0	0	0	0	0	0
PeerJ	2022-04-01	8908885	137850	11690	0	13	0	0	0	1	1	0	0	0	5	0	0	0	1	0	17	0	0	0	0	0	0	0	0	0	0	0	0	0	0	0	0	0
PeerJ	2022-04-01	8898546	134970	12775	0	5	0	5	1	0	0	2	0	1	1	5	0	0	0	0	92	0	0	0	0	0	1	1	0	0	0	0	0	0	0	0	0	0
PeerJ	2022-04-01	8908894	161205	15260	0	13	0	0	0	0	1	0	0	0	1	0	0	1	0	0	20	0	0	0	0	0	0	0	0	0	0	0	0	0	0	0	0	0
PeerJ	2022-04-01	8898009	102503	8576	0	7	0	2	0	0	2	0	0	0	0	0	0	0	0	0	17	0	0	0	0	0	1	0	0	0	0	0	0	0	0	0	0	0
PeerJ	2022-04-01	8908893	120569	10898	0	7	0	1	0	0	3	3	0	2	0	7	0	0	0	0	12	0	0	0	0	0	0	0	0	0	0	0	0	0	0	0	0	0
PeerJ	2022-04-01	8900608	94132	8106	0	6	0	1	0	1	0	2	0	0	0	0	0	0	0	0	17	0	0	0	0	1	1	0	0	0	0	0	0	0	0	0	0	0
PeerJ	2022-04-01	8898004	121540	10508	0	10	0	0	0	0	0	0	0	2	9	3	0	0	0	0	17	0	0	1	0	0	0	0	0	0	0	0	0	0	0	0	0	0
PeerJ	2022-04-01	8916024	93704	8490	0	6	0	2	0	1	3	0	0	0	0	1	0	0	0	0	31	0	0	2	0	0	1	0	0	0	0	0	0	0	0	0	0	0
PeerJ	2022-04-01	8900614	119682	11369	0	8	0	4	0	0	0	0	0	0	2	1	0	0	0	0	45	0	0	2	0	0	0	0	0	0	0	0	0	0	0	0	0	0
PeerJ	2022-04-01	8916030	162037	13541	0	5	1	3	0	0	1	0	0	0	0	1	0	0	0	0	20	0	0	0	0	0	0	0	0	0	0	0	0	0	0	0	0	0
PeerJ	2022-04-01	8898552	111358	10407	0	21	2	0	0	0	0	0	0	0	5	0	0	0	0	0	25	0	0	1	0	0	0	0	0	0	0	0	0	0	0	0	0	0
PeerJ	2022-04-01	8898005	145667	12301	0	2	2	1	0	0	0	3	0	0	1	0	0	0	0	0	32	0	0	0	0	0	1	0	0	0	0	0	0	0	0	0	0	0
PeerJ	2022-04-01	8900611	363505	31420	0	4	0	0	0	0	0	0	0	3	0	1	0	0	0	0	33	0	0	3	0	4	0	0	0	0	0	0	0	0	0	0	0	0
PeerJ	2022-04-01	8898008	104244	9109	0	7	0	0	0	0	1	2	0	0	1	0	0	0	0	0	17	0	0	0	0	0	0	0	0	0	0	0	1	0	0	0	0	0
PeerJ	2022-04-01	8916029	78867	7221	0	8	1	7	0	0	3	1	0	0	2	0	0	0	0	0	25	0	0	0	0	0	1	0	0	0	0	0	0	0	0	0	0	0
PeerJ	2022-04-01	8916025	91228	8143	0	9	0	1	0	0	2	2	0	0	0	3	0	0	0	0	19	0	0	0	0	0	1	0	0	0	0	0	0	0	0	0	0	0
PeerJ	2022-04-01	8898547	116696	10651	0	7	0	3	0	0	2	1	0	0	1	2	0	0	0	0	51	0	0	0	0	0	0	0	0	0	0	0	0	0	0	0	0	0
PeerJ	2022-04-01	8908884	121960	10961	0	6	0	1	0	0	1	5	0	0	1	1	0	0	0	0	18	0	0	4	0	0	1	0	0	0	0	0	0	0	0	0	0	0
PeerJ	2022-04-01	8919849	107313	10321	0	9	0	2	0	0	1	0	0	0	0	4	0	0	0	0	20	0	0	0	0	0	0	0	0	0	0	0	0	0	0	0	0	0
PeerJ	2022-04-01	8917799	125911	10398	0	6	0	0	0	0	1	2	0	0	0	0	0	0	0	0	17	0	0	0	0	0	1	0	0	0	0	0	0	0	0	0	0	0
PeerJ	2022-04-01	8932314	135757	13312	0	3	0	1	0	0	0	1	0	1	0	2	0	0	1	0	5	0	0	3	0	0	1	0	0	0	0	0	0	0	0	0	0	0
PeerJ	2022-04-01	8918145	96435	8680	0	7	0	1	0	0	3	2	0	0	2	3	0	0	0	0	28	0	0	0	0	0	1	0	0	0	0	0	0	0	0	0	0	0
PeerJ	2022-04-01	8919852	107501	9571	0	20	0	2	0	0	4	0	0	0	1	3	0	0	1	0	7	0	0	1	0	0	2	0	0	0	0	0	0	0	0	0	0	0
PeerJ	2022-04-01	8918233	173671	14081	0	6	0	0	0	0	2	1	0	2	2	2	0	0	0	0	20	0	0	0	0	0	0	0	0	0	0	0	0	0	0	0	0	0
PeerJ	2022-04-01	8917795	119735	10026	0	7	0	1	0	0	0	0	0	0	3	0	0	0	0	0	21	0	0	0	0	0	0	0	0	0	0	0	0	0	0	0	0	0
PeerJ	2022-04-01	8919851	133697	11801	0	7	0	0	0	0	1	0	0	0	2	2	0	0	0	0	13	0	0	2	0	0	1	0	0	0	0	0	0	0	0	0	0	0
PeerJ	2022-04-01	8932313	98237	9105	0	8	0	5	0	0	0	1	0	0	4	0	0	0	1	0	26	0	0	0	0	0	1	0	2	0	0	0	1	0	0	0	0	0
PeerJ	2022-04-01	8917804	291558	23149	0	2	0	0	0	0	0	0	0	1	0	0	0	0	0	0	23	0	0	0	0	0	0	0	1	0	0	0	0	0	0	0	0	0
PeerJ	2022-04-01	8917805	120419	10968	0	14	0	4	0	0	2	2	0	2	1	1	0	1	1	0	32	0	0	0	0	0	1	0	0	0	0	0	0	0	0	0	0	0
PeerJ	2022-04-01	8917797	72440	6872	0	3	2	0	0	0	0	1	0	0	0	0	0	0	0	0	29	0	0	0	0	0	0	0	0	0	0	0	0	0	0	0	0	0
PeerJ	2022-04-01	8932308	120442	11184	0	7	0	0	0	0	0	0	0	0	2	4	0	0	0	0	26	0	0	0	0	0	0	0	0	0	0	0	0	0	0	0	0	0
PeerJ	2022-04-01	8917806	88680	8466	0	6	0	0	0	0	0	3	0	0	0	1	0	0	0	0	48	0	0	0	0	0	0	0	1	0	0	0	0	0	0	0	0	0
PeerJ	2022-04-01	8917802	150646	13779	0	2	0	0	0	0	0	0	0	0	0	0	0	0	0	0	13	0	0	0	0	0	0	0	0	0	0	0	0	0	0	0	0	0
PeerJ	2022-04-01	8918206	86586	8539	0	4	0	0	0	0	0	3	0	0	4	0	0	0	0	0	3	0	0	1	0	0	0	0	0	0	0	0	0	0	0	0	0	0
PeerJ	2022-04-01	8917803	52734	5069	0	9	0	0	0	0	2	2	0	0	1	1	0	0	0	0	21	0	0	0	0	0	1	0	0	0	0	0	0	0	0	1	0	0
PeerJ	2022-04-01	8918142	140662	11239	0	5	0	0	0	0	0	0	0	0	7	3	0	0	0	0	39	0	0	0	0	0	0	0	0	0	0	0	1	0	0	0	0	0
PeerJ	2022-04-01	8918162	130509	11559	0	6	0	2	0	0	0	0	0	1	1	1	0	1	1	0	34	0	0	0	0	0	0	1	0	0	0	0	0	2	0	0	0	0
PeerJ	2022-04-01	8918147	107235	9395	0	10	0	0	0	0	1	2	0	0	5	1	0	0	0	0	20	0	0	1	0	0	0	0	0	0	0	0	0	0	0	0	0	0
PeerJ	2022-04-01	8932307	79601	7649	0	9	0	2	0	0	3	0	0	0	0	0	0	0	0	0	30	0	0	0	0	0	0	0	0	0	0	0	0	0	0	0	0	0
PeerJ	2022-04-01	8929165	76434	6913	0	8	0	4	0	0	3	2	0	0	2	0	0	0	0	0	32	0	0	0	0	0	0	0	0	0	0	0	0	1	0	0	0	0
PeerJ	2022-04-01	8929169	93434	8661	0	8	0	0	0	0	3	3	0	0	0	0	0	0	0	0	23	0	0	0	0	0	1	0	0	0	0	0	0	0	0	0	0	0
PeerJ	2022-04-01	8919844	133213	12334	0	6	2	6	0	0	0	0	0	1	2	0	0	0	0	0	40	0	0	3	0	0	1	0	0	0	1	0	0	0	0	0	0	0
PeerJ	2022-04-01	8929167	113703	10545	0	5	0	4	0	0	1	1	0	0	4	0	0	1	0	0	13	0	0	4	0	0	0	0	1	0	0	0	0	0	0	0	0	0
PeerJ	2022-04-01	8935991	35287	3047	0	4	0	1	0	0	0	0	0	0	0	0	0	0	0	0	5	0	0	0	0	0	0	0	0	0	0	0	1	0	0	1	0	0
PeerJ	2022-04-01	8953500	142118	12023	0	17	1	0	0	0	2	0	0	1	2	5	0	0	0	0	36	0	0	0	0	0	0	0	0	0	0	0	0	0	0	0	0	0
PeerJ	2022-04-01	8944335	126043	11224	0	6	0	1	0	0	0	0	0	0	1	0	0	0	0	0	34	0	0	0	0	0	2	0	0	0	0	0	0	0	0	2	0	0
PeerJ	2022-04-01	8944342	146595	12100	0	18	0	0	0	1	9	0	0	0	0	4	0	0	1	0	31	0	0	1	0	0	0	0	0	0	0	0	0	0	0	0	0	0
PeerJ	2022-04-01	8953502	135456	12320	0	14	0	0	0	0	2	1	0	3	1	9	0	0	0	0	9	0	0	3	0	0	0	0	0	0	0	0	0	0	0	0	0	0
PeerJ	2022-04-01	8953498	109070	9900	0	5	0	1	0	0	0	1	0	0	6	0	0	0	1	0	20	0	0	1	0	0	0	0	0	0	0	0	0	0	0	0	0	0
PeerJ	2022-04-01	8953562	153606	15739	0	33	0	0	0	0	3	2	0	0	1	0	0	0	0	6	35	0	0	3	0	0	1	0	0	0	0	0	0	0	0	0	0	0
PeerJ	2022-04-01	8934532	345667	27448	0	11	0	4	0	0	5	2	0	0	29	3	0	1	2	0	18	0	0	1	0	0	1	0	0	0	0	0	0	1	0	0	0	1
PeerJ	2022-04-01	8957267	80632	7490	0	8	0	1	0	0	2	0	0	2	1	1	0	0	0	0	69	0	0	1	0	0	1	1	0	0	0	0	0	0	0	2	0	0
PeerJ	2022-04-01	8935992	138601	11738	0	12	0	1	0	0	0	1	0	0	1	0	0	0	0	0	30	0	0	1	0	0	0	0	1	0	0	0	0	0	0	0	0	0
PeerJ	2022-04-01	8934531	108163	9435	0	13	0	0	0	0	1	3	0	0	0	5	0	0	1	0	15	0	0	3	0	0	0	0	0	0	0	0	0	0	0	0	0	0
PeerJ	2022-04-01	8944331	116569	10321	0	7	0	0	0	0	2	11	0	0	7	0	0	0	0	0	11	0	0	0	0	0	0	0	0	0	0	0	0	0	0	0	0	0
PeerJ	2022-04-01	8953557	123438	11477	0	13	0	0	0	0	0	0	0	0	0	3	0	0	0	0	14	0	0	0	0	0	0	0	0	0	0	0	0	0	0	0	0	0
PeerJ	2022-04-01	8935990	167098	14152	0	8	0	0	0	0	1	1	0	2	0	2	0	0	0	0	16	0	0	4	0	0	0	0	0	0	0	0	0	0	0	0	0	0
PeerJ	2022-04-01	8944336	197295	17025	0	38	0	5	0	0	0	0	0	0	2	1	0	0	1	0	96	0	0	1	0	0	0	0	0	0	0	0	0	0	0	0	0	0
PeerJ	2022-04-01	8944333	92680	8220	0	7	0	8	0	0	2	0	0	0	2	2	0	0	2	0	35	0	0	0	0	0	0	0	0	0	0	0	0	0	0	0	0	0
PeerJ	2022-04-01	8953504	127463	10596	0	5	1	0	0	0	0	0	0	0	1	1	0	0	0	0	28	0	0	2	0	0	0	0	0	0	0	0	0	0	0	0	0	0
PeerJ	2022-04-01	8934529	180736	14586	0	13	1	2	0	0	0	0	0	0	2	0	0	0	0	0	35	0	1	0	0	0	0	0	0	0	0	0	0	0	0	1	0	0
PeerJ	2022-04-01	8944337	128079	10707	0	5	0	0	0	0	3	2	0	0	0	1	0	0	0	0	11	0	0	1	0	0	0	0	0	0	0	0	0	0	0	0	0	0
PeerJ	2022-04-01	8934043	157081	13218	0	19	0	0	0	0	1	0	0	0	0	0	0	0	0	0	24	0	0	2	0	0	0	0	0	0	0	0	0	0	0	0	0	0
PeerJ	2022-04-01	8934533	275856	13492	0	2	0	1	0	0	0	0	0	5	11	2	0	0	0	0	6	0	0	1	0	0	0	0	0	0	0	0	0	4	0	1	0	0
PeerJ	2022-04-01	8953532	161677	16392	0	3	0	0	0	1	1	0	0	2	6	4	0	0	1	0	6	0	2	3	0	0	0	0	0	0	0	0	0	0	0	0	0	0
PeerJ	2022-04-01	8944341	139470	11942	0	10	0	3	0	0	0	4	0	1	1	4	0	0	0	0	28	0	0	0	0	0	1	0	0	0	0	0	0	0	0	0	0	0
PeerJ	2022-04-01	8944343	130894	12511	0	16	0	2	0	0	2	0	0	0	7	0	0	0	0	0	20	0	0	1	0	0	0	0	0	0	0	0	0	0	0	0	0	0
PeerJ	2022-04-01	8944332	99539	8979	0	7	0	1	0	0	0	2	0	0	0	0	0	0	1	0	57	0	0	0	0	0	2	0	0	0	0	0	0	0	0	0	0	0
PeerJ	2022-04-01	8958967	174213	15382	0	12	0	1	0	0	0	9	0	1	2	0	0	1	2	0	20	0	0	3	0	0	1	0	0	0	2	0	1	0	0	0	0	0
PeerJ	2022-04-01	8957278	82918	7980	0	2	0	4	0	0	0	0	0	0	1	0	0	0	0	0	47	0	0	8	0	0	0	0	3	0	0	0	0	0	0	0	0	0
PeerJ	2022-04-01	8958966	155716	12933	0	7	0	1	0	0	1	2	0	0	0	4	0	0	0	0	16	0	1	2	0	0	0	0	0	0	0	0	0	0	0	0	0	0
PeerJ	2022-04-01	8958971	109319	9548	0	8	0	4	0	0	3	0	0	0	5	0	0	0	0	0	26	0	0	0	0	0	0	0	1	0	0	0	0	0	0	0	0	0
PeerJ	2022-04-01	8976476	145315	11881	0	19	0	0	0	0	1	3	0	0	1	2	0	0	0	0	17	0	0	1	0	0	0	0	0	0	0	0	0	0	0	0	0	0
PeerJ	2022-04-01	8957270	114483	10623	0	10	0	0	0	0	3	1	0	0	0	3	0	0	0	0	13	0	0	0	0	0	1	1	0	0	0	0	0	0	0	0	0	0
PeerJ	2022-04-01	8958965	158961	13522	0	11	3	0	0	0	0	1	0	0	0	3	0	0	1	0	44	0	0	1	0	0	0	0	0	0	0	0	0	1	0	0	0	0
PeerJ	2022-04-01	8976475	136453	11327	0	12	1	0	0	0	5	0	0	0	2	1	0	0	1	0	22	0	1	4	0	1	0	0	0	0	0	0	0	0	0	0	0	0
PeerJ	2022-04-01	8957268	159251	14134	0	8	0	0	0	0	1	10	0	2	1	1	0	1	0	0	23	0	0	0	0	0	0	0	0	0	0	0	0	0	0	0	0	0
PeerJ	2022-04-01	8958961	137251	12454	0	4	1	5	0	0	3	1	0	0	0	0	0	0	0	0	44	0	0	2	0	0	1	0	0	0	0	0	0	0	0	0	0	0
PeerJ	2022-04-01	8977065	114390	10134	0	8	1	1	0	0	3	1	0	0	2	4	0	0	0	0	45	0	0	0	0	0	0	0	0	0	0	0	0	0	0	0	0	0
PeerJ	2022-04-01	8957272	95870	9051	0	9	0	1	0	0	6	1	0	0	2	3	0	0	0	0	22	0	0	0	0	0	0	3	0	0	0	0	0	0	0	0	0	0
PeerJ	2022-04-01	8958963	120340	9508	0	2	0	1	0	0	2	0	0	1	0	0	0	0	0	0	12	0	0	0	0	1	1	0	0	0	0	0	0	0	0	0	0	0
PeerJ	2022-04-01	8957281	164450	14324	0	7	0	0	0	0	0	2	0	0	4	0	0	0	0	0	38	0	0	1	0	0	0	0	0	0	0	0	0	0	0	0	0	0
PeerJ	2022-04-01	8958972	217312	19154	0	9	0	6	0	0	3	1	0	0	8	2	0	0	0	0	209	0	0	2	0	0	2	1	0	0	0	0	0	0	1	0	0	0
PeerJ	2022-04-01	8973466	132900	13621	0	1	1	2	0	0	4	0	0	2	0	4	0	0	0	0	19	0	0	0	0	0	0	2	0	0	0	0	0	0	0	0	0	0
PeerJ	2022-04-01	8957277	304393	30198	0	162	0	6	0	0	3	0	0	0	6	0	0	0	0	0	16	0	2	3	0	0	0	1	0	0	0	0	0	0	0	0	0	0
PeerJ	2022-04-01	8973465	160114	13960	0	11	1	7	0	0	2	0	0	0	6	0	0	0	0	0	29	0	0	3	0	0	0	0	0	0	0	0	0	0	1	0	0	0
PeerJ	2022-04-01	8957269	165584	13758	0	9	0	3	0	0	1	4	0	0	0	2	0	0	0	0	43	0	0	2	0	0	1	0	0	0	0	0	0	0	0	0	0	0
PeerJ	2022-04-01	8973462	142797	12642	0	3	0	0	0	0	2	3	0	0	0	2	0	0	0	0	24	0	0	0	0	0	0	0	1	0	0	0	1	0	0	0	0	0
PeerJ	2022-04-01	8958975	523658	45910	0	14	0	2	0	0	0	1	0	8	5	1	0	1	0	0	29	0	0	4	0	0	0	0	0	0	0	0	0	0	2	0	1	0
PeerJ	2022-04-01	8976469	77879	7171	0	4	0	0	0	0	0	2	0	0	6	1	0	0	0	0	8	0	0	0	0	0	2	0	0	0	0	0	1	0	0	1	0	0
PeerJ	2022-04-01	8973471	140350	11446	0	14	0	0	0	0	2	1	0	0	1	2	0	1	0	0	34	0	0	2	0	0	0	0	0	0	0	0	0	0	0	0	0	0
PeerJ	2022-04-01	8973460	83297	8491	0	3	0	0	0	0	1	8	0	0	3	3	0	1	0	0	23	0	0	0	0	0	0	0	2	0	0	0	0	0	0	0	0	0
PeerJ	2022-04-01	8973461	99496	8635	0	6	1	2	0	0	0	0	0	0	23	1	0	0	2	0	8	0	0	0	0	0	0	0	0	0	0	0	0	0	0	0	0	0
