journal	date	pmc_id	Nchars	Nwords	delve	analyse	acknowledge	assess	appraise	dissect	explore	examine	extricate	expose	estimate	investigate	inquire	inspect	interpret	scrutinise	study	unearth	uncover	understand	ponder	research	reason	retrieve	avoid	discount	disregard	dismiss	ignore	neglect	overlook	omit	skip	reject
PeerJ	2024-01-01	10557937	103049	9056	0	21	0	0	0	0	0	0	0	0	0	0	0	0	0	0	10	0	0	0	0	0	0	0	0	0	0	0	0	0	0	0	0	0
PeerJ	2024-01-01	10557952	96750	8261	0	4	0	4	0	0	0	2	0	0	1	2	0	0	0	0	27	0	0	0	0	0	0	0	0	0	0	0	0	0	0	0	0	0
PeerJ	2024-01-01	10561641	108730	8997	0	9	0	0	0	0	0	1	0	0	0	0	0	0	0	0	33	0	0	0	0	0	0	0	0	0	0	0	0	0	0	0	0	0
PeerJ	2024-01-01	10552766	125191	10512	0	18	0	0	0	0	0	1	0	0	1	0	0	0	0	0	28	0	1	1	0	0	0	0	0	0	0	0	0	0	0	0	0	0
PeerJ	2024-01-01	10561639	75967	6963	0	5	0	1	0	0	2	4	0	0	0	4	0	0	0	0	24	0	0	4	0	0	0	0	1	0	0	0	0	0	0	0	0	0
PeerJ	2024-01-01	10559886	105513	9570	0	12	0	1	0	0	2	0	0	0	4	3	0	0	0	0	16	0	0	1	0	0	0	0	0	0	0	0	0	0	0	0	0	0
PeerJ	2024-01-01	10552765	78417	7693	0	5	0	3	0	0	0	2	0	1	4	2	0	0	0	0	52	0	0	1	0	0	0	0	1	0	0	0	0	0	0	0	0	0
PeerJ	2024-01-01	10561638	67070	6151	0	11	0	0	0	0	2	0	0	0	1	1	0	0	0	0	25	0	0	0	0	0	0	0	0	0	0	0	0	0	0	0	0	0
PeerJ	2024-01-01	10559884	144235	13453	0	9	1	2	0	0	1	0	0	0	0	0	0	0	0	0	24	0	0	2	0	0	0	0	0	0	0	0	0	0	0	0	0	0
PeerJ	2024-01-01	10552747	155312	13576	0	17	1	1	0	0	3	0	0	0	1	0	0	0	0	0	29	0	0	4	0	0	0	0	0	0	0	0	0	0	0	0	0	0
PeerJ	2024-01-01	10559889	89557	7606	0	9	0	1	0	1	2	0	0	0	0	0	0	0	0	0	8	0	0	1	0	0	0	0	0	0	0	0	0	0	0	0	0	0
PeerJ	2024-01-01	10560494	122748	10642	0	9	0	0	0	0	2	0	0	0	1	3	0	0	0	0	35	0	0	1	0	0	0	0	0	0	0	0	0	0	0	0	0	0
PeerJ	2024-01-01	10561649	193792	18231	0	13	0	1	0	1	0	4	0	0	3	0	0	0	0	0	14	0	0	2	0	0	0	0	0	0	0	0	0	0	0	0	0	0
PeerJ	2024-01-01	10561640	70997	6778	4	7	2	2	0	0	2	1	0	0	0	2	0	0	1	0	42	0	0	3	0	0	0	0	0	0	0	0	0	0	1	0	0	0
PeerJ	2024-01-01	10569167	144715	12851	0	15	0	2	0	0	1	7	0	1	2	2	0	0	0	0	25	0	0	2	0	0	0	0	0	0	0	0	0	0	0	0	0	0
PeerJ	2024-01-01	10552768	93596	8419	0	6	0	0	0	1	1	1	0	0	0	0	0	0	0	0	12	0	1	0	0	0	0	0	0	0	0	0	0	0	0	0	0	0
PeerJ	2024-01-01	10552767	106335	9450	0	23	0	1	0	0	1	1	0	0	8	0	0	0	0	0	29	0	0	0	0	0	0	1	1	0	0	0	0	0	0	0	0	0
PeerJ	2024-01-01	10559882	163441	12090	0	5	0	1	0	0	2	0	0	0	0	0	0	0	0	0	12	0	0	0	0	0	0	0	1	0	0	0	0	0	0	1	0	1
PeerJ	2024-01-01	10560493	150277	13282	0	12	0	4	0	1	0	0	0	0	4	7	0	0	0	0	28	0	0	0	0	0	3	5	1	0	0	0	0	1	0	0	0	0
PeerJ	2024-01-01	10560497	134128	12082	0	7	0	0	0	0	1	2	0	1	1	2	0	0	0	0	49	0	0	2	0	0	0	0	0	0	1	0	0	0	0	5	0	0
PeerJ	2024-01-01	10559878	127567	11745	0	8	0	3	2	0	5	0	0	0	2	3	0	0	0	0	8	0	0	0	0	0	0	1	1	0	0	0	0	0	0	0	0	0
PeerJ	2024-01-01	10561642	152779	14010	0	3	0	4	0	0	0	0	0	0	0	0	0	0	0	0	16	0	2	1	0	0	0	6	0	0	0	0	0	0	2	0	0	0
PeerJ	2024-01-01	10560496	139575	12163	0	2	0	1	0	0	0	1	0	2	1	0	0	0	7	0	24	0	0	0	0	0	1	0	0	0	0	0	0	0	0	0	0	0
PeerJ	2024-01-01	10557940	108534	10368	0	9	0	1	0	0	0	4	0	9	1	9	0	0	0	0	16	0	0	2	0	0	0	0	0	0	0	0	0	0	0	0	0	0
PeerJ	2024-01-01	10560495	94039	8710	0	10	0	3	0	0	0	3	0	1	0	5	0	0	0	0	21	0	0	6	0	0	0	0	0	0	0	0	0	0	0	0	0	0
PeerJ	2024-01-01	10569206	116582	10588	0	8	0	1	0	0	5	1	0	0	1	5	0	0	1	0	35	0	0	0	0	0	1	0	0	0	0	0	0	0	0	0	0	0
PeerJ	2024-01-01	10576493	189365	16446	0	5	0	2	0	0	4	3	0	0	1	4	1	0	0	0	58	0	0	1	0	0	0	0	0	0	0	0	0	0	0	0	1	0
PeerJ	2024-01-01	10578307	245051	19673	0	4	0	0	0	0	3	0	0	1	0	0	0	0	2	0	48	0	0	1	0	5	0	1	0	0	0	0	0	0	0	0	0	0
PeerJ	2024-01-01	10576497	140987	11888	0	13	0	1	0	0	1	0	0	12	12	0	0	0	0	0	19	0	0	0	0	0	0	2	0	0	0	0	0	0	0	0	0	0
PeerJ	2024-01-01	10576502	275523	21916	0	4	0	1	0	0	2	1	0	0	1	1	0	0	0	1	21	0	0	0	0	0	0	0	0	0	0	0	0	0	0	0	0	0
PeerJ	2024-01-01	10573372	93883	8697	0	8	0	4	1	0	4	1	0	0	3	4	0	0	1	0	53	0	0	3	0	1	0	0	0	0	0	0	0	0	0	0	0	1
PeerJ	2024-01-01	10576499	103556	9366	0	5	1	4	0	0	7	5	0	0	1	2	0	0	0	0	58	0	0	3	0	0	0	0	0	0	0	0	0	0	0	0	0	0
PeerJ	2024-01-01	10578306	172576	16782	0	14	0	2	0	0	8	0	0	0	2	2	0	0	0	1	18	0	1	1	0	0	0	0	1	0	0	0	0	0	0	0	0	0
PeerJ	2024-01-01	10569161	87429	8098	0	9	0	2	0	0	0	0	0	0	73	0	0	0	0	0	25	0	0	0	0	0	1	0	0	0	0	0	1	0	0	0	0	0
PeerJ	2024-01-01	10576501	130016	11850	0	12	1	1	0	0	1	1	0	0	6	0	0	0	0	0	43	0	1	3	0	0	0	0	0	0	0	0	0	0	0	0	0	0
PeerJ	2024-01-01	10573298	117561	11119	0	2	1	1	0	0	3	0	0	0	11	0	0	0	0	1	15	0	0	2	0	0	0	0	0	0	0	0	0	0	0	0	0	0
PeerJ	2024-01-01	10576964	124773	12061	0	6	0	1	0	0	0	0	0	0	1	0	0	0	0	0	53	0	0	0	0	0	0	0	0	0	0	0	0	0	0	0	0	0
PeerJ	2024-01-01	10576967	107369	9575	0	17	0	0	0	0	6	1	0	0	1	4	0	0	0	0	14	0	1	1	0	0	0	1	0	0	0	0	0	0	0	0	0	0
PeerJ	2024-01-01	10576966	131363	10191	0	3	0	0	0	0	5	1	0	0	0	0	0	0	0	0	8	0	0	1	0	0	0	3	0	0	0	0	2	0	0	0	0	0
PeerJ	2024-01-01	10569162	82193	7508	0	5	0	0	0	0	0	0	0	0	1	6	0	0	0	0	18	0	0	0	0	0	0	0	0	0	0	0	0	0	0	0	0	0
PeerJ	2024-01-01	10578305	211860	15869	0	4	0	0	0	0	1	0	0	1	0	0	0	0	0	0	20	0	0	1	0	0	0	0	0	0	0	0	0	0	0	0	0	0
PeerJ	2024-01-01	10576491	118019	9782	0	20	0	0	0	0	1	1	0	0	3	2	0	0	0	0	21	0	0	0	0	0	0	0	0	0	0	0	0	0	0	0	0	0
PeerJ	2024-01-01	10569181	125748	11541	0	8	0	5	0	1	0	1	0	0	1	0	0	0	0	0	18	0	0	0	0	0	0	0	0	0	1	0	0	0	0	3	0	0
PeerJ	2024-01-01	10576965	147806	13532	0	8	0	0	0	0	15	14	0	0	18	24	0	0	0	0	24	0	1	1	0	1	0	0	0	0	0	0	3	0	0	0	0	2
PeerJ	2024-01-01	10573286	67179	6482	0	3	0	0	0	0	0	5	0	0	0	2	0	0	0	0	15	0	0	0	0	0	0	0	0	0	0	0	2	0	0	0	0	0
PeerJ	2024-01-01	10569207	162248	14337	0	6	1	3	0	0	2	0	0	0	1	0	0	0	1	0	26	0	0	4	0	0	1	0	0	0	0	0	0	0	0	1	0	0
PeerJ	2024-01-01	10569183	148839	14041	0	5	0	2	0	0	0	0	0	1	6	3	0	1	2	0	27	0	0	1	0	0	3	0	1	0	0	0	0	0	0	0	0	0
PeerJ	2024-01-01	10573390	141459	12877	0	7	0	5	0	0	10	4	0	0	0	11	0	0	0	0	15	0	0	1	0	0	0	1	0	0	0	0	0	1	0	0	0	0
PeerJ	2024-01-01	10569170	296600	30284	0	25	0	1	0	0	5	16	0	16	5	1	0	0	4	0	49	0	1	1	0	1	0	2	2	0	0	0	0	0	0	0	0	0
PeerJ	2024-01-01	10578301	103151	9512	0	6	0	2	0	0	5	0	0	0	3	5	0	0	1	0	88	0	0	0	0	0	0	4	0	0	0	0	0	0	0	0	0	0
PeerJ	2024-01-01	10590100	111302	10002	0	3	0	9	0	0	0	1	0	11	6	0	0	0	1	0	23	0	0	0	0	0	0	0	0	0	0	0	0	0	0	0	0	0
PeerJ	2024-01-01	10592298	202051	16468	0	11	0	2	0	0	0	0	0	0	0	5	0	0	0	0	34	0	1	0	0	0	0	0	1	0	0	0	0	0	0	0	0	0
PeerJ	2024-01-01	10586307	118410	10258	0	7	0	0	0	2	5	0	0	1	0	1	0	0	1	0	28	0	1	0	0	2	0	1	0	0	0	0	0	0	0	0	0	0
PeerJ	2024-01-01	10590572	127636	12772	0	11	0	1	0	0	3	2	0	1	2	1	0	0	0	2	15	0	0	1	0	0	0	0	0	0	0	0	0	0	0	2	0	0
PeerJ	2024-01-01	10586299	97581	8341	0	5	0	13	0	0	4	1	0	0	1	4	0	0	0	0	13	0	0	0	0	0	0	0	0	0	0	0	0	0	0	0	0	0
PeerJ	2024-01-01	10592348	48392	4602	0	4	0	0	0	0	0	2	0	1	0	0	0	0	1	0	2	0	0	0	0	0	0	0	0	0	0	0	0	0	0	0	0	0
PeerJ	2024-01-01	10590109	124156	11461	0	15	0	4	0	0	1	1	0	1	1	5	0	0	0	0	18	0	0	4	0	0	0	0	0	0	0	0	0	0	0	0	0	0
PeerJ	2024-01-01	10590570	83654	7542	0	5	0	11	0	0	3	9	0	0	0	3	0	0	0	0	47	0	0	2	0	0	0	0	0	0	0	0	0	0	0	0	0	0
PeerJ	2024-01-01	10590576	129108	11170	0	5	0	0	0	0	3	2	0	0	0	2	0	0	0	0	22	0	0	0	0	0	0	0	0	0	0	0	0	0	0	0	0	0
PeerJ	2024-01-01	10588687	123259	10314	0	3	0	1	0	0	6	1	0	0	0	5	0	0	1	0	20	0	0	0	0	0	0	0	0	0	0	0	0	0	0	0	0	0
PeerJ	2024-01-01	10590574	137196	12277	0	17	0	4	0	1	1	0	0	1	0	2	0	0	0	0	19	0	0	3	0	0	0	0	0	0	0	0	0	0	0	0	0	0
PeerJ	2024-01-01	10588686	143408	12281	0	8	1	2	0	0	1	1	0	0	0	0	0	0	0	0	27	0	0	1	0	0	0	0	0	0	0	0	0	0	0	1	0	0
PeerJ	2024-01-01	10592289	89825	8292	0	10	0	2	0	0	3	0	0	4	1	4	0	0	0	0	23	0	0	0	0	0	0	0	0	0	0	0	0	0	0	0	0	1
PeerJ	2024-01-01	10590095	112132	10052	0	8	0	0	0	0	1	0	0	0	2	1	0	0	1	0	35	0	0	0	0	0	0	0	0	0	0	0	1	0	0	0	0	0
PeerJ	2024-01-01	10590098	75636	7096	0	13	0	0	0	0	1	1	0	0	0	6	0	0	0	0	31	0	0	1	0	0	0	0	1	0	0	0	0	0	0	0	0	0
PeerJ	2024-01-01	10590097	95796	8955	0	11	0	0	0	0	3	0	0	1	0	2	0	0	0	0	18	0	0	0	0	0	0	0	0	0	0	0	0	0	0	0	0	0
PeerJ	2024-01-01	10590103	178479	17488	0	11	0	6	0	0	4	0	0	19	0	2	1	0	0	0	42	0	0	1	0	0	3	0	0	0	0	0	0	0	0	0	0	0
PeerJ	2024-01-01	10586311	215404	18381	0	26	0	5	0	0	1	2	0	0	18	5	0	1	2	0	24	0	0	4	0	0	2	6	0	0	0	0	0	0	0	0	0	0
PeerJ	2024-01-01	10586294	147913	12763	0	13	0	0	0	0	1	0	0	0	2	1	0	0	0	0	24	0	1	0	0	0	1	11	0	0	0	0	0	0	0	0	0	0
PeerJ	2024-01-01	10588714	79868	7993	0	9	0	1	0	0	6	9	0	0	0	0	0	0	0	0	31	0	0	1	0	0	0	0	0	0	0	0	0	0	0	0	0	0
PeerJ	2024-01-01	10588700	111383	10522	0	3	0	1	0	0	0	2	0	0	3	3	0	1	0	0	21	0	0	0	0	0	0	0	0	0	0	0	0	0	0	0	0	1
PeerJ	2024-01-01	10590106	215438	18710	0	5	2	0	0	0	5	0	0	0	0	6	0	0	1	0	11	0	0	0	0	0	0	5	0	0	0	0	0	0	0	0	0	0
PeerJ	2024-01-01	10588719	376839	32641	0	19	5	2	0	4	4	1	0	1	0	0	0	0	4	0	56	0	0	2	0	0	7	3	2	0	0	0	1	0	0	0	0	24
PeerJ	2024-01-01	10586291	108688	9697	0	29	0	5	0	0	1	0	0	0	1	3	0	0	0	0	24	0	1	1	0	0	0	0	1	0	0	0	0	1	0	1	0	0
PeerJ	2024-01-01	10590108	102820	9620	0	3	1	3	0	0	1	0	0	1	4	0	0	0	0	0	48	0	0	0	0	0	0	0	0	0	0	0	0	1	0	0	2	0
PeerJ	2024-01-01	10624166	91278	8530	0	1	1	1	0	3	0	5	0	3	0	5	0	0	0	0	19	0	0	1	0	0	0	0	0	0	0	0	0	0	0	0	0	0
PeerJ	2024-01-01	10625350	80465	8301	0	8	0	1	0	0	3	3	0	0	0	0	0	0	0	0	23	0	0	1	0	0	0	0	0	0	0	0	0	0	0	0	0	0
PeerJ	2024-01-01	10612490	64374	5936	0	8	0	0	0	0	0	3	0	0	6	5	0	0	0	0	24	0	0	0	0	0	0	0	0	0	0	0	0	2	0	0	0	1
PeerJ	2024-01-01	10601917	173525	15127	0	9	0	2	0	0	0	4	0	5	0	9	0	0	0	0	32	0	0	0	0	0	0	0	0	0	0	0	0	0	0	0	0	0
PeerJ	2024-01-01	10624167	153706	13477	0	27	0	2	0	0	0	2	0	0	4	2	0	0	1	0	28	0	0	1	0	0	0	0	0	0	0	0	0	0	0	0	0	0
PeerJ	2024-01-01	10607275	91918	8144	0	11	0	4	0	0	3	2	0	1	1	2	0	0	0	0	18	0	1	1	0	0	0	0	0	0	0	0	0	0	0	0	0	0
PeerJ	2024-01-01	10612491	137500	11906	0	20	0	0	0	0	7	3	0	1	2	2	0	0	0	0	29	0	0	1	0	0	0	0	0	0	0	0	0	0	0	0	0	0
PeerJ	2024-01-01	10624168	94770	8449	0	3	0	2	0	0	6	1	0	1	0	2	0	0	0	0	24	0	0	2	0	0	0	0	0	0	0	0	0	0	0	0	0	0
PeerJ	2024-01-01	10629385	103909	9898	0	7	0	1	0	0	3	5	0	0	4	0	0	0	1	0	53	0	0	3	0	0	0	1	1	0	0	0	0	0	0	0	1	0
PeerJ	2024-01-01	10601897	112260	10614	0	9	0	4	0	0	0	0	0	0	0	0	0	0	0	0	41	0	0	0	0	0	1	1	0	0	0	0	0	0	0	0	0	0
PeerJ	2024-01-01	10613435	125444	11302	0	6	0	1	0	0	2	0	0	0	0	2	0	0	0	0	38	0	0	0	0	0	0	0	0	0	0	0	0	0	0	0	0	0
PeerJ	2024-01-01	10625352	87665	8751	0	10	0	0	0	0	2	0	0	12	6	3	0	0	1	0	6	0	0	1	0	0	0	0	3	0	0	0	0	0	0	1	0	0
PeerJ	2024-01-01	10607209	132044	11745	0	9	0	0	0	0	2	3	0	0	2	6	0	0	0	0	24	0	0	2	0	0	0	1	0	0	0	0	0	0	0	0	0	0
PeerJ	2024-01-01	10621595	84355	7614	0	8	0	2	0	1	7	4	0	0	0	2	0	0	0	0	16	0	0	1	0	0	0	0	0	0	0	0	0	0	0	0	0	0
PeerJ	2024-01-01	10710173	114372	10043	0	9	0	4	0	0	0	0	0	4	3	1	0	0	0	0	15	0	0	1	0	0	0	0	0	0	0	0	0	0	0	0	0	0
PeerJ	2024-01-01	10624170	113164	9456	0	8	0	4	0	0	1	2	0	0	3	0	0	0	0	0	70	0	0	0	0	0	0	0	1	0	0	0	0	0	0	0	0	0
PeerJ	2024-01-01	10607186	97738	10003	0	11	0	1	0	0	1	0	0	32	0	2	1	0	3	1	51	0	0	2	0	0	0	0	0	0	0	0	0	0	0	1	0	0
PeerJ	2024-01-01	10621594	167354	13971	0	3	0	3	0	0	1	0	0	2	0	0	0	0	0	0	28	0	0	7	0	0	0	0	0	0	0	0	0	0	0	0	0	0
PeerJ	2024-01-01	10625353	92898	8930	0	8	0	0	0	0	1	0	0	0	0	1	0	0	0	0	23	0	0	0	0	0	0	0	0	0	0	0	0	0	0	0	0	0
PeerJ	2024-01-01	10607266	110387	10250	0	11	0	6	0	0	0	1	0	0	3	1	0	0	1	0	38	0	0	0	0	0	0	0	0	0	0	0	0	0	0	0	0	0
PeerJ	2024-01-01	10615031	236956	22506	0	12	3	3	0	0	20	6	0	0	0	9	0	0	2	3	149	0	0	5	0	0	2	0	0	0	0	0	1	1	0	0	0	0
PeerJ	2024-01-01	10613439	126779	10143	0	5	0	0	0	0	4	2	0	0	0	0	0	0	0	0	5	0	0	3	0	0	0	0	0	1	0	0	0	0	0	0	0	0
PeerJ	2024-01-01	10607589	148436	14868	0	15	3	4	0	0	7	1	0	0	4	3	0	0	2	0	42	0	0	0	0	0	2	0	0	0	0	0	0	0	1	0	0	0
PeerJ	2024-01-01	10625358	51587	5400	0	3	0	0	0	0	0	0	0	0	11	0	0	0	0	0	4	0	0	0	0	0	0	1	0	0	0	0	0	0	0	0	0	0
PeerJ	2024-01-01	10621593	92297	8642	0	8	0	3	0	0	0	0	0	0	3	1	0	0	0	0	17	0	0	0	0	0	0	0	0	0	0	0	0	0	0	0	0	0
PeerJ	2024-01-01	10625761	121680	10901	0	5	0	1	0	0	0	2	0	0	11	0	0	0	0	0	13	0	0	1	0	0	0	0	0	0	0	0	0	0	0	0	0	0
PeerJ	2024-01-01	10625763	181380	16145	0	10	1	1	0	0	5	0	0	2	5	3	0	1	1	0	21	0	0	3	0	0	0	1	0	0	0	0	0	0	0	0	0	0
PeerJ	2024-01-01	10637257	79059	7128	0	10	0	0	0	0	4	0	0	0	1	0	0	0	0	0	8	0	0	0	0	0	0	0	0	0	0	0	0	0	0	0	0	0
PeerJ	2024-01-01	10637241	152515	12861	0	9	0	0	0	0	0	1	0	0	0	0	0	0	0	0	9	0	0	0	0	0	0	0	0	0	0	0	0	0	0	0	0	0
PeerJ	2024-01-01	10637243	78733	7125	0	9	0	1	0	0	1	1	0	0	1	9	0	0	0	0	40	0	0	0	0	0	0	0	0	0	0	0	0	0	0	0	0	0
PeerJ	2024-01-01	10638912	70899	7085	0	5	0	0	0	0	0	0	0	5	0	1	0	0	0	0	24	0	0	0	0	0	0	1	0	0	0	0	0	0	0	0	0	0
PeerJ	2024-01-01	10638921	178242	14788	0	14	0	0	0	0	1	1	0	0	0	0	0	0	1	0	19	0	0	2	0	0	2	0	0	0	0	0	0	0	0	0	0	0
PeerJ	2024-01-01	10629384	129356	11110	0	6	0	0	0	0	1	1	0	1	1	0	0	0	0	0	21	0	0	3	0	0	0	0	0	0	0	0	0	0	0	0	0	0
PeerJ	2024-01-01	10638924	150422	13716	0	20	0	3	0	0	0	2	0	2	6	12	0	0	1	0	31	0	0	2	0	0	1	0	1	0	0	0	1	0	0	0	0	0
PeerJ	2024-01-01	10637249	169947	13996	0	5	1	0	0	0	1	0	0	1	0	4	0	0	0	0	14	0	0	3	0	0	1	0	1	0	0	0	0	0	0	0	0	1
PeerJ	2024-01-01	10625762	206459	18515	0	8	2	3	0	0	6	3	0	2	3	9	0	0	2	0	48	0	0	4	0	1	0	0	0	0	0	0	0	0	0	0	0	0
PeerJ	2024-01-01	10629382	160692	14691	0	3	0	0	0	2	3	2	0	0	2	1	0	0	0	0	35	0	0	3	0	0	2	0	0	0	0	0	0	0	0	0	0	1
PeerJ	2024-01-01	10634332	93026	8023	0	4	0	0	0	0	0	0	0	0	1	0	0	0	0	0	19	0	0	0	0	0	0	0	0	0	0	0	0	0	0	0	0	0
PeerJ	2024-01-01	10638923	186932	15582	0	11	1	0	0	0	0	1	0	0	1	1	0	0	2	0	41	0	0	0	0	0	0	0	0	0	0	0	0	0	0	0	0	0
PeerJ	2024-01-01	10625760	108412	9614	0	16	0	1	0	0	2	0	0	0	1	3	0	0	0	0	23	0	0	0	0	0	0	0	0	0	0	0	0	0	0	0	0	0
PeerJ	2024-01-01	10629391	101601	8644	0	13	0	2	0	0	2	1	0	0	3	1	0	0	0	0	22	0	1	1	0	0	0	0	0	0	0	0	0	0	0	0	0	0
PeerJ	2024-01-01	10638918	91496	8179	0	2	0	0	0	0	5	1	0	1	4	1	0	0	0	0	42	0	0	2	0	0	0	0	0	0	0	0	0	0	0	0	0	0
PeerJ	2024-01-01	10638908	124360	10938	0	12	0	1	0	0	1	0	0	1	1	3	0	0	0	0	15	0	0	2	0	0	0	0	0	0	0	0	0	0	0	0	0	0
PeerJ	2024-01-01	10637255	110715	9860	0	17	0	0	0	0	1	2	0	0	0	0	0	0	3	0	6	0	0	0	0	0	0	0	0	0	0	0	0	0	1	0	0	0
PeerJ	2024-01-01	10637252	202392	18680	0	5	0	1	0	0	0	0	0	0	2	0	0	0	0	0	19	0	0	0	0	0	1	0	0	0	0	0	0	0	0	0	0	0
PeerJ	2024-01-01	10634338	79159	7254	0	5	0	0	0	0	3	0	0	0	1	1	0	0	0	0	34	0	0	0	0	0	0	0	0	0	0	0	0	0	0	0	0	0
PeerJ	2024-01-01	10637247	246692	23066	0	19	0	0	0	0	2	0	0	0	1	1	0	0	0	0	37	0	0	2	0	1	0	0	1	0	0	0	0	1	0	0	0	0
PeerJ	2024-01-01	10625758	79846	7636	0	6	0	0	0	0	0	0	0	0	6	0	0	0	0	0	12	0	0	0	0	0	0	0	0	0	0	0	0	0	0	0	0	0
PeerJ	2024-01-01	10634337	111199	9711	0	7	1	4	0	0	1	0	0	0	0	1	0	0	0	0	17	0	0	0	0	0	0	0	0	0	0	0	0	0	0	0	0	0
PeerJ	2024-01-01	10638915	97560	8970	0	6	0	2	0	0	0	1	0	1	0	14	0	0	0	0	18	0	0	0	0	0	0	0	0	0	0	0	0	0	0	0	0	0
PeerJ	2024-01-01	10655710	189951	18437	0	17	0	0	0	0	1	0	0	1	6	0	0	0	3	0	14	0	0	0	0	0	1	0	1	1	0	1	0	0	0	1	0	0
PeerJ	2024-01-01	10652853	133316	11001	0	23	0	2	0	0	2	2	0	3	2	5	0	0	0	0	115	0	0	0	0	2	0	1	0	0	0	0	0	0	0	0	0	0
PeerJ	2024-01-01	10655722	200704	18546	0	15	0	1	0	0	0	3	0	0	13	1	0	0	2	0	24	0	0	1	0	0	0	0	0	0	0	0	2	0	0	0	0	1
PeerJ	2024-01-01	10656905	119810	11005	0	2	0	0	0	0	1	0	0	0	0	1	0	0	0	0	13	0	0	0	0	0	1	0	0	0	0	0	0	0	0	1	0	0
PeerJ	2024-01-01	10642364	125296	10987	0	4	1	2	0	0	2	6	0	0	0	1	0	0	0	0	33	0	0	2	0	0	0	0	0	0	0	0	0	0	0	0	0	0
PeerJ	2024-01-01	10640842	114148	10649	0	4	0	0	0	0	3	0	0	11	1	1	0	0	0	0	30	0	0	0	0	0	0	0	0	0	0	0	0	0	0	0	0	0
PeerJ	2024-01-01	10640847	87745	7987	0	12	0	2	0	0	5	4	0	15	0	6	0	0	0	0	21	0	0	1	0	0	0	0	1	0	0	0	0	0	0	0	0	0
PeerJ	2024-01-01	10656911	108240	9082	0	15	0	0	0	0	1	0	0	0	0	0	0	0	0	0	6	0	0	0	0	0	0	0	0	0	0	0	0	0	0	0	0	0
PeerJ	2024-01-01	10655705	179046	15667	0	8	0	1	0	0	1	0	0	3	0	3	0	0	0	0	54	0	0	3	0	0	0	0	0	0	0	0	0	0	0	0	0	0
PeerJ	2024-01-01	10656906	230137	21245	0	6	0	3	0	0	2	14	0	0	9	1	0	0	3	0	27	0	0	6	0	0	0	0	0	0	0	0	0	0	1	0	0	0
PeerJ	2024-01-01	10656902	131767	12054	0	8	0	2	0	1	2	0	0	1	2	2	0	0	0	0	28	0	0	1	0	0	0	0	0	0	0	0	0	0	0	0	0	0
PeerJ	2024-01-01	10655707	132421	11612	0	21	0	7	0	0	2	1	0	0	8	0	0	0	0	0	23	0	0	2	0	0	0	2	0	0	0	0	0	1	0	0	0	0
PeerJ	2024-01-01	10656903	183822	16593	0	21	0	5	0	0	0	2	0	0	26	2	0	0	0	0	9	0	0	2	0	0	0	1	0	0	0	0	0	0	0	0	0	0
PeerJ	2024-01-01	10652862	151154	13171	0	20	0	1	0	0	6	0	0	0	0	2	0	0	0	0	28	0	0	1	0	0	0	0	0	0	0	0	0	0	0	0	0	0
PeerJ	2024-01-01	10640841	255100	22808	0	10	0	2	0	0	2	0	0	1	1	2	0	0	0	0	50	0	0	2	0	0	2	1	1	0	0	0	0	0	0	0	0	0
PeerJ	2024-01-01	10655712	151266	13777	0	5	0	0	0	3	0	4	0	2	0	0	0	0	0	0	20	0	0	0	0	0	0	0	0	0	0	0	0	0	0	0	0	0
PeerJ	2024-01-01	10642362	91029	7784	1	5	0	3	0	0	1	2	0	0	2	0	0	0	0	1	53	0	0	2	0	0	1	1	0	0	0	0	0	0	0	0	0	0
PeerJ	2024-01-01	10640840	126289	11214	0	12	0	1	0	0	0	0	0	2	1	1	0	0	0	0	38	0	0	3	0	0	0	0	0	0	0	0	0	0	0	0	0	0
PeerJ	2024-01-01	10652842	60012	5979	0	4	0	0	0	0	0	0	0	1	4	0	0	0	0	0	32	0	0	0	0	0	2	2	0	0	0	0	1	0	0	0	0	0
PeerJ	2024-01-01	10640846	157125	14012	0	7	1	4	0	0	0	0	0	1	12	4	0	0	0	0	61	0	0	0	0	0	0	0	0	0	0	0	0	0	0	0	0	0
PeerJ	2024-01-01	10656901	131336	11532	0	8	0	0	0	0	2	0	0	0	1	2	0	1	1	0	19	0	0	2	0	0	0	0	0	0	0	0	0	0	0	0	0	0
PeerJ	2024-01-01	10656900	180045	15656	0	21	0	0	0	0	4	1	0	1	0	0	0	0	0	0	25	0	0	0	0	0	0	0	0	0	0	0	0	0	0	0	0	0
PeerJ	2024-01-01	10655721	126211	11861	0	9	0	2	0	0	1	3	0	0	1	0	0	0	0	0	40	0	0	1	0	0	0	0	0	0	0	0	0	0	0	0	0	0
PeerJ	2024-01-01	10640844	175586	15706	0	9	0	0	0	0	0	0	0	2	4	0	0	0	0	0	15	0	0	0	0	0	0	0	0	0	0	0	0	0	0	0	0	0
PeerJ	2024-01-01	10652843	74323	6823	0	5	0	1	0	0	1	0	0	0	0	2	0	0	0	0	18	0	0	1	0	0	1	0	0	0	0	0	0	0	0	0	0	0
PeerJ	2024-01-01	10676079	86477	8029	0	9	1	0	0	0	1	2	0	0	0	6	0	0	0	0	14	0	0	2	0	0	1	0	0	0	0	0	0	0	0	0	0	0
PeerJ	2024-01-01	10666611	106901	8898	0	17	0	2	0	0	0	1	0	0	1	0	0	0	1	0	43	0	0	0	0	0	0	1	0	0	0	0	0	0	1	1	0	0
PeerJ	2024-01-01	10658902	124061	10211	1	12	0	1	0	0	0	6	0	2	3	6	0	0	0	0	20	0	1	5	0	0	0	0	1	0	0	0	0	0	1	2	0	0
PeerJ	2024-01-01	10668863	218959	21181	0	10	1	3	0	0	2	2	0	11	30	2	0	0	0	0	25	0	0	4	0	0	1	2	9	0	1	0	0	0	0	0	0	0
PeerJ	2024-01-01	10668831	118329	10340	0	5	0	1	0	0	0	0	0	0	0	2	0	0	0	0	15	0	0	2	0	0	1	0	0	0	0	0	0	0	0	0	0	0
PeerJ	2024-01-01	10668858	106910	9432	0	10	1	0	0	0	0	0	0	0	0	0	0	0	0	0	19	0	0	1	0	1	0	1	0	0	0	0	0	0	0	0	0	0
PeerJ	2024-01-01	10676080	117866	10619	0	7	0	1	0	0	2	4	0	9	6	6	0	0	0	0	53	0	0	2	0	0	2	0	0	0	0	0	0	0	0	0	0	0
PeerJ	2024-01-01	10668860	131063	11421	0	20	0	3	0	0	0	3	0	2	18	2	0	0	0	0	31	0	0	0	0	0	0	1	0	0	0	0	0	0	0	0	0	0
PeerJ	2024-01-01	10666615	192309	16353	0	17	0	0	0	0	5	3	0	0	0	2	0	0	0	0	38	0	0	4	0	0	0	6	0	0	0	0	0	0	0	0	0	0
PeerJ	2024-01-01	10658889	76482	6679	0	2	1	1	0	0	0	6	0	0	1	1	0	0	0	0	27	0	0	0	0	0	0	0	0	0	0	0	0	0	0	0	0	0
PeerJ	2024-01-01	10658886	147904	12857	0	16	0	0	0	0	0	0	0	0	6	2	0	0	0	0	18	0	0	3	0	0	0	1	0	0	0	0	0	0	0	0	0	0
PeerJ	2024-01-01	10666609	107274	9897	0	6	0	1	0	0	0	0	0	8	2	2	0	0	0	0	22	0	0	0	0	0	0	0	0	0	0	0	0	0	0	0	0	0
PeerJ	2024-01-01	10676077	126987	11951	0	5	0	1	0	0	0	2	0	0	0	0	0	0	0	0	66	0	0	0	0	0	0	0	0	0	0	0	0	0	0	0	0	0
PeerJ	2024-01-01	10658905	196536	15781	0	20	0	0	0	0	4	1	0	0	0	4	0	0	0	0	17	0	0	2	0	1	0	0	0	0	0	0	0	0	0	0	0	0
PeerJ	2024-01-01	10668850	113192	10462	0	5	0	3	0	0	0	8	0	0	12	0	0	0	0	0	18	0	0	2	0	0	1	0	1	0	0	0	0	0	0	0	0	0
PeerJ	2024-01-01	10657564	80376	5530	0	7	0	0	0	0	1	0	0	0	22	0	0	0	0	0	26	0	0	2	0	0	0	0	0	0	0	0	0	0	0	0	0	0
PeerJ	2024-01-01	10668824	136393	13294	0	21	0	0	0	0	1	8	0	0	12	7	0	0	2	0	41	0	0	4	0	0	0	0	0	0	1	0	0	0	0	0	0	0
PeerJ	2024-01-01	10668818	126450	10722	0	6	0	0	0	0	0	9	0	1	0	4	0	0	0	0	8	0	0	2	0	0	0	0	0	0	0	0	0	0	0	0	0	0
PeerJ	2024-01-01	10668856	104060	9143	0	6	0	1	0	0	4	2	0	0	1	4	0	0	0	0	25	0	0	1	0	0	0	0	0	0	0	0	2	0	0	0	0	0
PeerJ	2024-01-01	10668859	84558	7763	0	7	0	4	0	0	2	0	0	0	0	1	0	0	0	0	13	1	1	0	0	0	0	0	0	0	0	0	0	0	0	0	0	0
PeerJ	2024-01-01	10676081	104561	9708	0	9	0	0	0	0	8	9	0	1	4	3	0	0	0	0	47	0	0	2	0	0	0	0	0	0	0	0	0	0	0	0	0	0
PeerJ	2024-01-01	10676078	84500	8111	0	5	0	1	0	0	0	0	0	0	23	1	0	0	0	0	29	0	0	6	0	0	0	0	1	0	0	0	0	0	0	0	0	0
PeerJ	2024-01-01	10668803	111056	9898	0	13	0	2	0	1	0	2	0	1	1	2	0	0	0	0	15	0	0	1	0	0	0	1	0	0	0	0	0	0	0	0	0	0
PeerJ	2024-01-01	10668814	78453	7365	0	7	0	1	0	2	0	0	0	0	0	2	0	2	0	0	15	0	0	0	0	0	0	0	0	0	0	0	0	0	0	1	0	0
PeerJ	2024-01-01	10676084	169110	14823	0	14	0	1	0	0	2	3	0	0	1	2	0	2	0	0	9	0	0	0	0	0	0	0	0	0	0	0	0	0	0	0	0	0
PeerJ	2024-01-01	10693234	133289	11750	0	8	0	0	0	0	0	0	0	0	3	3	0	0	0	0	24	0	1	2	0	0	0	0	0	0	0	0	0	0	0	0	0	0
PeerJ	2024-01-01	10695117	132951	12261	0	15	0	2	0	0	1	4	0	0	4	1	0	0	1	0	31	0	0	0	0	0	1	0	0	0	0	0	0	0	0	0	0	0
PeerJ	2024-01-01	10680449	206991	16796	0	12	0	0	0	0	1	2	0	0	4	3	0	0	0	0	34	0	0	1	0	0	1	0	0	0	0	0	0	0	0	0	0	0
PeerJ	2024-01-01	10695110	125478	12031	0	8	0	5	0	0	0	4	0	0	1	2	0	0	0	0	33	0	0	0	0	1	0	0	0	0	0	0	0	0	0	0	0	0
PeerJ	2024-01-01	10693232	105954	10316	0	18	0	0	0	0	5	0	0	0	0	9	0	0	0	0	21	0	0	0	0	0	0	0	0	0	0	0	0	0	0	0	0	0
PeerJ	2024-01-01	10693822	137538	12628	0	2	1	0	0	0	0	0	0	0	6	1	0	0	0	0	29	0	0	5	0	1	0	0	0	0	0	0	0	0	0	0	0	0
PeerJ	2024-01-01	10676715	96729	7767	0	7	0	0	0	0	0	1	0	2	0	1	0	0	0	0	30	0	0	1	0	0	0	0	0	0	0	0	0	0	0	0	0	0
PeerJ	2024-01-01	10691356	162642	15005	0	20	0	4	0	0	0	0	0	0	164	0	0	0	0	0	9	0	0	7	0	0	1	0	2	0	0	0	0	1	0	0	0	0
PeerJ	2024-01-01	10676717	76684	7008	0	4	0	0	0	0	1	1	0	0	0	4	0	0	0	0	18	0	0	1	0	0	0	0	0	0	0	0	0	0	0	0	0	0
PeerJ	2024-01-01	10693823	70333	7136	0	5	1	0	0	0	4	2	0	1	0	3	0	0	0	0	25	0	0	0	0	0	0	0	0	0	0	0	0	0	0	0	0	0
PeerJ	2024-01-01	10688325	148194	13780	0	14	0	3	0	0	0	0	0	0	6	3	0	0	3	0	21	0	0	1	0	0	0	0	0	0	0	0	0	0	0	0	0	0
PeerJ	2024-01-01	10688305	88017	8088	0	10	0	7	0	0	0	1	0	0	4	1	0	0	0	0	59	0	0	0	0	0	1	2	0	0	0	0	0	0	1	0	0	0
PeerJ	2024-01-01	10695106	80522	7123	0	4	0	0	0	0	1	0	0	0	1	0	0	0	0	0	9	0	0	0	0	0	0	0	0	0	0	0	0	0	0	0	0	0
PeerJ	2024-01-01	10691357	131978	10396	0	7	0	1	0	0	0	0	0	0	2	0	0	0	0	0	13	0	1	0	0	0	0	0	0	0	1	0	0	0	0	0	2	0
PeerJ	2024-01-01	10676720	157232	14005	0	22	0	0	0	0	1	3	0	0	0	5	0	0	0	0	23	0	0	3	0	0	1	0	0	0	0	0	0	0	0	0	0	0
PeerJ	2024-01-01	10688301	124994	11233	0	8	0	0	0	0	0	1	0	0	1	1	0	0	0	0	28	0	0	4	0	0	0	0	0	0	0	0	0	0	0	0	0	0
PeerJ	2024-01-01	10688303	132353	11999	0	17	0	0	0	2	0	11	0	0	5	0	0	0	0	0	22	0	0	0	0	0	0	1	0	0	0	0	0	0	0	0	0	0
PeerJ	2024-01-01	10695116	93604	8677	0	5	0	0	0	0	8	1	0	0	1	4	0	0	0	0	14	0	1	2	0	0	0	0	0	0	0	0	0	0	1	0	0	0
PeerJ	2024-01-01	10676719	140339	12524	2	3	1	4	0	1	0	2	0	0	0	2	0	0	0	0	28	0	0	2	0	0	0	0	0	0	0	0	0	0	0	0	0	0
PeerJ	2024-01-01	10688300	69222	6516	0	16	0	0	0	0	0	0	0	0	0	0	0	0	0	0	10	0	1	0	0	0	0	0	0	0	0	0	1	0	0	0	0	1
PeerJ	2024-01-01	10688306	98203	9241	0	15	0	3	0	0	6	2	0	1	2	3	0	0	0	0	23	0	1	1	0	0	0	0	0	0	0	0	0	0	0	0	0	0
PeerJ	2024-01-01	10693230	50508	4710	0	7	0	2	0	0	0	0	0	0	0	1	0	0	0	0	37	0	0	0	0	0	0	0	0	0	0	0	0	0	0	0	0	0
PeerJ	2024-01-01	10688302	106570	9912	0	4	0	2	0	0	1	13	0	0	1	0	0	0	0	0	33	0	0	3	0	0	1	0	0	0	0	0	0	0	0	0	0	0
PeerJ	2024-01-01	10693824	127017	11755	0	14	0	0	0	0	1	4	0	0	2	2	0	0	0	0	45	0	0	0	0	0	0	0	0	0	0	0	0	0	1	0	0	0
PeerJ	2024-01-01	10676718	101148	8694	0	5	0	3	0	0	0	2	0	3	2	3	0	0	0	0	16	0	0	0	0	0	0	0	0	0	0	0	0	1	1	0	0	0
PeerJ	2024-01-01	10712307	279189	22788	0	14	0	2	0	0	1	0	0	0	0	0	0	0	1	0	29	0	0	1	0	0	0	0	0	1	0	0	0	0	0	0	0	2
PeerJ	2024-01-01	10712318	119939	10466	0	6	0	0	0	0	2	0	0	0	1	0	0	0	1	0	11	0	0	2	0	0	1	0	0	0	0	0	1	0	0	0	0	0
PeerJ	2024-01-01	10710773	83857	7371	0	5	0	1	0	0	2	2	0	0	0	2	0	0	0	0	18	0	0	0	0	0	0	0	0	0	0	0	0	0	0	0	0	0
PeerJ	2024-01-01	10702336	174638	15165	0	3	0	0	0	0	0	1	0	0	2	8	0	0	0	0	20	0	0	1	0	0	1	0	0	0	0	0	0	0	0	0	0	0
PeerJ	2024-01-01	10710166	81225	7009	0	3	0	8	0	0	2	2	0	0	4	0	0	0	0	0	29	0	0	0	0	0	0	0	0	0	0	0	0	0	0	0	0	0
PeerJ	2024-01-01	10702328	69507	6608	0	7	1	1	0	0	1	1	0	8	0	4	0	0	0	0	18	0	0	0	0	0	0	0	0	0	0	0	0	0	0	0	0	0
PeerJ	2024-01-01	10704981	81865	7292	0	10	0	0	0	0	0	1	0	0	0	2	0	0	0	0	34	0	0	0	0	0	0	0	0	0	0	0	0	0	0	0	0	0
PeerJ	2024-01-01	10710167	98491	9221	0	7	0	2	0	0	0	3	0	0	3	2	0	0	1	0	43	0	0	2	0	0	0	0	1	0	0	0	0	0	0	0	0	0
PeerJ	2024-01-01	10704987	127390	12872	0	8	0	0	0	0	8	5	0	0	0	3	0	0	0	0	39	0	0	1	0	0	4	0	0	0	0	0	0	0	0	0	0	0
PeerJ	2024-01-01	10704983	105064	9644	0	2	0	0	0	0	0	0	0	0	2	5	0	0	0	0	40	0	0	1	0	0	0	0	0	0	0	0	0	0	0	0	0	0
PeerJ	2024-01-01	10710172	119122	10319	0	8	0	0	0	0	1	0	0	0	1	0	0	0	5	0	7	0	1	2	0	0	0	0	0	0	0	0	0	0	0	1	0	0
PeerJ	2024-01-01	10704985	113054	9975	0	14	0	6	0	0	1	0	0	0	1	1	0	0	0	0	19	0	0	2	0	0	0	0	0	0	0	0	0	0	0	0	0	0
PeerJ	2024-01-01	10712301	85621	7741	0	9	0	3	0	0	4	1	0	0	1	4	0	0	0	0	41	0	0	2	0	0	0	0	0	0	0	0	0	0	0	0	0	0
PeerJ	2024-01-01	10704993	143440	12242	0	5	0	0	0	0	0	0	0	0	4	1	0	0	0	0	35	0	0	1	0	0	0	0	0	0	0	0	1	0	0	0	0	0
PeerJ	2024-01-01	10712317	108417	9046	0	10	0	0	0	0	1	0	0	1	1	1	0	0	0	0	33	0	0	1	0	0	0	0	0	0	0	0	0	0	0	0	0	0
PeerJ	2024-01-01	10710775	136167	12296	0	19	1	5	0	0	2	3	0	2	1	4	0	0	0	0	18	0	0	1	0	0	0	0	0	0	0	0	0	0	0	0	0	0
PeerJ	2024-01-01	10702331	115037	10271	0	11	1	1	0	0	4	2	0	0	2	3	0	0	0	0	31	0	0	0	0	0	2	0	0	0	0	0	0	0	0	0	0	0
PeerJ	2024-01-01	10710176	155571	12045	0	6	0	1	0	0	1	1	0	0	0	3	0	0	0	0	16	0	0	0	0	0	0	0	0	0	0	0	0	0	0	0	0	0
PeerJ	2024-01-01	10710133	110803	9850	0	12	0	1	0	0	4	3	0	0	1	7	0	0	0	0	20	0	1	0	0	0	0	0	0	0	0	0	0	0	0	0	0	0
PeerJ	2024-01-01	10704995	150703	12118	0	8	2	0	0	0	3	1	0	0	0	1	0	0	0	0	11	0	1	0	0	0	1	11	0	0	0	0	0	0	0	0	0	0
PeerJ	2024-01-01	10710127	109258	10144	0	8	0	2	0	0	0	0	0	1	2	0	0	0	0	0	21	0	0	1	0	0	0	0	0	0	0	0	0	0	0	0	0	0
PeerJ	2024-01-01	10710774	131458	11499	0	14	0	3	0	0	3	0	0	0	2	4	0	0	0	0	44	0	0	1	0	1	2	0	0	0	0	0	0	0	0	0	0	0
PeerJ	2024-01-01	10712306	121000	11804	0	9	2	12	0	0	2	0	0	2	8	0	0	0	0	0	45	0	0	0	0	0	0	0	1	0	0	0	0	0	0	0	0	0
PeerJ	2024-01-01	10704986	129967	12211	0	35	0	3	0	1	1	6	0	1	0	3	0	0	0	0	35	0	0	1	0	0	0	0	0	0	0	0	0	0	0	0	0	0
PeerJ	2024-01-01	10712311	389573	31346	0	8	0	2	0	0	0	5	0	3	0	7	0	0	0	0	36	0	0	9	0	1	1	0	1	0	0	0	0	1	0	0	0	0
PeerJ	2024-01-01	10720411	110173	9169	0	9	0	2	0	0	0	1	0	0	5	0	0	0	1	0	30	0	0	0	0	0	0	0	0	0	0	0	0	0	0	0	0	0
PeerJ	2024-01-01	10720423	104356	9746	0	9	1	8	0	0	4	0	0	0	0	6	0	0	0	0	56	0	0	1	0	0	0	0	0	0	0	0	0	0	0	0	0	0
PeerJ	2024-01-01	10726777	227454	19404	0	30	1	6	0	0	2	4	0	0	10	4	0	0	3	0	75	0	0	3	0	0	1	1	1	0	0	0	0	0	1	0	3	0
PeerJ	2024-01-01	10722989	94544	8434	2	3	0	0	0	0	1	1	0	0	0	3	0	0	0	0	15	0	0	0	0	0	0	0	0	0	0	0	0	0	0	0	0	0
PeerJ	2024-01-01	10720414	128738	12277	0	8	1	11	0	0	0	0	0	0	14	4	0	0	0	0	62	0	0	0	0	0	2	0	0	0	0	0	0	0	0	0	0	0
PeerJ	2024-01-01	10725667	143020	13974	0	10	0	0	0	0	2	0	0	3	4	0	0	0	0	0	22	0	0	1	0	0	0	0	0	0	0	0	0	0	0	0	0	0
PeerJ	2024-01-01	10725173	93060	8669	0	14	0	9	0	0	5	2	0	0	0	4	0	0	0	0	13	0	0	2	0	0	0	0	0	0	0	0	0	0	0	0	0	0
PeerJ	2024-01-01	10722981	130832	11337	0	9	0	1	0	0	4	8	0	1	1	7	0	0	0	0	34	0	0	2	0	0	0	10	0	0	1	0	0	0	0	0	0	0
PeerJ	2024-01-01	10720468	126407	10829	0	6	0	0	0	0	0	0	0	0	3	0	0	0	0	1	25	0	0	1	0	0	0	0	0	0	0	0	0	0	0	0	0	0
PeerJ	2024-01-01	10725668	174669	15312	0	7	0	0	0	0	2	2	0	0	2	3	0	1	0	0	43	0	2	1	0	0	0	0	0	0	0	0	0	0	0	0	0	0
PeerJ	2024-01-01	10720422	202981	18142	0	19	1	2	0	0	12	1	0	0	6	2	0	0	0	0	41	0	0	2	0	0	0	0	0	0	0	0	0	0	0	0	0	0
PeerJ	2024-01-01	10725672	198190	18013	0	7	0	0	0	0	1	3	0	0	1	1	0	0	1	0	14	0	2	1	0	0	0	0	0	0	0	0	0	0	0	0	0	0
PeerJ	2024-01-01	10725171	160685	13773	0	5	0	1	0	0	7	2	0	0	0	3	0	0	0	0	28	0	0	5	0	1	0	0	1	0	0	0	0	0	0	0	0	0
PeerJ	2024-01-01	10725676	123014	11103	1	6	0	4	0	0	7	1	0	1	0	2	0	0	0	0	22	0	0	1	0	0	0	0	0	0	0	0	0	0	0	0	0	0
PeerJ	2024-01-01	10725666	122151	10154	0	7	0	1	0	0	2	0	0	5	0	4	0	0	0	1	47	0	0	1	0	0	2	0	0	0	0	0	0	0	0	0	0	0
PeerJ	2024-01-01	10720477	188463	17794	0	18	0	8	0	0	2	1	0	0	25	17	0	0	3	0	54	0	0	1	0	0	11	0	0	0	0	0	0	0	0	0	0	1
PeerJ	2024-01-01	10726752	105857	9120	0	24	0	0	0	0	0	1	0	0	2	8	0	0	0	0	50	0	0	1	0	0	1	0	0	0	0	0	0	0	0	0	0	0
PeerJ	2024-01-01	10720475	153718	14053	0	10	1	7	0	0	4	12	0	0	1	6	0	0	3	0	15	0	0	1	0	0	2	0	0	0	0	0	1	0	1	0	0	0
PeerJ	2024-01-01	10720482	217240	18293	0	31	0	1	0	0	2	0	0	0	6	0	0	0	0	0	45	0	1	2	0	0	0	0	0	0	0	0	0	0	0	0	0	0
PeerJ	2024-01-01	10740603	164093	13077	0	27	0	1	0	0	1	0	0	0	6	0	0	0	0	0	39	0	0	0	0	0	0	0	0	0	0	0	0	2	0	0	0	1
PeerJ	2024-01-01	10749088	81677	7621	0	7	0	2	0	0	1	1	0	0	2	0	0	0	1	0	36	0	0	0	0	0	2	1	0	0	0	0	0	0	0	0	0	0
PeerJ	2024-01-01	10734438	149213	13610	0	12	1	1	0	2	2	8	0	0	0	2	0	1	0	0	15	0	1	4	0	0	0	0	0	0	0	0	0	0	0	0	0	0
PeerJ	2024-01-01	10740597	135702	11387	0	4	0	0	0	0	0	2	0	0	1	3	0	0	0	0	39	0	0	1	0	0	0	0	1	0	0	0	0	0	0	0	0	0
PeerJ	2024-01-01	10748483	139133	11162	0	8	0	1	0	0	1	5	0	0	1	0	0	0	0	0	16	0	0	0	0	1	0	2	0	0	0	0	0	0	0	0	0	0
PeerJ	2024-01-01	10740607	132271	11042	1	26	0	3	0	1	12	1	0	0	2	5	0	0	0	0	22	0	1	1	0	0	1	2	0	0	0	0	0	0	0	0	0	0
PeerJ	2024-01-01	10740659	136723	10945	0	6	0	1	0	0	0	0	0	8	0	0	0	0	2	0	11	0	0	2	0	0	0	0	2	0	0	0	0	0	0	0	0	0
PeerJ	2024-01-01	10734407	117495	9936	0	32	1	0	0	0	3	0	0	0	0	0	0	0	0	0	17	0	1	1	0	0	0	0	0	0	0	0	0	0	0	0	2	0
PeerJ	2024-01-01	10748472	132922	12675	0	4	0	3	0	0	1	2	0	1	0	4	0	0	1	0	37	0	0	1	0	0	1	0	0	0	0	0	1	0	0	0	0	0
PeerJ	2024-01-01	10749091	151803	14699	0	17	0	10	0	0	3	21	0	3	2	3	0	0	0	0	68	0	0	2	0	1	3	0	1	0	0	0	0	0	0	0	0	0
PeerJ	2024-01-01	10740664	106861	10544	0	11	0	3	0	0	2	1	0	0	3	1	0	0	1	0	32	0	0	2	0	0	0	0	0	0	0	0	0	0	0	0	0	0
PeerJ	2024-01-01	10740592	133353	13463	0	8	2	1	0	0	1	0	0	0	19	5	0	0	0	0	36	0	0	3	0	0	0	0	0	0	0	0	0	0	0	0	0	0
PeerJ	2024-01-01	10734409	136905	13314	0	23	0	2	0	0	3	0	0	0	1	3	0	0	0	0	36	0	0	1	0	0	0	0	1	2	0	0	0	0	0	0	0	0
PeerJ	2024-01-01	10748467	90547	8754	0	4	0	1	0	0	0	0	0	0	8	0	0	1	0	0	14	0	0	0	0	0	0	0	0	0	0	0	0	0	0	0	0	0
PeerJ	2024-01-01	10749090	155884	14959	0	5	0	1	0	0	0	0	0	0	1	0	0	0	0	0	13	0	0	1	0	0	0	0	0	0	0	0	0	0	0	0	0	0
PeerJ	2024-01-01	10734405	129710	13300	0	16	1	18	0	0	5	1	0	0	22	6	0	0	6	0	20	0	0	0	0	0	0	0	0	0	0	0	0	0	0	0	0	0
PeerJ	2024-01-01	10734432	144670	12726	2	21	0	6	0	0	7	1	0	0	3	6	0	0	0	0	8	0	0	1	0	0	0	0	0	0	0	0	0	0	0	0	0	0
PeerJ	2024-01-01	10740663	154873	14268	0	6	1	2	0	0	0	1	0	0	11	4	0	0	0	0	18	0	0	1	0	0	0	0	0	0	0	0	0	0	0	0	0	0
PeerJ	2024-01-01	10749087	116107	10160	0	6	1	2	0	0	4	0	0	0	0	0	0	0	0	0	37	0	0	0	0	0	0	0	0	0	0	0	0	0	0	0	0	0
PeerJ	2024-01-01	11670763	158823	13241	0	13	1	5	0	0	1	0	0	0	28	1	0	0	0	0	47	0	1	2	0	0	0	0	0	0	0	0	0	0	0	0	0	0
PeerJ	2024-01-01	11657191	146295	12605	0	5	0	2	0	0	3	6	0	0	1	4	0	0	3	0	47	0	0	2	0	0	0	0	0	0	0	0	0	0	0	0	0	0
PeerJ	2024-01-01	11665425	107915	10249	0	6	1	3	0	0	1	1	0	0	0	2	0	0	0	0	11	0	0	2	0	0	0	0	0	0	0	0	0	0	0	0	0	0
PeerJ	2024-01-01	11662895	126969	10575	0	29	0	0	0	0	2	1	0	0	2	4	0	0	0	0	30	0	1	3	0	0	0	0	0	0	0	0	0	0	0	0	0	0
PeerJ	2024-01-01	11663399	100612	8877	0	7	0	12	0	0	3	1	0	0	4	0	0	0	0	0	35	0	0	0	0	0	0	0	0	0	0	0	0	0	0	0	0	0
PeerJ	2024-01-01	11663401	115754	9684	0	7	0	2	0	0	0	0	0	0	3	1	0	0	0	0	12	0	0	0	0	0	0	0	0	0	0	0	0	0	0	0	0	0
PeerJ	2024-01-01	11670765	136660	12008	0	8	0	0	0	0	5	0	0	2	0	2	0	0	0	0	52	0	0	4	0	0	0	0	0	0	0	0	0	0	0	0	0	0
PeerJ	2024-01-01	11670757	143866	12120	0	11	0	3	0	0	4	1	0	0	15	0	0	0	0	0	12	0	1	6	0	0	0	2	0	0	0	0	0	0	1	0	0	0
PeerJ	2024-01-01	11662897	132861	10550	0	2	0	0	0	0	0	0	0	1	0	1	0	0	0	0	10	0	0	2	0	0	0	0	0	0	0	0	0	0	0	0	0	0
PeerJ	2024-01-01	11670759	181857	17165	0	15	2	6	0	0	1	6	0	0	2	0	0	0	1	0	23	0	0	1	0	0	0	0	1	0	0	0	0	0	0	1	0	0
PeerJ	2024-01-01	11648695	120589	10415	0	8	0	4	0	0	2	9	0	0	1	2	0	0	2	0	37	0	0	1	0	0	0	1	0	0	0	0	1	0	0	0	0	0
PeerJ	2024-01-01	11657207	143388	12325	0	6	0	2	0	0	1	2	0	0	0	1	0	0	0	0	22	0	1	1	0	0	0	0	1	0	0	0	0	0	0	0	0	0
PeerJ	2024-01-01	11669311	107755	10361	0	4	0	1	0	0	1	1	0	0	7	2	0	0	0	0	40	0	0	4	0	0	0	1	0	0	0	0	0	0	0	0	0	0
PeerJ	2024-01-01	11657199	169675	15261	0	6	0	6	0	0	0	0	0	0	21	0	0	0	0	0	69	0	1	0	0	0	0	0	0	0	0	0	0	0	0	0	0	0
PeerJ	2024-01-01	11665429	173694	14547	0	6	1	5	0	0	0	1	0	1	17	0	0	0	1	0	41	0	0	4	0	0	0	0	0	0	0	0	0	1	0	0	0	0
PeerJ	2024-01-01	11674142	115921	10362	0	2	0	0	0	0	1	0	0	1	2	0	0	0	0	0	6	0	0	2	0	0	0	0	0	0	0	0	0	0	0	0	0	0
PeerJ	2024-01-01	11670758	151386	12426	0	8	1	2	0	0	1	3	0	0	1	1	0	0	0	0	30	0	0	1	0	0	0	0	0	0	0	0	0	0	0	0	0	0
PeerJ	2024-01-01	11674141	116840	10032	0	9	0	2	0	0	0	0	0	1	0	7	0	0	0	0	19	0	0	1	0	0	0	0	0	0	0	0	0	0	0	0	0	0
PeerJ	2024-01-01	11674147	162168	15350	0	4	0	2	0	3	1	0	0	1	1	0	0	0	0	0	16	0	0	6	0	0	0	0	0	0	0	0	0	0	0	0	0	0
PeerJ	2024-01-01	11660857	110956	10067	0	5	0	4	0	0	2	1	0	0	0	3	0	0	1	0	53	0	0	2	0	0	2	0	0	0	0	0	0	0	1	0	0	0
PeerJ	2024-01-01	11648683	113080	10279	0	10	0	3	0	0	2	2	0	0	12	5	0	0	0	0	88	0	0	5	0	0	0	2	0	0	0	0	0	0	0	2	0	0
PeerJ	2024-01-01	11663403	121867	9912	0	9	0	6	0	0	1	1	0	0	6	3	0	0	0	0	27	0	0	1	0	0	1	0	0	0	0	0	0	0	0	0	0	0
PeerJ	2024-01-01	11662896	189680	17656	0	3	0	4	0	0	2	4	0	2	0	3	0	1	0	0	23	0	0	0	0	0	0	0	0	0	0	0	0	0	0	0	0	0
PeerJ	2024-01-01	11662902	70388	6620	0	7	0	2	0	0	1	0	0	0	0	1	0	0	3	0	25	0	0	3	0	0	1	0	0	0	0	0	0	0	0	1	0	0
PeerJ	2024-01-01	11674246	202922	18857	0	5	0	1	0	0	1	8	0	0	1	0	0	0	0	0	33	0	0	1	0	0	0	0	0	0	0	0	0	0	0	0	0	0
