journal	date	pmc_id	Nchars	Nwords	delve	analyse	acknowledge	assess	appraise	dissect	explore	examine	extricate	expose	estimate	investigate	inquire	inspect	interpret	scrutinise	study	unearth	uncover	understand	ponder	research	reason	retrieve	avoid	discount	disregard	dismiss	ignore	neglect	overlook	omit	skip	reject
PeerJ	2021-10-01	8265383	153805	14500	0	14	0	0	0	0	0	3	0	0	7	2	0	0	2	0	19	0	0	0	0	0	0	0	0	0	0	0	0	0	0	0	0	0
PeerJ	2021-10-01	8269639	101801	9292	0	2	0	0	0	0	0	0	0	7	0	0	0	0	2	0	5	0	0	4	0	0	1	0	0	0	0	0	0	0	0	0	0	0
PeerJ	2021-10-01	8269736	80740	8066	0	6	0	1	0	0	0	4	0	1	0	1	0	0	0	0	24	0	0	1	0	0	0	0	0	0	0	0	0	0	0	0	0	0
PeerJ	2021-10-01	8272463	126167	10922	0	14	0	0	0	0	0	1	0	0	3	4	0	0	0	0	12	0	0	1	0	1	0	0	0	0	0	0	0	0	0	0	0	0
PeerJ	2021-10-01	8272927	98744	9762	0	55	0	1	0	0	0	1	0	0	1	2	0	0	0	0	94	0	0	1	0	0	0	0	0	0	0	0	0	0	0	1	0	0
PeerJ	2021-10-01	8272465	145396	12711	0	18	0	0	0	0	5	0	0	0	1	2	0	0	0	0	22	0	0	2	0	0	0	1	0	0	0	0	0	0	0	0	0	0
PeerJ	2021-10-01	8269663	159572	15120	0	17	0	2	0	0	2	11	0	1	0	2	0	0	0	0	42	0	0	1	0	0	1	0	1	0	0	0	0	0	0	0	0	0
PeerJ	2021-10-01	8265384	106891	9580	0	6	0	0	0	0	0	0	0	1	52	0	0	0	0	0	14	0	0	0	0	0	2	0	0	0	0	0	0	0	0	0	0	0
PeerJ	2021-10-01	8272462	97540	9786	0	4	0	0	0	0	0	0	0	0	0	1	0	0	0	0	16	0	0	0	0	0	0	0	0	0	0	0	0	0	0	0	0	0
PeerJ	2021-10-01	8269662	86620	7688	0	20	0	2	0	0	4	0	0	0	1	0	0	0	1	0	10	0	0	0	0	0	0	0	0	0	0	0	0	0	0	0	0	0
PeerJ	2021-10-01	8256818	137474	12095	0	7	0	2	0	0	2	0	0	0	2	1	0	0	0	0	12	0	0	0	0	0	0	0	0	0	0	0	1	0	0	0	0	0
PeerJ	2021-10-01	8269738	74154	7291	0	12	0	1	0	0	0	1	0	18	1	0	0	0	0	0	29	0	0	2	0	0	0	0	1	0	0	0	0	0	0	0	0	0
PeerJ	2021-10-01	8269664	190966	14543	0	9	0	0	0	0	2	0	1	0	1	0	0	0	0	0	29	0	0	3	0	0	0	0	0	0	0	0	2	0	1	0	0	1
PeerJ	2021-10-01	8256808	128331	11365	0	6	0	1	0	0	0	0	0	5	7	0	0	0	0	0	18	0	0	1	0	0	0	0	0	0	0	0	0	0	0	0	0	0
PeerJ	2021-10-01	8269734	91134	8235	0	3	0	0	0	1	3	0	0	1	2	3	0	0	0	0	36	0	0	1	0	0	0	0	0	0	0	0	0	0	0	0	0	0
PeerJ	2021-10-01	8256813	281114	15672	0	10	0	0	0	0	0	1	0	0	19	0	0	0	0	0	12	0	0	0	0	1	0	0	0	0	0	0	0	0	0	0	0	0
PeerJ	2021-10-01	8272461	161244	14767	0	9	0	1	0	0	0	1	0	0	0	0	0	0	0	0	18	0	0	0	0	0	0	0	0	0	0	0	0	0	0	0	0	0
PeerJ	2021-10-01	8269737	98372	9501	0	6	0	1	0	0	0	2	0	1	3	0	0	0	0	0	33	0	0	1	0	0	1	0	0	0	0	0	0	0	0	0	0	3
PeerJ	2021-10-01	8272460	76167	6872	0	8	0	4	0	0	0	1	0	1	1	1	0	0	0	0	8	0	0	0	0	0	0	0	0	0	0	0	0	0	0	0	0	0
PeerJ	2021-10-01	8256807	88638	8311	0	13	0	4	0	0	3	6	0	1	0	2	0	0	0	0	22	0	0	0	0	0	0	0	0	0	0	0	0	0	0	0	0	0
PeerJ	2021-10-01	8272925	182590	16877	0	4	1	2	0	0	1	6	0	8	1	4	0	0	0	0	77	0	0	0	0	0	0	0	0	0	0	0	0	0	0	0	0	0
PeerJ	2021-10-01	8256806	133422	10551	0	13	0	2	0	0	0	0	0	0	6	2	0	0	0	0	19	0	0	1	0	0	0	0	0	0	0	0	0	0	0	0	0	0
PeerJ	2021-10-01	8272459	154262	14295	0	14	0	7	0	0	9	2	0	0	5	2	0	0	1	0	133	0	0	0	0	0	0	0	0	0	0	0	0	0	0	0	0	0
PeerJ	2021-10-01	8269641	67374	6559	0	4	0	2	0	0	3	2	0	0	0	1	0	0	0	0	12	0	0	0	0	0	0	0	0	0	0	0	0	0	0	0	0	0
PeerJ	2021-10-01	8272922	97718	8168	0	11	0	1	0	0	1	0	0	0	2	1	0	0	0	0	18	0	0	0	0	0	0	1	0	0	0	0	0	0	0	0	0	0
PeerJ	2021-10-01	8280869	124756	11105	0	7	0	0	0	0	3	0	0	0	0	6	0	0	0	0	32	0	0	0	0	0	1	0	0	0	0	0	0	1	0	0	0	0
PeerJ	2021-10-01	8280884	189195	14767	0	5	0	3	0	0	1	0	0	0	11	1	0	0	0	0	21	0	0	2	0	0	0	0	0	0	0	0	0	0	0	0	0	0
PeerJ	2021-10-01	8286703	70684	6378	0	8	0	0	0	0	0	0	0	0	0	1	0	0	1	0	10	0	1	3	0	0	0	0	0	0	0	0	0	0	0	0	0	0
PeerJ	2021-10-01	8286062	85441	8071	0	7	0	0	0	0	0	0	0	0	1	0	0	0	0	0	12	0	0	3	0	0	1	0	0	0	0	0	0	0	0	0	0	0
PeerJ	2021-10-01	8274492	130334	10553	0	5	0	1	0	0	5	1	0	0	0	2	0	0	0	0	39	0	0	4	0	0	1	0	0	0	0	0	0	0	0	0	0	0
PeerJ	2021-10-01	8286707	124864	11066	0	20	1	0	0	0	8	0	0	0	1	4	0	0	2	0	20	0	0	1	0	1	0	0	0	0	0	0	0	0	0	0	0	0
PeerJ	2021-10-01	8286702	182979	15398	0	18	0	1	0	1	4	1	0	0	2	2	0	0	0	0	21	0	0	2	0	0	0	0	0	0	0	0	0	0	0	0	0	0
PeerJ	2021-10-01	8286711	137020	11507	0	7	0	0	0	0	2	0	0	3	2	0	0	0	0	0	29	0	0	1	0	0	0	1	0	0	0	0	0	0	0	1	0	1
PeerJ	2021-10-01	8286705	236832	19325	0	21	0	2	0	0	2	0	0	0	0	0	0	0	0	0	77	0	1	1	0	0	0	2	0	0	0	0	0	0	0	0	0	0
PeerJ	2021-10-01	8284307	117976	11260	0	4	0	2	0	0	0	0	0	0	2	0	0	0	0	0	28	0	0	2	0	0	0	0	0	0	0	0	0	0	0	0	0	0
PeerJ	2021-10-01	8286054	83470	8373	0	9	0	0	0	0	3	3	0	0	0	0	0	0	0	0	19	0	0	0	0	0	0	0	0	0	0	0	0	0	0	0	0	0
PeerJ	2021-10-01	8280881	98754	8416	0	8	0	0	0	0	1	6	0	5	19	6	0	0	0	0	24	0	0	1	0	0	0	0	1	0	0	0	1	0	0	0	0	0
PeerJ	2021-10-01	8284309	201309	20634	0	10	0	5	0	0	7	0	0	1	20	0	0	0	1	0	25	0	0	3	0	0	0	0	0	0	0	0	0	0	0	0	0	0
PeerJ	2021-10-01	8286709	192404	18421	0	17	0	0	0	0	2	1	0	0	48	24	0	2	3	0	57	0	0	4	0	0	1	0	1	0	0	0	3	0	0	4	0	0
PeerJ	2021-10-01	8286064	137529	14082	0	9	0	0	0	0	1	0	0	1	1	0	0	0	0	0	7	0	0	0	0	0	2	0	0	0	0	0	0	0	0	0	2	0
PeerJ	2021-10-01	8286059	161809	15195	0	3	0	9	0	0	1	0	0	1	0	10	1	0	0	0	32	0	0	1	0	0	0	0	1	0	0	0	0	0	0	0	0	0
PeerJ	2021-10-01	8274494	168100	15299	0	4	0	1	0	0	2	0	0	0	7	3	0	0	0	0	26	0	0	6	0	0	0	0	0	0	0	0	0	0	0	0	0	0
PeerJ	2021-10-01	8286056	85047	7937	0	6	1	0	0	0	0	0	0	0	0	3	0	0	0	0	28	0	0	0	0	0	0	0	0	0	0	0	0	0	0	0	0	0
PeerJ	2021-10-01	8286058	82641	7325	0	6	0	2	0	0	0	0	0	0	1	0	0	0	1	0	26	0	0	0	0	0	0	0	1	0	0	0	0	0	0	0	0	0
PeerJ	2021-10-01	8274495	139960	9452	0	2	0	1	0	0	1	2	0	0	11	0	0	0	0	0	17	0	0	1	0	0	0	0	0	0	0	0	0	0	0	0	0	0
PeerJ	2021-10-01	8286061	102128	8598	0	14	0	0	0	0	0	6	0	0	3	0	0	0	0	0	26	0	0	0	0	0	0	0	0	0	0	0	0	0	0	0	0	0
PeerJ	2021-10-01	8286055	69034	6765	0	7	0	0	0	0	4	2	0	0	2	0	0	0	1	0	27	0	0	1	0	0	0	0	0	0	0	0	0	0	0	0	0	0
PeerJ	2021-10-01	8286701	145695	12499	0	6	1	2	0	0	2	0	0	0	11	0	0	0	0	0	18	0	0	3	0	0	1	0	0	0	0	0	1	0	0	0	0	2
PeerJ	2021-10-01	8286706	136157	11532	0	22	0	0	0	0	2	1	0	0	0	1	0	0	0	0	20	0	0	1	0	0	0	0	0	0	0	0	0	0	0	0	0	0
PeerJ	2021-10-01	8274493	167658	14756	0	12	1	1	0	0	0	2	0	3	1	2	0	0	0	0	39	0	0	4	0	0	0	0	0	0	0	0	0	0	0	0	0	0
PeerJ	2021-10-01	8297471	118225	12242	0	5	0	2	0	5	0	0	0	4	20	1	0	0	0	0	22	0	0	0	0	0	1	0	0	0	0	0	0	0	0	0	0	0
PeerJ	2021-10-01	8308611	107735	10454	0	10	0	0	0	0	2	1	0	0	0	2	0	0	0	0	10	0	0	0	0	3	0	0	0	0	0	0	0	0	0	0	0	0
PeerJ	2021-10-01	8308618	160643	13616	0	23	1	6	0	0	0	2	0	0	4	1	0	0	0	0	133	0	0	0	0	0	0	0	1	0	0	0	0	0	0	1	0	0
PeerJ	2021-10-01	8300498	101174	9400	0	3	0	5	0	0	0	3	0	1	0	5	0	0	0	0	27	0	0	2	0	0	3	0	0	0	0	0	0	0	0	0	0	0
PeerJ	2021-10-01	8300495	100944	8776	0	10	0	0	0	0	6	1	0	0	1	7	0	0	0	0	16	0	0	1	0	0	0	2	0	0	0	0	0	0	0	0	0	0
PeerJ	2021-10-01	8300497	147530	12396	0	9	1	1	0	0	4	0	0	0	0	1	0	0	0	0	17	0	0	1	0	0	0	0	0	0	0	0	0	0	0	0	0	0
PeerJ	2021-10-01	8308608	102847	9232	0	10	0	1	0	0	0	2	0	0	2	0	0	0	0	0	36	0	0	0	0	0	0	0	0	0	0	0	0	0	0	0	0	0
PeerJ	2021-10-01	8308609	98329	9071	0	5	0	2	0	0	0	0	0	0	2	0	0	0	0	0	14	0	0	1	0	0	0	0	0	0	0	0	1	0	0	0	0	0
PeerJ	2021-10-01	8310624	320854	33717	0	13	0	1	0	0	0	27	0	0	0	1	0	0	7	0	32	0	0	8	0	0	3	0	0	0	0	0	0	0	0	0	0	0
PeerJ	2021-10-01	8300536	99177	8635	0	18	0	0	0	1	3	0	0	0	8	2	0	0	0	0	15	0	0	4	0	2	0	0	0	0	0	0	1	0	0	0	0	0
PeerJ	2021-10-01	8308619	153151	13897	0	5	0	3	0	0	0	2	0	0	20	1	0	0	0	0	13	0	0	1	0	0	2	0	31	0	0	0	0	0	0	0	0	0
PeerJ	2021-10-01	8297472	88565	8563	0	3	0	1	0	0	1	0	0	0	3	0	0	0	0	0	14	0	0	0	0	0	0	0	0	0	0	0	0	0	0	0	0	0
PeerJ	2021-10-01	8310622	186509	15650	0	18	0	0	0	0	2	4	0	0	4	4	0	0	0	0	18	0	0	3	0	0	0	0	0	0	0	0	0	0	0	0	0	0
PeerJ	2021-10-01	8297474	160086	14100	0	8	0	3	0	0	5	0	0	1	3	0	0	0	0	0	10	0	0	2	0	0	0	0	0	0	0	0	0	0	0	0	0	0
PeerJ	2021-10-01	8354145	170802	15471	0	5	0	2	0	0	1	1	0	0	14	1	0	2	3	0	23	0	0	2	0	0	0	0	0	0	0	0	0	0	0	0	0	0
PeerJ	2021-10-01	8288113	120903	10683	0	9	0	0	0	0	0	1	0	2	0	4	0	0	0	0	18	0	0	0	0	0	1	1	0	0	0	0	0	0	0	0	0	0
PeerJ	2021-10-01	8759378	185934	16515	0	15	1	0	0	0	0	0	0	0	1	1	0	0	0	0	21	0	0	0	0	0	0	0	1	0	0	0	0	0	0	0	0	0
PeerJ	2021-10-01	8300500	191044	16210	0	9	1	1	0	0	0	0	0	0	3	4	0	0	0	0	27	0	0	1	0	0	0	0	0	0	0	0	0	1	0	0	0	0
PeerJ	2021-10-01	8310619	137400	12003	0	11	0	1	0	0	1	0	0	0	1	3	0	0	0	0	15	0	0	0	0	0	0	0	0	0	0	0	0	0	0	0	0	0
PeerJ	2021-10-01	8308624	152084	12977	0	9	0	0	0	0	0	0	0	0	4	1	0	0	0	0	18	0	0	2	0	0	0	0	0	0	0	0	0	4	0	0	0	0
PeerJ	2021-10-01	8310623	276645	26749	0	16	0	0	0	0	0	16	0	0	11	1	0	0	0	0	51	0	0	2	0	0	0	0	0	0	0	0	0	0	0	0	0	0
PeerJ	2021-10-01	8288112	140007	13059	0	2	1	2	0	0	5	0	0	1	5	21	0	0	0	0	20	0	0	3	0	0	2	0	0	0	0	0	0	0	0	0	0	0
PeerJ	2021-10-01	8300491	100174	9371	0	7	0	4	0	0	0	1	0	6	3	1	0	0	0	0	20	0	0	2	0	0	0	0	0	0	0	0	0	0	0	0	0	0
PeerJ	2021-10-01	8310618	140237	12134	0	10	0	3	0	0	1	1	0	0	3	0	0	0	0	0	22	0	0	1	0	0	0	0	0	0	0	0	0	0	0	0	0	0
PeerJ	2021-10-01	8300496	46690	4630	0	9	0	0	0	0	2	0	0	0	2	1	0	0	0	0	4	0	0	1	0	0	0	1	0	0	0	0	1	0	0	0	0	0
PeerJ	2021-10-01	8325427	84158	7676	0	4	0	0	0	0	0	0	0	0	3	0	0	0	0	0	10	0	0	0	0	3	1	0	0	0	0	0	0	0	2	0	0	0
PeerJ	2021-10-01	8320525	68349	6655	0	5	0	0	0	0	3	0	0	0	1	0	0	0	0	0	9	0	0	0	0	0	0	0	0	0	0	0	0	0	0	0	0	0
PeerJ	2021-10-01	8323602	90621	8465	0	4	0	0	0	0	2	0	0	1	0	0	0	0	0	0	20	0	0	0	0	0	0	0	0	0	0	0	0	0	0	0	0	0
PeerJ	2021-10-01	8325916	88473	8172	0	4	0	1	0	0	5	0	0	5	0	2	0	0	0	0	29	0	0	0	0	0	0	0	0	0	0	0	0	0	0	0	0	0
PeerJ	2021-10-01	8325430	147196	14134	0	8	0	4	0	0	0	3	0	1	16	0	0	0	1	0	48	0	0	0	0	0	0	0	1	0	0	0	0	0	1	1	0	0
PeerJ	2021-10-01	8323599	167367	15064	0	8	0	0	0	0	2	0	0	3	1	1	0	0	0	0	41	0	0	0	0	0	0	0	0	0	0	0	0	0	0	0	0	0
PeerJ	2021-10-01	8327970	126507	11158	0	4	0	7	0	0	4	3	0	0	2	1	0	0	0	0	27	0	0	2	0	0	0	0	0	0	0	0	0	0	0	0	0	0
PeerJ	2021-10-01	8312491	103722	8632	0	11	0	2	0	0	0	0	0	0	4	3	0	0	0	0	30	0	0	0	0	0	0	1	0	0	0	0	0	0	0	0	0	0
PeerJ	2021-10-01	8325423	98510	8796	0	8	0	0	0	0	0	3	0	0	7	0	0	0	0	0	20	0	0	0	0	0	0	0	1	0	0	0	0	0	0	0	0	0
PeerJ	2021-10-01	8320519	231266	18603	0	18	1	4	0	0	0	1	0	0	1	6	0	0	2	0	14	0	1	5	0	0	1	0	0	0	0	0	0	0	0	0	0	0
PeerJ	2021-10-01	8312497	175028	17506	0	17	0	4	0	0	4	0	0	7	1	0	0	0	0	0	66	0	0	1	0	0	3	1	1	0	0	0	1	0	0	0	0	0
PeerJ	2021-10-01	8325429	186519	14452	0	5	1	1	0	0	0	12	0	0	30	0	0	0	2	1	34	0	0	3	0	0	0	0	0	0	0	0	0	0	0	1	0	1
PeerJ	2021-10-01	8323596	176323	15594	0	2	0	7	0	0	0	0	0	8	3	5	0	0	0	0	30	0	0	0	0	0	0	0	1	0	0	0	0	1	0	0	0	0
PeerJ	2021-10-01	8325428	91036	8741	0	4	0	0	0	0	2	8	0	0	2	1	0	0	0	0	13	0	0	0	0	0	0	0	0	0	0	0	0	0	0	0	0	0
PeerJ	2021-10-01	8312492	191227	17307	0	8	2	1	0	0	0	2	0	3	13	2	0	0	1	0	37	0	0	0	0	0	0	0	0	0	0	0	0	0	0	0	0	0
PeerJ	2021-10-01	8323603	169621	11783	0	5	0	2	0	0	3	0	0	0	3	4	0	2	0	0	5	0	0	0	0	0	0	0	0	0	0	0	0	0	0	0	0	0
PeerJ	2021-10-01	8323604	113694	9736	0	7	0	0	0	0	8	0	0	0	1	0	0	0	0	0	41	0	0	2	0	0	0	0	0	0	0	0	0	0	0	0	0	0
PeerJ	2021-10-01	8327967	87069	8013	0	4	0	0	0	0	2	0	0	0	1	0	0	0	0	0	5	0	0	0	0	0	0	0	2	0	0	0	0	0	0	0	0	0
PeerJ	2021-10-01	8323597	108914	10300	0	4	0	1	0	0	2	0	0	0	6	0	0	0	0	0	9	0	0	0	0	0	0	0	0	0	0	0	3	0	0	0	0	0
PeerJ	2021-10-01	8312496	121685	12115	0	10	1	0	0	0	4	2	0	2	0	2	0	0	0	0	22	0	0	3	0	0	0	0	0	0	0	0	0	0	0	0	0	0
PeerJ	2021-10-01	8325915	173443	14934	0	9	0	2	0	0	1	1	0	0	2	2	0	0	0	0	32	0	0	2	0	0	0	0	0	0	0	0	0	0	0	0	0	0
PeerJ	2021-10-01	8325422	142951	12418	0	8	0	0	0	0	2	1	0	0	0	4	0	0	0	0	17	0	0	4	0	0	0	0	0	0	0	0	0	0	0	0	0	0
PeerJ	2021-10-01	8323598	260184	24100	0	13	1	20	0	0	1	3	0	0	12	3	0	0	0	0	29	0	1	10	0	0	0	0	0	0	0	0	0	0	1	0	0	0
PeerJ	2021-10-01	8323595	90282	9070	0	4	0	17	0	0	1	4	0	0	34	1	0	0	0	0	38	0	0	0	0	0	0	0	0	0	0	0	0	0	0	0	0	0
PeerJ	2021-10-01	8325425	71142	6497	0	8	0	1	0	0	5	3	0	24	0	2	0	0	0	0	12	0	0	5	0	0	0	0	0	0	0	0	0	0	0	0	0	0
PeerJ	2021-10-01	8349168	176022	14610	0	7	0	0	0	0	0	2	0	0	0	0	0	0	0	0	18	0	0	1	0	0	1	1	0	0	0	0	0	0	0	0	0	0
PeerJ	2021-10-01	8344689	86181	8045	0	9	0	1	0	0	6	1	0	1	0	2	0	0	0	0	25	0	1	0	0	0	0	0	0	0	0	0	0	0	0	0	0	0
PeerJ	2021-10-01	8344682	61994	6476	0	3	0	2	0	0	0	2	0	0	9	0	0	0	0	0	24	0	0	1	0	0	2	0	0	0	0	0	0	0	1	0	0	0
PeerJ	2021-10-01	8340903	185463	16317	0	5	0	0	0	3	0	1	0	1	15	0	0	0	0	0	33	0	0	6	0	0	0	0	0	0	0	0	0	0	0	0	0	0
PeerJ	2021-10-01	8351568	127254	10432	0	8	0	0	0	0	0	1	0	0	8	6	0	0	0	0	9	0	0	1	0	0	0	1	0	0	0	0	0	0	0	0	0	1
PeerJ	2021-10-01	8351579	82036	8193	0	3	0	1	0	0	1	2	0	0	6	3	0	0	0	0	18	0	0	1	0	0	1	0	2	0	0	0	0	0	0	0	0	0
PeerJ	2021-10-01	8351573	100267	8789	0	3	0	0	0	0	3	0	0	0	13	0	0	0	1	0	5	0	0	0	0	0	0	0	0	0	0	0	0	0	0	0	0	0
PeerJ	2021-10-01	8349161	144230	11199	0	3	0	1	0	0	0	5	0	0	10	1	0	0	0	0	45	0	0	2	0	0	0	0	0	0	0	0	1	0	0	0	0	0
PeerJ	2021-10-01	8344685	100451	8712	0	3	1	0	0	0	2	0	0	0	1	2	0	0	0	0	9	0	0	1	0	0	0	0	0	0	0	0	1	0	0	0	0	0
PeerJ	2021-10-01	8340906	129276	12240	0	7	0	1	0	0	0	2	0	0	3	1	0	0	0	0	12	0	0	0	0	0	0	0	0	0	0	1	0	0	0	0	0	0
PeerJ	2021-10-01	8351572	109603	9564	0	13	0	0	0	0	0	0	0	0	0	0	0	0	0	0	17	0	0	0	0	0	0	0	0	0	0	0	0	0	0	0	0	0
PeerJ	2021-10-01	8340907	77429	7757	0	2	0	0	0	0	0	5	0	3	1	18	0	0	0	0	9	0	0	0	0	0	0	0	0	0	0	0	0	0	0	0	0	0
PeerJ	2021-10-01	8351574	134857	12109	0	17	0	1	0	0	3	1	0	0	0	0	0	0	0	0	11	0	0	0	0	0	0	0	0	0	0	0	0	0	0	0	0	0
PeerJ	2021-10-01	8344690	126401	9939	0	39	0	0	0	0	7	0	0	0	1	2	0	0	1	0	2	0	0	0	0	0	1	0	0	0	0	0	0	0	0	0	0	0
PeerJ	2021-10-01	8340901	109307	10334	0	14	0	0	0	0	5	9	0	0	4	4	0	0	0	0	43	0	0	1	0	0	0	0	0	0	0	0	0	0	0	0	0	0
PeerJ	2021-10-01	8351575	112243	9170	0	13	0	0	0	0	6	0	0	0	0	0	0	0	0	0	23	0	0	0	0	0	0	0	0	0	0	0	0	0	0	0	0	0
PeerJ	2021-10-01	8349163	169467	13495	0	9	0	1	0	0	0	0	0	0	0	1	0	0	0	0	30	0	0	3	0	0	0	0	0	0	0	0	0	0	0	0	0	0
PeerJ	2021-10-01	8344676	105772	8843	0	10	0	1	0	0	0	0	0	1	0	1	0	0	0	2	22	0	0	0	0	0	1	0	0	0	0	0	0	0	0	0	0	0
PeerJ	2021-10-01	8349514	70446	6904	0	5	0	2	0	0	0	0	0	0	6	1	0	0	0	0	7	0	0	0	0	0	0	0	0	0	0	0	0	0	0	0	0	0
PeerJ	2021-10-01	8351578	153364	14618	0	16	0	1	0	0	0	2	0	0	1	0	0	0	0	0	17	0	1	0	0	0	0	0	0	0	0	0	0	0	0	0	0	0
PeerJ	2021-10-01	8349516	121197	11404	0	8	1	17	0	0	1	7	0	0	3	2	0	0	0	0	49	0	0	0	0	0	0	0	1	0	0	0	0	0	0	0	0	0
PeerJ	2021-10-01	8351581	75174	7264	0	7	0	0	0	0	0	0	0	0	0	0	0	0	0	0	6	0	0	1	0	0	0	0	0	0	0	0	0	0	1	0	0	0
PeerJ	2021-10-01	8344691	131476	10669	0	15	0	0	0	0	1	0	0	0	0	4	0	0	0	0	23	0	0	0	0	0	0	0	0	0	0	0	0	0	0	0	0	0
PeerJ	2021-10-01	8349165	148742	13948	0	2	0	0	0	0	0	1	0	0	0	0	0	0	2	0	36	0	0	0	0	0	0	0	2	0	0	0	0	2	0	0	0	2
PeerJ	2021-10-01	8349172	198793	18249	0	22	0	2	0	0	1	1	0	0	18	1	0	0	0	0	65	0	1	5	0	0	0	0	0	0	0	0	0	0	0	0	0	1
PeerJ	2021-10-01	8362671	131751	12171	0	6	0	1	0	0	1	2	0	0	14	1	0	0	0	0	14	0	0	2	0	0	0	1	1	0	0	0	0	0	0	1	0	0
PeerJ	2021-10-01	8362672	108841	9542	0	2	1	0	0	0	1	0	0	0	0	2	0	0	0	0	20	0	0	0	0	0	0	0	0	0	0	0	0	0	0	0	0	0
PeerJ	2021-10-01	8364317	121994	11755	0	7	0	0	0	2	1	1	0	0	3	1	0	0	0	0	25	0	0	1	0	0	0	0	0	0	0	0	0	0	0	0	0	0
PeerJ	2021-10-01	8366524	94211	8658	0	5	0	2	0	1	0	0	0	0	3	0	0	0	1	1	29	0	0	0	0	0	0	3	0	0	0	0	0	0	0	0	0	0
PeerJ	2021-10-01	8759384	139128	12473	0	6	0	0	0	0	1	0	0	3	0	1	0	0	0	0	17	0	0	1	0	0	0	0	0	0	0	0	0	0	0	0	0	0
PeerJ	2021-10-01	8364748	99557	9990	0	5	0	1	0	0	0	0	0	4	0	3	0	0	0	0	21	0	0	1	0	0	0	0	1	0	0	0	0	0	0	0	0	0
PeerJ	2021-10-01	8364316	208193	17158	0	17	0	5	0	0	3	3	0	1	15	3	0	0	0	0	16	0	1	3	0	0	0	0	0	0	0	0	0	0	0	0	0	0
PeerJ	2021-10-01	8364324	133928	11627	0	24	0	0	0	0	1	0	0	1	0	3	0	0	0	0	15	0	0	1	0	0	0	0	0	0	0	0	0	0	0	0	0	0
PeerJ	2021-10-01	8362677	115086	11007	0	15	1	5	0	0	1	0	0	0	4	7	0	0	0	0	26	0	0	0	0	0	1	1	0	0	0	0	0	0	0	0	0	0
PeerJ	2021-10-01	8359795	103865	9245	0	5	0	1	0	0	1	2	0	1	4	2	0	0	0	0	19	0	0	2	0	0	0	0	0	0	0	0	0	0	0	0	0	0
PeerJ	2021-10-01	8362674	182083	15135	0	9	0	0	0	0	0	0	0	4	0	0	0	0	0	0	9	0	0	0	0	0	0	0	0	0	0	0	0	0	0	0	0	0
PeerJ	2021-10-01	8364322	91866	8994	0	8	1	0	0	0	0	8	0	0	1	7	0	0	0	0	17	0	0	0	0	0	1	0	1	0	0	0	0	0	0	0	0	0
PeerJ	2021-10-01	8366526	129873	12232	0	7	1	5	0	0	0	1	0	0	15	0	0	0	0	0	16	0	0	2	0	0	0	2	0	0	0	0	0	0	0	1	0	0
PeerJ	2021-10-01	8359799	128530	10343	0	10	0	1	0	0	3	0	0	0	1	1	0	0	0	0	9	0	0	3	0	0	0	0	0	0	0	0	0	0	0	0	0	0
PeerJ	2021-10-01	8359803	80789	8348	0	6	0	2	0	0	0	2	0	0	0	1	0	0	0	0	13	0	0	0	0	0	0	0	0	0	0	0	0	0	0	0	0	0
PeerJ	2021-10-01	8359798	131934	12102	0	7	0	0	0	0	0	0	0	0	4	0	0	0	0	0	37	0	0	3	0	0	0	0	0	0	0	0	0	0	0	0	0	0
PeerJ	2021-10-01	8759355	94860	8755	0	3	0	2	0	0	3	0	0	5	0	3	0	0	0	0	29	0	0	0	0	0	0	0	0	0	0	0	0	0	0	0	0	1
PeerJ	2021-10-01	8362668	195803	21691	0	34	0	3	0	0	1	10	0	0	0	14	0	0	0	0	57	0	0	1	0	0	2	1	1	0	0	0	0	0	0	1	0	0
PeerJ	2021-10-01	8359802	117442	11020	0	3	0	0	0	0	0	2	0	0	3	1	0	0	0	0	44	0	0	0	0	0	0	1	0	0	0	0	1	0	0	0	0	0
PeerJ	2021-10-01	8366523	158941	14140	0	30	0	2	0	0	2	0	0	0	12	2	0	0	1	1	30	0	0	2	0	0	1	0	5	0	0	0	0	0	1	0	0	0
PeerJ	2021-10-01	8364314	122029	11173	0	4	0	1	0	0	1	5	0	2	0	8	0	0	0	0	41	0	0	0	0	0	0	0	0	0	0	0	0	0	0	0	0	0
PeerJ	2021-10-01	8364326	320199	29446	0	6	0	0	0	0	1	1	0	8	1	1	0	1	1	0	29	0	0	1	0	0	0	0	0	0	0	0	0	0	0	0	0	0
PeerJ	2021-10-01	8364750	115531	11807	0	23	1	2	0	0	1	7	0	1	26	0	0	0	2	0	22	0	0	2	0	0	0	0	0	0	0	0	0	0	0	0	0	0
PeerJ	2021-10-01	8364746	144630	13352	0	15	0	4	0	2	0	0	0	0	17	0	0	0	1	0	47	0	0	1	0	1	1	0	0	0	0	0	0	0	0	0	0	0
PeerJ	2021-10-01	8362669	126425	11040	0	9	0	0	0	0	1	2	0	2	0	5	0	0	0	0	18	0	0	0	0	2	0	0	0	0	0	0	0	0	0	0	0	0
PeerJ	2021-10-01	8380428	101546	10051	0	11	0	1	0	0	1	3	0	1	1	4	0	0	0	0	18	0	0	0	0	0	0	0	0	0	0	0	0	0	0	0	0	0
PeerJ	2021-10-01	8378335	146155	13160	0	17	0	1	0	0	1	0	0	0	9	2	0	0	0	0	24	0	0	2	0	0	0	0	0	0	0	0	0	0	0	0	0	0
PeerJ	2021-10-01	8381883	94055	8294	0	9	0	0	0	0	2	1	0	0	1	1	0	0	0	0	37	0	0	1	0	0	0	0	0	0	0	0	0	0	0	0	0	0
PeerJ	2021-10-01	8380430	81828	6956	0	3	0	1	0	0	0	0	0	0	1	5	0	0	0	0	7	0	0	0	0	0	0	0	0	0	0	0	0	0	0	0	0	0
PeerJ	2021-10-01	8378341	103015	8878	0	3	0	3	0	0	0	0	0	0	2	2	0	0	0	0	27	0	0	2	0	0	0	0	0	0	0	0	0	0	0	0	0	0
PeerJ	2021-10-01	8380031	195890	18425	0	7	0	4	0	0	0	0	0	1	30	3	0	1	0	0	23	0	0	1	0	0	0	0	0	0	0	0	1	0	0	0	0	0
PeerJ	2021-10-01	8375511	239259	19774	0	9	0	10	0	0	0	1	0	0	1	1	0	0	0	0	35	0	0	0	0	0	0	0	0	0	0	0	0	0	0	1	0	0
PeerJ	2021-10-01	8380027	146900	13887	0	24	0	1	0	0	3	5	0	0	7	0	0	0	1	0	47	0	0	11	0	0	1	0	0	1	0	0	0	0	0	0	0	1
PeerJ	2021-10-01	8378337	143910	12201	0	13	0	0	0	0	0	1	0	0	2	5	0	0	1	0	17	0	0	0	0	0	0	1	0	0	0	0	0	0	0	0	0	0
PeerJ	2021-10-01	8375510	229247	22257	0	11	1	1	0	0	5	3	0	0	1	3	0	0	1	0	4	0	0	0	0	0	1	0	1	0	0	0	1	0	0	0	0	0
PeerJ	2021-10-01	8380423	147824	13311	0	10	1	0	0	0	0	0	0	0	2	1	0	0	0	0	40	0	0	0	0	0	1	0	0	0	0	0	0	0	0	0	0	0
PeerJ	2021-10-01	8378339	143636	12374	0	13	0	0	0	0	2	1	0	0	47	2	0	0	1	0	12	0	0	1	0	0	0	0	0	0	0	0	0	0	0	0	0	0
PeerJ	2021-10-01	8380431	190315	16709	0	9	0	0	0	0	0	0	0	0	2	0	0	0	1	0	18	0	0	0	0	0	0	0	0	0	0	0	0	0	0	0	0	0
PeerJ	2021-10-01	8380028	156099	14855	0	4	0	6	0	0	0	1	0	0	10	3	0	0	0	0	30	0	0	1	0	0	0	1	0	0	0	0	0	0	1	0	0	0
PeerJ	2021-10-01	8378338	143842	11845	0	8	0	2	0	0	1	7	0	0	4	3	0	0	0	0	41	0	0	2	0	0	0	1	0	0	0	0	0	0	0	0	0	0
PeerJ	2021-10-01	8381879	97317	8961	0	8	0	0	0	0	3	0	0	0	0	1	0	0	0	0	38	0	0	0	0	0	1	0	3	0	0	0	0	0	0	0	0	0
PeerJ	2021-10-01	8381884	7183	549	0	1	0	0	0	0	0	0	0	0	0	0	0	0	0	0	2	0	0	0	0	0	0	0	0	0	0	0	0	0	0	0	0	0
PeerJ	2021-10-01	8380032	92667	8467	0	7	0	1	0	0	1	0	0	2	0	5	0	0	0	0	24	0	0	0	0	3	0	0	0	0	0	0	0	0	0	0	0	0
PeerJ	2021-10-01	8381875	108284	8930	0	5	0	4	0	0	2	0	0	0	0	6	0	0	1	0	37	0	0	2	0	0	0	0	2	0	0	0	0	0	0	0	0	0
PeerJ	2021-10-01	8380424	77059	6477	0	3	0	0	0	0	0	1	0	0	1	0	0	0	0	0	26	0	0	2	0	0	0	0	0	0	0	0	0	0	0	0	0	0
PeerJ	2021-10-01	8380026	155544	13376	0	2	0	1	0	2	1	2	0	2	1	1	0	0	0	0	21	0	0	0	0	0	0	0	0	0	0	0	0	0	1	0	0	0
PeerJ	2021-10-01	8381882	257113	24410	0	5	1	1	0	2	3	22	0	3	0	3	0	0	0	0	42	0	0	2	0	0	0	1	1	0	0	0	1	0	2	0	0	0
PeerJ	2021-10-01	8381878	98039	9755	0	23	0	1	0	0	0	5	0	0	6	2	0	0	0	0	11	0	0	1	0	0	0	1	0	0	0	0	0	0	0	1	0	0
PeerJ	2021-10-01	8380429	200168	17761	0	23	0	1	0	0	1	0	0	0	7	1	0	0	0	0	21	0	1	1	0	0	0	1	0	0	0	0	0	0	0	0	0	0
PeerJ	2021-10-01	8380427	122992	11539	0	25	0	4	0	0	1	0	0	0	1	3	1	0	0	0	32	0	0	0	0	0	0	0	0	0	0	0	0	0	0	0	0	0
PeerJ	2021-10-01	8418215	103440	11305	0	13	1	1	0	0	0	1	0	0	2	1	0	0	1	0	35	0	0	0	0	1	1	1	0	0	0	0	0	0	0	0	0	0
PeerJ	2021-10-01	8388559	118223	12466	0	4	0	0	0	0	1	1	0	0	0	0	0	0	0	0	24	0	0	0	0	0	0	0	0	0	0	0	0	0	0	0	0	0
PeerJ	2021-10-01	8418211	92795	7912	0	20	0	0	0	0	8	0	0	0	1	0	0	0	0	0	15	0	0	2	0	0	0	0	0	0	0	0	0	0	0	0	0	0
PeerJ	2021-10-01	8403473	66552	6658	0	5	0	0	0	0	0	0	0	0	0	2	0	0	0	0	70	0	0	0	0	0	0	0	0	0	0	0	0	0	0	0	0	0
PeerJ	2021-10-01	8388556	125949	11560	0	3	0	1	0	0	2	1	0	1	0	0	0	0	0	0	31	0	0	1	0	0	1	0	0	0	0	0	0	0	0	0	0	0
PeerJ	2021-10-01	8395570	151820	13137	0	3	0	1	0	0	1	0	0	0	0	1	0	0	0	0	10	0	0	2	0	1	0	6	0	0	0	0	0	0	0	0	0	0
PeerJ	2021-10-01	8395579	112030	9999	0	7	0	0	0	0	1	1	0	0	4	0	0	0	0	0	11	0	0	2	0	0	0	0	0	0	0	0	0	0	0	0	0	0
PeerJ	2021-10-01	8388554	106288	10092	0	16	1	2	0	0	1	2	0	0	3	10	0	1	0	0	28	0	0	4	0	0	0	0	0	0	0	0	0	0	0	0	0	0
PeerJ	2021-10-01	8404572	80495	8560	0	23	0	4	0	0	0	0	0	0	0	6	0	0	0	0	52	0	0	2	0	0	0	0	0	0	0	0	0	0	0	0	0	1
PeerJ	2021-10-01	8395577	75728	6755	0	21	0	0	0	0	0	1	0	0	0	1	0	0	0	0	19	0	0	0	0	0	0	0	0	0	0	0	0	0	0	0	0	0
PeerJ	2021-10-01	8395574	158580	13291	0	22	0	0	0	1	1	3	0	2	1	3	0	0	0	0	13	0	0	1	0	0	0	1	0	0	0	0	0	0	0	0	0	0
PeerJ	2021-10-01	8411939	115549	11153	0	3	0	0	0	5	2	6	0	0	0	1	0	0	3	0	29	0	0	0	0	0	0	0	0	0	0	0	0	0	0	0	0	0
PeerJ	2021-10-01	8401755	131163	12674	0	6	1	2	1	0	4	4	0	0	2	5	0	0	0	0	50	0	0	2	0	0	1	1	0	0	0	0	0	0	0	0	0	0
PeerJ	2021-10-01	8401752	204748	19893	0	12	0	3	0	0	0	0	0	0	4	3	0	0	0	0	51	0	0	1	0	0	0	0	0	0	0	0	0	0	0	0	0	1
PeerJ	2021-10-01	8403477	194361	17527	0	16	0	0	0	0	1	1	0	0	1	2	0	0	0	0	30	0	0	5	0	0	0	0	0	0	0	0	0	0	0	0	0	0
PeerJ	2021-10-01	8418213	96815	8974	0	2	0	0	0	0	0	1	0	2	0	0	0	0	0	0	40	0	0	1	0	0	0	0	0	0	0	0	0	0	0	0	0	0
PeerJ	2021-10-01	8418218	97291	9172	0	12	0	3	0	0	2	0	0	0	16	0	0	0	3	0	10	0	0	0	0	0	0	0	1	0	0	0	0	0	0	0	0	1
PeerJ	2021-10-01	8404576	143821	9325	0	10	0	0	0	0	0	0	0	0	3	0	0	0	1	0	11	0	0	1	0	0	1	0	1	0	0	0	0	0	0	0	0	0
PeerJ	2021-10-01	8415286	195594	17886	0	7	0	5	0	2	1	4	0	5	0	1	0	0	0	0	38	0	0	1	0	0	0	0	0	0	0	0	0	0	0	0	0	0
PeerJ	2021-10-01	8404570	130490	12066	0	25	0	1	0	0	2	0	0	0	4	0	0	0	0	0	25	0	0	6	0	0	0	0	0	0	0	0	0	0	2	0	0	0
PeerJ	2021-10-01	8401748	144799	12916	0	4	0	0	0	0	0	3	0	0	0	0	0	0	0	0	20	0	0	0	0	0	0	0	0	0	0	0	0	0	0	0	0	0
PeerJ	2021-10-01	8415287	113106	9932	0	4	1	1	0	0	0	2	0	0	4	1	0	0	1	0	25	0	0	0	0	0	2	1	0	0	0	0	0	0	0	0	0	0
PeerJ	2021-10-01	8403480	248892	26767	0	3	2	1	0	0	0	0	0	2	2	1	0	0	5	0	26	0	0	6	0	0	0	0	0	0	0	0	0	0	0	0	0	0
PeerJ	2021-10-01	8401751	112075	8912	0	5	0	0	0	0	2	0	0	0	3	0	0	0	0	0	11	0	0	0	0	0	0	0	0	0	0	0	0	0	0	0	0	0
PeerJ	2021-10-01	8401820	78111	7675	0	11	0	2	0	0	1	2	0	0	1	2	0	0	0	0	11	0	0	1	0	0	0	1	0	0	0	0	0	0	0	0	0	0
PeerJ	2021-10-01	8432307	215187	17651	0	8	0	1	0	0	1	0	0	0	8	2	0	0	0	0	28	0	0	0	0	0	0	0	0	0	0	0	0	0	0	0	0	2
PeerJ	2021-10-01	8434805	106663	10505	0	20	1	2	0	1	2	1	0	1	3	6	0	0	0	0	18	0	0	1	0	0	1	0	0	0	0	0	0	0	0	0	0	0
PeerJ	2021-10-01	8432305	122254	10485	0	14	0	0	0	0	4	0	0	0	2	0	0	0	1	0	27	0	0	2	0	0	0	0	0	0	0	0	0	0	0	0	0	0
PeerJ	2021-10-01	8418800	97528	8307	0	5	0	0	0	0	0	1	0	0	2	2	0	0	0	0	28	0	0	1	0	1	0	0	0	0	0	0	0	0	0	0	0	0
PeerJ	2021-10-01	8420874	137290	11718	0	17	1	0	0	0	5	0	0	0	1	4	0	0	0	0	25	0	0	0	0	1	0	0	0	0	0	0	0	0	0	0	0	0
PeerJ	2021-10-01	8428263	181633	14517	0	4	0	1	0	0	2	0	0	0	2	0	0	0	1	0	14	0	0	1	0	0	0	0	0	0	0	0	1	0	0	0	0	0
PeerJ	2021-10-01	8418799	210860	18654	0	27	1	10	0	0	3	1	0	0	12	1	0	0	0	0	22	0	0	4	0	0	2	0	0	0	0	0	0	0	0	7	0	0
PeerJ	2021-10-01	8434810	216500	19977	0	14	1	4	0	0	0	0	0	0	98	0	0	0	0	0	42	0	0	4	0	0	0	0	0	0	0	0	0	0	1	0	0	0
PeerJ	2021-10-01	11563213	103980	7868	0	21	0	2	0	0	2	1	0	0	0	1	0	0	0	0	39	0	0	1	0	0	0	0	0	0	0	0	0	0	0	0	0	0
PeerJ	2021-10-01	8418796	82137	8732	0	2	0	0	0	0	10	0	0	6	0	0	0	0	0	0	45	0	0	0	0	0	0	0	1	0	0	0	0	0	0	0	0	0
PeerJ	2021-10-01	8418797	86111	7239	0	7	0	0	0	0	0	0	0	0	1	2	0	0	0	0	13	0	0	4	0	0	0	3	1	0	0	0	0	0	0	0	0	0
PeerJ	2021-10-01	8432321	219469	19273	0	2	1	14	1	0	15	25	0	0	1	1	0	1	1	0	121	0	0	13	0	0	0	0	1	0	0	0	1	0	0	0	0	0
PeerJ	2021-10-01	8428262	99450	8533	0	8	0	0	0	0	10	0	0	0	12	3	0	0	2	0	21	0	0	0	0	0	0	0	0	0	0	0	0	0	0	0	0	0
PeerJ	2021-10-01	8428266	906826	83961	0	197	1	8	0	0	6	1	0	3	14	1	0	0	7	1	183	0	1	9	0	0	3	0	0	0	1	0	0	1	1	3	0	1
PeerJ	2021-10-01	8418794	119950	10104	0	3	0	2	0	0	3	0	0	0	39	1	0	0	0	0	18	0	0	1	0	0	0	0	2	0	0	0	1	0	0	0	0	0
PeerJ	2021-10-01	8428260	100219	8847	0	5	0	10	0	0	0	2	0	0	0	3	0	0	0	0	39	0	0	1	0	0	0	0	0	0	0	0	0	0	0	0	0	0
PeerJ	2021-10-01	8420875	117050	10024	0	15	2	0	0	0	2	1	0	0	3	4	0	0	2	0	17	0	0	1	0	2	0	0	0	0	0	0	0	0	0	0	0	0
PeerJ	2021-10-01	8434804	69158	6454	0	3	0	0	0	0	0	5	0	0	0	0	0	0	0	0	15	0	0	7	0	0	0	0	7	0	0	0	0	0	0	0	0	0
PeerJ	2021-10-01	8428265	59191	5603	0	7	0	1	0	0	0	2	0	0	0	1	0	0	0	0	40	0	0	0	0	0	0	0	0	0	0	0	0	0	0	0	0	0
PeerJ	2021-10-01	8428264	114122	9461	0	20	0	1	0	0	5	2	0	0	0	1	0	0	0	0	24	0	0	1	0	0	0	0	0	0	0	0	0	0	0	0	0	0
PeerJ	2021-10-01	8420871	95887	8186	0	2	0	0	0	0	0	0	0	1	0	4	0	0	0	0	24	0	0	1	0	0	0	0	2	0	0	0	0	0	0	0	0	7
PeerJ	2021-10-01	8418801	165853	14882	0	2	0	0	0	0	1	0	0	0	3	1	0	0	0	0	23	0	0	0	0	0	0	0	0	0	0	0	0	0	0	0	0	0
PeerJ	2021-10-01	8418798	85836	7824	0	6	0	1	0	0	1	2	0	0	2	1	0	0	1	0	33	0	0	2	0	0	0	0	0	0	0	0	0	2	0	0	0	0
PeerJ	2021-10-01	8420872	98825	8662	0	8	0	0	0	0	6	1	0	0	0	2	0	0	0	0	21	0	1	1	0	0	0	0	0	0	0	0	0	0	0	0	0	0
PeerJ	2021-10-01	8420870	80133	7424	0	12	0	6	0	0	0	2	0	0	0	0	0	0	0	0	31	0	1	1	0	0	0	0	0	0	0	0	0	0	0	0	0	0
PeerJ	2021-10-01	8435200	94388	7958	0	6	0	0	0	0	0	0	0	1	0	2	0	0	0	0	17	0	0	0	0	0	1	0	0	0	0	0	0	0	0	0	0	0
PeerJ	2021-10-01	8436962	117720	11763	0	7	0	0	0	0	0	0	0	0	1	2	0	0	0	0	13	0	0	0	0	0	0	0	0	0	0	0	0	0	0	0	0	0
PeerJ	2021-10-01	8435202	112543	9860	0	13	1	0	0	0	1	0	0	0	1	0	0	0	0	0	16	0	0	0	0	0	0	1	0	0	0	0	0	0	0	0	0	0
PeerJ	2021-10-01	8449536	112453	9332	0	13	0	2	0	0	2	0	0	0	0	2	0	0	0	0	23	0	0	3	0	0	0	0	0	0	0	0	0	0	0	0	0	0
PeerJ	2021-10-01	8445090	138220	12706	0	8	0	0	0	0	0	1	0	1	1	1	0	0	0	0	26	0	0	3	0	0	0	0	0	0	0	0	0	0	0	0	0	0
PeerJ	2021-10-01	8436958	78553	7408	0	13	0	1	0	0	0	0	0	0	4	1	0	0	0	0	18	0	0	0	0	0	1	0	0	2	0	0	1	0	0	0	0	0
PeerJ	2021-10-01	8445088	110067	9988	0	11	4	0	0	0	0	0	0	0	2	0	0	0	0	0	26	0	0	1	0	0	0	0	0	0	0	0	0	0	0	0	0	0
PeerJ	2021-10-01	8449535	102746	9813	0	16	0	1	0	0	5	0	0	0	0	0	0	0	0	0	13	0	0	1	0	0	0	0	0	0	0	0	0	0	0	0	0	0
PeerJ	2021-10-01	8449539	117562	9989	0	11	0	0	0	0	2	2	0	0	3	3	0	0	0	0	8	0	0	2	0	0	0	1	0	0	0	0	0	0	0	0	0	0
PeerJ	2021-10-01	8436960	64830	6309	0	4	0	0	0	0	0	0	0	1	27	0	0	0	0	0	10	0	0	1	0	0	0	0	0	0	0	0	0	0	0	0	2	0
PeerJ	2021-10-01	8459734	134504	14040	0	6	3	4	0	0	2	4	0	0	7	4	0	0	2	1	43	0	0	1	0	0	0	5	0	0	0	0	0	0	0	1	0	10
PeerJ	2021-10-01	8435199	83954	8044	0	13	0	0	0	0	0	1	0	0	0	2	0	0	0	0	22	0	0	0	0	0	0	0	0	0	0	0	0	0	0	0	0	0
PeerJ	2021-10-01	8449534	165096	15391	0	6	0	10	0	0	2	2	0	0	0	0	0	0	0	0	23	0	0	7	0	0	0	0	0	0	0	0	8	0	0	0	0	0
PeerJ	2021-10-01	8447939	89737	8525	0	13	0	0	0	0	2	1	0	3	0	1	0	0	0	0	24	0	0	1	0	0	1	0	0	0	0	0	0	0	0	0	0	0
PeerJ	2021-10-01	8445083	190870	17202	0	8	1	0	0	0	0	3	0	2	0	3	0	0	1	0	24	0	0	1	0	0	0	0	0	0	0	0	0	0	0	0	0	0
PeerJ	2021-10-01	8435204	96565	9113	0	10	0	0	0	0	1	0	0	0	0	0	0	0	0	0	19	0	1	0	0	0	0	0	0	0	0	0	0	0	0	0	0	0
PeerJ	2021-10-01	8445084	125077	10591	0	17	0	0	0	0	1	0	0	0	2	5	0	0	0	0	9	0	2	0	0	0	0	1	0	0	0	0	0	0	0	0	0	0
PeerJ	2021-10-01	8449529	99349	8355	0	18	1	0	0	0	8	0	0	0	2	5	0	0	0	0	14	0	3	0	0	0	0	0	0	0	0	0	0	0	0	0	0	0
PeerJ	2021-10-01	8435205	301386	28329	0	41	3	4	0	0	0	1	0	0	6	2	0	0	0	0	82	0	0	4	0	1	0	6	1	0	4	0	0	1	0	0	0	0
PeerJ	2021-10-01	8436957	192256	16820	0	9	1	2	0	0	0	0	0	0	13	0	0	0	1	0	22	0	0	1	0	0	0	0	0	0	0	0	0	0	0	0	0	0
PeerJ	2021-10-01	8436959	111577	10000	0	12	1	0	0	0	0	6	0	0	0	3	0	0	0	0	16	0	0	3	0	0	1	0	0	0	0	0	0	0	0	0	0	0
PeerJ	2021-10-01	8449530	110483	9614	0	5	0	1	0	0	1	3	0	0	3	0	0	0	0	0	47	0	0	1	0	0	0	0	0	0	0	0	0	0	0	0	0	0
PeerJ	2021-10-01	8449532	112655	10280	0	8	1	1	0	0	0	0	0	0	1	4	0	0	0	0	54	0	0	0	0	0	0	0	0	0	0	0	0	0	0	0	0	0
PeerJ	2021-10-01	8435206	104325	10595	0	11	0	2	0	0	2	1	0	0	3	0	0	0	0	0	2	0	0	0	0	0	0	0	0	0	0	0	0	0	0	0	0	0
PeerJ	2021-10-01	8436964	218616	22754	0	4	0	0	0	2	0	9	0	0	1	0	0	0	0	0	22	0	0	2	0	0	0	0	0	0	0	0	0	0	0	0	0	0
PeerJ	2021-10-01	8451445	148669	14399	0	21	1	4	0	0	3	2	0	0	7	5	0	0	0	0	36	0	0	0	0	1	0	0	0	0	0	0	0	0	0	0	0	0
PeerJ	2021-10-01	8464192	78472	7018	0	2	0	2	0	0	1	0	0	0	0	1	0	0	0	0	30	0	0	0	0	0	0	0	0	0	0	0	0	0	0	0	0	0
PeerJ	2021-10-01	8759375	484398	45035	0	5	10	2	0	0	1	2	0	0	3	2	0	0	7	0	58	0	0	11	0	0	42	0	1	0	0	0	5	0	3	0	0	0
PeerJ	2021-10-01	8450007	181590	17006	0	26	0	1	0	1	1	10	0	0	1	8	0	0	0	0	23	0	0	0	0	0	0	1	0	0	0	0	0	0	0	0	0	0
PeerJ	2021-10-01	8450002	103674	9763	0	5	0	3	0	0	0	5	0	0	2	4	0	0	2	0	26	0	0	0	0	1	0	0	0	0	0	0	0	0	0	0	0	0
PeerJ	2021-10-01	8462372	137966	13156	0	8	0	1	0	0	0	2	0	0	23	1	0	0	1	0	30	0	0	0	0	0	0	0	0	0	0	0	0	0	1	0	0	0
PeerJ	2021-10-01	8462378	121832	12424	0	4	0	1	0	1	0	7	0	1	0	1	0	0	0	0	20	0	0	0	0	0	0	0	0	0	0	0	0	0	1	0	0	0
PeerJ	2021-10-01	8459728	116235	10496	0	4	0	0	0	0	0	0	0	0	9	0	0	0	0	0	82	0	0	0	0	0	0	0	0	0	0	0	0	0	0	0	0	1
PeerJ	2021-10-01	8459726	72154	6618	0	1	0	0	0	0	1	3	0	0	0	0	0	0	0	0	19	0	0	0	0	0	2	0	1	0	0	0	0	0	2	0	0	0
PeerJ	2021-10-01	8451444	81099	7306	0	4	1	1	0	0	0	0	0	0	2	0	0	0	0	0	5	0	0	0	0	3	1	0	0	0	0	0	0	1	0	0	0	0
PeerJ	2021-10-01	8450004	73691	6995	0	2	0	2	0	0	0	0	0	0	1	0	0	0	0	0	43	0	0	0	0	0	1	0	0	0	0	0	0	0	0	0	0	1
PeerJ	2021-10-01	8462373	146115	13132	0	25	0	0	0	0	4	2	0	0	1	12	0	0	0	0	14	0	0	2	0	0	0	0	0	0	0	0	1	0	0	0	0	0
PeerJ	2021-10-01	8451436	116743	10453	0	9	0	4	0	0	1	0	0	1	0	0	0	0	0	0	37	0	0	1	0	0	0	0	0	0	0	0	0	0	0	0	0	0
PeerJ	2021-10-01	8462370	94106	8100	0	2	0	0	0	0	1	0	0	0	0	9	0	0	0	0	12	0	0	1	0	0	0	0	0	0	0	0	0	0	0	0	0	0
PeerJ	2021-10-01	8450008	65066	6027	0	2	0	6	0	0	0	0	0	0	11	0	0	0	0	0	7	0	0	0	0	0	1	0	0	0	0	0	0	0	0	0	0	0
PeerJ	2021-10-01	8450003	77365	7380	0	21	0	0	0	0	2	2	0	0	1	8	0	0	0	0	16	0	0	1	0	0	0	0	0	0	0	0	0	0	0	0	0	0
PeerJ	2021-10-01	8450009	101852	9271	0	11	0	2	0	0	5	0	0	0	0	1	0	0	0	0	36	0	0	0	0	0	1	0	0	0	0	0	0	0	0	0	0	0
PeerJ	2021-10-01	8459733	159757	12225	0	22	0	0	0	0	0	3	0	0	1	0	0	0	0	0	28	0	0	1	0	0	0	0	0	0	0	0	0	0	0	0	0	0
PeerJ	2021-10-01	8464194	155734	13735	0	12	1	0	0	1	0	3	0	5	0	1	0	0	0	0	22	0	0	2	0	0	0	0	0	0	0	0	0	0	0	0	0	1
PeerJ	2021-10-01	8459729	84182	8609	0	8	0	1	0	0	0	1	0	0	2	0	0	0	0	0	29	0	0	0	0	0	0	0	0	0	0	0	0	0	0	0	0	0
PeerJ	2021-10-01	8462376	120811	10752	0	8	0	1	0	0	2	3	0	0	5	2	0	1	2	0	24	0	0	4	0	0	0	0	0	0	0	0	0	0	0	0	0	0
PeerJ	2021-10-01	8464193	137334	13046	0	10	0	1	0	0	0	0	0	3	4	1	0	0	0	0	14	0	0	0	0	1	0	0	0	0	0	0	0	1	0	0	0	0
PeerJ	2021-10-01	8462387	158303	13600	0	20	0	5	0	0	1	0	0	0	9	1	0	0	0	0	66	0	0	3	0	0	0	0	1	0	0	0	0	0	0	0	0	0
PeerJ	2021-10-01	8451439	114335	9733	0	7	0	5	0	0	0	1	0	0	1	6	0	0	0	0	34	0	0	0	0	0	0	0	0	0	0	0	0	1	0	0	0	0
PeerJ	2021-10-01	8462369	119742	10647	0	3	0	3	0	0	2	2	0	0	1	0	0	0	0	0	52	0	0	2	0	1	0	0	1	0	0	0	0	0	0	0	0	1
PeerJ	2021-10-01	8465999	112208	10204	0	7	0	2	0	0	1	0	0	0	5	1	0	0	1	0	22	0	0	0	0	0	0	0	0	0	0	0	0	0	0	1	0	0
PeerJ	2021-10-01	8487624	129928	12676	0	5	0	3	0	0	0	0	0	0	2	3	0	0	0	0	33	0	0	3	0	0	0	0	1	0	0	0	0	0	0	1	0	0
PeerJ	2021-10-01	8489409	111717	9602	0	7	0	0	0	0	1	0	0	0	3	0	0	0	1	0	17	0	0	7	0	0	0	0	0	0	0	0	0	0	0	0	0	0
PeerJ	2021-10-01	8475542	110981	10171	0	10	0	1	0	0	0	0	0	1	0	0	0	0	0	0	17	0	0	2	0	0	0	0	1	0	0	0	0	0	0	0	0	0
PeerJ	2021-10-01	8466086	338593	28869	0	6	3	3	0	1	3	0	0	4	7	2	0	0	7	0	41	0	6	0	0	0	4	0	1	0	1	0	1	1	0	1	0	0
PeerJ	2021-10-01	8466085	249103	21242	0	7	0	1	0	0	0	3	0	0	0	3	0	0	8	0	41	0	0	4	0	0	0	0	0	0	0	0	0	0	1	0	0	0
PeerJ	2021-10-01	8475544	287145	25043	0	1	0	8	0	0	2	0	0	0	12	1	0	0	0	0	40	0	0	5	0	0	0	0	0	0	0	0	0	0	0	0	0	0
PeerJ	2021-10-01	8483006	164328	13920	0	18	0	1	0	0	2	1	0	1	13	1	0	0	0	0	41	0	1	2	0	0	0	0	0	0	0	0	0	0	0	0	0	0
PeerJ	2021-10-01	8485836	78873	6764	0	4	0	4	0	0	1	1	0	0	1	3	0	0	0	0	13	0	0	0	0	0	0	0	0	0	0	0	0	0	0	0	0	0
PeerJ	2021-10-01	8485841	408143	36338	0	54	0	0	0	0	0	0	0	0	12	0	0	1	0	0	11	0	0	0	0	1	0	0	1	0	0	0	0	0	0	0	0	0
PeerJ	2021-10-01	8489407	74492	5639	0	2	0	0	0	0	2	0	0	0	1	0	0	0	0	0	5	0	0	0	0	0	0	0	0	0	0	0	0	0	0	0	0	0
PeerJ	2021-10-01	8475539	115574	10729	0	12	0	4	0	0	0	1	0	1	0	3	0	0	0	0	67	0	0	1	0	0	0	0	0	0	0	0	0	0	0	0	0	0
PeerJ	2021-10-01	8466073	101587	9695	0	10	0	0	0	0	0	3	0	0	0	1	0	0	0	0	8	0	0	0	0	0	1	0	0	0	0	0	0	0	0	0	0	0
PeerJ	2021-10-01	8483016	103290	9229	0	3	1	0	0	0	0	1	0	0	5	0	0	0	0	0	3	0	0	0	0	0	0	0	1	0	0	0	0	0	0	0	0	0
PeerJ	2021-10-01	8485842	447272	38004	0	2	0	10	0	0	1	0	0	0	0	20	0	0	0	0	171	0	0	4	0	0	1	0	0	0	0	0	0	0	0	0	0	0
PeerJ	2021-10-01	8465997	123468	10252	0	11	0	0	0	1	2	6	0	0	0	2	0	0	0	0	7	0	0	2	0	0	0	0	0	0	0	0	0	0	0	0	0	0
PeerJ	2021-10-01	8483004	209196	17670	0	21	1	6	0	0	1	0	0	0	11	2	0	0	0	0	22	0	0	2	0	0	0	0	0	0	0	0	0	0	0	0	0	0
PeerJ	2021-10-01	8487245	122106	11052	0	3	0	0	0	0	0	0	0	6	0	0	0	0	0	0	12	0	0	0	0	0	0	0	0	0	0	0	0	0	0	0	0	0
PeerJ	2021-10-01	8487626	187175	16057	0	17	0	1	0	0	1	2	0	0	4	0	0	0	0	0	77	0	0	3	0	0	0	0	1	0	0	0	0	0	0	0	0	0
PeerJ	2021-10-01	8465994	153231	14035	0	10	0	3	0	0	0	0	0	0	2	0	0	0	1	0	27	0	0	0	0	0	1	1	1	0	1	0	0	0	0	0	0	0
PeerJ	2021-10-01	8489410	131031	11782	0	13	1	0	0	0	0	1	0	1	6	4	0	0	0	0	30	0	0	0	0	0	1	0	0	0	0	0	0	0	0	0	0	0
PeerJ	2021-10-01	8466072	112448	9644	0	23	0	6	0	0	6	0	0	0	0	3	0	0	0	0	22	0	0	4	0	0	0	0	0	0	0	0	0	0	0	0	0	0
PeerJ	2021-10-01	8487243	312523	24389	0	3	0	0	0	0	1	0	0	3	0	1	0	0	0	0	23	0	0	4	0	0	0	0	1	0	0	0	0	0	0	0	0	0
PeerJ	2021-10-01	8487240	63131	5982	0	2	0	1	0	0	0	1	0	0	0	1	0	0	0	0	38	0	0	7	0	0	0	0	0	0	0	0	0	0	0	0	0	0
PeerJ	2021-10-01	8483009	171853	17049	0	7	2	5	0	0	0	0	0	1	16	0	0	0	0	0	44	0	0	2	0	0	1	0	0	0	0	0	0	0	1	0	0	0
