journal	date	pmc_id	Nchars	Nwords	delve	analyse	acknowledge	assess	appraise	dissect	explore	examine	extricate	expose	estimate	investigate	inquire	inspect	interpret	scrutinise	study	unearth	uncover	understand	ponder	research	reason	retrieve	avoid	discount	disregard	dismiss	ignore	neglect	overlook	omit	skip	reject
PeerJ	2025-01-01	11468838	96296	8460	0	12	0	5	0	0	3	1	0	0	0	0	0	0	0	0	62	0	0	0	0	0	0	0	2	0	0	0	0	0	0	0	0	0
PeerJ	2025-01-01	11468799	83897	7056	0	3	0	0	0	0	0	3	0	0	4	5	0	0	0	0	24	0	0	0	0	0	0	0	0	0	0	0	0	1	0	0	0	0
PeerJ	2025-01-01	11468962	133191	11636	0	7	0	11	0	0	1	2	0	0	4	1	0	0	0	0	44	0	0	1	0	0	0	0	0	0	0	0	0	0	0	0	0	0
PeerJ	2025-01-01	11457870	75748	6991	0	5	0	5	0	0	2	0	0	0	2	5	0	0	0	0	31	0	0	2	0	0	0	0	0	0	0	0	0	0	0	0	0	0
PeerJ	2025-01-01	11468964	141414	11880	0	8	0	0	0	0	1	0	0	0	0	0	0	0	0	0	43	0	0	0	0	0	0	0	0	0	0	0	0	1	0	0	0	1
PeerJ	2025-01-01	11457872	103907	10213	0	10	5	0	0	0	0	6	0	0	7	6	0	0	0	0	23	0	0	5	0	0	0	0	2	0	0	0	0	0	0	0	0	0
PeerJ	2025-01-01	11457874	111167	10920	0	13	1	4	0	0	0	6	0	0	5	0	0	0	0	0	19	0	0	1	0	0	0	0	0	0	0	0	1	0	0	0	0	1
PeerJ	2025-01-01	11457877	231955	21232	0	4	1	4	0	0	0	3	0	0	0	10	1	0	2	0	44	0	0	1	0	0	0	0	0	0	0	0	1	0	0	0	0	0
PeerJ	2025-01-01	11468805	103227	9587	0	3	0	0	0	0	0	0	0	0	19	0	0	0	0	0	40	0	0	0	0	0	0	0	0	0	0	0	0	0	0	0	0	0
PeerJ	2025-01-01	11457875	112720	10144	0	5	0	5	0	0	1	1	0	0	0	3	0	0	0	0	35	0	0	1	0	0	0	0	0	0	0	0	0	0	0	0	0	0
PeerJ	2025-01-01	11468896	120090	11544	0	12	0	3	0	0	0	4	0	0	0	0	0	0	0	0	52	0	0	1	0	0	1	0	0	0	0	0	0	0	0	0	0	0
PeerJ	2025-01-01	11453157	80957	8346	0	7	0	1	0	0	0	1	0	0	0	4	0	0	0	0	40	0	0	0	0	0	0	0	0	0	0	0	0	0	0	0	0	0
PeerJ	2025-01-01	11466215	82362	6945	0	7	0	1	0	1	0	2	0	0	0	1	0	0	0	0	18	0	0	1	0	1	0	0	0	0	0	0	0	0	0	0	0	0
PeerJ	2025-01-01	11453153	105038	9972	2	4	3	0	0	0	2	6	0	0	0	3	0	0	1	0	26	0	0	5	0	0	0	0	0	0	0	0	0	0	0	0	0	0
PeerJ	2025-01-01	11639131	77058	6882	0	7	0	1	0	0	4	0	0	0	1	2	0	0	0	0	21	0	0	0	0	0	0	0	0	0	0	0	0	0	0	0	0	0
PeerJ	2025-01-01	11466220	147989	12903	0	10	0	0	0	1	2	1	0	0	5	2	0	0	0	0	27	0	0	4	0	1	0	0	0	0	0	0	0	0	0	0	0	0
PeerJ	2025-01-01	11456292	184026	15733	0	7	0	0	0	0	3	3	0	3	0	4	0	0	0	1	28	0	0	1	0	1	0	0	0	0	0	0	0	0	0	0	0	0
PeerJ	2025-01-01	11466237	156689	14062	0	10	0	1	0	0	5	3	0	1	0	2	0	0	0	0	53	0	0	11	0	0	0	0	0	0	0	0	0	0	0	0	0	0
PeerJ	2025-01-01	11468978	63786	6157	0	12	0	8	0	0	0	0	0	0	0	1	0	0	2	0	40	0	0	0	0	0	0	0	1	0	0	0	0	0	0	0	0	0
PeerJ	2025-01-01	11456291	89480	8093	1	8	1	0	0	0	2	0	0	0	0	1	0	0	0	0	10	0	1	1	0	0	0	2	0	0	0	0	0	0	0	0	0	0
PeerJ	2025-01-01	11466221	167186	15267	0	10	0	0	0	0	1	0	0	4	1	1	0	0	0	0	26	0	0	0	0	0	0	0	0	0	0	0	1	0	0	0	0	0
PeerJ	2025-01-01	11457871	69495	6469	1	9	1	1	0	0	1	0	0	0	0	1	0	0	0	0	27	0	0	0	0	0	0	0	0	0	0	0	0	0	0	0	0	0
PeerJ	2025-01-01	11468903	131357	10602	0	5	0	3	0	0	1	0	0	1	14	0	0	0	0	0	24	0	0	4	0	0	0	0	0	0	0	0	1	0	0	0	0	0
PeerJ	2025-01-01	11468803	128222	10577	0	19	1	4	0	0	0	2	0	0	2	1	0	0	1	0	74	0	0	0	0	0	1	1	0	0	0	0	0	0	0	0	0	0
PeerJ	2025-01-01	11468899	180769	15743	0	5	0	2	0	1	2	4	0	0	0	0	0	0	0	0	24	0	0	6	0	0	0	0	1	0	0	0	0	0	0	0	0	0
PeerJ	2025-01-01	11471143	120108	11463	0	3	0	6	0	0	0	0	0	0	0	0	0	0	0	0	41	0	0	5	0	0	0	0	2	0	0	0	0	0	0	0	0	0
PeerJ	2025-01-01	11470774	59335	5521	0	1	0	0	0	0	0	1	0	0	0	1	0	0	0	0	20	0	0	3	0	0	2	0	0	0	0	0	0	2	0	0	0	0
PeerJ	2025-01-01	11485102	129367	11608	0	16	0	1	0	0	0	2	0	0	2	1	0	0	0	0	25	0	0	5	0	0	0	1	1	0	0	0	0	0	0	0	0	0
PeerJ	2025-01-01	11485060	235650	13250	0	3	0	2	0	0	0	0	0	0	14	1	0	0	0	0	10	0	0	2	0	0	0	0	0	0	0	0	0	0	0	0	0	0
PeerJ	2025-01-01	11472805	185302	16030	0	12	0	1	0	0	6	1	0	0	1	0	0	0	0	0	34	0	0	5	0	0	0	0	0	0	0	0	0	1	0	0	0	0
PeerJ	2025-01-01	11485103	240959	21911	1	31	0	15	0	0	4	0	0	0	0	7	0	0	2	0	93	0	0	7	0	0	0	1	0	0	0	0	0	0	0	0	0	0
PeerJ	2025-01-01	11470765	170003	14892	0	14	0	4	0	0	6	7	0	0	0	3	0	0	0	0	25	0	0	0	0	0	0	0	0	0	0	0	0	0	0	0	0	0
PeerJ	2025-01-01	11470768	181651	15579	0	9	1	5	0	0	1	5	0	0	1	2	0	0	1	1	66	0	1	6	0	0	0	0	0	0	0	0	1	0	1	1	0	0
PeerJ	2025-01-01	11488496	125518	10101	1	5	0	0	0	1	2	0	0	1	0	1	0	0	1	0	10	0	1	8	0	0	0	0	2	0	0	0	0	0	0	0	0	0
PeerJ	2025-01-01	11472788	167789	17919	0	6	2	0	0	0	1	0	0	4	12	0	0	0	0	0	17	0	0	1	0	0	0	2	0	0	0	0	0	0	0	0	0	0
PeerJ	2025-01-01	11470763	95666	8770	1	6	0	7	0	0	5	3	0	0	1	0	0	0	0	0	4	0	0	2	0	0	0	0	0	0	0	0	6	0	3	0	0	0
PeerJ	2025-01-01	11485132	165520	16127	0	14	0	7	0	0	1	0	0	8	19	1	0	0	0	0	19	0	0	5	0	0	0	0	2	0	0	0	0	0	0	1	0	0
PeerJ	2025-01-01	11485068	337332	30331	0	9	0	3	0	0	3	1	0	3	11	23	0	1	1	0	51	0	0	5	0	0	1	2	2	0	0	0	0	0	0	0	0	0
PeerJ	2025-01-01	11485099	70925	6588	0	4	0	0	0	0	0	1	0	0	1	2	0	0	0	0	45	0	0	0	0	0	1	0	0	0	0	0	0	4	0	0	0	0
PeerJ	2025-01-01	11488491	75549	6700	0	11	0	0	0	0	1	1	0	1	0	1	0	0	0	0	24	0	0	0	0	0	0	0	0	0	0	0	0	0	2	0	0	0
PeerJ	2025-01-01	11485051	151063	12558	0	8	0	1	0	0	2	0	0	1	0	5	0	0	0	0	19	0	0	1	0	0	0	0	0	0	0	0	0	0	0	0	0	0
PeerJ	2025-01-01	11485100	114341	11138	0	16	0	1	0	0	2	3	0	0	0	2	0	1	1	0	29	0	0	1	0	0	0	0	0	0	0	0	0	0	0	0	0	0
PeerJ	2025-01-01	11485130	219742	22821	0	4	0	0	0	0	0	5	0	0	4	1	0	0	13	0	17	0	0	4	0	0	0	0	0	0	0	0	1	0	0	0	0	0
PeerJ	2025-01-01	11485059	121655	11155	0	6	0	4	0	0	0	1	0	0	0	3	0	0	0	0	71	0	0	0	0	0	0	0	0	0	0	0	0	0	0	0	0	1
PeerJ	2025-01-01	11470767	103105	8387	1	5	0	0	0	0	6	3	0	2	0	2	0	0	1	0	22	0	0	1	0	0	0	0	0	0	0	0	0	0	0	0	0	0
PeerJ	2025-01-01	11471146	118031	10073	0	2	0	0	0	0	1	0	0	15	1	3	0	0	0	0	12	0	0	0	0	0	0	0	0	0	0	0	0	0	0	0	0	0
PeerJ	2025-01-01	11488497	137866	12032	0	10	0	2	0	0	5	10	0	1	3	8	1	0	0	0	44	0	0	6	0	0	0	0	0	0	0	0	0	0	1	1	0	0
PeerJ	2025-01-01	11488494	79280	7742	0	7	0	4	0	0	2	3	0	0	1	2	0	0	0	0	23	0	0	2	0	0	0	0	0	0	0	0	0	0	0	0	0	0
PeerJ	2025-01-01	11470764	87751	8187	0	4	0	2	0	0	3	2	0	0	0	1	0	0	0	0	59	0	0	5	0	0	2	0	0	0	0	0	0	0	0	0	0	0
PeerJ	2025-01-01	11485128	86153	7742	0	10	1	1	0	0	0	0	0	0	0	2	0	0	0	0	18	0	0	1	0	0	0	0	0	0	0	0	0	0	0	0	0	0
PeerJ	2025-01-01	11505883	107387	10155	0	7	0	7	0	0	2	2	0	1	0	1	0	0	0	0	25	0	1	0	0	0	0	0	0	0	0	0	0	0	0	0	0	0
PeerJ	2025-01-01	11493068	75090	6161	0	3	0	0	0	0	2	1	0	0	0	2	0	0	0	0	18	0	0	2	0	0	0	0	0	0	0	0	0	0	0	0	0	0
PeerJ	2025-01-01	11505885	84335	7719	0	5	0	0	0	0	2	0	0	0	0	2	0	0	0	0	12	0	0	2	0	0	0	0	0	0	0	0	0	0	0	0	0	0
PeerJ	2025-01-01	11505887	109967	10597	0	12	1	4	0	0	0	1	0	1	1	2	0	0	0	0	18	0	0	3	0	0	0	0	0	0	0	0	0	0	0	0	16	0
PeerJ	2025-01-01	11505881	98629	8931	0	10	0	2	0	0	0	1	0	1	1	2	0	0	0	0	11	0	0	0	0	0	0	0	0	0	0	0	0	2	0	0	0	0
PeerJ	2025-01-01	11493027	153952	14937	0	8	0	0	0	0	3	1	0	0	0	0	0	0	0	0	28	0	0	0	0	0	0	0	0	0	0	0	0	0	0	0	0	0
PeerJ	2025-01-01	11490225	136043	12320	0	8	0	3	0	0	4	0	0	0	4	3	0	0	0	0	66	0	0	1	0	0	0	0	0	0	0	0	0	0	0	0	0	0
PeerJ	2025-01-01	11490230	766391	45416	0	12	0	3	0	0	2	4	0	0	35	1	0	0	0	0	26	0	0	1	0	0	0	0	0	0	0	0	0	0	0	0	0	0
PeerJ	2025-01-01	11493029	157503	14164	0	12	0	4	0	0	5	0	0	0	1	0	0	0	0	0	34	0	0	0	0	0	1	0	0	0	0	0	0	1	0	0	0	0
PeerJ	2025-01-01	11490227	165076	14716	0	4	0	0	0	0	0	0	0	0	0	0	0	0	0	0	37	0	0	0	0	2	0	0	0	0	0	0	0	0	0	0	0	0
PeerJ	2025-01-01	11491058	95471	8082	0	3	1	2	0	0	0	0	0	0	0	1	0	0	1	0	50	0	0	2	0	0	1	0	0	0	0	0	0	0	0	0	0	0
PeerJ	2025-01-01	11500702	122727	11305	0	5	0	1	0	0	0	0	0	0	8	1	0	0	0	0	8	0	0	0	0	0	0	0	0	0	0	0	0	0	0	0	0	0
PeerJ	2025-01-01	11493023	131220	11855	0	14	0	7	0	0	0	2	0	0	4	0	0	0	0	0	48	0	0	1	0	0	1	0	0	0	0	0	0	0	0	0	0	0
PeerJ	2025-01-01	11493065	72260	6580	0	18	0	1	0	0	1	0	0	1	0	0	0	0	0	0	20	0	0	4	0	0	0	1	0	0	0	0	0	0	0	0	0	0
PeerJ	2025-01-01	11505967	139077	13926	0	7	1	1	0	0	2	2	0	0	15	2	0	0	1	0	27	0	0	4	0	0	1	0	0	0	0	0	0	0	0	0	0	0
PeerJ	2025-01-01	11493067	134175	12874	0	5	3	4	0	0	0	0	0	1	0	0	0	0	2	0	47	0	0	0	0	0	0	0	0	0	1	0	0	3	0	0	0	0
PeerJ	2025-01-01	11505971	249505	20554	0	14	0	0	0	0	1	1	0	5	0	6	0	0	0	0	26	0	0	1	0	1	0	0	0	0	0	0	1	0	0	0	0	0
PeerJ	2025-01-01	11505978	224543	20752	0	4	2	11	0	0	2	2	0	0	0	9	0	0	0	0	89	0	0	2	0	0	2	0	0	0	0	0	0	0	0	0	0	0
PeerJ	2025-01-01	11490229	94860	7707	0	14	0	5	0	0	3	1	0	0	4	3	0	0	2	0	76	0	0	0	0	0	0	0	0	0	0	0	0	1	0	0	0	0
PeerJ	2025-01-01	11639135	116457	10688	0	9	0	1	0	1	4	0	0	0	0	2	0	0	0	0	35	0	0	7	0	0	0	1	0	0	0	0	0	0	0	0	0	0
PeerJ	2025-01-01	11491059	102441	9336	0	4	0	7	0	0	0	0	0	0	0	0	0	0	0	0	27	0	0	0	0	0	0	0	0	0	0	0	0	0	0	0	0	0
PeerJ	2025-01-01	11505972	44582	4513	0	5	0	0	0	0	0	0	0	0	0	1	0	0	0	0	12	0	0	0	0	0	0	0	0	0	0	0	0	0	0	0	0	0
PeerJ	2025-01-01	11500701	111268	9597	0	5	0	2	0	0	4	0	0	0	12	2	0	0	0	0	14	0	0	0	0	0	0	0	0	0	0	0	0	0	0	0	0	0
PeerJ	2025-01-01	11490228	150540	12246	0	12	0	1	0	0	2	3	0	0	1	1	0	0	0	0	7	0	0	1	0	0	0	0	0	0	0	0	0	0	0	0	0	0
PeerJ	2025-01-01	11490226	9725	797	0	0	0	0	0	0	0	0	0	0	0	0	0	0	0	0	4	0	0	0	0	0	0	0	0	0	0	0	0	0	0	0	0	0
PeerJ	2025-01-01	11531265	109025	9419	2	10	0	4	0	0	1	3	0	0	8	1	0	0	0	0	60	0	0	2	0	0	0	0	0	0	0	0	0	0	1	0	0	0
PeerJ	2025-01-01	11639181	96355	8253	0	9	0	0	0	0	2	1	0	0	0	1	0	0	0	0	10	0	0	0	0	0	0	0	0	0	0	0	0	0	0	0	0	0
PeerJ	2025-01-01	11531754	222267	17762	1	8	1	2	0	0	3	0	0	0	0	0	0	0	0	0	45	0	0	2	0	0	0	1	0	0	0	0	0	0	0	0	0	0
PeerJ	2025-01-01	11529599	151719	13136	0	20	0	4	0	0	1	1	0	0	3	0	0	0	0	0	20	0	0	2	0	0	1	0	0	0	0	0	0	0	0	0	0	0
PeerJ	2025-01-01	11531748	94257	7257	0	14	0	0	0	0	1	0	0	0	1	0	0	0	0	0	4	0	0	0	0	0	0	1	0	0	0	0	1	0	0	0	0	0
PeerJ	2025-01-01	11526788	151103	11715	0	10	0	7	0	0	5	0	0	0	3	1	0	0	0	0	15	0	0	1	0	0	0	0	0	0	0	0	0	0	0	0	0	0
PeerJ	2025-01-01	11512800	111038	10442	0	2	0	2	0	0	0	0	0	0	0	0	0	0	0	0	56	0	0	0	0	0	0	0	0	0	0	0	0	0	0	0	0	0
PeerJ	2025-01-01	11529594	91604	7855	1	12	0	2	0	0	2	0	0	4	0	0	0	0	0	0	54	0	0	0	0	0	0	1	0	0	0	0	0	0	0	0	0	0
PeerJ	2025-01-01	11512548	117023	9757	0	6	0	2	0	0	0	1	0	0	0	6	0	0	0	0	17	0	1	0	0	0	0	0	0	0	0	0	0	0	0	0	0	0
PeerJ	2025-01-01	11512806	161150	13147	0	3	0	0	0	0	2	0	0	2	0	2	0	0	0	0	33	0	0	2	0	1	0	0	0	0	0	0	0	0	0	0	0	0
PeerJ	2025-01-01	11531256	141898	12962	0	18	0	2	0	0	2	0	0	1	0	0	0	0	1	0	33	0	0	2	0	0	0	0	0	0	0	0	0	0	0	0	0	0
PeerJ	2025-01-01	11512810	97796	10607	0	5	0	4	0	0	3	2	0	0	3	6	0	0	2	0	46	0	0	0	0	0	0	2	0	0	0	0	0	0	0	0	0	0
PeerJ	2025-01-01	11531746	157794	13569	0	10	0	1	1	0	6	1	0	0	0	2	0	0	0	0	21	0	0	0	0	0	0	0	0	0	0	0	0	0	0	0	0	0
PeerJ	2025-01-01	11531757	139994	11920	0	7	0	0	0	0	3	0	0	0	0	1	0	0	0	0	19	0	0	0	0	0	0	0	0	0	0	0	0	0	0	0	0	0
PeerJ	2025-01-01	11531752	276835	20867	0	10	2	0	0	1	5	9	0	2	1	1	0	0	0	0	60	0	0	3	0	2	0	1	0	0	0	0	0	0	0	0	0	0
PeerJ	2025-01-01	11512549	207616	16421	0	14	0	4	0	0	1	2	0	0	2	1	0	1	0	0	23	0	0	0	0	0	1	0	0	0	0	0	0	0	0	0	0	0
PeerJ	2025-01-01	11512804	101363	9239	0	9	0	1	0	1	1	0	0	0	3	0	0	0	2	0	24	0	0	0	0	0	2	0	0	0	0	0	0	0	0	0	0	0
PeerJ	2025-01-01	11512550	87455	7696	0	2	0	0	0	0	0	0	0	0	2	0	0	0	0	0	3	0	0	0	0	0	0	0	0	0	0	0	0	0	0	0	0	0
PeerJ	2025-01-01	11529600	226138	20665	0	2	1	1	0	0	2	0	0	6	2	5	0	0	0	0	130	0	0	9	0	1	1	0	1	0	0	0	0	0	0	0	0	0
PeerJ	2025-01-01	11514765	92808	9118	0	6	0	1	0	0	0	0	0	2	0	2	0	0	5	0	21	0	0	0	0	0	0	0	0	0	0	0	0	0	0	0	0	0
PeerJ	2025-01-01	11514768	221095	20864	0	9	2	0	0	0	6	0	0	1	1	3	0	0	0	0	15	0	0	3	0	0	1	3	0	0	0	0	0	1	0	0	0	0
PeerJ	2025-01-01	11531262	141512	12161	0	4	0	3	0	0	1	15	0	0	1	1	0	0	0	0	69	0	0	1	0	0	0	0	0	0	0	0	0	0	0	0	0	0
PeerJ	2025-01-01	11531259	169971	14487	0	38	0	4	0	0	1	3	0	0	1	3	0	0	0	0	38	0	0	4	0	0	0	9	0	0	0	0	0	0	1	0	0	0
PeerJ	2025-01-01	11531740	170973	16536	0	12	0	1	0	0	0	7	0	3	9	3	0	0	6	0	11	0	0	5	0	0	0	2	0	0	0	0	1	0	0	0	0	0
PeerJ	2025-01-01	11512553	120171	11514	0	4	1	5	0	0	2	1	0	3	6	0	0	0	0	0	41	0	0	1	0	0	0	0	0	0	0	0	0	0	1	0	0	0
PeerJ	2025-01-01	11639206	225350	20142	0	16	0	1	0	0	1	0	0	2	1	3	0	0	0	0	53	0	0	0	0	0	0	0	0	0	0	0	0	0	0	0	0	0
PeerJ	2025-01-01	11542561	182236	14994	0	11	0	3	0	0	1	1	0	0	1	2	0	0	2	0	22	0	0	2	0	0	0	0	0	0	0	0	0	0	0	0	0	0
PeerJ	2025-01-01	11542560	144140	12031	0	8	1	4	0	0	0	1	0	0	0	0	0	0	0	0	21	0	0	2	0	1	0	0	1	0	0	0	0	0	0	0	0	0
PeerJ	2025-01-01	11549907	193751	17470	0	10	0	3	0	0	1	0	0	0	7	2	0	0	0	0	19	0	0	1	0	1	0	0	0	0	0	0	0	0	0	0	0	1
PeerJ	2025-01-01	11552490	163919	12312	0	11	1	0	0	0	0	1	0	0	0	2	0	0	0	0	11	0	0	0	0	0	0	0	0	0	0	0	0	0	0	0	0	0
PeerJ	2025-01-01	11542563	183748	15629	0	5	0	2	0	0	0	1	0	0	11	2	0	0	1	1	22	0	0	0	0	0	2	0	0	0	0	0	0	0	0	0	0	0
PeerJ	2025-01-01	11549906	140917	12934	0	25	0	1	0	0	1	3	0	0	1	0	0	0	0	0	44	0	0	0	0	0	0	0	0	0	0	0	0	0	0	0	0	0
PeerJ	2025-01-01	11552488	67821	6657	0	9	0	10	0	0	0	3	0	0	0	0	0	0	0	0	37	0	0	0	0	0	2	0	0	0	0	0	0	0	0	0	0	0
PeerJ	2025-01-01	11552491	106710	9560	0	16	0	0	0	0	4	0	0	0	0	2	0	0	0	0	30	0	0	0	0	0	0	0	0	0	0	0	0	0	0	0	0	0
PeerJ	2025-01-01	11552495	170780	14157	0	19	0	5	0	0	1	1	0	0	0	1	0	0	0	0	28	0	0	5	0	0	0	0	0	0	0	0	0	0	0	1	0	0
PeerJ	2025-01-01	11549909	162726	13665	0	13	0	4	0	0	1	3	0	1	2	2	0	0	1	0	107	0	1	3	0	0	2	2	0	0	0	0	0	0	0	0	0	0
PeerJ	2025-01-01	11552489	104703	9490	0	4	0	0	0	0	0	1	0	4	0	1	0	0	0	0	13	0	0	2	0	0	0	0	0	0	0	0	0	1	0	0	0	0
PeerJ	2025-01-01	11542562	73173	6446	0	4	1	1	0	0	0	1	0	0	0	0	0	0	0	0	9	0	0	10	0	0	0	1	0	0	0	0	0	0	0	0	0	0
PeerJ	2025-01-01	11550783	90486	8685	0	7	0	0	0	0	12	0	0	0	0	0	0	0	0	0	11	0	0	1	0	1	0	1	2	0	0	0	0	0	0	0	0	0
PeerJ	2025-01-01	11546140	107612	9740	0	7	0	3	0	0	0	0	0	0	1	2	0	0	0	0	16	0	0	1	0	0	0	0	0	0	0	0	0	0	0	0	0	0
PeerJ	2025-01-01	11546148	113372	9432	0	11	0	0	0	0	3	0	0	0	2	2	0	0	0	0	13	0	0	0	0	0	0	0	0	0	0	0	0	0	0	0	0	0
PeerJ	2025-01-01	11549905	134107	11913	0	10	0	0	0	0	0	6	0	0	0	1	0	0	0	0	15	0	0	0	0	1	0	0	0	0	0	0	0	0	0	0	0	0
PeerJ	2025-01-01	11542559	112296	9813	1	4	0	0	0	0	2	6	0	0	2	4	0	1	0	0	22	0	0	2	0	0	0	0	0	0	0	0	0	0	0	0	0	0
PeerJ	2025-01-01	11552492	104896	9267	1	13	0	2	0	0	10	0	0	0	0	4	0	0	0	0	18	0	0	1	0	0	0	0	0	0	0	0	0	0	0	0	0	0
PeerJ	2025-01-01	11552493	111321	7817	0	5	0	4	0	0	1	1	0	1	3	11	0	1	4	0	28	0	0	3	0	0	0	0	1	0	0	0	0	0	0	0	0	0
PeerJ	2025-01-01	11549908	126177	10478	0	1	0	0	0	0	0	4	0	0	2	1	0	0	0	0	26	0	0	0	0	0	1	0	1	0	0	0	1	0	0	0	0	0
PeerJ	2025-01-01	11546141	110948	9926	0	2	0	1	0	0	2	0	0	0	0	0	0	0	0	0	23	0	0	0	0	0	0	0	0	0	0	0	0	0	0	0	0	0
PeerJ	2025-01-01	11552494	209668	18796	0	30	2	9	0	0	5	6	0	0	22	1	0	0	0	0	38	0	0	1	0	0	0	1	0	0	0	0	0	0	0	0	0	0
PeerJ	2025-01-01	11566508	100234	9138	0	7	1	3	0	0	9	2	0	0	1	0	0	0	1	0	47	0	0	7	0	0	0	0	0	0	0	0	0	1	0	0	0	0
PeerJ	2025-01-01	11568820	96972	9052	0	4	0	3	0	0	0	0	0	0	0	0	0	0	1	0	61	0	0	4	0	0	3	0	0	0	0	0	0	0	0	0	0	0
PeerJ	2025-01-01	11572357	152553	14097	0	17	0	11	0	0	1	0	0	0	0	1	0	0	0	0	124	0	0	0	0	0	2	0	0	0	0	0	0	0	0	0	0	0
PeerJ	2025-01-01	11572387	180994	16187	0	27	0	5	0	0	3	0	0	0	11	0	0	0	3	0	23	0	0	2	0	0	1	4	0	0	1	0	1	0	0	0	0	0
PeerJ	2025-01-01	11568812	107673	10179	0	3	0	4	0	0	0	2	0	0	1	0	0	0	0	0	75	0	0	0	0	0	0	0	0	0	0	0	0	0	0	0	0	0
PeerJ	2025-01-01	11572346	119393	10062	0	7	0	3	0	0	0	1	0	0	0	0	0	0	0	0	24	0	0	1	0	0	0	0	0	0	0	0	0	0	0	0	0	0
PeerJ	2025-01-01	11569784	173217	16904	3	27	0	1	0	0	7	5	0	0	2	12	0	0	0	0	38	0	0	10	0	0	1	1	0	0	0	0	0	0	1	0	0	0
PeerJ	2025-01-01	11572354	150609	12303	0	15	0	1	0	0	3	2	0	0	0	3	0	0	0	0	37	0	0	1	0	0	0	0	0	0	0	0	0	0	0	0	0	0
PeerJ	2025-01-01	11568822	87231	7914	0	19	0	1	0	0	0	2	0	0	4	1	0	0	0	0	8	0	1	1	0	0	1	0	0	0	0	0	0	0	0	1	0	0
PeerJ	2025-01-01	11572384	83637	8319	0	2	0	1	0	0	2	0	0	2	0	0	0	0	0	0	21	0	0	0	0	0	0	0	2	0	0	0	0	1	0	0	0	0
PeerJ	2025-01-01	11568819	126328	11264	0	4	1	2	0	0	1	1	0	1	0	4	0	0	0	0	35	0	0	2	0	1	1	0	0	0	0	0	0	0	0	0	0	0
PeerJ	2025-01-01	11568814	87835	7853	0	12	0	2	0	1	1	2	0	3	0	6	0	0	0	0	16	0	0	0	0	0	0	0	0	0	0	0	0	0	0	0	0	0
PeerJ	2025-01-01	11572355	101315	9010	0	6	0	2	0	0	0	1	0	0	1	1	0	0	0	0	16	0	0	0	0	0	0	0	0	0	0	0	0	0	0	0	0	0
PeerJ	2025-01-01	11572394	148704	13722	0	7	0	1	0	0	1	1	0	3	35	0	0	0	0	0	34	0	0	3	0	0	0	0	1	0	0	0	0	0	0	0	0	0
PeerJ	2025-01-01	11562825	148308	12707	0	15	0	0	0	0	0	0	0	1	9	1	0	0	0	0	94	0	0	0	0	0	0	0	1	0	0	0	0	0	0	0	0	0
PeerJ	2025-01-01	11569786	268151	21953	0	3	0	2	0	1	2	1	0	0	0	0	0	0	0	0	28	0	0	3	0	0	0	0	1	0	0	0	0	0	0	0	0	0
PeerJ	2025-01-01	11566514	136457	12378	0	11	1	4	0	0	1	0	0	4	2	1	0	0	2	0	18	0	0	0	0	0	0	2	0	0	0	0	0	0	0	0	0	0
PeerJ	2025-01-01	11566513	113387	10518	1	6	1	2	0	0	3	9	0	0	4	4	0	0	0	0	52	0	0	2	0	0	0	0	0	0	0	0	0	0	0	0	0	0
PeerJ	2025-01-01	11562772	98146	9805	0	10	1	1	0	0	1	3	0	1	5	0	0	0	1	0	31	0	0	2	0	0	0	0	0	0	0	0	0	0	0	0	0	0
PeerJ	2025-01-01	11569780	143510	13576	0	5	0	1	1	0	2	2	0	0	4	2	0	0	1	0	70	0	0	0	0	0	0	0	2	0	0	0	0	0	0	1	0	0
PeerJ	2025-01-01	11572364	225711	17811	0	14	0	0	0	0	0	1	0	0	2	0	0	0	0	0	10	0	0	1	0	0	0	1	0	0	2	0	0	0	0	0	0	0
PeerJ	2025-01-01	11562775	143494	11690	0	7	0	2	0	0	3	4	0	1	0	8	0	0	0	0	13	0	0	0	0	0	0	0	0	0	0	0	0	0	0	0	0	0
PeerJ	2025-01-01	11562774	104323	10412	0	8	0	9	0	1	1	6	0	14	0	0	0	0	0	0	15	0	0	1	0	0	0	0	1	0	0	0	0	0	0	0	0	0
PeerJ	2025-01-01	11568818	76723	7340	0	14	0	0	0	0	5	0	0	0	0	8	0	0	0	0	20	0	0	0	0	0	0	0	0	0	0	0	0	0	0	0	0	0
PeerJ	2025-01-01	11572389	136683	10281	0	26	0	4	0	0	4	1	0	0	1	2	0	0	0	0	15	0	0	2	0	0	0	0	0	0	0	0	0	0	0	0	0	0
PeerJ	2025-01-01	11639188	87795	7536	0	2	0	0	0	0	5	0	0	0	4	2	0	0	0	0	35	0	0	0	0	0	1	0	0	0	0	0	0	0	0	0	0	0
PeerJ	2025-01-01	11587877	254583	19869	0	4	0	3	0	0	3	1	0	2	2	2	0	0	0	0	10	0	0	5	0	0	1	0	0	0	0	0	0	1	0	0	0	0
PeerJ	2025-01-01	11580662	95495	8522	1	15	0	3	0	0	2	0	0	0	0	0	0	0	0	1	20	0	0	0	0	0	0	0	0	0	0	0	0	0	0	0	0	0
PeerJ	2025-01-01	11583912	77524	7107	0	9	0	1	0	0	2	2	0	1	0	2	0	0	0	0	5	0	0	1	0	1	0	0	0	0	0	0	0	0	0	0	0	0
PeerJ	2025-01-01	11587871	106033	9139	0	18	0	2	0	0	0	0	0	0	1	3	0	0	0	0	17	0	0	0	0	0	0	0	0	0	0	0	0	0	0	0	0	0
PeerJ	2025-01-01	11580660	135140	12929	0	5	1	0	0	0	0	3	0	0	5	1	0	0	0	0	14	0	0	0	0	0	0	0	0	0	0	0	0	0	0	0	0	0
PeerJ	2025-01-01	11586046	96667	8018	0	5	1	1	0	0	0	1	0	0	1	0	0	0	0	0	30	0	0	0	0	0	1	0	0	0	0	0	0	0	0	0	0	0
PeerJ	2025-01-01	11580676	85334	7908	0	9	0	1	0	0	2	1	0	0	0	2	0	0	0	0	32	0	0	0	0	0	1	0	0	0	0	0	0	0	0	0	0	0
PeerJ	2025-01-01	11587879	173005	15084	0	5	0	2	0	0	9	0	0	1	9	2	0	0	0	0	87	0	0	0	0	0	1	0	0	0	0	0	0	0	0	0	0	0
PeerJ	2025-01-01	11583910	87717	8228	0	4	1	4	0	0	0	5	0	0	3	6	0	0	0	0	48	0	0	1	0	0	1	0	1	0	0	0	0	0	0	0	0	0
PeerJ	2025-01-01	11580663	94430	9492	0	8	0	5	0	0	0	2	0	1	6	3	0	0	0	0	41	0	0	1	0	0	1	0	0	0	0	0	0	0	0	0	0	0
PeerJ	2025-01-01	11587876	194115	17754	0	7	1	0	0	0	2	1	0	34	2	1	0	0	1	0	25	0	0	0	0	0	0	0	0	0	0	0	0	0	0	0	0	0
PeerJ	2025-01-01	11580664	239464	18660	0	28	1	27	0	0	3	53	0	0	2	6	0	0	0	0	97	0	0	1	0	0	1	0	0	0	0	0	0	0	0	0	0	0
PeerJ	2025-01-01	11580661	96633	8398	0	7	0	0	0	0	2	0	0	0	3	1	0	0	1	0	23	0	0	0	0	0	0	0	0	0	0	0	0	0	0	0	0	0
PeerJ	2025-01-01	11586049	191176	16600	0	10	0	4	0	0	0	2	0	0	6	3	0	0	0	0	36	0	0	3	0	0	0	0	0	0	0	0	0	0	0	0	0	0
PeerJ	2025-01-01	11585289	86706	8665	0	18	0	11	0	0	8	5	0	1	1	6	0	0	0	0	62	0	0	3	0	0	0	0	0	0	0	0	0	0	0	0	0	0
PeerJ	2025-01-01	11583906	83260	9036	0	2	2	0	0	0	1	0	0	2	0	0	0	0	0	0	5	0	2	0	0	0	0	0	0	0	0	0	0	0	0	0	0	0
PeerJ	2025-01-01	11586044	129356	11379	0	13	0	0	0	0	6	4	0	0	1	11	0	0	0	0	47	0	0	3	0	0	0	0	0	0	0	0	0	0	0	0	0	0
PeerJ	2025-01-01	11583913	125029	11429	0	6	0	4	0	0	1	9	0	1	0	7	0	0	0	0	29	0	0	1	0	0	0	0	0	0	0	0	0	0	0	0	0	0
PeerJ	2025-01-01	11580675	89949	8674	0	3	0	2	0	0	0	1	0	2	0	0	0	0	1	0	62	0	0	3	0	0	1	0	0	0	0	0	0	0	0	0	0	0
PeerJ	2025-01-01	11583909	91925	8559	0	8	0	1	0	0	1	1	0	0	0	0	0	0	0	0	22	0	0	0	0	0	1	0	0	0	0	0	0	0	0	0	0	0
PeerJ	2025-01-01	11583911	101323	9038	0	7	1	1	0	0	1	0	0	0	1	2	0	0	0	0	26	0	0	0	0	1	0	0	0	0	0	0	0	0	0	0	0	0
PeerJ	2025-01-01	11583904	94989	8144	0	22	1	4	0	0	3	2	0	0	2	3	0	0	0	0	25	0	0	3	0	0	0	0	0	0	0	0	0	0	0	0	0	0
PeerJ	2025-01-01	11587878	109470	9267	0	5	0	1	0	0	1	0	0	0	5	4	0	0	0	0	47	0	0	0	0	0	0	2	0	0	0	0	1	0	0	0	0	0
PeerJ	2025-01-01	11580665	163671	14553	0	8	0	7	0	0	2	3	0	0	0	5	0	0	0	0	49	0	0	0	0	1	0	0	0	0	0	0	0	0	0	0	0	0
PeerJ	2025-01-01	11610465	183966	15874	0	16	0	5	0	0	3	1	0	0	10	1	0	0	1	0	32	0	0	4	0	0	0	0	0	0	0	0	0	0	0	0	0	0
PeerJ	2025-01-01	11610474	119224	10334	0	13	0	1	0	0	1	6	0	1	0	4	0	0	0	0	16	0	1	3	0	0	0	1	0	0	0	0	0	0	0	0	0	0
PeerJ	2025-01-01	11608564	121184	10867	0	5	0	0	0	0	2	2	0	2	1	1	0	0	0	0	39	0	0	3	0	0	0	0	0	0	0	0	0	0	0	0	0	0
PeerJ	2025-01-01	11606329	147281	14141	0	18	0	4	0	0	1	0	0	0	3	1	0	0	0	0	19	0	0	2	0	0	0	0	0	0	0	0	0	0	1	0	0	0
PeerJ	2025-01-01	11606319	136510	11418	0	7	0	2	0	1	0	3	0	0	0	3	0	0	0	0	25	0	0	1	0	0	0	1	0	0	0	0	0	0	0	0	0	0
PeerJ	2025-01-01	11610471	119894	10793	0	8	0	8	0	0	0	2	0	0	3	1	0	1	0	0	67	0	0	0	0	0	0	0	0	0	0	0	0	0	0	0	0	0
PeerJ	2025-01-01	11606331	226752	18120	0	5	0	0	0	0	1	1	0	0	1	2	0	0	0	0	13	0	0	2	0	0	0	0	0	0	0	0	0	0	0	0	0	0
PeerJ	2025-01-01	11606324	146434	12964	0	13	0	0	0	0	0	0	0	2	0	1	0	0	0	0	21	0	0	1	0	0	0	0	0	0	0	0	0	0	0	0	0	0
PeerJ	2025-01-01	11608023	200282	16917	0	31	1	3	0	0	3	2	0	8	11	4	0	1	0	0	36	0	0	3	0	0	0	0	0	0	0	0	0	0	0	0	0	0
PeerJ	2025-01-01	11608021	116236	10241	0	1	0	1	0	0	1	0	0	0	0	0	0	0	0	0	6	0	1	0	0	0	0	0	1	0	0	0	0	0	0	0	0	0
PeerJ	2025-01-01	11608019	152857	13588	0	16	0	3	0	1	0	1	0	1	0	1	0	0	1	0	14	0	0	1	0	0	0	0	0	0	0	0	0	0	0	0	0	0
PeerJ	2025-01-01	11604040	84115	7972	0	8	0	8	0	0	1	1	0	0	2	1	0	0	1	0	30	0	0	6	0	0	0	0	1	0	0	0	0	0	0	0	0	0
PeerJ	2025-01-01	11608025	151616	13261	0	7	0	2	0	0	0	4	0	0	1	4	0	0	0	0	42	0	0	6	0	0	1	0	0	0	0	0	0	0	1	0	0	0
PeerJ	2025-01-01	11610462	115950	10556	0	7	0	0	0	0	0	0	0	2	0	4	0	0	0	0	23	0	0	2	0	0	0	0	0	0	0	0	0	0	0	0	0	0
PeerJ	2025-01-01	11606317	141244	12349	0	7	0	0	0	0	3	1	0	0	1	3	0	0	0	0	27	0	1	3	0	0	0	0	0	0	0	0	0	0	0	0	0	0
PeerJ	2025-01-01	11606320	87143	7878	0	3	0	4	0	0	0	0	0	0	2	2	0	0	0	0	24	0	0	0	0	0	0	0	0	0	0	0	0	0	0	0	0	0
PeerJ	2025-01-01	11608559	104875	9213	0	4	1	3	0	0	2	0	0	0	1	1	0	0	0	0	56	0	0	2	0	0	2	0	0	0	0	0	0	0	0	0	0	0
PeerJ	2025-01-01	11604044	109952	10414	0	11	0	3	0	0	0	1	0	0	2	3	0	0	3	0	7	0	0	1	0	0	0	0	1	0	0	0	0	0	1	0	0	0
PeerJ	2025-01-01	11604045	101381	9353	0	15	0	0	0	0	1	5	0	4	1	1	0	0	0	0	40	0	0	0	0	0	1	0	0	0	0	0	0	0	0	0	0	0
PeerJ	2025-01-01	11608561	115432	10974	0	8	1	0	0	0	1	1	0	2	0	1	0	0	0	0	34	0	0	0	0	0	0	0	0	0	0	0	0	0	0	0	0	0
PeerJ	2025-01-01	11608022	103128	8546	0	11	0	2	0	0	1	0	0	0	0	0	0	0	0	0	32	0	0	1	0	0	0	0	0	0	0	0	0	0	0	0	0	0
PeerJ	2025-01-01	11604041	115113	10265	0	13	0	0	0	0	1	0	0	0	2	1	0	0	0	0	20	0	0	1	0	0	0	0	0	0	0	0	0	0	0	0	0	0
PeerJ	2025-01-01	11606321	83882	8054	0	6	1	1	0	0	3	7	0	0	4	1	0	0	0	0	39	0	0	1	0	0	2	1	0	0	0	0	0	0	0	0	1	0
PeerJ	2025-01-01	11604046	172022	15241	0	9	4	7	0	0	0	1	0	3	22	1	0	0	0	0	49	0	0	1	0	0	0	0	1	0	0	0	0	0	1	0	0	0
PeerJ	2025-01-01	11604042	105405	9354	0	7	0	1	0	1	3	0	0	0	1	2	0	0	0	0	18	0	0	1	0	0	0	0	0	0	0	0	0	0	0	0	0	0
PeerJ	2025-01-01	11627083	104083	9482	0	13	1	3	0	0	1	1	0	0	0	2	0	0	0	0	30	0	0	0	0	0	0	0	0	0	0	0	0	0	0	0	0	0
PeerJ	2025-01-01	11623062	115367	11101	0	3	0	0	0	0	1	0	0	0	1	1	0	0	1	0	18	0	0	1	0	1	0	0	0	0	0	0	0	0	0	0	0	0
PeerJ	2025-01-01	11627087	103606	9325	0	6	0	0	0	0	0	2	0	0	5	0	0	0	0	0	15	0	0	1	0	0	0	0	0	0	0	0	0	0	0	0	0	0
PeerJ	2025-01-01	11627076	104352	7541	0	2	0	0	0	0	1	5	0	3	0	0	0	0	0	0	19	0	0	1	0	0	0	0	0	0	0	0	0	0	0	0	0	0
PeerJ	2025-01-01	11624842	119956	11079	0	11	1	6	0	0	6	0	0	0	1	8	0	0	0	0	45	0	0	1	0	1	0	0	0	0	0	0	0	0	0	0	0	0
PeerJ	2025-01-01	11622867	111612	9746	0	4	0	3	0	0	1	3	0	0	0	3	0	0	0	0	51	0	0	2	0	1	0	0	0	0	0	0	0	0	0	0	0	0
PeerJ	2025-01-01	11627085	110848	9807	0	8	0	0	0	0	4	0	0	0	1	2	1	0	0	0	25	0	0	0	0	0	0	0	0	0	0	0	0	0	1	0	0	0
PeerJ	2025-01-01	11619697	123975	10943	0	24	0	0	0	0	3	0	0	0	0	0	0	0	0	0	25	0	1	2	0	0	0	2	0	0	0	0	0	0	0	0	0	0
PeerJ	2025-01-01	11623108	112890	9974	0	3	0	0	0	0	0	0	0	0	0	0	0	0	0	0	22	0	0	0	0	1	0	0	0	0	0	0	0	0	0	0	0	0
PeerJ	2025-01-01	11623096	90915	8053	0	11	0	1	0	1	3	0	0	3	1	2	0	0	0	0	14	0	0	1	0	0	0	0	0	0	0	0	0	0	0	0	0	0
PeerJ	2025-01-01	11627073	81229	8343	0	23	0	1	0	0	0	1	0	0	0	1	0	0	0	0	48	0	0	0	0	0	1	0	1	0	0	0	0	0	0	0	0	0
PeerJ	2025-01-01	11623057	144390	12556	0	7	0	6	0	0	1	1	0	0	2	0	0	0	0	0	23	0	0	0	0	0	0	0	0	0	0	0	0	0	0	0	0	0
PeerJ	2025-01-01	11627078	145317	14065	0	11	0	0	0	0	0	0	0	0	1	0	0	0	1	0	22	0	0	1	0	0	0	0	0	0	0	0	0	0	0	0	0	0
PeerJ	2025-01-01	11625447	248286	21175	0	10	0	4	0	0	5	0	0	0	3	2	0	0	0	0	32	0	0	11	0	0	0	0	0	0	0	0	0	0	0	0	0	0
PeerJ	2025-01-01	11627077	137767	11747	0	12	0	4	0	0	1	0	0	0	0	5	0	0	0	0	38	0	0	1	0	0	1	0	1	0	1	0	0	0	0	0	0	0
PeerJ	2025-01-01	11627082	164974	14738	0	5	1	6	0	0	6	16	0	1	0	2	0	0	0	0	55	0	0	10	0	0	0	0	0	0	0	0	0	0	0	0	0	0
PeerJ	2025-01-01	11627086	71431	7223	0	4	0	0	0	0	1	3	0	6	2	3	0	1	2	0	31	0	0	0	0	0	3	0	1	0	0	0	0	0	0	0	0	0
PeerJ	2025-01-01	11625445	94371	8184	0	9	0	0	0	0	0	3	0	0	0	1	0	0	0	0	16	0	0	1	0	0	0	0	0	0	0	0	0	0	0	0	0	0
PeerJ	2025-01-01	11625444	74093	7851	0	5	0	5	0	0	2	8	0	0	0	1	0	0	1	0	10	0	0	0	0	0	1	0	1	0	0	0	0	0	0	0	0	0
PeerJ	2025-01-01	11627075	123490	12360	0	5	0	3	0	0	4	1	0	1	4	3	0	0	0	0	81	0	1	3	0	0	1	0	1	0	0	0	0	0	0	0	0	0
PeerJ	2025-01-01	11624843	292961	21557	0	14	0	20	0	0	0	1	0	0	115	0	0	0	2	0	67	0	0	6	0	0	0	0	0	0	0	0	1	0	0	1	0	0
PeerJ	2025-01-01	11627079	186562	17168	0	8	0	2	0	0	1	2	0	0	3	1	0	0	0	0	32	0	0	1	0	0	0	0	0	0	0	0	0	0	0	1	0	0
PeerJ	2025-01-01	11627098	167895	13101	0	3	0	0	0	0	4	1	0	0	0	1	0	0	0	0	15	0	0	3	0	0	0	0	0	0	0	0	0	0	0	0	0	0
PeerJ	2025-01-01	11627074	93680	8833	0	10	0	3	0	0	3	3	0	0	4	3	0	0	1	0	42	0	0	2	0	0	0	0	0	0	0	0	0	0	0	0	0	0
PeerJ	2025-01-01	11646418	146918	14567	0	17	0	1	0	0	0	2	0	4	1	0	0	0	0	0	8	0	0	2	0	1	0	0	0	0	0	0	0	0	0	0	0	0
PeerJ	2025-01-01	11648679	120631	10718	0	11	3	4	0	0	1	0	0	0	2	6	0	0	1	0	45	0	0	0	0	1	0	0	0	0	0	0	3	0	0	0	0	0
PeerJ	2025-01-01	11646423	90488	8322	0	9	0	0	0	0	4	0	0	0	0	3	0	0	0	0	26	0	0	0	0	0	0	0	0	0	0	0	0	0	0	0	0	0
PeerJ	2025-01-01	11636531	91988	8701	0	6	0	4	0	0	0	0	0	1	0	3	0	0	0	0	41	0	0	1	0	0	0	0	1	0	0	0	0	0	0	0	0	0
PeerJ	2025-01-01	11636535	121309	11020	0	19	0	2	0	0	9	9	0	0	1	5	0	0	0	0	32	0	0	4	0	0	0	1	0	0	0	0	0	0	0	0	1	0
PeerJ	2025-01-01	11639864	142109	11605	0	15	0	0	0	0	0	2	0	0	0	3	0	0	0	0	20	0	0	1	0	0	0	0	0	0	0	0	0	3	0	0	0	0
PeerJ	2025-01-01	11648693	84199	8671	0	11	1	3	0	0	1	0	0	0	0	0	0	0	0	0	27	0	0	1	0	0	0	0	0	0	0	0	0	0	0	0	0	0
PeerJ	2025-01-01	11636536	114052	10691	0	4	1	0	0	0	1	0	0	0	1	1	0	0	1	0	34	0	0	0	0	0	0	0	0	0	0	0	0	0	0	0	0	0
PeerJ	2025-01-01	11648689	99114	8972	0	6	0	0	0	0	2	0	0	0	1	1	0	0	0	0	41	0	0	2	0	0	0	0	0	0	0	0	0	0	0	0	0	0
PeerJ	2025-01-01	11636533	116117	11543	0	6	0	0	0	0	0	1	0	1	0	3	0	0	0	0	95	0	0	0	0	0	4	0	0	0	0	0	0	0	0	0	0	0
PeerJ	2025-01-01	11648685	347594	32689	0	17	0	1	0	17	0	7	0	0	7	0	0	0	0	0	34	0	0	3	0	0	0	0	2	0	0	0	2	0	0	0	0	0
PeerJ	2025-01-01	11646421	152273	13295	0	4	0	4	0	0	1	5	0	0	5	1	0	0	0	0	15	0	0	1	0	0	0	0	0	0	0	0	2	0	0	0	0	0
PeerJ	2025-01-01	11648692	283512	24340	0	38	1	8	0	0	6	1	0	1	3	3	0	2	0	0	66	0	0	0	0	0	1	0	2	0	0	0	2	0	1	0	0	0
PeerJ	2025-01-01	11648680	147104	14666	2	2	0	1	0	0	14	8	0	0	1	4	0	0	0	0	54	0	4	5	0	2	2	0	0	0	0	0	0	0	0	0	0	0
PeerJ	2025-01-01	11646420	130557	11411	0	18	1	6	0	0	3	3	0	0	12	12	0	0	1	0	18	0	1	1	0	0	0	0	0	0	0	0	1	0	0	0	0	0
PeerJ	2025-01-01	11636530	74699	6785	0	4	0	3	0	0	2	3	0	0	0	0	0	0	0	0	53	0	0	1	0	0	1	0	0	0	0	0	0	0	0	0	0	0
PeerJ	2025-01-01	11645979	74267	6779	0	6	0	1	0	1	0	1	0	0	0	2	0	0	1	0	35	0	0	0	0	0	0	0	0	0	1	0	0	0	0	0	0	0
PeerJ	2025-01-01	11648697	86762	7268	0	6	0	1	0	0	1	0	0	0	1	1	0	0	0	0	32	0	0	3	0	0	0	0	0	0	0	0	0	0	0	0	0	0
PeerJ	2025-01-01	11648688	133070	11544	0	4	2	7	0	0	0	0	0	0	5	0	0	0	0	0	44	0	0	1	0	0	0	0	0	0	0	0	0	0	1	0	0	0
PeerJ	2025-01-01	11645980	131318	12011	0	15	0	10	0	0	1	2	0	0	4	0	0	0	2	0	51	0	0	2	0	0	3	0	0	0	0	0	0	0	0	0	0	0
PeerJ	2025-01-01	11636532	116713	10946	0	5	0	2	0	0	5	0	0	0	4	2	0	0	0	0	38	0	0	0	0	0	0	0	0	0	0	0	0	0	0	0	0	0
PeerJ	2025-01-01	11648686	123506	10875	0	5	2	2	0	0	3	1	0	1	0	1	0	0	0	0	53	0	0	0	0	0	0	1	1	0	0	0	0	0	0	0	0	0
PeerJ	2025-01-01	11639871	156679	14006	0	10	0	7	0	0	1	2	0	0	4	1	0	0	0	0	44	0	0	0	0	0	0	0	0	0	0	0	0	0	0	2	0	0
PeerJ	2025-01-01	11646416	111783	10482	0	9	0	0	0	0	2	0	0	1	0	0	0	0	0	0	24	0	0	1	0	0	1	0	0	0	0	0	0	0	0	0	0	0
PeerJ	2025-01-01	11662893	126539	11580	0	11	0	5	0	0	3	2	0	1	2	3	0	0	0	0	31	0	0	2	0	0	0	0	0	0	0	0	0	0	0	0	0	0
PeerJ	2025-01-01	11657192	242975	20388	0	8	0	1	0	0	1	0	0	0	0	2	0	0	0	0	41	0	1	3	0	2	0	1	0	0	0	0	0	0	0	0	0	0
PeerJ	2025-01-01	11657200	144543	12743	0	5	0	1	0	0	0	1	0	1	1	3	0	0	0	0	33	0	0	1	0	0	0	0	0	0	0	0	1	0	0	0	0	0
PeerJ	2025-01-01	11662900	125978	11102	0	9	0	1	0	0	2	1	0	0	3	0	0	0	0	0	35	0	1	7	0	0	0	0	0	0	0	0	0	0	0	0	0	0
PeerJ	2025-01-01	11662894	104184	9495	0	6	0	1	0	0	0	0	0	1	0	2	0	0	0	0	36	0	0	1	0	0	0	0	0	0	0	0	0	0	0	0	0	0
PeerJ	2025-01-01	11657197	65067	6121	0	5	0	0	0	0	0	0	0	0	0	1	0	0	0	0	15	0	0	3	0	0	0	0	0	0	0	0	0	0	0	0	0	0
PeerJ	2025-01-01	11665424	149341	13480	0	12	0	0	0	0	0	0	0	1	2	0	0	0	0	0	23	0	0	0	0	0	1	0	0	0	0	0	0	0	0	1	0	0
PeerJ	2025-01-01	11665432	115050	10324	1	8	0	2	0	0	6	2	0	1	2	3	0	0	0	0	19	0	0	4	0	0	0	0	0	0	0	0	0	0	0	0	0	0
PeerJ	2025-01-01	11660859	131459	12461	0	8	1	1	0	0	0	6	0	1	1	0	0	1	0	0	25	0	0	1	0	0	0	0	0	0	0	0	0	0	0	0	0	0
PeerJ	2025-01-01	11662892	115636	10190	0	6	0	0	0	0	0	1	0	0	1	0	0	0	0	0	9	0	0	1	0	0	0	0	0	0	0	0	0	0	0	0	0	0
PeerJ	2025-01-01	11665430	186833	15957	0	7	0	2	0	0	0	2	0	0	0	1	0	0	0	0	17	0	0	1	0	0	0	0	0	0	0	0	0	0	0	0	0	0
PeerJ	2025-01-01	11662903	100307	7893	0	6	0	1	0	0	0	1	0	0	13	0	0	0	0	0	10	0	0	3	0	0	0	0	1	0	0	0	0	0	0	0	0	0
PeerJ	2025-01-01	11657186	97903	8709	0	6	0	0	0	0	0	1	0	1	1	0	0	0	0	0	35	0	0	2	0	0	0	0	0	0	0	0	0	0	0	0	0	0
PeerJ	2025-01-01	11657203	142415	11586	0	8	0	1	0	0	0	3	0	0	5	0	0	0	2	0	17	0	0	2	0	0	0	0	1	0	0	0	0	0	0	0	0	0
PeerJ	2025-01-01	11662901	69570	6680	0	4	0	3	0	0	0	0	0	0	10	1	0	0	0	0	14	0	0	0	0	0	0	0	0	0	0	0	0	0	0	0	0	0
PeerJ	2025-01-01	11663402	168600	15907	0	7	1	7	0	0	3	8	0	0	1	2	0	0	2	0	68	0	0	18	0	1	0	0	0	0	0	0	0	0	0	0	0	0
PeerJ	2025-01-01	11657193	168966	13758	0	8	0	2	0	0	0	1	0	1	2	5	0	0	0	0	44	0	1	2	0	1	0	0	0	0	0	0	0	0	0	0	0	0
PeerJ	2025-01-01	11662899	110516	9777	0	5	0	2	0	0	1	4	0	1	1	1	0	0	0	0	51	0	0	2	0	0	0	0	1	0	0	0	0	0	1	0	0	0
PeerJ	2025-01-01	11766672	83446	7873	0	13	1	1	0	0	1	0	0	0	0	2	0	0	0	0	18	0	0	1	0	0	0	0	0	0	0	0	0	0	0	0	0	0
PeerJ	2025-01-01	11758913	160570	14398	0	14	0	2	0	0	1	0	0	0	3	1	0	0	0	0	29	0	0	2	0	0	0	0	0	0	0	0	0	0	0	0	0	0
PeerJ	2025-01-01	11789663	194252	14582	0	11	0	0	0	0	2	0	0	1	2	4	0	0	0	0	61	0	0	2	0	0	0	0	0	0	0	0	1	0	0	0	0	0
PeerJ	2025-01-01	11786708	140651	12398	1	4	2	3	0	0	1	3	0	0	0	2	0	0	0	0	20	0	0	2	0	0	2	20	0	0	0	0	1	1	0	0	0	0
PeerJ	2025-01-01	11789662	123840	10045	0	9	1	5	0	0	4	3	0	0	2	4	0	0	0	0	116	0	0	1	0	0	1	2	0	0	0	0	0	1	0	0	0	0
PeerJ	2025-01-01	11756370	261684	21032	0	12	0	1	0	0	1	0	0	0	4	1	0	0	0	0	41	0	0	9	0	0	1	1	0	0	0	0	0	0	0	0	0	0
PeerJ	2025-01-01	11771302	171170	16053	0	8	0	1	0	0	3	0	0	0	2	3	0	0	0	0	47	0	0	1	0	0	1	0	0	0	0	0	0	1	1	0	0	0
PeerJ	2025-01-01	11786706	66810	7011	0	5	1	2	0	0	1	2	0	0	1	1	0	0	0	0	42	0	0	16	0	1	1	0	0	0	0	0	0	0	0	0	0	0
PeerJ	2025-01-01	11787802	140849	12984	0	26	0	0	0	0	1	0	0	0	1	2	0	0	0	0	22	0	0	0	0	1	1	0	0	0	0	0	0	0	0	0	0	0
PeerJ	2025-01-01	11760200	172820	16275	0	10	1	7	0	0	2	1	0	0	2	0	0	0	0	0	47	0	0	1	0	0	0	0	0	0	0	0	0	0	0	0	0	0
PeerJ	2025-01-01	11781265	156714	15927	0	9	1	1	0	0	5	0	0	1	16	1	0	0	0	0	38	0	0	2	0	0	2	1	0	0	0	0	0	0	0	0	0	0
PeerJ	2025-01-01	11759608	107229	9454	0	12	0	0	0	1	0	1	0	0	0	3	0	0	1	0	28	0	0	1	0	0	0	0	1	0	0	0	0	0	0	0	0	0
PeerJ	2025-01-01	11771306	197329	17597	0	59	0	3	0	0	0	1	0	0	29	1	0	0	2	0	32	0	0	1	0	0	0	0	0	0	0	0	1	0	0	0	0	0
PeerJ	2025-01-01	11742248	102674	9704	0	9	0	0	0	0	3	1	0	1	0	6	0	0	0	0	19	0	0	0	0	0	0	0	0	0	0	0	0	0	0	0	0	0
PeerJ	2025-01-01	11789664	140140	11700	0	6	0	0	0	0	0	0	0	0	1	0	0	0	0	0	18	0	0	0	0	0	0	0	0	0	0	0	0	0	0	0	0	0
PeerJ	2025-01-01	11758914	143988	13673	0	12	0	4	0	0	0	6	0	2	0	1	0	0	2	0	76	0	0	3	0	0	0	0	0	0	0	0	0	0	0	0	0	0
PeerJ	2025-01-01	11781263	72433	6776	0	6	0	1	0	0	1	0	0	1	1	1	0	0	0	0	43	0	0	0	0	0	0	0	0	0	0	0	0	0	0	0	0	0
PeerJ	2025-01-01	11781266	109973	10466	0	3	0	4	0	0	0	0	0	0	0	0	0	0	0	0	32	0	0	1	0	0	1	0	0	0	0	0	0	6	0	0	0	0
PeerJ	2025-01-01	11781261	94730	8404	0	9	1	6	1	0	3	1	0	0	0	0	0	0	0	0	44	0	0	1	0	0	0	0	0	0	0	0	0	0	0	0	0	0
PeerJ	2025-01-01	11758912	58917	5393	0	5	0	2	0	0	4	1	0	0	0	3	0	0	0	0	14	0	0	4	0	0	0	0	0	0	0	0	0	0	0	0	0	0
PeerJ	2025-01-01	11786710	188931	15089	0	7	0	2	0	1	0	0	0	1	0	3	0	0	0	0	47	0	0	1	0	0	1	0	0	0	0	0	0	0	0	0	0	0
PeerJ	2025-01-01	11781262	55726	4587	0	5	0	1	0	0	0	0	0	0	0	0	0	0	0	0	11	0	0	1	0	0	0	0	0	0	0	0	0	0	0	0	0	0
PeerJ	2025-01-01	11789659	84219	7731	0	3	1	0	0	0	1	4	0	0	1	4	0	0	1	0	24	0	0	8	0	0	0	0	0	0	0	0	0	0	0	0	0	0
PeerJ	2025-01-01	11760198	84813	7172	0	4	1	4	0	0	1	3	0	1	0	1	0	0	0	0	12	0	0	0	0	0	0	0	0	0	0	0	0	0	0	0	0	0
PeerJ	2025-01-01	11789651	144508	13182	0	4	0	2	0	2	0	1	0	7	0	0	0	0	0	0	33	0	0	0	0	0	0	0	0	0	0	0	0	0	0	1	0	0
