journal	date	pmc_id	Nchars	Nwords	delve	analyse	acknowledge	assess	appraise	dissect	explore	examine	extricate	expose	estimate	investigate	inquire	inspect	interpret	scrutinise	study	unearth	uncover	understand	ponder	research	reason	retrieve	avoid	discount	disregard	dismiss	ignore	neglect	overlook	omit	skip	reject
PeerJ	2023-10-01	10327649	243729	18626	0	4	0	0	0	0	1	0	0	0	0	1	0	0	0	0	16	0	0	0	0	1	1	0	1	0	0	0	0	0	0	0	0	0
PeerJ	2023-10-01	10332357	129485	10689	0	11	0	0	0	0	0	0	0	1	1	1	0	0	0	0	16	0	0	4	0	0	0	0	3	0	0	0	0	0	0	0	0	0
PeerJ	2023-10-01	10329821	152226	12583	0	22	0	3	0	0	1	0	0	0	0	1	0	0	0	0	30	0	0	1	0	0	0	0	0	0	0	0	0	2	0	0	0	0
PeerJ	2023-10-01	10324596	70198	6835	1	3	1	3	0	0	0	2	0	0	0	2	0	0	0	0	42	0	0	4	0	0	0	0	0	0	0	0	0	0	0	0	0	0
PeerJ	2023-10-01	10329820	141410	12988	0	10	0	0	0	0	0	0	0	0	2	1	0	0	0	0	34	0	0	1	0	0	0	0	0	0	0	0	0	0	0	0	0	1
PeerJ	2023-10-01	10327648	109751	10232	0	13	0	14	1	0	2	4	0	0	3	3	0	0	0	0	46	0	0	5	0	0	0	0	0	0	0	0	0	0	0	0	0	0
PeerJ	2023-10-01	10329425	230590	19869	0	5	0	0	0	0	1	0	0	0	1	1	0	0	0	0	30	0	0	1	0	0	1	0	0	0	0	0	0	0	0	0	0	0
PeerJ	2023-10-01	10329423	125856	11146	1	17	0	1	0	0	4	3	0	1	0	9	0	0	1	0	15	0	1	1	0	0	0	0	0	0	0	0	0	0	0	0	0	0
PeerJ	2023-10-01	10324597	52328	4977	0	7	0	0	0	0	0	0	0	0	0	2	0	0	0	0	11	0	0	0	0	0	1	0	0	0	0	0	0	0	0	0	0	0
PeerJ	2023-10-01	10329424	99798	8926	0	14	0	4	0	0	1	2	0	0	4	1	0	0	0	0	13	0	0	2	0	0	0	0	0	0	0	0	0	0	0	0	0	0
PeerJ	2023-10-01	10329818	145874	13791	0	5	0	1	0	0	2	0	0	0	3	12	0	3	0	0	44	0	0	10	0	0	0	0	0	0	0	0	3	0	0	0	0	0
PeerJ	2023-10-01	10329819	133797	11001	0	2	0	1	0	0	3	0	0	1	0	0	0	0	0	0	12	0	0	1	0	1	0	0	0	0	0	0	0	0	0	0	0	0
PeerJ	2023-10-01	10332358	188302	19340	0	7	0	0	0	0	0	1	0	8	12	3	0	1	3	0	13	0	0	2	0	1	0	0	1	0	0	0	0	0	0	0	0	0
PeerJ	2023-10-01	10351508	170167	16978	0	13	0	1	0	0	0	2	0	4	0	3	0	0	0	0	54	0	0	1	0	0	0	0	0	0	0	0	0	0	0	0	0	0
PeerJ	2023-10-01	10348303	125345	11072	0	9	0	6	0	0	0	1	0	0	29	0	0	0	0	0	12	0	0	1	0	0	0	0	0	0	0	0	0	0	0	0	0	0
PeerJ	2023-10-01	10340107	157498	14804	0	5	0	4	0	0	0	1	0	1	0	9	0	0	1	0	59	0	0	7	0	0	0	0	0	0	0	0	0	0	0	0	0	0
PeerJ	2023-10-01	10340101	110981	8517	0	7	0	0	0	0	3	2	0	0	69	0	0	0	0	0	9	0	0	0	0	0	0	1	0	0	0	0	1	0	0	0	0	0
PeerJ	2023-10-01	10349557	89015	8087	0	8	0	5	0	0	0	2	0	0	3	0	0	0	1	0	27	0	0	1	0	0	0	0	0	0	0	0	0	0	0	0	0	0
PeerJ	2023-10-01	10340094	106551	9528	0	9	0	0	0	0	1	0	0	0	4	1	0	0	0	0	28	0	0	0	0	0	0	0	0	0	0	0	0	0	0	0	0	0
PeerJ	2023-10-01	10340098	204311	16232	0	4	0	0	0	0	3	2	0	0	3	0	0	0	0	0	46	0	0	1	0	0	0	4	0	0	0	0	0	0	0	0	0	0
PeerJ	2023-10-01	10340105	98165	8668	0	7	0	0	0	0	1	1	0	0	0	1	0	0	0	0	31	0	0	3	0	0	0	0	0	0	0	0	0	0	0	0	0	0
PeerJ	2023-10-01	10348307	83968	7026	0	4	0	2	0	0	0	0	0	0	2	1	0	0	0	0	30	0	0	1	0	0	1	0	0	0	0	0	0	0	0	0	0	0
PeerJ	2023-10-01	10348306	159869	14339	0	5	0	3	0	0	1	0	0	1	4	0	0	0	0	0	36	0	0	0	0	0	0	0	0	0	0	0	0	0	0	0	0	0
PeerJ	2023-10-01	10351504	82327	7395	0	4	0	0	0	1	0	0	0	1	2	0	0	0	0	0	8	0	0	0	0	0	0	0	1	0	0	0	0	0	0	0	0	0
PeerJ	2023-10-01	10351509	98634	9507	0	5	1	0	0	4	4	2	0	0	0	2	0	0	0	0	29	0	1	0	0	0	0	0	0	0	0	0	0	0	1	0	0	0
PeerJ	2023-10-01	10349564	83112	8587	0	2	1	1	0	0	0	0	0	0	3	0	0	0	0	0	20	0	0	0	0	0	0	0	0	0	0	0	0	0	0	0	0	0
PeerJ	2023-10-01	10348311	113927	10630	0	13	0	2	0	0	0	0	0	0	3	3	0	0	0	0	24	0	0	1	0	0	0	0	0	0	0	0	0	0	0	0	0	0
PeerJ	2023-10-01	10350299	107097	10790	0	10	0	6	0	0	0	8	0	25	3	0	0	0	0	0	15	0	0	0	0	0	0	0	0	0	0	0	0	0	0	0	0	0
PeerJ	2023-10-01	10351516	130288	11826	0	7	0	1	0	0	0	12	0	2	0	2	0	0	0	0	48	0	0	0	0	1	0	0	0	0	0	0	0	0	0	0	0	0
PeerJ	2023-10-01	10349561	120889	10741	0	7	0	0	0	0	1	0	0	0	1	2	0	0	0	0	23	0	0	0	0	0	0	0	0	0	0	0	0	0	0	0	0	0
PeerJ	2023-10-01	10348308	156221	13633	0	10	0	0	0	0	0	0	0	0	2	1	0	0	0	0	26	0	0	1	0	0	0	0	0	0	0	0	0	0	0	0	0	0
PeerJ	2023-10-01	10351518	111106	9795	0	9	1	0	0	0	0	0	0	1	17	0	0	0	0	0	44	0	0	0	0	0	1	0	0	0	0	0	0	2	0	0	0	0
PeerJ	2023-10-01	10349554	72050	6900	0	4	1	0	0	0	0	1	0	1	0	0	0	0	0	0	7	0	0	0	0	0	1	0	0	0	0	0	0	0	0	1	0	0
PeerJ	2023-10-01	10348312	162575	14131	0	11	0	1	0	0	3	0	0	0	2	3	0	0	0	0	9	0	1	5	0	0	0	5	0	0	0	0	0	0	0	0	0	0
PeerJ	2023-10-01	10348314	140121	12963	0	10	0	7	0	0	1	4	0	0	0	1	0	0	0	0	77	0	0	0	0	0	1	0	0	0	0	0	0	0	0	0	0	0
PeerJ	2023-10-01	10349555	115855	9938	0	6	0	6	0	0	1	1	0	0	2	0	0	0	0	0	34	0	0	4	0	0	0	0	0	0	0	0	0	0	0	0	0	0
PeerJ	2023-10-01	10340111	90289	8231	0	10	0	1	0	0	1	0	0	0	1	0	0	0	0	0	29	0	0	1	0	0	0	0	0	0	0	0	0	0	0	0	0	0
PeerJ	2023-10-01	10348302	77055	7529	0	9	1	1	0	0	0	7	0	0	0	0	0	0	0	0	9	0	0	0	0	0	0	0	0	0	0	0	0	0	0	0	0	0
PeerJ	2023-10-01	10362842	128594	11955	0	13	0	0	0	0	4	1	0	0	0	4	0	0	0	0	44	0	0	2	0	0	0	0	1	0	0	0	1	0	0	0	0	0
PeerJ	2023-10-01	10364805	124247	9391	0	10	0	0	0	0	0	2	0	0	0	0	0	0	1	0	22	0	0	0	0	0	1	0	1	0	0	0	0	0	0	0	0	0
PeerJ	2023-10-01	10362853	124105	10160	0	21	0	5	0	0	2	4	0	0	5	3	0	0	0	0	36	0	0	3	0	0	0	0	0	0	0	0	0	0	1	0	0	0
PeerJ	2023-10-01	10362856	162015	15141	0	8	0	6	0	1	3	1	0	3	0	0	0	0	0	0	11	0	0	0	0	0	0	0	0	0	0	0	0	0	0	0	0	0
PeerJ	2023-10-01	10362844	107255	9761	0	10	0	0	0	0	9	1	0	0	0	2	0	0	0	0	24	0	0	0	0	0	0	0	0	0	0	0	0	0	0	0	0	0
PeerJ	2023-10-01	10362854	97898	8043	0	5	0	1	0	0	0	1	0	0	2	3	0	1	0	0	42	0	0	0	0	0	0	0	0	0	0	0	0	0	0	0	0	0
PeerJ	2023-10-01	10364807	129513	12495	0	6	0	2	0	0	1	4	0	1	2	0	0	0	0	0	50	0	0	0	0	0	0	0	0	0	0	0	0	0	0	0	0	0
PeerJ	2023-10-01	10364806	104928	9731	0	7	1	2	0	0	0	0	0	0	0	8	0	0	0	0	39	0	0	0	0	0	3	1	2	0	1	0	0	0	0	0	0	0
PeerJ	2023-10-01	10358337	107853	9935	0	7	1	1	1	0	4	3	0	0	0	4	0	0	0	0	64	0	0	1	0	0	1	0	0	0	0	0	1	0	0	0	0	0
PeerJ	2023-10-01	10358336	146039	13180	0	13	0	3	0	1	2	1	0	1	1	2	0	0	0	0	32	0	0	0	0	0	0	0	0	0	0	0	0	0	0	1	0	0
PeerJ	2023-10-01	10362852	115796	10886	0	4	0	0	0	0	2	0	0	0	1	0	0	0	0	0	13	0	0	0	0	0	0	0	0	0	0	0	0	0	0	0	0	0
PeerJ	2023-10-01	10358339	146006	13203	0	4	0	0	0	2	0	0	0	13	2	0	0	0	0	0	23	0	0	0	0	0	0	0	0	0	0	0	0	0	0	0	0	0
PeerJ	2023-10-01	10361077	109283	9220	0	4	0	0	0	0	1	4	0	1	0	0	0	0	0	0	18	0	0	2	0	0	0	0	1	0	0	0	2	0	0	0	0	0
PeerJ	2023-10-01	10362855	116542	10869	0	2	0	2	0	0	0	8	0	2	1	0	0	0	0	0	16	0	1	1	0	0	1	0	1	0	0	0	0	0	0	0	0	0
PeerJ	2023-10-01	10362849	291233	28734	0	24	1	0	0	0	1	0	0	0	21	2	0	0	3	0	10	0	0	2	0	0	0	0	0	0	0	0	0	0	1	0	0	0
PeerJ	2023-10-01	10362850	82885	6056	0	7	0	0	0	0	1	0	0	0	2	0	0	0	1	0	3	0	0	0	0	0	0	0	0	0	0	0	0	0	0	0	0	0
PeerJ	2023-10-01	10362845	115845	10254	0	13	0	0	0	0	0	6	0	0	0	2	0	0	0	0	30	0	0	1	0	0	0	1	0	0	0	0	0	0	0	0	0	1
PeerJ	2023-10-01	10361078	127433	13231	0	6	0	6	0	0	1	3	0	0	3	1	0	0	0	1	15	0	0	0	0	0	0	0	1	0	0	0	1	0	1	0	0	0
PeerJ	2023-10-01	10362841	61091	6567	0	3	2	3	0	0	0	4	0	0	0	1	0	0	2	0	23	0	0	1	0	0	0	0	1	0	0	0	0	0	0	0	0	0
PeerJ	2023-10-01	10358334	115460	10031	0	6	0	2	0	0	0	3	0	0	3	1	0	0	0	0	16	0	0	4	0	0	0	0	0	0	0	0	0	0	0	0	0	0
PeerJ	2023-10-01	10358335	133353	11752	0	3	0	1	0	0	1	0	0	0	1	1	0	0	1	0	26	0	0	0	0	0	0	0	0	0	0	0	0	0	0	0	0	0
PeerJ	2023-10-01	10361075	173942	16097	0	13	0	5	0	0	0	0	0	3	1	6	0	0	0	0	23	0	0	1	0	0	1	0	1	0	0	0	0	1	2	0	0	0
PeerJ	2023-10-01	10364808	124233	12054	0	3	0	0	0	0	1	2	0	1	10	0	0	0	0	0	53	0	0	2	0	0	0	0	2	0	0	0	0	0	1	0	0	0
PeerJ	2023-10-01	10363341	132476	9062	0	5	0	0	0	0	0	0	0	0	1	0	0	0	0	0	26	0	0	0	0	0	0	0	1	0	0	0	0	0	0	0	0	0
PeerJ	2023-10-01	10362857	98999	8771	0	12	0	0	0	0	1	0	0	0	1	3	0	0	1	0	19	0	0	0	0	0	0	0	0	0	0	0	0	0	0	0	0	0
PeerJ	2023-10-01	10377442	211740	17930	0	15	0	0	0	0	0	2	0	1	5	0	0	0	0	0	48	0	0	1	0	2	1	1	0	0	0	0	0	0	0	0	0	0
PeerJ	2023-10-01	10386825	98744	8527	0	11	0	2	0	0	2	0	0	0	1	4	0	0	1	0	14	0	0	0	0	0	0	0	0	0	0	0	0	0	0	0	0	0
PeerJ	2023-10-01	10373650	136706	10515	0	6	0	0	0	0	2	1	0	0	0	0	0	0	0	0	11	0	0	0	0	0	0	0	0	0	0	0	0	0	1	0	0	0
PeerJ	2023-10-01	10373649	114060	10087	0	5	0	2	0	0	2	1	0	0	2	0	0	0	0	0	67	0	0	0	0	0	1	3	2	0	0	0	0	0	0	0	0	0
PeerJ	2023-10-01	10399559	103529	9727	0	4	0	0	0	0	0	1	0	5	0	0	0	0	1	0	5	0	0	0	0	0	0	0	0	0	0	0	0	0	0	0	0	0
PeerJ	2023-10-01	10399563	86785	8410	0	7	0	3	0	0	6	6	0	0	0	3	0	0	0	0	18	0	0	1	0	1	0	0	0	0	0	0	0	0	0	0	0	0
PeerJ	2023-10-01	10399562	71660	6552	0	8	0	0	0	0	4	1	0	0	1	2	0	0	0	0	10	0	0	0	0	0	0	0	0	0	0	0	0	0	0	0	0	0
PeerJ	2023-10-01	10399558	91103	8050	0	6	0	0	0	0	0	2	0	0	0	3	0	0	0	0	15	0	0	0	0	0	0	0	0	0	0	0	0	0	0	0	0	0
PeerJ	2023-10-01	10387234	87181	7862	0	13	0	0	0	0	6	0	0	0	0	0	0	0	0	0	22	0	0	0	0	0	0	0	0	0	0	0	0	0	0	0	0	0
PeerJ	2023-10-01	10389070	140361	11739	0	8	0	0	0	0	0	3	0	0	0	1	0	0	0	0	24	0	0	1	0	0	1	0	0	0	0	0	0	0	0	0	0	0
PeerJ	2023-10-01	10373646	132534	12057	0	10	0	2	0	0	1	1	0	0	1	2	0	0	0	0	16	0	0	5	0	0	0	0	0	0	0	0	0	0	0	0	0	0
PeerJ	2023-10-01	10377432	107613	10205	0	9	0	0	0	2	0	3	0	0	1	3	0	0	0	0	25	0	0	1	0	0	0	0	0	0	0	0	0	0	0	0	0	0
PeerJ	2023-10-01	10399560	99914	9807	0	8	0	0	0	0	0	0	0	2	6	0	0	0	0	0	31	0	0	4	0	0	0	0	0	0	0	0	0	0	1	0	0	0
PeerJ	2023-10-01	10389073	161984	13483	0	9	0	2	0	0	2	0	1	0	1	0	0	0	0	0	15	0	0	0	0	0	0	0	0	0	0	0	0	1	0	0	0	0
PeerJ	2023-10-01	10386824	105537	9280	0	12	0	0	0	0	1	0	0	1	0	6	0	0	0	0	8	0	1	3	0	0	1	0	0	0	0	0	0	0	0	0	0	0
PeerJ	2023-10-01	10387231	72536	6757	0	7	0	0	0	0	0	1	0	0	0	0	0	0	0	0	7	0	0	0	0	0	0	0	0	0	0	0	0	0	0	0	0	0
PeerJ	2023-10-01	10386827	115471	10464	0	8	0	0	0	0	1	0	0	0	0	0	0	0	0	0	14	0	0	0	0	0	1	0	1	0	0	0	0	0	0	0	0	0
PeerJ	2023-10-01	10386826	141835	13017	0	7	0	5	0	1	0	0	0	1	0	8	0	0	0	1	19	0	0	0	0	0	0	0	0	0	0	0	0	0	0	0	0	0
PeerJ	2023-10-01	10399557	77876	7355	0	11	0	3	0	0	3	2	0	2	3	0	0	0	0	0	23	0	0	2	0	0	0	0	0	0	0	0	0	0	0	0	0	0
PeerJ	2023-10-01	10386820	94708	8494	0	9	0	3	1	0	1	1	0	2	6	1	0	0	0	0	25	0	0	1	0	0	0	0	0	0	0	0	0	0	0	0	0	0
PeerJ	2023-10-01	10389072	121565	11562	0	13	0	0	0	0	3	1	0	0	0	0	0	0	0	0	34	0	0	0	0	0	0	0	0	0	0	0	0	0	0	0	0	0
PeerJ	2023-10-01	10377439	87404	7635	0	9	0	1	0	0	0	5	0	0	2	1	0	0	0	0	26	0	1	0	0	1	0	2	0	0	0	0	0	0	0	0	0	0
PeerJ	2023-10-01	10373648	128001	11136	0	11	0	0	0	0	3	1	0	0	1	2	0	0	0	0	23	0	0	0	0	0	0	0	0	0	0	0	0	0	0	0	0	0
PeerJ	2023-10-01	10373645	119669	11593	0	8	0	0	0	0	0	0	0	0	0	0	0	0	0	0	10	0	0	0	0	0	2	0	0	0	0	0	0	0	0	3	0	0
PeerJ	2023-10-01	10399561	126257	10626	0	1	0	2	0	0	3	1	0	0	0	1	0	0	1	0	40	0	0	0	0	0	2	1	0	0	0	0	0	0	0	0	0	0
PeerJ	2023-10-01	10414027	116755	10242	0	8	0	0	0	0	1	0	0	0	1	2	0	0	0	0	14	0	0	1	0	2	0	0	0	0	0	0	0	0	0	0	0	0
PeerJ	2023-10-01	10416767	77759	7122	0	5	0	1	0	0	0	1	0	0	0	3	0	0	0	0	27	0	0	1	0	0	0	0	0	0	0	0	0	0	0	0	0	0
PeerJ	2023-10-01	10405797	106522	9662	0	3	1	0	0	0	4	4	0	0	0	1	0	0	0	0	48	0	0	0	0	0	0	1	0	0	0	0	0	0	0	0	0	0
PeerJ	2023-10-01	10414022	80440	7531	0	6	0	2	0	0	0	1	0	0	0	3	0	0	0	0	25	0	0	0	0	1	0	0	0	0	0	0	0	0	0	0	0	0
PeerJ	2023-10-01	10404397	101464	8917	0	7	0	0	0	1	8	6	0	11	0	3	0	0	0	0	14	0	0	0	0	0	0	0	0	0	0	0	0	0	0	0	0	0
PeerJ	2023-10-01	10414025	108907	9708	0	8	0	1	0	0	0	4	0	0	2	1	0	0	0	0	30	0	0	0	0	0	0	2	0	0	0	0	0	0	0	0	0	0
PeerJ	2023-10-01	10416771	186338	16532	0	20	1	5	0	0	3	3	0	1	4	8	0	0	0	0	32	0	0	6	0	0	0	0	1	0	0	0	0	0	0	0	0	0
PeerJ	2023-10-01	10405799	148154	12920	0	6	0	1	0	0	1	0	0	0	0	0	0	0	0	0	19	0	0	1	0	0	0	0	0	0	0	0	0	0	0	0	0	0
PeerJ	2023-10-01	10404032	109963	10025	0	15	0	0	0	0	2	3	0	0	2	5	0	0	0	0	24	0	0	1	0	0	0	0	0	0	0	0	0	0	0	0	0	0
PeerJ	2023-10-01	10416768	92941	8456	0	8	0	6	0	0	0	1	0	0	0	3	0	0	0	0	32	0	0	4	0	0	1	0	0	0	0	0	0	0	0	0	0	0
PeerJ	2023-10-01	10416770	98307	9241	0	2	1	2	0	0	0	3	0	0	0	4	0	0	0	0	22	0	0	4	0	0	0	0	0	0	0	0	0	1	0	0	0	0
PeerJ	2023-10-01	10404395	160479	14547	0	11	0	1	0	0	0	0	0	1	1	1	0	0	1	0	24	0	1	2	0	0	1	0	0	0	0	0	0	1	3	0	0	0
PeerJ	2023-10-01	10414024	102019	8725	0	8	0	1	0	0	0	5	0	0	7	2	0	0	0	0	24	0	0	0	0	0	0	0	0	0	0	0	0	0	0	0	0	0
PeerJ	2023-10-01	10405793	91548	8278	0	6	0	1	0	1	0	1	0	0	1	4	0	0	0	0	38	0	0	2	0	0	0	0	0	0	0	0	0	0	0	0	0	0
PeerJ	2023-10-01	10414021	65689	6164	0	10	1	9	0	0	0	1	0	0	2	0	0	0	0	0	14	0	0	0	0	0	0	1	0	0	0	0	0	0	0	0	0	0
PeerJ	2023-10-01	10416777	119623	12085	0	59	0	17	0	0	0	0	0	0	109	0	0	1	0	0	30	0	0	0	0	0	1	0	0	0	0	0	0	0	0	0	0	10
PeerJ	2023-10-01	10416772	130269	11551	0	3	0	1	0	0	2	0	0	0	0	2	0	0	0	0	32	0	0	2	0	0	0	0	0	0	0	0	0	0	0	0	0	0
PeerJ	2023-10-01	10416773	178066	15757	0	7	1	4	0	0	1	1	0	0	2	0	0	0	0	0	35	0	0	3	0	0	0	2	0	0	0	0	0	0	0	0	0	0
PeerJ	2023-10-01	10404391	76117	6930	0	16	0	1	0	0	0	0	0	0	0	0	0	0	1	0	23	0	0	0	0	0	0	0	1	0	0	0	0	0	0	0	1	0
PeerJ	2023-10-01	10404394	157676	14904	0	11	0	0	0	0	0	0	0	0	0	1	0	0	0	0	22	0	0	0	0	0	1	0	0	0	0	0	0	0	0	0	0	0
PeerJ	2023-10-01	10416769	158698	14920	0	9	1	1	0	0	0	2	0	4	10	13	0	0	0	0	71	0	0	1	0	1	0	0	0	0	0	0	0	0	0	0	0	0
PeerJ	2023-10-01	10404029	66538	6425	0	5	0	0	0	0	1	0	0	0	25	0	0	0	0	0	10	0	0	1	0	0	0	0	1	0	0	0	0	0	0	0	0	0
PeerJ	2023-10-01	10404396	157902	14428	0	13	0	0	0	0	0	0	0	0	4	14	0	1	0	0	19	0	0	5	0	0	0	0	0	0	0	0	0	1	0	0	0	0
PeerJ	2023-10-01	10405798	145219	12195	0	10	0	4	0	1	4	3	0	0	0	8	0	0	0	1	19	0	0	0	0	0	0	0	0	0	0	0	0	0	0	0	0	0
PeerJ	2023-10-01	10414023	104271	9630	0	7	1	1	0	0	1	0	0	0	0	0	0	0	0	0	29	0	0	4	0	1	0	1	0	0	0	0	0	0	0	2	0	0
PeerJ	2023-10-01	10424671	87736	8331	0	5	0	0	0	3	0	6	0	0	0	0	0	0	0	0	11	0	0	0	0	0	0	0	0	0	0	0	1	0	0	0	0	0
PeerJ	2023-10-01	10424666	93334	8506	0	5	0	1	0	0	5	6	0	0	2	5	0	0	0	1	43	0	0	1	0	0	0	0	0	1	0	0	0	0	0	0	0	0
PeerJ	2023-10-01	10434135	116672	10690	0	12	1	1	0	0	0	3	0	5	1	3	0	0	0	0	23	0	0	0	0	0	0	0	0	0	0	0	0	0	0	0	0	0
PeerJ	2023-10-01	10424667	111304	9487	0	12	0	3	0	0	1	1	0	1	3	2	0	0	0	0	16	0	1	1	0	0	0	0	0	0	0	0	0	0	1	0	0	0
PeerJ	2023-10-01	10424668	125752	11631	0	13	0	1	0	0	3	1	0	0	0	6	0	0	0	0	21	0	0	0	0	1	1	0	0	0	0	0	0	0	0	0	0	0
PeerJ	2023-10-01	10434104	90634	7746	0	4	0	4	0	0	1	0	0	0	0	1	0	0	1	0	46	0	0	1	0	0	0	0	0	0	0	0	0	0	0	0	0	0
PeerJ	2023-10-01	10434108	146125	12469	0	15	0	2	0	0	5	1	0	0	5	2	0	1	1	0	77	0	0	0	0	0	0	0	0	0	0	0	1	0	0	0	0	0
PeerJ	2023-10-01	10424674	187616	16508	0	10	0	0	0	1	0	2	0	0	2	1	0	0	0	0	16	0	0	2	0	0	1	0	1	0	0	0	0	0	0	0	0	0
PeerJ	2023-10-01	10422952	80650	7656	0	9	0	0	0	0	0	0	0	0	0	3	0	0	0	0	31	0	0	0	0	0	2	0	0	0	0	0	0	0	1	0	0	0
PeerJ	2023-10-01	10422954	86324	7519	0	10	0	1	0	0	1	1	0	0	0	9	0	0	0	0	16	0	0	0	0	0	0	0	0	0	0	0	0	0	0	0	0	0
PeerJ	2023-10-01	10424676	104426	9631	0	5	0	0	0	1	0	0	0	1	2	2	0	0	0	0	33	0	0	0	0	0	0	0	0	0	0	0	0	0	0	0	0	0
PeerJ	2023-10-01	10424670	132716	12373	0	15	1	2	0	0	0	4	0	0	1	3	0	0	0	0	25	0	0	1	0	0	0	0	0	0	0	0	0	0	0	0	0	0
PeerJ	2023-10-01	10437030	60103	5856	0	9	0	1	0	0	0	1	0	2	0	0	0	0	0	0	28	0	0	0	0	0	0	0	1	0	0	0	0	1	0	0	0	0
PeerJ	2023-10-01	10423561	88015	7660	0	8	0	3	0	0	0	0	0	0	1	5	0	0	0	0	21	0	0	3	0	0	0	0	0	0	0	0	0	0	0	0	0	0
PeerJ	2023-10-01	10434102	71792	6204	0	6	0	0	0	0	2	0	0	0	1	1	0	0	0	0	13	0	0	0	0	0	0	0	0	0	0	0	0	0	0	0	0	0
PeerJ	2023-10-01	10434083	133175	12557	0	8	0	0	0	0	0	2	0	0	0	0	0	0	1	0	8	0	0	0	0	0	0	0	0	0	0	0	0	0	0	0	0	0
PeerJ	2023-10-01	10422955	108854	10019	0	13	1	1	0	0	0	0	0	0	3	0	0	0	0	0	13	0	0	2	0	0	0	0	0	0	0	0	0	0	0	0	0	0
PeerJ	2023-10-01	10423560	109997	10270	0	5	0	0	0	0	0	9	0	0	0	6	0	0	0	0	39	0	0	0	0	0	0	0	1	0	0	0	0	0	0	0	0	0
PeerJ	2023-10-01	10424675	282819	26298	0	8	0	0	0	0	0	1	0	1	10	1	0	0	0	0	10	0	0	3	0	0	0	0	0	0	0	0	0	0	1	1	0	0
PeerJ	2023-10-01	10437039	142963	12131	0	10	1	0	0	11	0	0	0	0	1	0	0	0	1	0	16	0	0	0	0	0	0	0	0	0	0	0	0	0	0	0	0	0
PeerJ	2023-10-01	10434149	173110	15147	0	10	0	3	0	0	1	1	0	0	6	1	0	0	0	0	21	0	0	1	0	0	0	0	0	0	0	0	0	0	0	0	0	0
PeerJ	2023-10-01	10422951	75584	7431	0	3	0	1	0	0	0	2	0	0	2	0	0	0	1	0	25	0	0	8	0	1	0	0	1	0	0	0	0	1	0	0	0	1
PeerJ	2023-10-01	10434075	101350	8991	0	8	0	0	0	0	0	0	0	0	0	2	0	0	0	0	20	0	0	0	0	0	0	0	0	0	0	0	0	0	0	0	0	0
PeerJ	2023-10-01	10434127	101832	8169	0	3	0	0	0	0	2	0	0	0	1	1	0	0	0	0	15	0	0	0	0	0	0	0	0	0	0	0	0	0	0	0	0	0
PeerJ	2023-10-01	10437032	82399	8064	0	4	0	1	0	0	0	1	0	0	4	2	0	0	0	0	19	0	0	0	0	0	0	0	0	0	0	0	0	0	0	0	0	0
PeerJ	2023-10-01	10441532	477325	44006	0	87	0	11	0	0	0	5	0	1	87	5	0	0	15	2	90	0	0	0	0	0	6	3	0	0	0	0	0	0	0	2	0	0
PeerJ	2023-10-01	10452625	124213	11252	0	9	0	0	0	0	1	0	0	0	2	0	0	0	0	0	17	0	0	0	0	0	0	0	0	0	0	0	0	0	0	0	0	0
PeerJ	2023-10-01	10452619	132959	11229	0	11	0	1	0	0	4	0	0	0	0	0	0	0	0	0	32	0	0	2	0	6	0	0	0	0	0	0	0	0	0	0	0	0
PeerJ	2023-10-01	10448888	147424	13624	0	19	1	2	0	0	0	0	0	3	0	7	0	0	0	0	14	0	0	2	0	0	0	1	0	0	0	0	0	0	0	0	0	0
PeerJ	2023-10-01	10448886	103727	9772	0	10	0	3	0	0	0	1	0	0	1	5	0	0	0	0	35	0	0	2	0	0	1	0	0	0	0	0	0	0	0	0	0	0
PeerJ	2023-10-01	10448881	123678	11498	0	13	1	2	0	0	0	0	0	0	5	0	0	0	0	0	33	0	0	0	0	0	0	0	0	0	0	0	0	0	0	0	0	0
PeerJ	2023-10-01	10448876	104589	10289	0	14	0	0	0	0	0	0	0	4	12	0	0	0	0	0	8	0	0	3	0	0	0	0	0	0	0	0	0	0	2	0	0	0
PeerJ	2023-10-01	10441528	97413	8280	0	11	0	1	0	0	6	0	0	1	0	2	0	0	0	0	27	0	0	2	0	0	0	0	0	0	0	0	0	0	0	0	0	0
PeerJ	2023-10-01	10439717	125813	9666	0	5	0	1	0	0	1	0	0	0	2	2	0	0	0	0	4	0	1	1	0	0	0	0	0	0	0	0	0	0	0	0	0	0
PeerJ	2023-10-01	10441536	108812	10234	0	8	0	1	0	0	1	1	0	0	4	4	0	0	0	0	12	0	0	1	0	0	0	0	0	0	0	0	0	0	0	0	0	0
PeerJ	2023-10-01	10448877	129083	11222	0	8	1	3	0	0	3	0	0	0	0	7	0	0	0	0	52	0	0	2	0	0	0	0	0	0	0	0	0	0	0	0	0	0
PeerJ	2023-10-01	10441523	121139	11883	0	8	0	2	0	0	0	3	0	0	2	4	0	0	0	0	16	0	0	0	0	0	0	0	0	0	0	0	0	0	0	0	0	0
PeerJ	2023-10-01	10440060	100802	8510	0	5	0	1	0	0	2	0	0	0	0	3	0	0	0	0	12	0	0	1	0	2	0	0	1	0	0	0	0	0	0	0	0	0
PeerJ	2023-10-01	10452623	108859	9996	0	6	0	0	0	0	1	4	0	0	9	1	0	0	0	0	29	0	0	0	0	0	0	0	0	0	0	0	0	0	0	0	0	0
PeerJ	2023-10-01	10440059	85481	8646	0	6	0	9	0	0	0	0	0	0	8	1	0	0	0	0	12	0	0	5	0	0	2	0	0	0	0	0	0	0	0	0	0	0
PeerJ	2023-10-01	10439720	135045	11453	0	15	0	1	0	0	11	0	0	0	0	4	0	0	1	0	49	0	0	0	0	0	0	0	0	0	0	0	0	0	0	0	0	0
PeerJ	2023-10-01	10452622	113854	10586	0	13	0	1	0	0	2	11	0	2	0	1	0	0	0	0	14	0	0	0	0	0	0	0	0	0	0	0	0	0	0	0	0	0
PeerJ	2023-10-01	10452624	119198	10567	0	6	0	0	0	0	0	0	0	0	4	0	0	0	0	0	28	0	0	0	0	0	0	0	0	0	0	0	0	0	0	0	0	0
PeerJ	2023-10-01	10439719	127870	9408	0	5	0	0	0	0	5	2	0	0	11	1	0	0	0	0	23	0	0	0	0	0	0	1	0	0	0	0	0	0	0	0	0	0
PeerJ	2023-10-01	10441525	80036	7568	0	6	0	0	0	0	0	0	0	0	0	0	0	0	0	0	25	0	0	0	0	0	0	0	0	0	0	0	0	0	0	0	0	0
PeerJ	2023-10-01	10441524	148131	13279	0	14	1	0	0	0	7	1	0	0	2	4	0	0	1	0	33	0	0	1	0	0	0	1	0	0	0	0	0	0	0	0	0	0
PeerJ	2023-10-01	10448887	67154	5886	0	11	0	4	0	0	3	0	0	0	1	1	0	0	0	0	20	0	0	0	0	0	0	1	0	0	0	0	0	0	0	0	0	0
PeerJ	2023-10-01	10448883	157501	11629	0	5	0	2	0	0	1	2	0	1	2	3	0	0	0	0	15	0	0	1	0	0	0	0	0	0	0	0	0	0	0	0	0	0
PeerJ	2023-10-01	10441535	141473	12482	0	16	1	4	0	0	0	0	0	0	0	0	0	0	0	0	23	0	0	2	0	0	1	0	0	0	0	0	0	0	0	0	0	0
PeerJ	2023-10-01	10448879	102252	9049	0	6	0	0	0	0	0	1	0	0	0	4	0	0	0	0	31	0	0	0	0	1	0	0	0	0	0	0	0	0	0	0	0	0
PeerJ	2023-10-01	10460150	146453	11991	0	8	1	1	0	0	6	0	0	1	8	5	0	0	3	0	40	0	1	1	0	0	0	0	0	0	0	1	2	0	0	2	0	0
PeerJ	2023-10-01	10475274	80789	7773	0	5	0	6	0	0	0	2	0	0	1	2	0	0	0	0	29	0	0	1	0	0	0	0	0	0	0	0	0	0	0	0	0	0
PeerJ	2023-10-01	10470447	129231	10479	0	7	0	0	0	0	1	0	0	0	4	1	0	0	0	0	13	0	0	0	0	0	0	1	0	0	0	0	0	0	0	0	0	0
PeerJ	2023-10-01	10461539	70849	6936	0	14	0	2	0	0	1	1	0	0	1	1	0	0	0	0	22	0	0	0	0	0	0	0	0	0	0	0	0	0	0	0	0	0
PeerJ	2023-10-01	10460572	172765	15803	0	18	0	1	0	1	2	3	0	1	0	0	0	0	0	0	24	0	0	3	0	0	0	0	0	0	0	0	0	0	0	0	0	0
PeerJ	2023-10-01	10474830	112061	11460	0	11	0	3	0	0	3	1	0	0	1	2	0	0	0	0	23	0	0	0	0	0	0	0	1	0	0	0	0	0	0	0	0	0
PeerJ	2023-10-01	10475276	187057	16645	0	4	0	5	0	0	1	1	0	0	9	0	0	1	0	0	63	0	0	2	0	0	0	0	0	0	0	0	0	0	0	0	0	0
PeerJ	2023-10-01	10470448	185387	13954	0	15	0	0	0	0	3	3	0	0	0	0	0	0	0	0	23	0	0	2	0	0	0	1	0	0	0	0	0	0	0	0	0	0
PeerJ	2023-10-01	10474835	110854	10135	0	9	0	1	0	0	1	4	0	0	0	2	0	0	0	0	11	0	0	0	0	0	0	0	0	0	0	0	0	0	0	0	0	0
PeerJ	2023-10-01	10461541	148657	12423	0	21	0	1	0	0	0	0	0	0	0	1	0	0	0	0	8	0	1	0	0	0	0	0	0	0	0	0	0	0	0	0	0	0
PeerJ	2023-10-01	10473039	139280	14014	0	3	0	4	0	0	2	0	0	0	5	0	0	0	8	0	30	0	0	0	0	0	0	0	0	0	0	0	0	0	0	0	0	0
PeerJ	2023-10-01	10460567	118101	10178	0	10	1	1	0	0	1	0	0	0	1	0	0	0	0	0	28	0	0	1	0	0	0	0	0	0	0	0	0	0	0	0	0	0
PeerJ	2023-10-01	10470452	116852	10424	0	5	1	2	0	0	1	5	0	0	3	2	0	0	0	0	37	0	0	2	0	0	2	0	0	0	0	0	0	0	0	0	0	0
PeerJ	2023-10-01	10470450	128517	11137	0	15	0	7	0	0	7	0	0	6	0	1	0	0	0	0	31	0	0	0	0	0	0	0	0	0	0	0	0	0	0	0	0	0
PeerJ	2023-10-01	10473041	240733	21329	0	17	2	8	0	0	0	8	0	0	12	1	0	0	2	0	99	0	0	0	0	0	0	0	0	0	0	0	0	0	0	0	0	0
PeerJ	2023-10-01	10474829	99819	9092	0	12	0	1	0	0	0	3	0	0	0	0	0	0	0	0	29	0	0	0	0	0	0	0	0	0	0	0	0	0	0	0	0	0
PeerJ	2023-10-01	10470443	71095	5806	0	9	0	0	0	0	0	1	0	0	1	0	0	0	0	0	4	0	0	0	0	0	0	0	0	0	0	0	0	0	0	0	0	0
PeerJ	2023-10-01	10460153	113431	10165	0	12	0	0	0	0	0	2	0	1	2	5	0	0	0	0	31	0	0	0	0	0	0	0	0	0	0	0	0	0	0	0	0	0
PeerJ	2023-10-01	10475273	81293	7134	0	7	0	4	0	0	1	5	0	5	1	1	0	0	0	0	20	0	0	1	0	0	0	0	0	0	0	0	0	0	0	0	0	0
PeerJ	2023-10-01	10460155	213044	17902	0	8	0	4	0	0	1	6	0	1	4	4	0	0	0	0	39	0	0	1	1	0	0	0	0	0	0	0	0	0	0	0	0	0
PeerJ	2023-10-01	10474834	102614	10196	0	4	0	1	0	0	0	4	0	3	17	2	0	0	0	0	19	0	0	4	0	0	0	2	0	0	0	0	0	0	0	0	0	0
PeerJ	2023-10-01	10473042	163151	15799	0	10	0	0	0	0	0	6	0	1	0	3	0	0	0	0	67	0	0	2	0	0	1	0	0	0	0	0	0	0	0	0	0	0
PeerJ	2023-10-01	10460149	85368	8188	0	7	0	2	0	0	3	1	0	0	3	10	0	0	0	0	37	0	0	0	0	0	1	0	0	0	0	0	0	0	0	0	0	0
PeerJ	2023-10-01	10476615	101848	9548	0	14	0	1	0	0	8	2	0	0	10	4	0	0	0	0	16	0	0	1	0	0	0	0	0	0	0	0	0	0	0	0	0	0
PeerJ	2023-10-01	10476608	117551	11521	0	14	0	0	0	0	2	3	0	0	0	1	0	0	0	0	26	0	1	1	0	1	0	0	0	0	0	0	0	0	0	0	0	0
PeerJ	2023-10-01	10493087	120706	10603	0	2	0	0	0	0	0	0	0	0	0	0	0	0	0	0	15	0	0	2	0	0	2	1	0	0	0	0	0	0	0	0	0	0
PeerJ	2023-10-01	10484202	168326	14520	0	8	0	1	0	0	1	3	0	0	22	1	0	0	1	0	24	0	2	0	0	0	0	0	0	0	0	0	0	0	1	0	0	0
PeerJ	2023-10-01	10493085	125696	11759	0	13	0	4	0	0	1	1	0	0	13	2	0	0	0	0	36	0	0	1	0	0	0	0	0	0	0	0	0	0	0	0	0	0
PeerJ	2023-10-01	10492537	128870	11529	0	4	0	0	0	0	6	0	0	0	2	1	0	0	0	0	13	0	0	1	0	0	1	0	0	0	0	0	0	0	0	0	0	0
PeerJ	2023-10-01	10494832	65224	6352	0	8	0	1	0	1	1	3	0	4	0	3	0	0	0	0	16	0	0	1	0	0	0	0	0	0	0	0	0	0	0	0	0	0
PeerJ	2023-10-01	10493092	40840	3816	0	4	0	1	0	0	1	2	0	0	1	1	0	1	0	0	9	0	0	0	0	0	0	0	0	0	0	0	0	0	0	0	0	0
PeerJ	2023-10-01	10492536	200289	16508	0	16	0	4	0	0	1	3	0	0	3	0	0	0	0	0	28	0	0	0	0	0	0	0	0	0	0	0	0	0	0	0	0	1
PeerJ	2023-10-01	10484205	89732	8308	0	7	0	0	0	0	3	1	0	1	1	5	0	0	0	0	15	0	0	0	0	0	0	0	0	0	0	0	0	0	0	0	0	0
PeerJ	2023-10-01	10494835	159040	15212	0	15	0	4	0	0	0	0	0	0	16	6	0	0	0	0	36	0	0	0	0	0	1	0	0	0	0	0	1	1	0	0	0	0
PeerJ	2023-10-01	10494837	147292	13940	0	5	0	1	0	0	0	1	0	0	1	2	0	0	0	0	28	0	0	1	0	0	0	0	1	3	0	0	0	0	0	0	0	0
PeerJ	2023-10-01	10484204	108588	10457	0	3	0	4	0	0	1	1	0	0	2	1	0	0	0	0	20	0	1	1	0	0	3	0	0	0	0	0	0	0	2	0	0	0
PeerJ	2023-10-01	10493083	95386	8080	0	7	0	0	0	0	0	0	0	0	0	4	0	0	0	0	9	0	0	5	0	0	1	0	0	0	0	0	1	0	0	0	0	0
PeerJ	2023-10-01	10487581	86896	8412	0	4	0	3	0	0	0	11	0	0	1	1	0	0	1	0	44	0	0	2	0	0	0	0	0	0	1	0	0	0	0	0	0	1
PeerJ	2023-10-01	10493091	169702	14081	0	9	1	4	0	0	2	2	0	0	1	0	0	0	1	0	87	0	0	2	0	0	0	1	0	0	0	0	0	0	0	0	0	0
PeerJ	2023-10-01	10494836	128889	11777	2	8	2	6	0	0	1	0	0	0	3	0	0	0	0	0	47	0	0	3	0	0	0	0	0	0	0	0	0	0	0	0	0	0
PeerJ	2023-10-01	10487600	213277	20776	0	11	0	4	0	0	0	0	0	0	32	1	0	0	0	0	21	0	0	0	0	0	1	1	0	0	0	0	0	0	0	0	0	0
PeerJ	2023-10-01	10493086	143875	13212	0	12	0	3	0	0	0	1	0	0	9	3	0	0	0	0	31	0	0	0	0	0	0	0	0	0	0	0	0	0	0	0	0	0
PeerJ	2023-10-01	10484203	89242	7499	0	4	0	1	0	0	0	0	0	7	0	2	0	0	0	0	10	0	0	0	0	1	0	0	0	0	0	0	0	0	0	1	0	0
PeerJ	2023-10-01	10494834	80864	7832	0	5	2	6	0	0	2	4	0	0	2	4	0	0	0	0	57	0	0	5	0	0	0	0	0	0	0	0	0	0	0	0	0	0
PeerJ	2023-10-01	10492534	133912	12005	0	5	0	0	0	0	1	0	0	1	50	0	0	0	0	0	25	0	0	3	0	0	0	0	0	0	0	0	0	0	1	0	0	0
PeerJ	2023-10-01	10493084	51460	5481	0	1	0	0	0	0	0	0	0	0	0	0	0	0	0	0	4	0	0	0	0	0	2	0	0	0	0	0	0	0	0	0	0	0
PeerJ	2023-10-01	10484200	133384	12621	0	8	0	8	0	0	0	8	0	0	0	14	0	0	0	0	63	0	0	3	0	0	6	0	0	0	0	0	0	0	0	0	0	0
PeerJ	2023-10-01	10492535	144053	14369	0	14	0	1	0	2	1	0	0	11	1	4	0	0	1	0	12	0	0	0	0	0	0	0	0	0	0	0	0	0	0	0	0	0
PeerJ	2023-10-01	10484206	158571	13220	0	12	1	2	0	0	2	6	0	7	0	3	0	0	1	0	59	0	0	4	0	0	1	0	0	1	0	1	0	0	0	0	0	0
PeerJ	2023-10-01	10487589	101702	9050	0	18	0	0	0	0	2	1	0	0	0	1	0	0	0	0	27	0	0	1	0	0	0	0	0	0	0	0	0	0	0	0	0	0
PeerJ	2023-10-01	10501368	80325	8324	0	7	1	3	0	0	3	0	0	2	1	3	0	0	0	0	21	0	0	0	0	0	0	0	0	0	0	0	0	0	0	0	0	0
PeerJ	2023-10-01	10503500	170109	15054	0	20	0	2	0	1	0	0	0	14	4	1	0	0	0	0	37	0	0	0	0	0	0	1	0	0	0	0	0	0	0	0	0	0
PeerJ	2023-10-01	10503501	135517	13161	0	5	0	0	0	0	2	0	0	0	1	0	0	0	0	0	51	0	0	2	0	0	1	0	0	0	0	0	1	0	0	0	0	0
PeerJ	2023-10-01	10506578	127512	10619	0	12	0	0	0	0	3	0	0	0	0	4	0	0	0	0	17	0	0	2	0	0	0	0	0	0	0	0	0	0	0	0	0	0
PeerJ	2023-10-01	10501373	197510	16626	0	5	0	0	0	0	2	1	0	0	0	0	0	0	0	0	16	0	0	5	0	1	0	0	0	0	0	0	0	0	0	0	0	0
PeerJ	2023-10-01	10503497	90834	8101	0	6	0	2	0	0	1	1	0	0	1	4	0	0	0	0	76	0	0	0	0	1	0	4	0	0	0	0	0	0	0	1	0	0
PeerJ	2023-10-01	10501366	95814	9035	1	13	1	0	0	0	3	1	0	1	1	2	0	0	1	0	18	0	0	3	0	0	0	0	0	0	0	0	0	0	0	0	0	0
PeerJ	2023-10-01	10503498	99155	9399	0	8	0	1	0	0	0	7	0	0	3	0	0	0	0	0	36	0	0	1	0	0	1	0	0	0	0	0	0	0	0	0	0	0
PeerJ	2023-10-01	10506577	120707	12377	0	6	0	1	0	0	0	12	0	0	0	5	0	0	5	0	30	0	0	0	0	0	2	0	0	0	0	0	0	0	0	0	0	0
PeerJ	2023-10-01	10501371	139150	12637	0	20	0	2	0	0	2	3	0	0	0	1	0	0	0	0	25	0	0	0	0	0	0	0	0	0	0	0	0	0	0	0	0	0
PeerJ	2023-10-01	10504892	133968	12289	0	7	0	0	0	0	0	0	0	2	0	9	0	0	0	0	26	0	0	0	0	0	0	0	0	0	0	0	0	0	0	0	0	0
PeerJ	2023-10-01	10506579	92721	8452	0	5	0	3	0	0	5	4	0	0	0	1	0	0	0	0	18	0	1	0	0	0	0	0	0	0	0	0	0	0	0	0	0	0
PeerJ	2023-10-01	10501367	89400	8424	0	5	2	1	0	0	0	0	0	0	0	1	0	0	0	0	33	0	0	2	0	0	1	0	0	0	0	0	0	0	0	0	0	0
PeerJ	2023-10-01	10501379	91442	8714	0	2	0	5	0	0	0	3	0	0	0	4	0	0	0	0	71	0	0	6	0	1	0	0	0	0	0	0	0	0	0	0	0	0
PeerJ	2023-10-01	10501382	140399	13124	0	6	0	2	0	0	0	0	0	0	1	0	0	0	0	0	19	0	0	0	0	0	0	0	2	0	0	0	0	0	0	0	0	0
PeerJ	2023-10-01	10506587	76639	6803	0	11	1	1	0	0	0	0	0	0	0	0	0	1	1	0	9	0	6	1	0	0	0	1	0	0	0	0	0	0	0	0	0	0
PeerJ	2023-10-01	10503495	117714	10659	0	13	0	0	0	0	3	0	0	0	4	1	0	0	1	0	35	0	0	0	0	0	2	1	1	0	0	0	0	0	1	0	0	0
PeerJ	2023-10-01	10504893	149816	13511	0	11	1	0	0	0	2	2	0	2	0	0	0	0	0	0	23	0	0	0	0	0	0	0	1	0	0	0	0	0	0	0	0	0
PeerJ	2023-10-01	10501370	143898	12938	0	17	0	2	0	0	5	1	0	1	0	0	0	0	0	0	13	0	0	1	0	0	1	1	0	0	0	0	0	0	0	0	0	0
PeerJ	2023-10-01	10501384	173923	11164	1	2	0	0	0	0	5	0	0	0	0	0	0	0	0	0	17	0	0	3	0	0	1	0	0	0	0	0	0	0	1	0	0	0
PeerJ	2023-10-01	10503496	115214	10794	0	19	0	1	0	0	0	0	0	0	0	2	0	0	1	0	23	0	0	2	0	0	0	7	0	0	0	0	0	0	0	0	0	0
PeerJ	2023-10-01	10506586	79712	8031	0	12	0	2	0	0	4	1	0	2	1	1	0	0	0	0	24	0	0	0	0	0	0	0	0	0	0	0	1	0	0	0	0	0
PeerJ	2023-10-01	10506585	80726	7399	0	9	0	0	0	0	3	0	0	1	1	0	0	0	0	0	13	0	0	0	0	0	1	0	2	0	0	0	0	0	0	0	0	0
PeerJ	2023-10-01	10503499	229164	17830	0	11	0	4	0	0	0	2	0	0	30	16	0	0	0	0	26	0	0	0	0	0	0	0	0	0	0	0	0	0	0	0	0	14
PeerJ	2023-10-01	10506581	121175	10739	0	10	0	0	0	0	6	0	0	0	0	1	0	0	0	0	16	0	0	1	0	0	0	0	0	0	0	0	0	0	0	0	0	0
PeerJ	2023-10-01	10512963	139137	13188	0	15	0	0	0	0	0	0	0	3	0	6	0	0	0	0	26	0	0	1	0	0	1	0	1	0	0	0	0	0	0	0	0	0
PeerJ	2023-10-01	10512941	189134	17097	0	10	0	0	0	2	2	2	0	1	0	0	0	0	0	0	22	0	0	1	0	0	0	0	0	0	0	0	0	0	1	0	0	0
PeerJ	2023-10-01	10512932	118778	10352	0	12	0	0	0	0	7	0	0	0	0	0	0	0	0	0	20	0	0	1	0	0	0	0	0	0	0	0	0	0	0	0	0	0
PeerJ	2023-10-01	10512936	109857	8994	0	4	0	0	0	0	0	1	0	0	37	0	0	0	0	0	43	0	0	0	0	0	0	0	0	0	0	0	0	0	0	0	0	0
PeerJ	2023-10-01	10518163	94013	9004	0	10	0	2	0	0	1	3	0	1	0	2	0	0	0	0	25	0	0	4	0	0	0	0	0	0	0	0	0	0	0	0	0	0
PeerJ	2023-10-01	10518166	214358	19212	0	53	0	1	0	0	1	0	0	0	4	6	0	0	1	0	24	0	0	1	0	0	0	0	0	0	0	0	0	0	0	0	0	0
PeerJ	2023-10-01	10519203	141498	12760	0	1	0	0	0	1	0	5	0	3	0	1	0	0	0	0	69	0	0	0	0	0	0	0	0	0	0	0	0	0	0	0	0	0
PeerJ	2023-10-01	10519200	166290	13862	0	13	0	0	0	0	2	1	0	0	0	3	0	0	0	0	19	0	1	0	0	0	0	0	0	0	0	0	0	0	0	0	0	0
PeerJ	2023-10-01	10517655	107100	9434	0	11	1	0	0	0	6	0	1	0	0	2	0	0	0	0	20	0	0	4	0	0	0	0	0	0	0	0	0	0	0	0	0	0
PeerJ	2023-10-01	10518165	152655	12972	0	12	0	0	0	1	0	1	0	0	0	3	0	0	0	0	30	0	0	1	0	0	0	0	0	0	0	0	0	0	0	0	0	0
PeerJ	2023-10-01	10516101	61391	5537	0	3	0	0	0	0	0	0	0	0	3	0	0	2	0	0	15	0	0	0	0	0	0	0	0	0	0	0	0	0	0	1	0	0
PeerJ	2023-10-01	10518164	100500	8761	0	5	0	3	0	0	1	3	0	0	1	0	0	0	0	0	38	0	0	3	0	0	0	0	0	0	0	0	0	0	0	0	0	0
PeerJ	2023-10-01	10517659	126326	11077	0	9	0	0	0	0	0	0	0	1	0	4	0	0	0	0	17	0	0	0	0	0	0	0	0	0	0	0	0	0	0	0	0	0
PeerJ	2023-10-01	10516106	128346	11001	0	2	0	0	0	0	0	1	0	1	4	9	0	0	0	0	18	0	0	1	0	0	1	0	1	0	0	0	0	1	0	0	0	0
PeerJ	2023-10-01	10519196	117755	12167	0	12	0	0	0	0	0	0	0	1	4	0	0	1	0	0	25	0	0	0	0	0	0	0	0	0	0	0	0	3	1	0	0	0
PeerJ	2023-10-01	10518167	208535	16327	0	10	0	1	0	0	3	3	0	0	140	1	0	0	0	0	28	0	0	1	0	0	2	0	0	0	0	0	7	0	0	0	0	0
PeerJ	2023-10-01	10516103	116019	10311	0	9	0	1	0	0	1	2	0	0	1	2	0	0	0	0	21	0	0	0	0	0	0	0	0	0	0	0	0	1	0	0	0	0
PeerJ	2023-10-01	10519197	125093	11283	0	12	0	0	0	0	3	0	0	1	0	2	0	0	0	0	10	0	0	0	0	0	1	0	0	0	0	0	1	0	0	0	0	0
PeerJ	2023-10-01	10519199	145996	11073	0	4	0	0	0	1	2	1	0	0	2	0	0	0	0	0	6	0	1	1	0	0	1	0	0	0	0	0	1	0	0	0	0	0
PeerJ	2023-10-01	10512962	139042	12104	0	3	0	0	0	0	0	0	0	2	5	0	0	0	0	0	5	0	0	1	0	0	0	1	0	0	0	0	0	0	0	0	0	0
PeerJ	2023-10-01	10516102	214355	16965	0	11	0	4	0	0	1	0	0	0	3	0	0	0	0	0	24	0	0	0	0	0	1	0	0	0	0	0	0	0	0	0	0	0
PeerJ	2023-10-01	10517668	426466	25118	0	8	1	0	0	0	4	1	0	0	0	0	0	0	0	0	51	0	0	2	0	0	0	4	0	0	0	0	0	0	0	0	0	0
PeerJ	2023-10-01	10512959	127759	12157	0	12	0	0	0	0	4	1	0	0	0	11	0	0	0	0	25	0	1	3	0	0	0	0	1	0	0	0	0	0	0	0	3	0
PeerJ	2023-10-01	10512961	130093	11710	0	12	0	3	0	0	1	0	0	0	1	3	0	0	2	0	24	0	0	0	0	0	1	0	0	0	0	0	0	0	0	0	0	0
PeerJ	2023-10-01	10512960	107568	10063	0	10	0	2	0	0	5	5	0	1	0	2	0	0	0	0	51	0	0	1	0	0	0	0	0	0	0	0	0	0	0	0	0	0
PeerJ	2023-10-01	10541814	68945	6406	0	6	0	1	0	0	1	3	0	0	0	1	0	0	0	0	24	0	0	0	0	0	0	0	0	0	0	0	0	0	0	0	0	0
PeerJ	2023-10-01	10544309	94293	8682	0	11	0	7	0	0	0	0	0	0	1	0	0	0	1	0	37	0	0	1	0	0	0	0	0	0	0	0	0	0	0	0	0	0
PeerJ	2023-10-01	10542389	85547	7180	0	8	0	2	0	0	0	0	0	1	4	0	0	0	0	0	11	0	0	0	0	0	0	1	0	0	0	0	0	0	0	0	0	0
PeerJ	2023-10-01	10540775	152380	14815	0	13	0	1	0	1	0	0	0	0	0	2	0	0	0	0	18	0	0	0	0	0	1	1	0	0	0	0	0	1	0	0	0	0
PeerJ	2023-10-01	10544305	96478	8951	0	9	0	2	2	0	0	1	0	0	2	0	0	0	0	0	98	0	0	0	0	0	2	0	0	0	0	0	0	1	0	0	0	0
PeerJ	2023-10-01	10538297	83695	7433	0	12	0	0	0	1	2	0	0	0	2	2	0	0	0	0	26	0	0	0	0	0	0	0	0	0	0	0	0	0	0	0	0	0
PeerJ	2023-10-01	10538282	129395	10167	0	5	0	1	0	0	3	0	0	0	1	4	0	0	0	0	7	0	0	1	0	0	0	0	0	0	0	0	1	0	0	0	0	0
PeerJ	2023-10-01	10538301	209431	15779	0	9	1	0	0	0	1	6	0	0	0	13	0	0	0	0	33	0	0	0	0	0	0	0	0	0	0	0	0	0	1	0	0	0
PeerJ	2023-10-01	10542392	189144	16387	0	18	0	0	0	1	1	0	0	1	1	2	0	0	0	0	24	0	0	3	0	0	1	0	0	0	0	0	0	0	0	0	0	0
PeerJ	2023-10-01	10544304	91021	7968	0	11	0	0	0	0	0	5	0	0	0	2	0	0	0	0	18	0	0	1	0	1	0	0	0	0	0	0	0	0	0	0	0	0
PeerJ	2023-10-01	10540773	130979	12026	0	6	0	2	1	0	0	0	0	2	0	3	0	0	0	1	21	0	0	1	0	0	0	0	0	0	0	0	0	0	0	0	0	0
PeerJ	2023-10-01	10540776	141166	13029	0	6	1	4	0	0	0	4	0	0	1	1	0	0	0	0	21	0	0	2	0	0	0	0	0	0	0	0	0	0	0	0	0	0
PeerJ	2023-10-01	10544307	108659	9351	0	12	0	0	0	0	0	1	0	0	0	4	0	0	1	0	25	0	0	1	0	0	0	2	0	0	0	0	0	0	0	0	0	0
PeerJ	2023-10-01	10538299	134392	12325	0	15	0	2	0	0	3	0	0	0	0	0	0	0	0	0	42	0	0	0	0	0	0	0	0	0	0	0	0	0	0	0	0	0
PeerJ	2023-10-01	10542820	149312	14056	0	10	0	4	0	0	0	3	0	0	7	1	0	0	0	0	35	0	0	0	0	0	1	0	0	0	0	0	0	0	0	0	0	0
PeerJ	2023-10-01	10538300	153418	14028	0	7	1	8	0	0	0	0	0	0	2	0	0	0	0	0	42	0	0	0	0	0	0	0	0	0	0	0	0	0	0	0	0	0
PeerJ	2023-10-01	10541811	84694	7941	0	6	0	4	0	0	1	3	0	0	19	1	0	0	1	0	28	0	0	0	0	0	0	0	0	0	0	0	0	0	0	0	0	0
PeerJ	2023-10-01	10544310	167271	14653	0	9	0	0	0	0	0	2	0	4	7	0	0	0	0	0	33	0	0	1	0	0	0	0	2	0	0	0	0	0	0	0	0	0
PeerJ	2023-10-01	10542819	83924	8689	0	6	1	0	0	0	0	4	0	2	0	3	0	0	0	0	64	0	0	0	0	0	1	0	0	0	0	0	0	0	0	0	0	0
PeerJ	2023-10-01	10544315	186508	16487	0	22	0	1	0	1	3	3	0	0	0	6	0	0	0	0	44	0	0	1	0	0	0	0	0	0	0	0	0	0	0	0	0	0
PeerJ	2023-10-01	10544356	136234	11565	0	10	0	1	0	0	0	0	0	0	17	0	0	0	1	0	19	0	0	2	0	1	0	0	0	0	0	0	0	0	0	0	0	0
PeerJ	2023-10-01	10542659	71082	6062	0	5	0	0	0	0	0	1	0	0	2	0	0	0	0	0	12	0	0	1	0	0	0	2	0	0	0	0	0	0	0	0	0	0
PeerJ	2023-10-01	10542661	94882	9352	0	31	0	2	0	0	5	3	0	0	13	5	0	0	0	0	19	0	0	3	0	0	0	0	0	0	0	0	0	0	0	0	0	0
PeerJ	2023-10-01	10540769	101540	9741	0	11	0	1	0	0	2	26	0	2	0	0	0	0	0	0	23	0	0	0	0	0	0	0	0	0	0	0	0	0	0	0	0	1
PeerJ	2023-10-01	10541023	129911	11980	0	6	0	0	0	0	0	0	0	0	1	0	0	0	0	0	17	0	0	1	0	0	2	0	0	0	0	0	0	0	0	0	0	0
