journal	date	pmc_id	Nchars	Nwords	delve	analyse	acknowledge	assess	appraise	dissect	explore	examine	extricate	expose	estimate	investigate	inquire	inspect	interpret	scrutinise	study	unearth	uncover	understand	ponder	research	reason	retrieve	avoid	discount	disregard	dismiss	ignore	neglect	overlook	omit	skip	reject
PLoS One	2025-01-01	11451998	149085	13968	0	2	0	0	0	0	7	1	0	0	1	0	0	0	0	0	50	0	0	20	0	0	0	0	0	0	0	1	0	0	0	0	0	0
PLoS One	2025-01-01	11457992	180601	17057	0	23	0	0	0	0	0	0	0	0	3	13	0	0	2	0	66	0	0	0	0	0	8	0	0	0	0	0	0	0	0	0	0	0
PLoS One	2025-01-01	11458032	186842	16053	0	2	4	1	0	0	4	0	0	0	3	0	0	0	0	0	59	0	0	3	0	0	0	0	0	0	0	0	0	0	0	0	0	0
PLoS One	2025-01-01	11458031	171547	17001	0	10	0	21	0	0	0	13	0	0	1	4	0	0	1	0	112	0	0	6	0	0	11	0	1	0	0	0	0	0	1	0	0	0
PLoS One	2025-01-01	11458039	128914	9885	0	5	1	1	0	0	1	2	0	0	0	0	0	0	0	0	40	0	0	1	0	0	0	0	0	0	0	0	0	0	0	0	0	0
PLoS One	2025-01-01	11458045	159596	13998	0	2	0	0	0	0	13	6	0	0	11	1	0	0	0	0	34	0	1	4	0	0	0	0	0	0	0	0	0	0	0	0	0	0
PLoS One	2025-01-01	11452027	60934	5620	2	0	1	1	0	0	4	0	0	0	0	0	0	0	0	0	10	0	0	7	0	0	0	0	0	0	0	0	0	1	1	0	0	0
PLoS One	2025-01-01	11452026	177735	15149	0	6	3	3	0	0	9	5	0	0	5	6	0	0	1	0	30	0	0	2	0	0	6	0	0	0	0	0	0	1	0	3	0	0
PLoS One	2025-01-01	11458041	155360	12567	0	3	3	1	0	0	3	7	0	0	4	1	0	0	0	0	37	0	0	2	0	0	0	0	0	0	0	0	0	1	0	0	0	0
PLoS One	2025-01-01	11458014	124057	10872	0	5	2	5	0	0	5	4	0	0	1	3	0	0	1	0	48	0	0	7	0	1	2	0	0	0	0	0	0	0	0	3	0	0
PLoS One	2025-01-01	11460687	112075	10838	0	12	0	3	0	0	2	4	0	0	0	0	0	0	0	0	71	0	0	0	0	0	2	0	0	0	0	0	0	0	0	0	0	0
PLoS One	2025-01-01	11460706	88243	7142	0	3	0	1	0	0	2	0	0	0	10	1	0	0	0	0	29	0	0	0	0	0	0	1	0	0	0	0	0	2	0	0	0	0
PLoS One	2025-01-01	11458047	252188	26053	0	30	6	2	0	0	10	17	0	2	5	13	1	0	0	1	87	0	0	8	0	0	5	0	0	0	2	0	0	0	0	0	24	0
PLoS One	2025-01-01	11458025	105235	10012	0	3	0	3	0	0	1	0	0	0	12	2	0	0	0	0	28	0	0	0	0	1	2	0	0	0	0	0	0	0	1	0	0	0
PLoS One	2025-01-01	11460689	172315	16687	2	4	1	17	1	0	7	2	0	0	8	0	0	0	0	0	65	0	0	2	0	1	0	0	0	0	0	0	0	0	0	0	0	0
PLoS One	2025-01-01	11458026	243011	19906	0	6	0	4	0	0	0	1	0	0	12	5	0	0	2	0	47	0	0	5	0	0	2	0	0	0	0	0	0	0	0	0	0	0
PLoS One	2025-01-01	11452038	115828	9932	0	6	0	0	0	0	0	3	0	0	1	2	0	2	0	0	12	0	1	2	0	0	0	0	0	0	0	0	0	0	0	0	0	0
PLoS One	2025-01-01	11458056	208138	8134	0	9	0	0	0	0	2	4	0	0	0	4	0	0	0	0	11	0	0	2	0	0	0	0	0	0	0	0	0	0	0	0	0	0
PLoS One	2025-01-01	11451979	85109	8871	0	6	0	1	0	0	0	1	0	0	2	0	0	0	0	0	8	0	0	0	0	0	0	0	0	0	0	0	0	0	0	0	0	0
PLoS One	2025-01-01	11458048	139109	13232	0	3	0	3	0	0	0	0	0	0	0	0	0	0	0	0	38	0	0	3	0	0	1	0	1	0	0	0	0	0	0	0	0	0
PLoS One	2025-01-01	11460712	69385	6232	0	1	0	1	0	0	0	6	0	0	1	1	0	0	0	0	56	0	0	1	0	0	0	0	1	0	0	0	0	0	0	0	0	0
PLoS One	2025-01-01	11458023	93117	7045	1	3	0	1	0	0	3	2	0	0	0	1	0	0	0	0	32	0	0	0	0	0	0	0	0	0	0	0	0	0	0	0	0	0
PLoS One	2025-01-01	11458033	115607	10148	0	2	2	0	0	0	5	2	0	0	1	1	0	0	0	0	39	0	0	12	0	0	0	2	0	0	0	0	0	0	0	0	0	0
PLoS One	2025-01-01	11452036	89978	7087	0	5	0	0	0	0	0	1	0	0	1	0	0	0	0	0	67	0	0	0	0	0	0	2	0	0	0	0	0	1	0	0	0	0
PLoS One	2025-01-01	11458000	99297	9650	0	5	0	0	0	0	2	0	0	0	0	0	0	0	1	0	50	0	0	0	0	0	1	0	0	0	0	0	0	0	0	0	0	0
PLoS One	2025-01-01	11472960	296854	16675	0	2	0	0	0	0	3	2	0	1	1	4	0	0	3	0	30	0	0	0	0	0	0	0	0	0	0	0	1	0	0	0	0	0
PLoS One	2025-01-01	11478877	238597	25733	0	18	0	0	0	0	19	0	0	2	0	0	0	0	0	0	93	0	0	37	0	0	6	0	1	0	0	0	2	1	0	0	0	1
PLoS One	2025-01-01	11472938	4475	321	0	0	0	0	0	0	0	0	0	0	0	0	0	0	0	0	0	0	0	0	0	0	0	0	0	0	0	0	0	0	0	0	0	0
PLoS One	2025-01-01	11478826	328416	5798	0	0	0	0	0	0	2	0	0	0	0	1	0	0	0	0	1	0	0	1	0	0	0	0	0	0	0	0	0	0	0	0	0	0
PLoS One	2025-01-01	11469506	129535	10796	0	3	0	0	0	0	1	0	0	0	4	0	0	0	0	0	30	0	0	5	0	0	1	0	0	0	0	0	0	0	0	2	0	0
PLoS One	2025-01-01	11478866	169375	14107	0	15	0	1	0	0	5	4	0	0	1	6	0	0	17	0	36	0	0	13	0	0	39	0	0	0	0	0	1	0	0	0	0	0
PLoS One	2025-01-01	11472912	9268	696	0	0	0	0	0	0	0	0	0	0	0	0	0	0	0	0	7	0	0	0	0	0	0	0	0	0	0	0	0	0	0	0	0	0
PLoS One	2025-01-01	11469531	114330	10067	0	0	0	0	0	0	10	1	0	0	0	1	0	0	0	0	6	0	0	1	0	0	0	0	5	0	0	0	0	0	0	0	0	0
PLoS One	2025-01-01	11478816	4520	299	0	0	0	0	0	0	0	0	0	0	0	0	0	0	0	0	0	0	0	0	0	0	0	0	0	0	0	0	0	0	0	0	0	0
PLoS One	2025-01-01	11478824	128033	9452	0	16	0	1	0	0	0	1	0	0	1	5	0	0	0	0	18	0	0	1	0	0	2	0	0	0	0	0	0	0	0	0	0	0
PLoS One	2025-01-01	11469493	137084	13260	1	6	0	0	0	1	6	1	0	2	0	4	0	0	0	0	48	0	0	3	0	0	0	0	0	0	0	0	0	0	0	0	0	0
PLoS One	2025-01-01	11469485	85240	7623	0	1	1	0	0	0	0	0	0	0	0	1	0	0	0	0	27	0	0	2	0	0	0	0	0	0	0	0	0	0	0	0	0	0
PLoS One	2025-01-01	11478909	112969	8512	0	1	0	4	0	0	4	3	0	0	1	11	0	0	0	0	59	0	0	4	0	0	0	0	0	0	0	0	0	0	0	0	0	0
PLoS One	2025-01-01	11469482	163400	15313	0	19	0	1	0	0	2	2	0	0	14	10	0	0	0	0	36	0	0	1	0	0	2	0	0	0	0	0	0	0	0	4	0	0
PLoS One	2025-01-01	11469510	137160	11165	0	8	0	1	0	0	4	0	0	0	3	0	0	0	0	0	49	0	0	0	0	0	0	12	0	0	0	0	0	0	1	0	0	0
PLoS One	2025-01-01	11478876	145302	12440	0	1	0	7	0	0	1	0	0	0	1	0	0	0	0	0	98	0	0	1	0	0	0	0	0	0	0	0	0	1	1	0	0	0
PLoS One	2025-01-01	11472944	189062	18383	5	3	4	8	2	0	14	2	0	0	0	0	0	0	0	0	71	0	0	35	0	0	6	0	5	0	0	0	0	0	0	0	0	0
PLoS One	2025-01-01	11478829	158097	14131	0	9	0	1	0	0	1	0	0	0	1	2	0	0	2	0	11	0	0	0	0	1	1	0	0	0	0	0	0	0	0	1	0	0
PLoS One	2025-01-01	11472954	196056	20584	0	5	3	3	0	0	5	5	0	0	3	1	0	0	0	0	112	0	0	16	0	0	4	1	2	0	0	0	0	0	0	2	0	0
PLoS One	2025-01-01	11478916	134882	11134	0	7	0	2	0	0	0	0	0	1	1	0	0	0	0	0	41	0	0	0	0	0	0	0	1	0	0	0	0	0	0	0	0	0
PLoS One	2025-01-01	11469544	97379	9378	0	10	0	0	0	0	1	0	0	0	1	2	0	0	0	0	19	0	0	0	0	0	0	0	0	0	0	0	0	0	0	0	0	0
PLoS One	2025-01-01	11478874	131868	13580	0	2	1	0	0	0	3	1	0	0	0	8	0	0	3	0	23	0	0	5	0	0	0	0	0	0	0	0	0	0	0	1	0	0
PLoS One	2025-01-01	11478819	149913	12013	0	15	0	1	0	0	0	0	0	0	1	6	0	0	0	0	13	0	0	2	0	0	0	1	0	0	0	0	0	0	0	0	0	0
PLoS One	2025-01-01	11472950	4545	327	0	0	0	0	0	0	0	0	0	0	0	0	0	0	0	0	0	0	0	0	0	0	0	0	0	0	0	0	0	0	0	0	0	0
PLoS One	2025-01-01	11478868	117560	12241	0	3	3	0	0	0	9	5	0	0	0	0	0	0	2	0	41	0	0	5	0	0	1	0	0	0	0	0	0	0	0	0	0	0
PLoS One	2025-01-01	11493296	174435	16687	0	15	0	7	0	0	0	3	0	1	2	11	0	1	0	0	52	0	0	0	0	0	4	0	0	0	0	0	0	0	0	0	0	0
PLoS One	2025-01-01	11495622	83851	7048	0	1	0	2	0	0	0	1	0	2	2	0	0	0	0	0	31	0	0	0	0	0	2	0	0	0	0	0	0	0	0	0	0	0
PLoS One	2025-01-01	11495584	105929	8770	0	8	0	0	0	0	2	2	0	2	1	7	0	0	0	0	25	0	0	2	0	0	0	0	0	0	0	0	0	0	0	0	0	0
PLoS One	2025-01-01	11495611	129602	10933	0	4	0	3	0	0	1	0	0	2	35	7	0	0	0	0	18	0	0	4	0	0	0	0	0	0	0	0	0	0	0	0	0	0
PLoS One	2025-01-01	11493282	192707	14964	1	3	0	2	0	0	4	10	0	0	0	2	0	0	0	0	22	0	0	12	0	0	0	0	2	0	0	0	0	0	0	0	0	0
PLoS One	2025-01-01	11493252	224578	22049	0	14	0	3	0	0	14	14	0	0	6	0	0	0	3	0	63	0	0	3	0	0	3	0	0	0	0	0	0	1	0	1	0	0
PLoS One	2025-01-01	11493289	119115	10438	0	9	0	6	0	0	1	0	0	0	1	4	0	0	2	0	77	0	0	2	0	0	1	0	0	0	0	0	0	0	0	0	0	0
PLoS One	2025-01-01	11495626	81907	7489	1	0	0	0	0	0	2	1	0	0	1	3	0	0	0	0	7	0	0	0	0	1	0	0	0	0	0	0	0	0	0	0	0	0
PLoS One	2025-01-01	11493251	205275	20153	0	5	1	1	0	0	1	35	0	0	4	1	0	0	0	0	36	0	0	0	0	0	2	0	0	0	0	0	0	0	0	0	0	0
PLoS One	2025-01-01	11493272	88753	6535	0	2	1	3	0	0	0	0	0	0	1	1	0	0	0	0	19	0	0	0	0	0	0	0	0	0	0	0	0	0	0	0	0	0
PLoS One	2025-01-01	11495602	217808	16636	0	12	1	5	0	0	2	5	0	0	2	0	0	0	0	0	35	0	0	5	0	0	1	1	0	0	0	0	0	0	0	0	0	0
PLoS One	2025-01-01	11495595	172826	14055	1	2	0	3	0	0	0	1	0	1	6	0	0	0	0	0	17	0	0	0	0	0	0	0	0	0	0	0	0	0	0	0	0	0
PLoS One	2025-01-01	11495586	256662	25769	1	13	0	2	0	2	1	0	0	3	0	0	0	2	0	0	63	0	0	0	0	0	0	0	0	0	0	0	0	0	0	0	0	0
PLoS One	2025-01-01	11495579	82150	6764	0	2	0	4	0	0	1	2	0	0	0	4	0	0	0	0	12	0	0	0	0	0	0	0	0	0	0	0	0	0	0	0	0	0
PLoS One	2025-01-01	11495573	152291	14962	0	4	0	4	0	0	3	2	0	0	2	6	0	0	0	0	85	0	0	1	0	0	2	0	0	0	0	0	0	0	0	0	0	0
PLoS One	2025-01-01	11495548	149721	14726	0	2	1	5	0	0	2	0	0	0	0	0	0	0	0	0	58	0	0	5	0	0	0	0	1	0	0	0	0	5	0	0	0	0
PLoS One	2025-01-01	11493271	166875	14333	0	6	0	4	0	0	0	4	0	0	4	1	0	0	0	0	14	0	0	0	0	0	1	0	0	0	0	0	0	0	0	0	0	0
PLoS One	2025-01-01	11495580	199887	18854	0	18	3	0	0	0	0	0	0	9	7	3	0	0	0	0	82	0	0	0	0	0	0	0	1	0	0	0	0	0	0	0	0	0
PLoS One	2025-01-01	11495614	209523	16735	0	5	0	4	0	0	7	0	0	0	1	2	0	0	0	0	67	0	0	0	0	0	0	0	0	0	0	0	0	0	0	0	0	0
PLoS One	2025-01-01	11495553	147482	12132	0	2	1	2	0	0	7	1	0	0	4	0	0	0	0	0	37	0	0	1	0	0	1	0	0	0	0	0	0	0	0	0	0	0
PLoS One	2025-01-01	11493268	259692	20040	0	24	0	0	0	0	9	5	0	0	4	3	0	0	0	0	49	0	2	6	0	0	1	0	0	0	0	0	0	0	0	0	0	0
PLoS One	2025-01-01	11495562	204411	10169	0	10	0	0	0	0	0	0	0	0	2	0	0	0	0	0	24	0	0	1	0	0	0	0	0	0	0	0	0	0	0	0	0	0
PLoS One	2025-01-01	11495641	103256	10635	0	1	1	0	0	0	4	1	0	15	1	8	0	0	0	0	46	0	0	12	0	0	0	0	0	0	0	0	0	0	0	0	0	0
PLoS One	2025-01-01	11493275	104820	8514	0	5	0	2	0	0	3	0	0	0	31	2	0	0	0	0	24	0	0	0	0	0	2	0	0	0	0	0	0	0	0	0	0	0
PLoS One	2025-01-01	11495549	122232	10147	0	2	0	3	0	0	1	1	0	1	2	1	0	0	0	0	25	0	0	1	0	1	1	0	0	0	0	0	0	1	0	0	0	0
PLoS One	2025-01-01	11527152	188523	18703	0	4	0	6	0	0	1	5	0	1	13	2	0	0	2	0	74	0	0	5	0	0	2	0	1	0	0	0	1	0	0	3	0	0
PLoS One	2025-01-01	11527283	228956	23996	0	6	0	3	0	0	12	0	0	0	0	0	0	0	0	0	58	0	0	9	0	0	0	0	0	0	0	0	0	0	0	0	0	0
PLoS One	2025-01-01	11527296	188303	17932	0	42	0	1	0	0	5	17	0	0	0	2	0	0	2	0	69	0	0	0	0	0	1	9	0	0	0	0	0	0	0	0	0	0
PLoS One	2025-01-01	11527456	92749	9071	0	5	0	5	0	0	0	1	0	0	4	6	0	0	3	0	13	0	2	0	0	0	1	1	0	2	0	0	1	1	0	0	0	0
PLoS One	2025-01-01	11527153	124206	9916	0	2	0	2	0	0	2	0	0	2	4	2	0	0	2	0	53	0	0	3	2	0	2	0	1	0	0	0	0	0	0	0	0	0
PLoS One	2025-01-01	11530052	73193	7560	0	2	3	7	0	0	0	1	0	3	2	0	0	0	0	0	49	0	0	1	0	0	2	0	0	0	2	0	0	0	1	0	0	0
PLoS One	2025-01-01	11527275	179109	14177	0	2	2	9	0	0	4	4	0	12	0	5	0	0	0	0	39	0	0	1	0	0	0	0	0	0	0	0	0	0	0	0	0	0
PLoS One	2025-01-01	11530077	202867	17660	4	3	1	1	0	0	7	9	0	0	18	1	0	0	0	0	16	0	0	5	0	1	1	0	0	0	0	0	0	1	1	1	0	0
PLoS One	2025-01-01	11527300	143027	11248	0	4	0	0	0	0	0	0	0	1	2	0	0	0	0	0	18	0	0	0	0	0	0	0	0	0	0	0	0	0	0	0	0	0
PLoS One	2025-01-01	11530016	117514	9197	0	1	0	0	0	0	0	0	0	4	1	1	0	0	0	0	20	0	0	0	0	0	0	0	0	0	0	0	1	0	0	0	0	0
PLoS One	2025-01-01	11527305	108498	9298	0	3	0	12	0	0	0	0	0	0	0	3	0	0	0	0	25	0	0	3	0	0	0	0	0	0	0	0	0	0	0	0	0	0
PLoS One	2025-01-01	11530048	196969	15697	0	17	0	12	0	0	0	0	0	0	14	10	0	0	2	0	94	0	0	0	0	0	3	0	1	0	0	0	0	0	0	0	0	0
PLoS One	2025-01-01	11530040	145091	13324	3	8	3	4	0	0	3	2	0	0	0	5	0	0	2	0	63	0	0	7	0	0	2	0	0	0	0	0	1	0	0	1	0	0
PLoS One	2025-01-01	11530019	161822	13046	0	7	0	2	0	1	0	0	0	0	0	1	0	0	0	0	23	0	0	0	0	0	0	0	1	0	0	0	0	0	0	0	0	0
PLoS One	2025-01-01	11527306	116348	11726	0	6	1	2	0	0	0	1	0	0	0	1	0	0	0	0	39	0	0	0	0	0	0	0	0	0	0	0	0	0	0	0	0	0
PLoS One	2025-01-01	11530087	79332	6992	0	3	0	3	0	0	0	0	0	0	3	2	0	0	0	0	62	0	0	0	0	0	0	0	0	0	0	0	0	0	0	0	0	0
PLoS One	2025-01-01	11530002	43753	3581	0	6	2	1	0	0	1	2	0	0	0	2	0	0	1	0	45	0	0	0	0	0	1	0	0	0	0	0	0	0	0	0	0	0
PLoS One	2025-01-01	11530074	10308	894	0	0	0	0	0	0	0	0	0	0	0	0	0	0	0	0	0	0	0	0	0	0	0	0	0	0	0	0	0	0	0	0	0	0
PLoS One	2025-01-01	11527313	164788	16561	0	7	1	0	0	0	3	1	0	10	1	5	0	0	0	0	54	0	0	9	0	0	0	0	1	0	0	0	0	0	0	0	0	0
PLoS One	2025-01-01	11530049	100049	8717	0	1	0	1	0	0	0	3	0	4	0	4	0	0	0	0	54	0	0	1	0	2	0	0	0	0	0	0	1	0	0	0	0	0
PLoS One	2025-01-01	11530057	77603	6052	1	4	1	1	0	0	2	0	0	0	2	1	0	0	0	0	42	0	0	1	0	0	0	2	0	0	0	0	0	0	0	1	0	0
PLoS One	2025-01-01	11530011	135274	11511	0	3	0	3	0	0	1	2	0	0	3	1	0	0	0	0	42	0	0	3	0	0	1	0	0	0	0	0	0	0	0	0	0	0
PLoS One	2025-01-01	11527244	160499	16274	0	11	0	7	0	0	2	0	0	0	1	1	0	0	0	0	74	0	0	5	0	0	1	0	1	0	2	0	0	0	0	0	0	1
PLoS One	2025-01-01	11527161	193206	16647	0	11	1	0	0	0	4	4	0	0	2	0	0	0	1	0	62	0	0	0	0	0	6	0	0	0	0	0	0	0	0	0	0	0
PLoS One	2025-01-01	11530068	188485	17859	0	1	1	3	0	0	1	5	0	0	8	2	1	0	1	0	52	0	0	1	0	0	0	0	0	0	0	0	0	0	0	0	0	0
PLoS One	2025-01-01	11548836	104722	7831	0	10	0	1	0	0	2	2	0	1	1	0	0	0	0	2	40	0	1	1	0	0	0	1	0	0	0	0	0	0	0	0	0	0
PLoS One	2025-01-01	11548837	4637	320	0	0	0	0	0	0	0	0	0	0	0	0	0	0	0	0	3	0	0	0	0	0	0	0	0	0	0	0	0	0	0	0	0	0
PLoS One	2025-01-01	11548835	69402	5449	0	1	1	0	0	0	2	0	0	0	0	0	0	0	0	0	4	0	0	0	0	0	0	0	0	0	0	0	0	0	0	0	0	0
PLoS One	2025-01-01	11548753	97860	7797	0	8	0	5	0	0	1	0	0	0	12	4	0	0	0	0	29	0	0	0	0	0	0	0	0	0	0	0	0	0	0	0	0	0
PLoS One	2025-01-01	11548843	216510	18644	0	27	0	3	0	0	10	16	0	0	0	18	0	0	0	0	141	0	0	11	0	5	3	0	0	0	0	0	1	0	0	0	0	0
PLoS One	2025-01-01	11542875	193301	16773	0	3	1	2	0	0	3	4	0	0	0	2	0	0	1	0	42	0	0	0	0	0	0	0	0	0	0	0	0	0	0	0	0	0
PLoS One	2025-01-01	11548739	172723	17340	0	18	2	4	0	0	15	2	0	0	1	7	0	0	0	0	84	0	0	0	0	0	7	0	0	0	0	0	0	0	0	0	1	4
PLoS One	2025-01-01	11542788	106277	7944	0	6	0	0	0	1	0	5	0	0	0	1	0	0	0	0	14	0	0	3	0	0	0	0	0	0	0	0	0	0	0	0	0	0
PLoS One	2025-01-01	11542866	122092	9637	0	4	0	0	0	0	2	0	0	0	0	0	0	0	0	0	21	0	0	0	0	0	1	0	0	0	0	0	0	0	0	0	0	0
PLoS One	2025-01-01	11542779	112063	10265	0	17	1	1	1	0	1	1	0	0	2	5	0	0	2	1	65	0	0	0	0	0	2	0	0	0	0	0	0	0	0	1	0	0
PLoS One	2025-01-01	11548728	119183	12140	0	11	0	2	0	0	1	0	0	0	1	0	0	0	0	0	78	0	0	5	0	0	1	1	0	0	0	0	0	0	0	0	0	0
PLoS One	2025-01-01	11542859	111093	8689	0	10	0	8	0	0	9	2	0	0	3	0	0	0	0	0	41	0	0	0	0	0	0	0	0	0	0	0	0	0	0	0	0	0
PLoS One	2025-01-01	11542814	5448	343	0	0	0	0	0	0	0	0	0	0	0	0	0	0	0	0	3	0	0	0	0	0	0	0	0	0	0	0	0	0	0	0	0	0
PLoS One	2025-01-01	11548721	161309	17329	0	2	2	1	0	0	7	8	0	0	0	1	0	0	0	0	77	0	0	7	0	0	4	0	0	0	0	0	0	0	0	0	0	0
PLoS One	2025-01-01	11542835	123284	10472	0	10	0	12	0	0	1	6	0	0	5	1	0	0	0	0	35	0	0	2	0	0	0	0	0	0	0	0	0	0	0	0	0	0
PLoS One	2025-01-01	11548723	119940	9246	0	2	0	7	0	0	1	0	0	0	0	0	0	0	0	0	47	0	0	1	0	0	14	0	0	0	0	0	0	0	0	0	0	0
PLoS One	2025-01-01	11548832	105064	8186	1	27	0	5	0	0	2	3	0	0	0	1	0	0	1	1	77	0	0	0	0	0	1	1	0	0	0	0	0	0	0	0	0	0
PLoS One	2025-01-01	11548783	147686	13492	0	5	1	4	0	0	3	1	0	0	2	4	0	0	0	0	50	0	0	10	0	0	1	0	0	0	0	0	0	0	1	1	0	0
PLoS One	2025-01-01	11542816	131182	11708	2	3	3	2	0	0	1	11	0	0	0	3	0	0	0	0	57	0	0	1	0	0	4	0	0	0	0	0	0	0	0	0	0	0
PLoS One	2025-01-01	11542862	234119	19790	0	27	1	1	0	0	1	2	0	6	11	9	0	0	0	0	35	1	0	3	0	0	0	0	2	0	0	0	0	0	0	0	0	0
PLoS One	2025-01-01	11548738	129461	11675	0	10	0	2	0	0	6	1	0	0	2	1	0	0	0	0	12	0	0	1	0	0	1	0	2	0	0	0	0	0	2	0	0	0
PLoS One	2025-01-01	11548750	299231	28475	0	6	1	17	3	0	8	16	0	2	0	0	0	1	0	0	268	0	0	5	0	2	4	5	3	0	0	0	0	0	0	0	0	0
PLoS One	2025-01-01	11542824	100982	8724	2	13	0	0	0	0	4	3	0	0	2	4	0	0	0	0	29	0	0	5	0	0	1	0	1	0	0	0	0	0	0	0	0	0
PLoS One	2025-01-01	11548735	188474	15641	0	9	2	2	0	0	0	0	0	3	3	0	0	0	12	0	37	0	0	2	0	0	1	0	0	0	0	0	2	0	0	0	0	0
PLoS One	2025-01-01	11542847	121639	11334	0	2	0	0	0	0	0	0	0	3	4	3	0	0	0	0	32	0	0	0	0	0	0	0	0	0	0	0	0	0	0	0	0	0
PLoS One	2025-01-01	11567549	116560	9848	0	2	0	0	0	0	4	1	0	0	0	2	0	0	0	0	8	0	0	2	0	2	1	0	0	0	0	0	0	0	0	0	0	0
PLoS One	2025-01-01	11563483	7202	649	0	0	0	0	0	0	0	0	0	0	0	0	0	0	0	0	0	0	0	0	0	0	0	0	0	0	0	0	0	0	0	0	0	0
PLoS One	2025-01-01	11567528	147123	11858	0	15	0	0	0	0	1	0	0	0	2	3	0	0	0	0	25	0	0	0	0	0	0	0	0	0	0	0	0	0	0	0	0	0
PLoS One	2025-01-01	11567592	131858	12128	0	9	0	0	0	0	2	1	0	1	1	0	0	0	0	0	85	0	0	1	0	0	1	3	0	0	0	0	0	0	0	0	0	0
PLoS One	2025-01-01	11567553	204437	17149	0	15	0	5	0	0	7	4	0	0	0	3	0	0	0	0	22	0	0	1	0	0	0	0	0	0	0	0	0	0	1	0	0	0
PLoS One	2025-01-01	11567539	82817	6741	0	3	0	3	0	1	2	15	0	0	1	2	0	0	0	0	14	0	0	0	0	0	0	0	0	0	0	0	0	0	0	0	0	0
PLoS One	2025-01-01	11563379	154232	13018	0	6	0	2	0	0	0	0	0	0	11	2	0	0	0	0	71	0	0	0	0	0	0	0	0	0	0	0	0	0	0	0	0	0
PLoS One	2025-01-01	11563416	121860	10286	0	0	1	2	0	0	2	0	0	2	3	3	0	0	1	0	24	0	0	1	0	0	0	0	0	0	0	0	0	0	0	0	0	0
PLoS One	2025-01-01	11567639	113093	8797	0	0	1	0	0	0	3	0	0	0	0	0	0	0	1	0	47	0	0	1	0	0	0	0	0	0	0	0	0	0	0	0	0	0
PLoS One	2025-01-01	11563441	63430	5060	0	8	0	0	0	0	0	3	0	0	3	1	0	0	1	0	46	0	0	1	0	0	0	0	0	0	0	0	0	0	0	1	0	0
PLoS One	2025-01-01	11567552	181978	15022	0	3	1	7	0	0	2	1	0	0	3	3	0	0	0	0	18	0	0	2	0	0	0	1	0	0	0	0	1	0	0	0	0	0
PLoS One	2025-01-01	11567524	125880	11395	0	9	1	4	0	0	2	0	0	0	1	1	0	0	0	0	51	0	0	0	0	0	1	0	0	0	0	0	0	0	0	0	0	0
PLoS One	2025-01-01	11563414	7108	435	0	0	0	0	0	0	0	0	0	0	0	0	0	0	0	0	0	0	0	0	0	0	0	0	0	0	0	0	0	0	0	0	0	0
PLoS One	2025-01-01	11567522	218176	17792	4	6	1	0	0	0	7	2	0	0	1	5	0	0	1	0	67	0	1	6	0	0	1	0	0	0	0	0	0	0	0	1	0	0
PLoS One	2025-01-01	11567615	5815	378	0	0	0	0	0	0	0	0	0	0	0	0	0	0	0	0	4	0	0	0	0	0	0	0	0	0	0	0	0	0	0	0	0	0
PLoS One	2025-01-01	11567628	4850	303	0	0	0	0	0	0	0	0	0	0	0	0	0	0	0	0	0	0	0	0	0	0	0	0	0	0	0	0	0	0	0	0	0	0
PLoS One	2025-01-01	11563425	65429	6929	0	9	0	0	0	0	0	0	0	0	0	4	0	0	0	0	29	0	0	2	0	0	0	0	0	0	0	0	0	0	0	0	0	0
PLoS One	2025-01-01	11567558	166502	14234	0	5	1	3	0	0	0	2	0	1	0	6	0	0	0	0	20	0	0	0	0	0	0	0	0	0	0	0	0	0	0	0	0	0
PLoS One	2025-01-01	11567533	287683	27887	0	4	1	3	0	0	5	0	0	9	15	0	0	0	0	0	133	0	0	5	0	1	4	0	2	0	0	0	0	2	0	0	1	1
PLoS One	2025-01-01	11567635	183579	17346	1	10	0	4	0	0	9	1	0	21	0	2	0	0	1	0	43	0	0	6	0	0	0	0	0	0	0	0	0	0	0	0	0	0
PLoS One	2025-01-01	11567550	273539	27214	0	11	2	4	0	0	0	2	0	0	9	12	0	0	4	0	172	0	0	6	0	0	3	0	0	0	0	0	0	0	0	1	0	0
PLoS One	2025-01-01	11567541	148617	13537	0	5	3	12	0	0	2	0	0	0	3	1	0	0	0	0	48	0	0	2	0	0	0	0	0	0	0	0	0	0	0	1	0	0
PLoS One	2025-01-01	11567530	148339	12056	1	4	1	4	0	0	1	1	0	0	0	8	0	0	0	0	16	0	1	0	0	0	0	0	0	0	0	0	0	0	0	0	0	0
PLoS One	2025-01-01	11567544	150931	12452	1	13	0	1	0	0	0	1	0	0	2	4	0	0	0	1	21	0	0	0	0	0	0	0	0	0	0	0	0	0	0	0	0	0
PLoS One	2025-01-01	11567568	169619	13420	0	2	0	1	0	0	3	3	0	0	0	1	0	0	0	0	31	0	0	1	0	0	0	0	0	0	0	0	0	0	0	0	0	0
PLoS One	2025-01-01	11584117	157525	12061	0	11	0	14	0	0	7	3	0	0	3	2	0	0	0	0	62	0	0	1	0	0	0	0	0	0	0	0	0	0	0	0	0	0
PLoS One	2025-01-01	11581313	122042	10647	0	1	0	0	0	0	0	3	0	2	1	1	0	0	0	0	18	0	0	0	0	0	0	1	0	0	0	0	0	0	0	0	0	0
PLoS One	2025-01-01	11584119	86821	7495	0	1	1	1	0	0	0	2	0	0	0	0	0	0	0	0	27	0	0	0	0	0	0	0	3	1	0	0	0	0	0	0	0	0
PLoS One	2025-01-01	11581238	122543	10568	0	12	0	7	0	0	3	1	0	2	0	1	0	0	0	0	50	0	0	4	0	0	1	0	0	0	0	0	0	0	0	0	0	0
PLoS One	2025-01-01	11584088	194711	18752	0	12	0	5	0	0	12	4	0	0	4	0	0	0	0	1	63	0	0	6	0	1	2	0	2	0	0	0	1	2	0	0	0	6
PLoS One	2025-01-01	11584081	190089	17332	2	9	1	0	0	0	3	2	0	0	1	0	0	0	0	1	38	0	0	3	0	0	3	0	3	0	0	0	0	1	0	0	0	2
PLoS One	2025-01-01	11584084	246016	22541	0	25	2	1	0	0	4	0	0	0	1	2	0	0	2	0	29	0	0	3	0	0	7	1	0	0	0	0	2	0	0	0	0	0
PLoS One	2025-01-01	11584118	142304	14313	0	9	0	3	0	0	5	3	0	1	1	4	0	0	1	0	68	0	0	0	0	0	4	1	0	0	0	0	0	0	0	0	0	0
PLoS One	2025-01-01	11584115	108867	7263	0	0	0	0	0	0	0	0	0	0	0	0	0	0	0	0	12	0	0	0	0	0	0	0	0	0	0	0	0	0	0	0	0	0
PLoS One	2025-01-01	11584091	126270	11051	0	4	1	3	0	0	5	1	0	0	1	1	0	0	0	0	33	0	1	3	0	0	0	0	0	0	0	0	0	0	0	0	0	0
PLoS One	2025-01-01	11584128	155686	15957	0	8	2	3	0	0	4	1	0	0	8	1	0	0	0	0	77	0	0	3	0	0	3	0	2	0	0	0	0	0	0	0	0	0
PLoS One	2025-01-01	11584127	83187	5831	0	6	0	1	0	0	3	0	0	3	0	3	0	0	0	0	21	0	0	1	0	0	0	0	0	0	0	0	0	0	0	0	0	0
PLoS One	2025-01-01	11581278	197570	19707	0	3	3	0	0	0	0	0	0	2	1	0	0	0	2	0	97	0	0	0	0	0	8	0	0	0	0	0	1	1	0	0	0	0
PLoS One	2025-01-01	11584072	75493	6121	0	0	2	0	0	0	0	0	0	3	1	3	0	0	0	0	7	0	0	7	0	0	1	0	0	0	0	0	0	0	0	0	0	0
PLoS One	2025-01-01	11584083	142557	11839	0	4	0	0	0	0	0	6	0	0	23	2	0	0	0	0	47	0	0	2	0	0	0	0	0	0	0	0	0	0	0	0	0	0
PLoS One	2025-01-01	11584120	61514	5585	0	1	1	9	0	0	1	1	0	0	0	2	0	0	1	0	70	0	0	0	0	0	0	0	1	0	0	0	0	0	0	0	0	0
PLoS One	2025-01-01	11584082	127071	11368	0	7	1	3	0	0	4	3	0	0	2	1	0	0	0	0	35	0	0	4	0	1	2	0	0	0	0	0	0	0	0	0	0	0
PLoS One	2025-01-01	11581220	164856	12277	0	18	1	5	0	0	6	0	0	0	5	1	0	0	0	0	121	0	0	0	0	0	1	1	0	0	0	0	0	0	0	1	0	0
PLoS One	2025-01-01	11581331	134094	6714	0	4	0	1	0	0	0	2	0	0	0	2	0	0	0	0	12	0	0	0	0	0	0	0	0	0	1	0	0	2	0	0	0	0
PLoS One	2025-01-01	11584125	80764	6842	0	6	0	1	0	2	0	0	0	0	0	0	0	0	0	0	32	0	0	0	0	0	0	0	2	0	0	0	0	0	0	0	0	0
PLoS One	2025-01-01	11584143	169891	13627	0	5	1	3	0	0	3	4	0	0	3	6	0	0	1	0	50	0	0	1	0	0	1	0	0	0	0	0	0	0	0	0	0	0
PLoS One	2025-01-01	11584134	311601	26419	2	59	1	3	0	0	2	1	0	0	1	11	0	0	1	0	22	0	0	4	0	0	2	0	1	0	0	0	0	0	0	0	0	0
PLoS One	2025-01-01	11581249	8424	587	0	0	0	0	0	0	0	0	0	0	0	0	0	0	0	0	0	0	0	0	0	0	0	0	0	0	0	0	0	0	0	0	0	0
PLoS One	2025-01-01	11581200	5519	358	0	0	0	0	0	0	0	0	0	0	0	0	0	0	0	0	0	0	0	0	0	0	0	0	0	0	0	0	0	0	0	0	0	0
PLoS One	2025-01-01	11581198	9911	896	0	0	0	0	0	0	0	0	0	0	0	0	0	0	0	0	1	0	0	0	0	0	0	0	0	0	0	0	0	0	0	0	0	0
PLoS One	2025-01-01	11602038	158710	12469	0	14	1	7	0	0	2	0	0	2	1	7	0	0	2	0	47	0	0	0	0	0	4	0	0	0	0	0	0	0	0	0	0	0
PLoS One	2025-01-01	11602077	149534	11468	0	12	0	1	0	0	0	4	0	4	2	1	0	0	0	0	34	0	0	1	0	0	0	0	0	0	0	0	0	0	0	0	0	0
PLoS One	2025-01-01	11602116	67115	5298	0	5	0	3	0	0	0	9	0	0	0	1	0	0	0	0	38	0	0	0	0	0	0	0	0	0	0	0	0	0	0	0	0	0
PLoS One	2025-01-01	11602103	227494	20321	0	15	0	1	0	0	1	8	0	0	5	4	1	0	0	0	49	0	0	4	0	0	0	0	0	0	0	0	0	1	1	0	1	0
PLoS One	2025-01-01	11602071	247305	20798	0	5	0	0	0	0	4	7	0	0	16	0	0	0	0	0	36	0	0	1	0	1	0	0	0	0	0	0	0	0	0	0	0	0
PLoS One	2025-01-01	11594400	127984	12157	0	3	0	2	0	0	1	2	0	0	5	1	0	0	2	0	36	0	0	0	0	0	0	0	0	0	0	0	0	0	0	0	0	0
PLoS One	2025-01-01	11594425	140053	13012	0	3	1	0	0	0	4	1	0	2	0	5	0	0	0	0	51	0	1	1	0	0	0	0	0	0	0	0	0	0	0	0	0	0
PLoS One	2025-01-01	11594398	160607	14269	0	21	0	10	0	0	4	5	0	2	3	8	0	0	0	0	63	0	0	1	0	0	2	0	0	0	0	0	0	0	1	0	0	0
PLoS One	2025-01-01	11602079	113383	11100	0	3	0	2	0	0	0	6	0	0	2	3	0	0	0	0	55	0	0	2	0	0	29	0	0	0	0	1	0	3	0	0	0	0
PLoS One	2025-01-01	11602046	131064	11989	0	4	2	0	0	0	0	1	0	0	4	1	0	0	0	0	18	0	0	2	0	0	0	0	0	0	0	0	0	0	0	0	0	0
PLoS One	2025-01-01	11594513	204115	20457	0	24	0	0	0	1	1	1	0	0	2	0	0	0	0	0	15	0	0	7	0	0	3	0	0	0	0	0	0	1	2	0	0	1
PLoS One	2025-01-01	11602037	127140	10850	0	7	1	2	0	0	4	4	0	0	0	1	0	0	0	0	49	0	0	1	0	0	1	0	1	0	0	0	1	0	0	0	0	0
PLoS One	2025-01-01	11594514	130487	11243	0	1	0	0	0	0	3	13	0	1	3	5	0	0	0	0	37	0	0	1	0	0	0	0	1	0	0	0	0	0	0	0	0	0
PLoS One	2025-01-01	11593761	98698	7789	0	1	0	1	0	0	0	1	0	0	0	3	0	0	0	0	29	0	0	0	0	0	0	0	0	0	0	0	1	2	0	0	0	0
PLoS One	2025-01-01	11602204	4925	335	0	0	0	0	0	0	0	0	0	0	0	0	0	0	0	0	1	0	0	0	0	0	0	0	0	0	0	0	0	0	0	0	0	0
PLoS One	2025-01-01	11602100	133386	11379	0	12	0	3	0	0	0	1	0	0	1	0	0	0	0	0	47	0	0	0	0	0	1	0	0	0	0	0	0	0	0	0	0	0
PLoS One	2025-01-01	11602090	115219	10362	0	1	0	7	0	0	1	1	0	1	2	4	0	0	0	0	60	0	0	3	0	0	4	0	0	0	0	0	0	0	0	0	0	0
PLoS One	2025-01-01	11602080	92449	6781	0	7	0	4	0	0	3	2	0	1	2	1	0	0	0	0	16	0	0	0	0	0	0	0	0	0	0	0	0	0	0	0	0	0
PLoS One	2025-01-01	11594401	164917	16368	0	3	0	1	0	1	3	2	0	0	0	1	0	0	0	0	28	0	0	2	0	0	1	0	0	0	0	0	0	0	0	0	0	0
PLoS One	2025-01-01	11594414	187196	14725	0	15	0	1	0	0	4	4	0	1	2	3	0	0	0	0	15	0	0	4	0	0	0	1	0	0	0	0	0	0	0	0	0	0
PLoS One	2025-01-01	11602025	106831	8828	0	21	0	0	0	0	1	0	0	0	0	8	0	0	0	0	21	0	0	0	0	0	0	2	0	0	0	0	0	0	0	0	0	0
PLoS One	2025-01-01	11594415	219112	19579	0	14	1	4	0	0	1	0	0	0	2	3	0	0	0	0	65	0	0	2	0	0	0	6	0	0	0	0	0	0	0	1	0	1
PLoS One	2025-01-01	11602095	137716	11531	0	2	1	2	0	0	12	2	0	1	1	6	0	0	1	0	61	0	0	3	0	0	2	2	1	0	0	0	0	0	0	0	1	0
PLoS One	2025-01-01	11602088	189731	18558	0	15	1	0	0	0	7	2	0	1	10	4	0	0	1	0	66	0	0	7	0	1	4	0	3	0	0	0	0	0	0	0	0	0
PLoS One	2025-01-01	11602084	139727	13236	0	5	5	1	0	0	1	0	0	0	11	0	0	0	0	0	77	0	0	2	0	0	4	0	0	0	0	0	0	0	0	0	0	0
PLoS One	2025-01-01	11620678	105639	8928	0	10	0	1	0	0	1	0	0	1	5	2	0	0	1	0	34	0	0	0	0	0	0	0	0	0	0	0	0	0	0	0	0	0
PLoS One	2025-01-01	11623487	102137	10081	0	0	0	1	0	0	2	0	0	1	6	2	0	0	0	0	17	0	0	0	0	0	0	0	0	0	0	0	0	0	0	0	0	0
PLoS One	2025-01-01	11623474	168711	13801	0	1	0	0	0	0	1	7	0	3	2	6	0	0	1	0	84	0	0	0	0	1	1	0	0	0	0	0	0	1	0	0	0	0
PLoS One	2025-01-01	11620657	129051	8202	0	8	0	0	0	0	3	3	0	0	0	4	0	1	0	0	13	0	0	7	0	2	0	0	0	0	0	0	0	0	1	0	0	0
PLoS One	2025-01-01	11623553	148572	11641	1	9	0	8	0	0	3	4	0	0	5	3	0	0	0	0	97	0	0	0	0	0	1	1	0	0	0	0	0	0	1	0	0	0
PLoS One	2025-01-01	11623478	256953	17066	0	25	2	1	0	0	5	4	0	0	0	3	0	0	0	1	41	0	0	1	0	4	0	0	0	0	0	0	1	0	0	0	0	0
PLoS One	2025-01-01	11623486	96260	8567	0	4	0	1	0	0	1	2	0	0	0	5	0	0	0	0	20	0	0	2	0	0	0	0	0	0	0	0	1	0	0	0	0	0
PLoS One	2025-01-01	11620646	165648	15105	0	5	1	5	0	0	1	1	0	0	0	1	0	0	0	0	107	0	0	0	0	0	4	0	0	0	0	0	0	0	0	0	0	0
PLoS One	2025-01-01	11620559	10322	725	0	0	0	0	0	0	0	0	0	0	0	0	0	0	0	0	0	0	0	0	0	0	0	0	0	0	0	0	0	0	0	0	0	0
PLoS One	2025-01-01	11623472	148918	12428	0	0	0	2	0	0	1	1	0	2	0	2	0	0	0	0	29	0	0	0	0	0	0	0	1	0	0	0	0	0	0	0	0	0
PLoS One	2025-01-01	11620674	147114	14134	0	6	0	4	0	0	4	0	0	0	8	4	0	0	0	0	48	0	0	1	0	0	4	0	0	0	0	0	0	0	0	0	0	0
PLoS One	2025-01-01	11623559	145124	11871	0	1	0	0	0	0	3	3	0	0	18	15	0	0	1	0	81	0	0	1	0	0	1	0	0	0	0	0	0	0	0	2	0	0
PLoS One	2025-01-01	11623805	81348	6770	0	8	0	2	0	0	0	0	0	0	0	0	0	0	1	0	31	0	0	1	0	0	0	0	0	0	0	0	0	0	0	0	0	0
PLoS One	2025-01-01	11620564	8492	542	0	0	0	0	0	0	0	0	0	0	0	0	0	0	0	0	0	0	0	0	0	0	0	0	0	0	0	0	0	0	0	0	0	0
PLoS One	2025-01-01	11623476	4777	306	0	0	0	0	0	0	0	0	0	0	0	0	0	0	0	0	3	0	0	0	0	0	0	0	0	0	0	0	0	0	0	0	0	0
PLoS One	2025-01-01	11623465	186905	17015	1	12	5	4	0	0	10	15	0	0	0	4	0	0	2	0	66	0	0	8	0	0	1	0	2	0	0	0	0	0	0	0	0	0
PLoS One	2025-01-01	11623803	209716	19863	0	30	2	5	0	0	4	8	0	0	7	12	0	1	0	0	56	0	0	5	0	0	1	0	1	0	0	0	0	0	0	0	0	0
PLoS One	2025-01-01	11623463	172481	17537	0	3	0	2	0	0	5	2	0	2	0	0	0	0	0	0	91	0	0	0	0	0	3	0	0	0	0	0	0	3	0	0	0	0
PLoS One	2025-01-01	11623556	115103	10268	0	0	0	0	0	1	0	0	0	0	0	4	0	0	0	0	26	0	0	0	0	0	0	0	0	0	0	0	0	0	0	0	0	0
PLoS One	2025-01-01	11620560	7940	538	0	0	0	0	0	0	0	0	0	0	0	0	0	0	0	0	0	0	0	0	0	0	0	0	0	0	0	0	0	0	0	0	0	0
PLoS One	2025-01-01	11623794	149630	14746	0	10	1	4	0	0	0	1	0	0	6	1	0	0	1	0	63	0	0	0	0	0	0	0	0	0	0	0	0	1	0	0	0	0
PLoS One	2025-01-01	11620558	202057	19445	1	3	0	4	1	0	2	2	0	0	13	4	0	0	1	0	31	0	1	6	0	0	0	0	2	0	0	0	2	0	0	0	0	0
PLoS One	2025-01-01	11620606	158719	11844	0	6	1	8	0	0	3	2	0	0	31	4	0	1	0	0	20	0	0	4	0	0	0	0	0	0	0	0	0	0	0	1	0	0
PLoS One	2025-01-01	11623457	222978	18269	0	8	1	0	0	0	4	0	0	0	14	3	0	0	0	0	25	0	0	1	0	0	0	0	0	0	0	0	6	0	0	0	0	2
PLoS One	2025-01-01	11620669	154524	12512	0	2	1	3	0	0	2	4	0	1	0	3	0	1	0	0	47	0	0	3	0	0	0	0	0	0	0	0	0	0	0	0	0	0
PLoS One	2025-01-01	11642913	253607	23526	3	9	1	2	0	0	13	11	0	0	19	7	0	0	2	0	101	0	0	1	0	1	0	1	0	0	0	0	0	0	2	0	0	0
PLoS One	2025-01-01	11642988	133989	13915	0	9	0	2	0	0	2	2	0	0	9	1	0	0	0	0	74	0	0	0	0	0	3	0	0	0	0	0	0	0	0	0	0	0
PLoS One	2025-01-01	11630608	164314	17855	0	5	4	4	0	0	2	7	0	0	3	2	0	0	3	0	23	0	0	5	0	0	2	0	1	0	0	0	1	0	0	0	0	0
PLoS One	2025-01-01	11642966	111766	8886	0	11	0	0	0	0	0	0	0	0	1	3	0	0	0	0	13	0	0	1	0	0	0	0	0	0	0	0	0	0	0	0	0	0
PLoS One	2025-01-01	11642908	100750	8001	0	6	0	3	0	0	5	1	0	1	1	2	0	0	6	0	16	0	0	15	0	2	0	0	0	0	0	0	0	0	0	0	0	0
PLoS One	2025-01-01	11630588	150690	11871	0	14	0	6	0	0	5	2	0	0	0	7	0	0	0	0	9	0	1	1	0	0	0	0	0	0	0	0	0	0	0	0	1	0
PLoS One	2025-01-01	11630568	6082	457	0	0	0	0	0	0	0	0	0	0	0	0	0	0	0	0	0	0	0	0	0	0	0	0	0	0	0	0	0	0	0	0	0	0
PLoS One	2025-01-01	11643264	7037	617	0	0	1	0	0	0	0	0	0	0	0	0	0	0	0	0	0	0	0	0	0	0	0	0	0	0	0	1	0	0	0	0	0	0
PLoS One	2025-01-01	11642993	81797	7375	0	5	0	0	0	0	0	3	0	0	2	0	0	0	0	0	10	0	0	2	0	0	0	0	1	0	0	0	0	0	0	0	0	0
PLoS One	2025-01-01	11643000	331023	23961	1	11	0	2	0	0	0	1	0	0	27	6	0	0	4	0	34	0	0	2	0	0	0	0	0	0	0	0	0	0	1	0	0	3
PLoS One	2025-01-01	11630580	5031	323	0	3	0	0	0	0	0	0	0	0	0	0	0	0	0	0	3	0	0	0	0	0	0	0	0	0	0	0	0	0	0	0	0	0
PLoS One	2025-01-01	11642996	244060	21537	0	7	0	5	0	0	6	2	0	0	2	5	0	0	0	0	88	0	0	5	0	0	1	0	0	0	0	0	0	0	0	0	0	0
PLoS One	2025-01-01	11642971	95408	7208	1	11	0	3	0	0	5	1	0	0	1	5	0	0	0	1	24	0	0	1	0	0	0	0	0	0	0	0	0	0	0	0	0	0
PLoS One	2025-01-01	11630579	6090	451	0	0	0	0	0	0	0	0	0	0	0	0	0	0	0	0	4	0	0	0	0	0	0	0	0	0	0	0	0	0	0	0	0	0
PLoS One	2025-01-01	11643257	117807	11888	0	5	0	3	0	0	9	8	0	1	2	3	1	0	0	0	42	0	0	10	0	0	3	0	2	0	0	0	8	4	1	0	0	0
PLoS One	2025-01-01	11642982	124174	10106	0	5	0	6	0	0	0	0	0	4	0	0	0	0	0	0	61	0	0	1	0	0	1	0	0	0	0	0	0	0	0	0	0	0
PLoS One	2025-01-01	11630601	177840	16798	0	7	0	7	0	0	6	5	0	0	1	10	0	0	0	0	32	0	0	3	0	0	5	0	0	0	0	0	0	0	2	1	0	0
PLoS One	2025-01-01	11642967	183223	15397	3	5	0	1	0	0	2	2	0	0	3	2	0	0	0	0	27	0	0	1	0	0	0	0	0	0	0	0	0	0	0	0	0	0
PLoS One	2025-01-01	11630578	5229	351	0	0	0	0	0	0	0	0	0	0	0	0	0	0	0	0	0	0	0	0	0	0	0	0	0	0	0	0	0	0	0	0	0	0
PLoS One	2025-01-01	11630587	217299	21838	1	6	8	8	0	0	10	3	0	0	3	6	0	0	0	0	59	0	0	4	0	0	0	0	0	0	0	0	0	0	0	0	0	0
PLoS One	2025-01-01	11642941	6771	474	0	0	0	0	0	0	0	0	0	0	0	0	0	0	0	0	1	0	0	0	0	0	0	0	0	0	0	0	0	0	0	0	0	0
PLoS One	2025-01-01	11630597	142799	13780	0	22	0	2	0	0	8	2	0	0	10	2	0	0	1	0	49	0	0	2	0	0	0	0	0	12	0	0	0	1	0	0	0	0
PLoS One	2025-01-01	11642951	139264	10965	0	4	0	3	0	0	2	0	0	0	8	3	0	0	0	0	46	0	0	0	0	1	0	0	0	0	0	0	0	0	0	0	0	0
PLoS One	2025-01-01	11642934	123931	9431	0	6	0	0	0	0	0	0	0	1	5	3	0	0	1	0	41	0	0	3	0	0	1	0	0	0	0	0	0	0	0	0	0	0
PLoS One	2025-01-01	11642955	14645	1155	0	3	2	3	0	0	0	0	0	0	0	0	0	0	0	0	10	0	0	0	0	0	0	0	0	0	0	0	0	0	0	0	0	0
PLoS One	2025-01-01	11658611	172084	16986	0	6	1	0	0	0	4	1	0	2	0	6	0	0	1	0	45	0	0	1	0	0	1	0	0	0	0	0	0	0	0	0	0	0
PLoS One	2025-01-01	11661598	90578	7013	0	14	0	2	0	0	0	0	0	0	3	0	0	0	0	0	27	0	0	1	0	0	0	0	0	0	0	0	0	0	0	0	0	1
PLoS One	2025-01-01	11661653	508394	31515	2	3	0	4	0	0	1	7	0	1	39	6	0	0	0	0	25	0	0	4	0	1	4	0	0	0	0	0	0	0	0	0	0	0
PLoS One	2025-01-01	11658490	249360	13945	0	0	0	0	0	0	0	1	0	0	22	3	0	0	0	0	36	0	0	0	0	0	0	0	0	0	0	0	0	0	0	0	0	0
PLoS One	2025-01-01	11658579	145279	13094	0	5	0	0	0	0	0	1	0	0	1	4	0	0	0	0	72	0	0	0	0	0	1	1	0	0	0	0	0	0	0	0	0	0
PLoS One	2025-01-01	11661599	299650	23137	0	30	0	16	0	0	0	1	0	1	10	8	0	0	0	0	163	0	0	1	0	0	0	0	0	0	0	0	0	0	0	0	0	0
PLoS One	2025-01-01	11661603	91891	9313	0	6	0	7	0	0	2	0	0	0	0	1	0	0	1	0	56	0	0	4	0	0	3	3	0	0	0	0	0	0	0	0	0	1
PLoS One	2025-01-01	11658488	87478	8165	0	6	0	0	0	0	5	0	0	0	0	2	0	0	0	0	24	0	0	13	0	0	1	0	0	0	0	0	0	1	0	0	0	0
PLoS One	2025-01-01	11658525	152899	15308	1	11	3	2	0	0	6	7	0	0	0	2	0	0	0	0	35	0	0	2	0	0	0	0	0	0	0	0	0	0	0	0	0	0
PLoS One	2025-01-01	11661588	167212	16867	0	11	0	0	0	0	0	0	0	1	0	0	0	0	0	0	24	0	0	2	0	0	0	0	0	0	0	0	0	0	0	0	0	0
PLoS One	2025-01-01	11658516	132708	10070	0	3	0	2	0	0	9	0	0	0	2	6	0	0	0	0	51	0	0	2	0	0	3	0	0	0	0	0	0	0	0	0	0	0
PLoS One	2025-01-01	11658524	235641	23311	3	21	2	0	0	0	6	7	0	0	1	3	0	0	0	0	67	0	0	12	0	0	4	2	0	0	0	0	0	1	0	0	0	0
PLoS One	2025-01-01	11661638	133230	13161	3	15	0	1	0	0	7	0	0	2	3	1	0	0	1	0	9	0	1	10	0	0	3	1	4	0	0	0	0	0	0	0	0	0
PLoS One	2025-01-01	11658628	168703	14409	0	8	1	0	0	0	5	3	0	0	0	4	0	0	0	0	28	0	0	1	0	1	0	0	0	0	0	0	0	0	0	0	0	0
PLoS One	2025-01-01	11661600	148042	11142	0	1	0	5	0	0	0	2	0	0	10	1	0	0	0	0	12	0	0	0	0	0	0	0	0	0	0	0	0	0	0	0	0	0
PLoS One	2025-01-01	11658592	128646	12958	0	2	0	0	0	0	2	0	0	0	3	0	0	0	0	0	17	0	0	2	0	0	0	1	1	0	0	0	0	0	0	0	0	0
PLoS One	2025-01-01	11658510	90780	7830	0	6	1	3	0	0	0	0	0	1	0	1	0	1	1	0	10	0	1	0	0	0	0	0	0	0	0	0	0	0	0	0	0	0
PLoS One	2025-01-01	11661593	172010	15859	0	13	1	3	0	0	9	18	0	1	7	10	0	0	0	0	91	0	0	16	0	0	0	0	0	0	0	0	1	0	0	0	0	2
PLoS One	2025-01-01	11661643	212629	22379	0	1	3	1	0	0	5	0	0	0	0	0	0	0	1	0	18	0	0	8	0	0	3	0	1	0	0	0	0	1	0	2	0	0
PLoS One	2025-01-01	11661618	195041	18309	0	5	2	2	0	0	1	3	0	3	2	0	0	0	0	0	96	0	0	1	0	0	5	0	0	0	0	0	0	1	1	0	0	0
PLoS One	2025-01-01	11658631	102098	7762	0	1	0	4	0	0	8	2	0	0	1	2	0	0	1	0	49	0	0	5	0	0	1	0	0	0	0	0	0	0	0	0	0	0
PLoS One	2025-01-01	11661624	165258	14730	0	10	0	2	0	0	0	1	0	0	2	8	0	0	0	0	44	0	0	2	0	0	0	0	0	0	0	0	0	0	0	0	0	0
PLoS One	2025-01-01	11661627	94396	7086	0	2	0	1	0	0	3	5	0	0	0	5	0	0	0	0	20	0	0	1	0	0	0	0	0	0	0	0	0	0	0	0	0	0
PLoS One	2025-01-01	11661605	108765	8443	0	5	0	6	0	0	0	3	0	7	1	7	0	0	0	0	27	0	0	0	0	1	0	0	0	0	0	0	0	0	0	0	0	0
PLoS One	2025-01-01	11661644	167520	16224	2	5	5	6	0	1	8	7	0	0	0	1	0	0	0	0	33	0	0	11	0	0	0	0	0	0	0	0	0	0	0	0	0	0
PLoS One	2025-01-01	11805427	133069	10284	0	5	0	0	0	0	1	1	0	0	2	1	0	0	2	0	37	0	0	0	0	0	0	0	0	0	0	0	0	1	0	0	0	0
PLoS One	2025-01-01	11805379	289027	23689	0	25	1	10	0	0	5	0	0	0	5	2	0	0	0	0	38	0	0	3	0	0	1	5	0	0	0	0	0	1	0	0	0	0
PLoS One	2025-01-01	11805381	134543	12693	0	4	0	0	0	0	3	0	0	0	0	1	0	0	0	0	30	0	0	0	0	0	0	0	0	0	0	0	0	0	0	0	0	0
PLoS One	2025-01-01	11805441	263665	22633	0	3	0	0	0	1	0	1	0	0	7	9	0	0	0	1	12	0	1	0	0	0	0	0	0	0	0	0	1	0	0	2	0	0
PLoS One	2025-01-01	11805359	17483	1415	0	0	0	0	0	0	0	0	0	0	0	0	0	0	0	0	0	0	0	0	0	0	0	0	0	0	0	0	0	0	0	0	0	0
PLoS One	2025-01-01	11805429	147031	12427	0	7	0	10	0	0	2	0	0	2	2	0	0	0	1	0	40	0	0	2	0	0	2	0	1	0	0	0	0	0	0	0	0	0
PLoS One	2025-01-01	11801540	160934	12496	0	9	3	15	0	0	7	7	0	0	4	6	0	0	1	0	72	0	0	1	0	0	0	0	2	0	0	0	1	0	0	0	0	0
PLoS One	2025-01-01	11805448	106383	8052	0	7	0	0	0	0	3	0	0	0	0	4	0	0	0	0	11	0	0	0	0	0	0	0	0	0	0	0	0	2	0	0	0	0
PLoS One	2025-01-01	11805348	91249	8130	0	6	1	4	0	0	1	1	0	0	21	1	0	0	0	0	28	0	0	2	0	0	0	0	8	0	0	0	0	0	0	0	0	0
PLoS One	2025-01-01	11805401	217171	21112	0	3	0	1	0	0	4	3	0	0	2	7	0	0	2	0	49	0	0	3	0	0	1	0	0	0	1	0	1	0	0	2	0	0
PLoS One	2025-01-01	11805444	117504	8808	0	2	0	2	0	0	3	1	0	0	1	4	0	0	0	0	22	0	0	0	0	0	0	0	0	0	0	0	0	0	0	0	0	0
PLoS One	2025-01-01	11805398	158250	14151	0	8	1	8	0	2	1	0	0	10	3	10	0	1	0	0	19	0	0	2	0	0	1	0	0	0	0	0	0	1	0	0	0	0
PLoS One	2025-01-01	11805346	11016	840	0	0	0	0	0	0	0	0	0	0	0	0	0	0	0	0	3	0	0	0	0	0	0	0	0	0	0	0	0	0	0	0	0	0
PLoS One	2025-01-01	11805393	147626	12775	0	4	0	0	0	0	7	2	0	0	2	7	0	0	0	0	44	0	0	4	0	0	0	0	0	0	0	0	0	0	0	0	0	0
PLoS One	2025-01-01	11805431	87633	8113	0	5	0	1	0	0	3	0	0	0	0	0	0	0	1	0	28	0	0	4	0	0	1	1	0	0	0	0	0	0	1	0	0	2
PLoS One	2025-01-01	11805413	115073	11558	0	8	0	5	0	0	1	12	0	0	10	3	0	0	0	0	29	0	0	2	0	0	0	0	0	0	0	0	0	0	0	0	0	0
PLoS One	2025-01-01	11805422	116200	10182	0	3	1	1	0	0	0	1	0	0	3	2	0	0	0	0	23	0	0	1	0	0	1	0	0	0	0	0	0	0	0	0	0	0
PLoS One	2025-01-01	11805447	114080	9471	1	50	0	5	0	0	8	2	0	0	11	9	0	0	2	0	21	0	1	5	0	0	0	0	0	0	0	0	0	0	0	0	0	0
PLoS One	2025-01-01	11805399	233284	18913	1	4	1	16	0	0	3	5	0	0	1	8	0	0	0	0	49	0	1	12	0	0	1	0	0	0	0	0	0	0	0	0	0	0
PLoS One	2025-01-01	11805363	74307	5135	0	0	0	0	0	0	0	0	0	0	0	0	0	0	0	0	0	0	0	0	0	0	0	0	0	0	0	0	0	0	0	0	0	0
PLoS One	2025-01-01	11801728	150373	12271	0	4	2	2	1	0	2	10	0	1	1	6	0	0	0	0	83	0	0	5	0	0	2	1	1	0	0	0	0	0	0	1	0	1
PLoS One	2025-01-01	11805380	177456	14925	0	17	0	0	0	0	16	2	0	0	0	3	0	0	0	0	66	0	0	2	0	0	1	0	0	0	0	0	2	1	0	0	0	0
PLoS One	2025-01-01	11805436	130010	12512	0	4	0	1	0	0	0	2	0	8	0	0	0	0	0	0	33	0	0	2	0	1	3	0	0	0	0	0	0	0	0	0	0	0
PLoS One	2025-01-01	11805434	124678	9872	0	20	0	7	0	0	2	0	0	0	13	0	0	0	0	0	22	0	0	0	0	0	0	0	1	5	0	0	0	0	0	0	0	0
PLoS One	2025-01-01	11805408	128673	10230	0	2	1	4	0	0	5	4	0	0	0	3	0	0	1	0	107	0	1	12	0	0	0	2	0	0	0	0	0	0	0	0	0	0
