journal	date	pmc_id	Nchars	Nwords	delve	analyse	acknowledge	assess	appraise	dissect	explore	examine	extricate	expose	estimate	investigate	inquire	inspect	interpret	scrutinise	study	unearth	uncover	understand	ponder	research	reason	retrieve	avoid	discount	disregard	dismiss	ignore	neglect	overlook	omit	skip	reject
PLoS One	2024-01-01	10553833	137058	12213	0	5	0	13	0	0	1	5	0	0	6	1	0	0	0	0	45	0	0	0	0	0	5	1	2	0	0	0	0	0	0	0	0	0
PLoS One	2024-01-01	10553807	117841	9713	0	3	0	5	0	0	0	1	0	3	0	2	0	1	0	0	21	0	0	2	0	0	0	0	0	0	0	0	0	0	0	0	0	0
PLoS One	2024-01-01	10553221	202076	18870	0	11	2	0	0	0	0	1	0	0	5	5	0	0	0	0	8	0	0	2	0	0	0	0	0	1	0	0	0	0	0	0	0	0
PLoS One	2024-01-01	10553315	159915	16450	0	22	0	1	0	0	6	0	0	0	3	2	0	0	0	0	40	0	0	3	0	0	2	0	0	0	0	0	0	0	0	0	0	0
PLoS One	2024-01-01	10553308	131581	11786	0	9	0	0	0	0	0	0	0	0	0	0	0	0	0	0	22	0	0	0	0	0	0	0	0	0	0	0	0	0	0	0	0	0
PLoS One	2024-01-01	10553820	4733	318	0	0	0	0	0	0	0	0	0	0	0	0	0	0	0	0	0	0	0	0	0	0	0	0	0	0	0	0	0	0	0	0	0	0
PLoS One	2024-01-01	10553203	131597	12470	0	0	0	0	0	0	0	4	0	0	13	0	0	0	1	0	49	0	0	3	0	0	0	0	0	0	0	0	0	0	0	0	0	0
PLoS One	2024-01-01	10553280	234066	21374	0	5	1	0	0	0	0	3	0	2	13	0	0	0	1	0	40	0	0	1	0	0	0	0	0	0	0	0	0	0	0	0	0	0
PLoS One	2024-01-01	10553325	219675	24074	0	25	1	0	0	0	1	0	0	0	5	0	0	0	1	0	113	0	0	3	0	0	4	0	0	0	0	0	0	0	0	0	0	0
PLoS One	2024-01-01	10553799	109516	9229	0	7	1	6	0	0	1	3	0	0	2	0	0	0	2	0	28	0	0	5	0	0	0	0	0	0	0	0	0	0	0	0	0	0
PLoS One	2024-01-01	10553352	110884	9984	0	8	1	1	0	0	3	0	0	5	0	4	0	0	0	0	9	0	0	0	0	0	0	0	0	1	0	0	0	0	0	0	0	0
PLoS One	2024-01-01	10553359	151830	13547	0	3	0	1	0	0	0	5	0	0	8	0	0	0	0	0	52	0	0	3	0	0	2	0	0	0	0	0	0	0	0	0	0	0
PLoS One	2024-01-01	10553322	4998	336	0	0	0	0	0	0	0	0	0	0	0	0	0	0	0	0	1	0	0	0	0	0	0	0	0	0	0	0	0	0	0	0	0	0
PLoS One	2024-01-01	10553239	124004	12483	0	1	0	1	0	0	1	4	0	13	0	2	0	0	0	0	40	0	0	3	0	0	0	0	1	0	0	0	0	0	0	0	0	0
PLoS One	2024-01-01	10553237	105019	7694	0	4	0	0	0	0	1	0	0	0	1	0	0	0	1	0	51	0	0	0	0	0	0	1	0	0	0	0	0	0	0	0	0	1
PLoS One	2024-01-01	10553323	437246	38754	0	25	0	2	0	0	10	4	0	0	2	8	0	0	0	0	88	0	0	2	0	2	1	0	3	0	0	0	0	0	0	0	0	0
PLoS One	2024-01-01	10553277	205276	18694	0	4	0	5	0	0	0	7	0	18	5	1	1	0	0	0	58	0	0	1	0	0	4	2	0	0	0	0	0	4	0	0	0	0
PLoS One	2024-01-01	10553228	171197	17098	0	23	0	2	0	0	4	11	0	1	1	3	0	0	3	0	99	0	0	0	0	0	1	0	3	0	0	0	0	0	0	0	0	0
PLoS One	2024-01-01	10553207	4988	341	0	0	0	0	0	0	0	0	0	0	0	0	0	0	0	0	0	0	0	0	0	0	0	0	0	0	0	0	0	0	0	0	0	0
PLoS One	2024-01-01	10553472	118569	10869	0	2	0	0	0	0	5	1	0	0	0	0	0	0	0	0	66	0	0	9	0	1	0	0	0	0	0	0	0	0	0	1	0	0
PLoS One	2024-01-01	10553831	80940	7992	0	2	1	0	0	0	1	0	0	0	0	1	0	0	1	0	20	0	0	1	0	0	0	0	1	0	0	0	0	0	0	0	0	0
PLoS One	2024-01-01	10553823	122512	9469	0	3	0	1	0	0	0	0	0	0	0	2	0	0	1	0	32	0	0	0	0	0	1	0	0	0	0	0	0	0	0	0	0	0
PLoS One	2024-01-01	10553205	109358	11319	0	1	0	1	0	0	0	1	0	1	1	0	0	0	10	0	70	0	0	0	0	0	0	0	0	0	0	0	0	0	0	0	0	0
PLoS One	2024-01-01	10553215	143507	15341	0	5	2	3	0	0	2	1	0	0	1	3	0	0	0	0	95	0	0	2	0	0	7	0	0	0	0	0	0	0	0	5	0	0
PLoS One	2024-01-01	10553238	4471	324	0	0	0	0	0	0	0	0	0	0	0	0	0	0	0	0	2	0	0	0	0	0	0	0	0	0	0	0	0	0	0	0	0	0
PLoS One	2024-01-01	10569503	108594	9965	0	2	3	0	0	0	2	2	0	2	1	3	0	0	1	0	21	0	0	3	0	0	0	0	0	0	0	0	0	0	0	1	0	0
PLoS One	2024-01-01	10569638	84601	7600	0	0	0	0	0	0	1	11	0	0	4	0	0	0	0	0	22	0	0	0	0	0	0	0	0	0	0	0	0	0	0	0	0	0
PLoS One	2024-01-01	10575541	240952	20663	0	7	0	0	0	0	0	5	0	2	2	6	0	0	0	0	67	0	0	0	0	1	0	0	0	0	0	0	0	0	0	2	0	0
PLoS One	2024-01-01	10569521	80501	6517	0	7	0	1	0	0	0	0	0	2	0	2	0	0	1	0	14	0	2	0	0	0	1	1	0	0	0	0	0	0	0	0	0	0
PLoS One	2024-01-01	10569546	5899	501	0	0	1	0	0	0	0	0	0	0	0	0	0	0	0	0	0	0	0	0	0	0	0	0	0	0	0	0	0	0	0	0	0	0
PLoS One	2024-01-01	10575514	99993	6548	0	3	1	1	0	0	5	4	0	0	0	0	0	0	0	0	42	0	0	6	0	1	0	1	0	0	0	0	0	0	0	0	0	0
PLoS One	2024-01-01	10575517	110812	10318	1	5	0	0	0	0	5	18	0	1	13	2	0	0	0	0	14	0	0	7	0	0	0	0	0	0	0	0	0	0	0	0	0	0
PLoS One	2024-01-01	10569637	173992	12018	0	16	1	4	0	0	1	0	0	0	3	0	0	0	1	0	96	0	0	0	0	0	2	0	0	0	0	0	0	0	0	0	0	0
PLoS One	2024-01-01	10569509	166589	14866	0	5	1	4	0	0	0	0	0	0	0	0	0	0	0	0	19	0	0	0	0	0	0	0	0	1	0	0	0	0	0	0	0	0
PLoS One	2024-01-01	10575495	167631	14319	0	1	0	0	0	0	2	3	0	0	2	0	0	0	1	0	35	0	0	0	0	1	0	2	0	0	0	0	2	0	0	0	0	0
PLoS One	2024-01-01	10569573	135146	13037	1	8	0	0	0	0	1	1	0	1	0	13	0	0	0	0	54	0	0	0	0	3	2	0	0	0	1	0	1	0	2	0	0	0
PLoS One	2024-01-01	10569534	109718	8482	1	7	0	1	0	0	0	0	0	0	9	0	0	0	3	0	23	0	0	0	0	0	0	1	0	0	0	0	0	0	0	2	0	0
PLoS One	2024-01-01	10569517	132500	11649	0	7	0	19	0	0	0	5	0	0	1	6	0	0	1	0	61	0	0	0	0	0	1	0	0	0	0	0	1	0	0	0	0	0
PLoS One	2024-01-01	10575487	86715	7933	0	1	0	3	0	0	6	0	0	0	0	0	0	0	0	0	26	0	0	5	0	0	0	0	0	0	0	0	1	0	0	0	0	0
PLoS One	2024-01-01	10575503	71308	6325	0	2	0	5	0	0	1	2	0	0	5	0	0	0	1	0	28	0	0	0	0	0	0	0	0	0	0	0	0	0	0	0	0	0
PLoS One	2024-01-01	10569518	4611	292	0	0	0	0	0	0	0	0	0	0	0	0	0	0	0	0	4	0	0	0	0	0	0	0	0	0	0	0	0	0	0	0	0	0
PLoS One	2024-01-01	10575492	206491	21815	2	3	14	10	1	0	8	4	0	0	2	3	0	0	3	0	73	0	0	42	0	0	1	0	0	0	0	0	0	0	0	0	0	0
PLoS One	2024-01-01	10569641	136869	14200	0	11	0	2	0	0	1	0	0	0	0	3	0	0	0	0	23	0	0	9	0	2	10	0	0	0	0	0	0	0	0	0	0	0
PLoS One	2024-01-01	10569542	5744	387	0	0	0	0	0	0	0	0	0	0	0	0	0	0	0	0	1	0	0	0	0	0	0	0	0	0	0	0	0	0	0	0	0	0
PLoS One	2024-01-01	10575499	204882	18789	2	5	4	1	0	0	0	1	0	1	49	0	0	0	1	0	28	0	0	1	0	0	0	0	0	0	0	0	0	0	0	1	1	0
PLoS One	2024-01-01	10575519	194352	15250	0	32	0	1	0	0	0	1	0	0	26	0	0	0	2	0	43	0	0	3	0	0	4	0	1	0	0	0	0	0	0	0	0	0
PLoS One	2024-01-01	10575546	224372	19892	0	6	0	0	0	0	0	1	0	0	0	13	0	0	0	0	28	0	0	0	0	2	2	0	0	0	0	0	0	0	0	0	0	0
PLoS One	2024-01-01	10569576	197010	18590	0	18	1	3	0	0	0	7	0	0	24	3	0	0	0	0	37	0	0	4	0	0	1	1	0	0	0	0	0	0	0	0	0	0
PLoS One	2024-01-01	10569618	138313	11150	0	2	1	2	0	0	2	3	0	0	3	1	0	0	0	1	39	0	0	1	0	0	1	0	0	0	0	0	1	0	2	1	0	0
PLoS One	2024-01-01	10575485	101154	9148	1	2	0	1	0	0	0	0	0	0	0	0	0	0	0	0	7	0	0	0	0	0	1	0	0	0	0	0	0	0	0	0	0	0
PLoS One	2024-01-01	10588896	88485	6880	0	1	0	3	0	0	0	3	0	1	2	4	0	0	0	0	22	0	0	1	0	0	0	0	0	0	0	0	0	0	0	0	0	0
PLoS One	2024-01-01	10588854	99686	9632	0	1	0	0	0	0	17	1	0	0	0	5	0	0	10	0	39	0	0	3	0	0	1	0	1	0	0	0	1	0	0	0	0	0
PLoS One	2024-01-01	10586659	173139	9235	0	2	0	0	0	0	0	2	0	0	12	1	0	0	0	0	3	0	0	0	0	0	0	0	0	0	0	0	0	0	0	0	0	0
PLoS One	2024-01-01	10588884	135098	11350	0	1	1	2	0	0	0	12	0	0	6	0	0	0	0	0	21	0	0	1	0	0	0	0	0	0	0	0	1	0	0	0	0	0
PLoS One	2024-01-01	10588876	135903	11463	0	11	0	3	0	0	0	0	0	0	54	1	0	0	1	0	32	0	0	2	0	0	1	0	1	0	0	0	0	0	0	0	0	1
PLoS One	2024-01-01	10586666	189439	17913	0	21	1	2	1	1	5	2	0	0	42	8	0	0	1	0	95	0	0	0	0	0	0	0	2	0	0	0	0	0	0	0	0	0
PLoS One	2024-01-01	10588895	110962	9474	0	10	0	0	0	0	1	0	0	0	0	10	0	0	0	1	29	0	0	1	0	0	0	0	0	0	0	0	0	0	0	0	0	0
PLoS One	2024-01-01	10586688	124313	9419	0	3	1	4	0	1	0	1	0	1	3	1	0	0	0	0	35	0	0	6	0	0	1	0	1	0	0	0	0	3	0	0	0	0
PLoS One	2024-01-01	10588840	135585	11732	0	0	0	7	0	0	0	16	0	2	34	1	0	0	0	0	67	0	0	9	0	0	1	0	0	0	0	0	1	0	0	0	0	0
PLoS One	2024-01-01	10588905	270131	25940	0	2	4	0	0	0	4	8	0	10	4	1	0	1	4	0	30	1	0	5	0	0	1	1	0	0	0	1	0	0	0	0	0	0
PLoS One	2024-01-01	10588861	119187	10011	0	8	1	6	0	0	1	2	0	1	6	3	0	0	0	0	69	0	0	1	0	0	1	0	0	0	0	0	0	0	0	0	0	0
PLoS One	2024-01-01	10588865	223113	21154	0	5	0	6	0	0	1	2	0	0	32	0	0	0	0	0	87	0	0	3	0	0	2	0	0	0	0	0	0	0	0	0	0	0
PLoS One	2024-01-01	10586613	95765	7303	0	4	0	0	0	0	3	0	0	0	0	1	0	0	0	0	11	0	0	0	0	1	0	0	1	0	0	0	0	0	0	0	0	0
PLoS One	2024-01-01	10588848	132051	10569	0	7	0	1	0	0	3	2	0	1	5	3	0	0	1	0	48	0	0	0	0	0	0	0	0	0	0	0	0	0	0	0	0	0
PLoS One	2024-01-01	10588897	94614	9022	0	6	0	2	0	0	0	1	0	0	0	8	0	0	0	0	58	0	0	0	0	0	0	0	0	0	0	0	0	0	0	0	0	0
PLoS One	2024-01-01	10588890	226801	22294	0	7	2	4	0	0	11	7	0	1	1	4	0	0	1	0	147	0	0	1	0	0	2	0	1	0	0	0	0	0	0	0	0	0
PLoS One	2024-01-01	10586635	117355	11543	0	9	0	5	2	0	3	8	0	2	1	11	2	0	0	0	110	0	0	11	0	1	28	3	0	0	0	0	0	0	0	0	0	0
PLoS One	2024-01-01	10588893	105335	9100	0	4	0	0	0	0	0	1	0	0	10	1	0	0	0	0	11	0	0	0	0	0	2	0	0	0	0	0	0	0	0	0	0	0
PLoS One	2024-01-01	10588847	93013	7740	0	3	0	0	0	0	0	1	0	0	0	0	0	0	0	0	12	0	0	1	0	0	0	0	0	0	0	0	0	0	0	0	0	0
PLoS One	2024-01-01	10588874	128346	13553	0	6	0	0	0	0	0	1	0	0	0	4	0	0	0	0	70	0	0	0	0	0	4	0	0	0	0	0	0	0	0	0	0	0
PLoS One	2024-01-01	10588827	57373	4598	0	6	0	9	0	0	1	2	0	0	0	1	0	0	0	0	57	0	0	4	0	0	3	1	0	0	0	0	0	0	0	0	0	0
PLoS One	2024-01-01	10588858	88941	7590	0	6	1	2	0	0	3	1	0	0	1	5	0	0	2	0	46	0	0	0	0	0	0	0	1	0	0	0	0	0	0	0	0	0
PLoS One	2024-01-01	10588859	139651	11926	0	1	2	1	0	0	2	0	0	0	3	5	0	1	1	0	23	0	0	1	0	0	2	1	0	0	0	0	0	0	1	0	0	0
PLoS One	2024-01-01	10588878	105117	8315	0	3	0	4	0	0	4	3	0	0	2	1	0	0	0	0	32	0	1	0	0	0	0	0	0	0	0	0	0	0	0	0	0	0
PLoS One	2024-01-01	10586662	492786	40560	0	0	0	5	0	0	0	0	0	1	4	0	0	0	0	0	54	0	0	0	0	0	0	0	0	0	0	0	0	0	0	0	0	0
PLoS One	2024-01-01	10617709	242149	23334	0	13	0	0	0	0	4	2	0	0	1	5	0	0	2	0	66	0	0	0	0	0	6	1	0	0	0	0	0	0	0	0	0	0
PLoS One	2024-01-01	10617727	159296	14504	0	5	1	4	0	0	0	0	0	0	0	0	0	0	2	0	40	0	0	0	0	0	0	0	0	0	0	0	0	0	0	0	0	0
PLoS One	2024-01-01	10619841	110952	11423	0	18	2	8	0	0	2	2	0	0	9	11	0	0	4	0	107	0	0	0	0	0	0	0	0	0	0	0	0	0	0	0	0	0
PLoS One	2024-01-01	10619815	55603	4652	0	0	0	1	0	2	4	7	0	0	0	2	0	0	0	0	19	0	0	0	0	1	0	0	0	0	0	0	0	0	0	0	0	0
PLoS One	2024-01-01	10619793	155026	13623	0	1	0	12	0	0	2	0	0	2	3	0	0	0	0	0	59	0	0	2	0	0	1	0	0	0	0	0	0	0	0	0	0	0
PLoS One	2024-01-01	10619787	165008	13738	0	5	0	4	0	0	0	3	0	1	0	2	0	0	0	0	22	0	0	4	0	0	2	0	0	0	0	0	0	0	0	0	0	0
PLoS One	2024-01-01	10619797	185059	18900	0	3	1	8	0	0	0	4	0	0	2	0	0	0	0	0	123	0	0	0	0	3	1	0	0	0	0	0	0	1	1	0	0	0
PLoS One	2024-01-01	10619863	99537	8408	0	2	0	0	0	0	0	0	0	0	7	0	0	0	0	0	31	0	0	0	0	0	2	0	0	0	0	0	0	0	0	0	0	0
PLoS One	2024-01-01	10619826	81580	7576	0	2	0	0	0	0	4	0	0	0	5	12	0	0	1	0	60	0	0	0	0	0	0	0	0	0	0	0	0	0	0	0	0	0
PLoS One	2024-01-01	10619794	177205	19051	0	6	0	5	0	0	1	0	0	0	5	2	0	0	3	0	52	0	0	2	0	0	4	0	3	0	0	0	0	0	0	0	0	0
PLoS One	2024-01-01	10619867	159986	16022	0	10	0	2	0	0	1	0	0	1	0	0	0	0	0	0	7	0	0	3	0	0	0	2	0	0	0	0	0	0	0	0	0	0
PLoS One	2024-01-01	10619827	245240	21298	0	5	0	7	0	0	2	2	0	0	1	9	0	0	0	0	26	0	0	2	0	0	0	1	1	0	0	0	0	0	0	0	0	0
PLoS One	2024-01-01	10617721	5601	350	0	0	0	0	0	0	0	0	0	0	0	0	0	0	0	0	0	0	0	0	0	0	0	0	0	0	0	0	0	0	0	0	0	0
PLoS One	2024-01-01	10619840	147592	13273	0	5	0	0	0	0	0	0	0	0	1	0	0	0	0	0	33	0	0	0	0	0	1	0	0	0	0	0	0	0	0	0	0	0
PLoS One	2024-01-01	10617739	270169	18525	0	9	0	1	0	0	2	9	0	14	0	5	0	0	1	0	201	0	0	1	0	0	0	0	0	0	0	0	0	0	0	0	0	0
PLoS One	2024-01-01	10619810	145653	11986	0	12	1	3	0	0	6	9	0	0	2	2	0	0	0	0	13	0	0	0	0	0	1	0	0	0	0	0	0	0	0	0	0	0
PLoS One	2024-01-01	10619769	101915	6974	0	5	0	0	0	0	0	0	0	0	0	1	0	0	0	0	11	0	0	0	0	1	0	0	0	0	0	0	0	0	0	0	0	0
PLoS One	2024-01-01	10619878	140224	12837	0	2	2	4	0	0	0	1	0	2	8	3	0	0	0	0	54	0	0	0	0	0	2	0	1	0	0	0	0	0	0	0	0	0
PLoS One	2024-01-01	10619764	64331	4822	1	15	0	0	0	0	3	1	0	0	1	5	0	0	0	0	42	0	0	1	0	0	0	0	1	0	0	0	0	0	0	0	0	0
PLoS One	2024-01-01	10619823	247789	22810	0	4	0	7	0	0	0	2	0	1	2	6	0	0	0	0	47	0	0	2	0	0	0	0	0	0	0	0	0	0	0	0	0	0
PLoS One	2024-01-01	10619799	175793	18126	2	8	6	2	0	0	3	2	0	0	19	8	0	0	0	0	137	0	0	3	0	0	3	0	1	0	0	0	0	0	0	0	0	0
PLoS One	2024-01-01	10617691	104099	9090	0	6	0	4	0	0	1	0	0	0	3	0	0	0	0	0	21	0	0	1	0	0	2	0	0	0	0	0	0	0	0	2	0	0
PLoS One	2024-01-01	10619861	195367	17491	1	7	1	2	0	0	2	0	0	1	6	5	0	0	1	0	43	0	0	1	0	0	0	0	0	0	0	0	3	0	0	0	0	0
PLoS One	2024-01-01	10617736	139168	12980	0	2	1	1	0	0	4	5	0	0	23	2	0	0	4	0	90	0	0	0	0	1	0	1	0	0	0	0	0	0	0	0	0	0
PLoS One	2024-01-01	10617695	175353	15794	0	47	0	18	0	0	0	1	0	0	27	6	0	0	1	0	155	0	0	3	0	0	5	0	0	0	0	0	0	0	0	0	0	0
PLoS One	2024-01-01	10631627	275524	26696	0	26	0	3	0	0	1	1	0	0	9	3	0	0	6	0	65	0	0	3	0	0	3	1	0	0	0	0	0	0	0	0	1	0
PLoS One	2024-01-01	10629647	152369	14572	0	5	0	6	0	0	9	1	0	0	0	3	0	0	0	0	40	0	0	7	0	0	1	0	1	0	0	0	0	1	0	0	0	0
PLoS One	2024-01-01	10631641	135844	10758	0	3	0	0	0	0	1	2	0	0	0	1	0	0	0	0	43	0	0	0	0	0	0	1	0	0	0	0	0	0	0	0	0	0
PLoS One	2024-01-01	10631681	142665	13065	0	4	0	0	0	1	0	1	0	1	2	1	0	0	0	0	15	0	0	1	0	0	1	0	0	0	0	0	0	0	0	0	0	0
PLoS One	2024-01-01	10631629	97619	9077	0	2	0	0	0	0	0	13	0	0	0	5	0	0	0	0	40	0	0	6	0	0	1	0	0	0	0	0	0	0	0	0	0	0
PLoS One	2024-01-01	10629648	248790	22879	0	14	0	7	0	0	5	4	0	22	0	18	0	1	0	0	39	0	1	7	0	0	0	0	0	0	0	0	1	0	0	0	0	0
PLoS One	2024-01-01	10631624	129733	9242	0	13	0	13	0	0	0	0	0	0	6	0	0	0	0	0	2	0	0	0	0	0	0	0	0	0	0	0	0	1	0	0	0	0
PLoS One	2024-01-01	10629640	165854	18558	0	14	0	3	0	0	4	1	0	0	1	0	0	0	0	0	95	0	0	5	0	0	8	0	0	1	0	0	0	0	0	1	0	0
PLoS One	2024-01-01	10631677	198578	17333	0	5	0	2	0	0	0	0	0	1	2	0	0	0	0	0	19	0	0	1	0	0	0	0	0	0	0	0	0	0	0	0	0	0
PLoS One	2024-01-01	10629641	159928	14743	0	3	1	2	0	0	0	2	0	0	7	2	0	0	0	0	99	0	0	1	0	0	0	0	0	0	0	0	0	0	0	0	1	0
PLoS One	2024-01-01	10631690	207582	19501	0	4	8	6	0	0	0	1	0	0	6	5	0	0	0	0	42	0	0	0	0	0	0	0	0	0	0	0	2	0	0	0	0	0
PLoS One	2024-01-01	10631692	237434	21972	0	13	2	4	0	0	3	3	0	0	0	0	0	0	0	0	99	0	0	2	0	0	2	0	0	0	0	0	2	0	0	0	0	0
PLoS One	2024-01-01	10631623	143382	12303	0	14	0	2	0	0	5	0	0	0	0	2	0	0	0	1	9	0	0	2	0	0	6	0	0	0	0	0	0	0	0	0	0	0
PLoS One	2024-01-01	10631656	207333	19141	0	14	1	1	0	0	18	3	0	0	0	5	0	0	0	0	25	0	0	4	0	0	4	0	0	0	0	0	0	0	0	0	0	0
PLoS One	2024-01-01	10629636	91136	6985	0	6	0	2	0	0	0	0	0	0	0	1	0	0	0	0	66	0	0	1	0	0	0	0	0	0	0	0	0	0	0	0	0	0
PLoS One	2024-01-01	10629630	4979	329	0	0	0	0	0	0	0	0	0	0	0	0	0	0	0	0	3	0	0	0	0	0	0	0	0	0	0	0	0	0	0	0	0	0
PLoS One	2024-01-01	10631659	6916	513	0	0	0	0	0	0	0	0	0	0	0	0	0	0	0	0	0	0	0	0	0	0	0	0	0	0	0	0	0	0	0	0	0	0
PLoS One	2024-01-01	10631685	95944	7181	0	2	0	1	0	1	3	0	0	1	4	2	0	0	0	0	12	0	0	0	0	0	0	0	0	0	0	0	0	0	0	0	0	0
PLoS One	2024-01-01	10629651	138264	10056	0	9	1	0	0	0	0	0	0	0	1	0	0	0	0	0	18	0	0	3	0	0	0	0	1	0	0	0	0	0	0	0	0	0
PLoS One	2024-01-01	10629628	5150	342	0	0	0	0	0	0	0	0	0	0	0	0	0	0	0	0	1	0	0	0	0	0	0	0	0	0	0	0	0	0	0	0	0	0
PLoS One	2024-01-01	10629642	156153	14357	0	4	0	1	0	0	7	0	0	0	1	3	0	0	0	0	36	0	0	1	0	1	1	0	0	0	0	0	0	0	0	0	0	0
PLoS One	2024-01-01	10631664	292454	31695	1	29	5	5	0	0	9	1	0	0	2	1	0	2	0	0	39	0	0	6	0	0	11	1	1	0	1	0	0	0	0	0	1	0
PLoS One	2024-01-01	10631684	226775	18184	0	7	0	3	0	0	15	9	0	0	2	3	0	0	0	0	106	0	0	15	0	0	0	0	0	0	0	0	0	0	0	0	0	0
PLoS One	2024-01-01	10631672	148107	14885	0	2	1	4	0	0	0	1	0	7	3	7	0	0	0	0	76	0	0	2	0	0	1	0	0	1	0	0	0	0	0	0	0	0
PLoS One	2024-01-01	10631676	99445	8904	0	1	1	1	0	0	2	6	0	1	19	1	0	0	0	0	12	0	0	1	0	0	0	0	0	0	0	0	0	2	0	2	0	1
PLoS One	2024-01-01	10650995	173825	15886	0	8	0	1	0	1	0	0	0	29	4	0	0	0	0	0	16	0	0	0	0	0	0	0	1	0	0	0	0	0	0	0	0	0
PLoS One	2024-01-01	10645321	80536	7014	0	8	1	1	0	0	0	1	0	0	1	2	0	0	0	0	10	0	0	8	0	0	0	0	0	0	0	0	0	0	0	0	0	0
PLoS One	2024-01-01	10645336	205005	20049	0	3	0	0	0	0	5	4	0	0	0	0	0	0	0	0	102	0	0	1	0	0	0	1	0	0	0	0	0	0	0	2	0	0
PLoS One	2024-01-01	10650977	111066	10473	0	5	2	0	0	0	1	2	0	0	13	1	0	0	0	0	46	0	0	0	0	0	0	0	0	3	0	0	0	0	0	0	0	0
PLoS One	2024-01-01	10650983	122449	10759	0	7	2	0	0	0	3	0	0	1	0	0	1	0	0	0	23	0	0	5	0	0	1	0	0	0	0	0	1	0	0	0	0	0
PLoS One	2024-01-01	10651049	89694	8195	0	1	0	0	0	0	0	0	0	0	2	1	0	0	0	0	14	0	0	0	0	0	0	1	0	0	0	0	0	0	0	0	0	0
PLoS One	2024-01-01	10651012	75448	5794	0	27	0	17	2	0	5	0	0	0	0	1	0	0	0	0	61	0	0	1	0	0	0	0	0	0	0	0	0	0	0	0	0	0
PLoS One	2024-01-01	10651043	200281	15211	0	6	0	0	0	1	1	1	0	0	2	0	0	0	0	0	7	0	0	1	0	0	2	0	0	0	0	0	0	0	0	0	0	0
PLoS One	2024-01-01	10651011	161594	17769	0	12	0	2	0	0	0	0	0	0	0	0	0	0	0	0	52	0	0	2	0	4	3	0	0	0	0	0	0	0	0	0	0	0
PLoS One	2024-01-01	10651025	112687	10221	0	6	0	0	0	0	3	2	0	0	3	5	0	0	1	0	46	0	0	0	0	0	0	0	0	0	0	0	0	1	2	0	0	0
PLoS One	2024-01-01	10645330	181715	19250	0	21	5	4	0	0	10	12	0	0	2	4	0	0	0	0	68	0	0	4	0	1	0	0	0	0	0	0	0	1	1	0	0	0
PLoS One	2024-01-01	10645324	197872	20916	1	1	0	2	0	0	7	20	0	0	0	21	0	0	11	0	88	0	0	3	0	0	1	0	0	0	0	0	1	0	0	0	0	0
PLoS One	2024-01-01	10645319	5642	378	0	0	0	0	0	0	0	0	0	0	0	0	0	0	0	0	0	0	0	0	0	0	0	0	0	0	0	0	0	0	0	0	0	0
PLoS One	2024-01-01	10645326	126608	11854	0	1	0	2	0	0	7	3	0	0	0	0	0	0	1	0	45	0	0	6	0	0	3	0	0	0	0	0	0	0	0	0	0	0
PLoS One	2024-01-01	10645358	150029	13878	0	0	0	2	0	0	10	0	0	0	17	0	0	0	2	0	16	0	0	2	0	0	4	0	0	0	0	0	0	0	1	0	0	1
PLoS One	2024-01-01	10650980	205911	16715	0	12	2	4	0	0	0	0	0	4	1	5	0	0	0	0	52	0	0	5	0	0	0	0	0	0	0	0	0	1	0	0	0	0
PLoS One	2024-01-01	10650978	94513	7871	0	2	0	0	0	0	0	3	0	0	0	0	0	0	0	0	34	0	0	1	0	1	0	0	0	0	0	0	0	0	0	0	0	0
PLoS One	2024-01-01	10645317	102075	7414	0	3	2	1	0	0	2	1	0	0	0	2	0	0	0	0	8	0	0	3	0	0	0	0	0	0	0	0	0	0	0	0	0	0
PLoS One	2024-01-01	10651003	250498	25326	1	18	9	2	0	0	0	2	0	2	2	10	0	1	2	0	137	0	0	9	0	0	3	0	0	0	0	0	0	0	0	0	0	0
PLoS One	2024-01-01	10651021	154902	13041	1	0	0	1	0	0	5	7	0	0	9	3	0	0	0	1	68	0	0	9	0	1	1	0	0	0	0	0	0	0	3	0	0	1
PLoS One	2024-01-01	10651026	158226	16190	0	13	1	4	0	0	2	4	0	0	2	4	0	0	10	0	88	0	0	2	0	0	1	0	0	0	0	0	0	0	0	0	0	1
PLoS One	2024-01-01	10650984	159323	16217	0	8	0	1	0	0	0	0	0	0	0	9	0	0	2	0	73	0	0	1	0	0	0	5	0	0	0	0	0	0	0	0	0	0
PLoS One	2024-01-01	10645340	234129	23863	0	12	7	5	0	1	3	5	0	3	0	3	0	0	1	0	83	0	0	2	0	0	0	0	0	0	0	0	2	0	0	0	0	0
PLoS One	2024-01-01	10651054	166268	13271	0	0	0	0	0	0	0	0	0	0	0	2	0	0	0	0	3	0	0	0	0	0	0	0	0	0	0	0	0	0	0	0	0	0
PLoS One	2024-01-01	10651013	4980	335	0	0	0	0	0	0	0	0	0	0	0	0	0	0	0	0	0	0	0	0	0	0	0	0	0	0	0	0	0	0	0	0	0	0
PLoS One	2024-01-01	10664873	126683	11110	0	9	0	0	0	0	0	2	0	0	2	5	0	0	0	0	18	0	0	0	0	0	0	0	0	0	0	0	0	0	0	0	0	0
PLoS One	2024-01-01	10664881	189822	17037	0	2	0	1	0	0	0	3	0	0	1	1	0	0	1	0	65	0	0	2	0	0	0	0	0	0	0	0	0	0	0	0	0	0
PLoS One	2024-01-01	10664870	230537	22977	0	13	0	1	0	0	1	8	0	0	2	1	0	0	0	0	125	0	0	9	0	0	0	0	0	0	0	0	0	0	0	3	0	0
PLoS One	2024-01-01	10662725	121504	10802	0	10	0	1	0	0	2	1	0	0	8	0	0	0	0	0	71	0	0	2	0	0	0	2	0	0	0	0	0	1	0	0	0	0
PLoS One	2024-01-01	10664934	148715	14585	0	16	1	2	0	0	0	3	0	0	0	1	0	0	2	0	49	0	0	3	0	0	0	0	0	0	0	0	0	0	0	0	0	0
PLoS One	2024-01-01	10664929	201572	17495	0	4	0	0	0	0	3	1	0	2	43	0	0	0	0	0	21	0	0	3	0	0	0	0	0	2	0	0	0	0	0	2	0	0
PLoS One	2024-01-01	10664933	122381	10792	0	3	0	1	0	0	0	2	0	0	0	1	0	0	0	0	65	0	0	2	0	0	0	0	0	0	0	0	0	0	0	0	0	0
PLoS One	2024-01-01	10662766	113296	11643	0	15	1	0	0	0	1	0	0	0	18	0	0	0	0	0	37	0	0	0	0	0	0	0	0	0	0	0	0	0	0	0	0	0
PLoS One	2024-01-01	10664895	211765	21878	0	20	3	7	0	0	0	2	0	0	1	24	0	0	1	0	108	0	0	3	0	0	1	0	0	0	0	0	0	0	0	2	0	0
PLoS One	2024-01-01	10664902	205378	16685	0	5	0	3	0	0	1	3	0	0	2	8	0	0	5	6	21	0	0	0	0	0	4	0	0	0	0	0	0	0	0	0	1	0
PLoS One	2024-01-01	10662741	93596	8994	0	3	0	5	0	0	0	0	0	4	1	4	0	1	0	0	72	0	0	0	0	0	3	1	0	0	0	0	0	0	0	0	0	0
PLoS One	2024-01-01	10664868	147801	11715	0	14	0	1	0	0	5	2	0	0	0	2	0	0	0	0	47	0	0	0	0	0	1	0	0	0	0	0	0	0	0	0	0	0
PLoS One	2024-01-01	10664878	88481	7541	0	6	1	1	0	0	0	0	0	0	2	1	0	0	0	0	28	0	0	1	0	0	0	0	0	0	0	0	0	0	0	0	0	0
PLoS One	2024-01-01	10664906	162103	15339	0	29	0	5	0	0	0	3	0	2	2	0	0	0	1	0	57	0	0	0	0	0	0	0	1	0	0	0	0	0	0	0	0	0
PLoS One	2024-01-01	10664890	112414	8358	0	5	2	5	0	0	3	2	0	0	0	7	0	0	0	0	54	0	2	3	0	0	0	0	0	0	0	0	0	0	0	0	0	0
PLoS One	2024-01-01	10664896	60758	5552	0	2	0	7	1	0	0	0	0	0	0	0	0	0	1	0	17	0	0	0	0	0	1	0	2	0	0	0	0	0	0	0	0	0
PLoS One	2024-01-01	10664889	259647	26329	0	22	2	16	0	0	5	5	0	0	11	4	0	0	3	0	81	0	0	0	0	0	2	0	1	0	0	0	0	0	0	0	0	0
PLoS One	2024-01-01	10664916	153825	12631	0	1	0	1	0	0	0	0	0	0	1	0	0	1	0	0	25	0	0	0	0	0	2	0	0	0	0	1	0	0	0	0	0	0
PLoS One	2024-01-01	10662780	89521	7505	0	13	0	0	0	0	0	0	0	0	8	0	0	0	0	0	37	0	0	0	0	0	0	0	0	0	0	0	0	0	0	0	0	0
PLoS One	2024-01-01	10662707	4758	338	0	0	0	0	0	0	0	0	0	0	0	0	0	0	0	0	0	0	0	0	0	0	0	0	0	0	0	0	0	0	0	0	0	0
PLoS One	2024-01-01	10662716	100226	9838	0	4	0	0	0	0	2	0	0	0	3	0	0	0	0	0	14	0	0	0	0	0	1	0	1	0	0	0	0	0	0	0	0	0
PLoS One	2024-01-01	10664910	127461	9847	0	2	0	3	0	0	0	0	0	3	0	7	0	0	0	0	35	0	0	0	0	0	0	0	1	0	0	0	0	0	0	0	0	0
PLoS One	2024-01-01	10664879	141261	9917	0	3	1	0	0	0	0	0	0	0	1	0	0	0	1	0	35	0	0	0	0	0	0	0	0	0	0	0	0	0	0	0	0	0
PLoS One	2024-01-01	10662750	101004	10236	0	11	0	5	1	0	1	3	0	0	0	0	0	0	0	0	50	0	0	2	0	0	0	0	0	0	0	0	0	0	0	0	0	0
PLoS One	2024-01-01	10664965	223918	18995	0	10	0	1	0	0	3	2	0	5	1	4	0	0	3	0	16	0	0	0	0	0	0	0	0	0	0	0	0	0	0	0	0	0
PLoS One	2024-01-01	10688882	141988	13459	0	26	0	0	0	0	9	2	0	0	0	2	0	0	0	0	41	0	0	0	0	1	0	0	0	0	0	0	0	0	0	0	0	2
PLoS One	2024-01-01	10691724	120309	11095	0	2	0	0	0	0	4	1	0	0	1	1	0	0	0	0	27	0	0	3	0	0	0	0	0	0	0	0	0	0	0	0	0	0
PLoS One	2024-01-01	10688852	114400	9340	0	12	0	9	0	0	2	0	0	0	7	1	0	0	0	0	21	0	0	1	0	0	0	0	1	0	0	0	0	0	0	0	0	0
PLoS One	2024-01-01	10691714	167131	14048	0	20	2	7	0	0	1	0	0	1	5	3	0	0	0	0	25	0	0	7	0	0	0	0	1	0	0	0	0	0	0	0	0	0
PLoS One	2024-01-01	10688846	72495	6280	0	1	0	5	0	0	2	5	0	0	0	0	0	0	0	0	27	0	0	7	0	0	0	0	0	0	0	1	0	0	0	0	2	0
PLoS One	2024-01-01	10688867	201505	17181	0	5	0	9	0	0	11	3	0	0	1	5	0	0	1	0	61	0	0	6	0	0	3	0	0	0	0	0	0	0	0	0	0	0
PLoS One	2024-01-01	10688920	126185	9139	0	11	0	1	0	0	1	0	0	1	1	1	0	0	0	0	14	0	0	0	0	0	0	0	0	0	0	0	0	0	0	0	0	0
PLoS One	2024-01-01	10688862	228862	22825	0	16	0	5	0	0	0	5	0	0	7	14	0	0	0	0	70	0	0	0	0	0	5	0	1	0	0	0	0	0	0	0	0	0
PLoS One	2024-01-01	10688892	5184	343	0	0	0	0	0	0	0	0	0	0	0	0	0	0	0	0	0	0	0	0	0	0	0	0	0	0	0	0	0	0	0	0	0	0
PLoS One	2024-01-01	10691687	134144	10459	0	4	0	4	0	0	0	2	0	0	4	2	0	0	0	0	147	0	0	16	0	0	0	1	0	0	0	0	0	0	0	0	0	0
PLoS One	2024-01-01	10688842	222299	19995	1	4	0	0	0	0	8	8	0	0	1	4	0	0	0	1	63	0	0	2	0	0	0	1	0	0	0	0	1	0	0	0	0	3
PLoS One	2024-01-01	10688902	233677	20314	0	3	2	2	0	0	2	19	0	0	1	5	0	0	0	0	127	0	0	3	0	0	4	0	0	11	0	0	0	0	0	0	0	0
PLoS One	2024-01-01	10691711	109561	9507	0	6	0	7	0	0	0	0	0	0	0	3	0	0	1	0	17	0	0	0	0	0	0	0	1	0	0	0	0	0	0	0	0	0
PLoS One	2024-01-01	10688899	140394	10318	0	1	3	1	0	0	0	3	0	1	3	0	0	0	0	0	40	0	0	1	0	0	0	0	0	0	0	0	0	6	0	0	0	0
PLoS One	2024-01-01	10691725	103673	7053	0	3	1	3	0	0	0	0	0	6	1	1	0	0	0	0	45	0	0	0	0	0	0	0	0	0	0	0	0	0	0	0	0	1
PLoS One	2024-01-01	10688879	127176	9983	0	2	0	0	0	0	0	11	0	0	3	1	0	0	0	0	11	0	0	0	0	0	0	0	0	0	0	0	0	0	0	0	0	0
PLoS One	2024-01-01	10691727	230792	20258	0	17	1	0	0	0	1	1	0	3	1	9	0	0	0	0	20	0	0	0	0	0	1	0	0	0	0	0	0	0	0	3	0	0
PLoS One	2024-01-01	10688859	171242	16575	0	1	0	7	0	0	0	1	0	1	3	0	0	0	0	0	102	0	0	2	0	0	1	1	0	0	0	0	0	0	0	0	0	0
PLoS One	2024-01-01	10688876	297459	30482	0	19	0	9	0	0	3	5	0	0	4	2	0	0	0	0	83	0	0	3	0	3	3	0	1	0	0	0	0	0	0	0	0	0
PLoS One	2024-01-01	10691712	274015	28001	0	13	1	10	0	0	1	1	0	0	0	3	0	0	0	0	118	0	0	7	0	3	2	0	0	0	0	0	2	0	0	0	0	0
PLoS One	2024-01-01	10691729	269769	26821	0	12	1	5	0	0	18	8	0	0	16	8	0	0	0	0	159	0	0	0	0	0	4	0	0	0	0	0	0	0	0	0	0	0
PLoS One	2024-01-01	10688851	166311	19148	0	4	1	0	0	0	7	0	0	0	0	2	0	0	3	0	72	0	1	5	0	0	3	0	1	0	0	3	0	0	0	0	2	0
PLoS One	2024-01-01	10688919	205850	19052	0	3	2	0	0	0	5	0	0	0	2	2	0	0	1	0	64	0	0	9	0	0	5	0	1	0	0	2	0	0	0	0	0	0
PLoS One	2024-01-01	10688957	206866	15029	0	14	1	1	0	0	1	0	0	1	0	3	0	0	1	0	28	0	0	3	0	0	0	0	0	0	0	0	0	0	0	0	0	0
PLoS One	2024-01-01	10691695	145482	12457	0	7	0	2	0	0	0	2	0	1	0	0	0	0	1	0	39	0	0	1	0	0	0	0	0	0	0	0	0	0	0	0	3	0
PLoS One	2024-01-01	10707680	116664	11343	0	11	1	1	0	0	5	0	0	0	1	0	0	0	1	0	11	0	0	2	0	0	0	0	0	0	0	0	0	2	0	0	0	0
PLoS One	2024-01-01	10707564	79586	5996	0	4	0	1	0	0	0	2	0	0	10	1	0	0	1	0	20	0	0	0	0	0	0	0	2	0	0	0	0	0	0	0	0	0
PLoS One	2024-01-01	10703245	83936	8667	0	0	0	0	0	0	3	0	0	0	0	0	0	0	0	0	7	0	0	0	0	1	0	0	0	0	0	0	1	0	0	0	0	0
PLoS One	2024-01-01	10707494	99337	8183	0	6	0	1	0	0	1	0	0	0	3	1	0	0	0	0	62	0	0	0	0	0	2	0	0	0	0	0	0	1	0	0	0	0
PLoS One	2024-01-01	10703234	173969	14179	0	1	1	0	0	0	0	13	0	0	3	1	0	0	0	0	18	0	1	0	0	0	0	0	0	0	0	0	0	0	0	0	0	0
PLoS One	2024-01-01	10703314	101068	8530	0	9	0	4	0	0	0	3	0	0	2	3	0	0	2	0	45	0	0	0	0	0	1	0	0	0	0	0	0	0	0	0	0	0
PLoS One	2024-01-01	10707587	254330	12783	0	5	0	0	0	0	1	0	0	0	6	2	0	0	2	0	19	0	0	0	0	0	0	0	0	0	0	0	2	0	0	0	0	0
PLoS One	2024-01-01	10707488	90479	7863	0	8	0	0	0	0	0	1	0	0	0	3	0	0	1	0	17	0	0	0	0	0	0	0	0	0	0	0	0	0	0	0	0	0
PLoS One	2024-01-01	10703195	112622	8827	0	13	0	0	0	0	0	0	0	0	5	2	0	0	0	0	17	0	0	1	0	0	0	0	0	0	0	0	0	0	0	0	0	0
PLoS One	2024-01-01	10707682	198049	19963	1	10	0	1	0	1	1	2	0	1	7	1	0	0	1	0	67	0	0	1	0	0	3	0	1	0	0	0	0	0	1	0	0	0
PLoS One	2024-01-01	10707660	173746	13092	0	1	0	1	0	0	10	4	0	0	0	3	0	0	0	0	16	0	0	0	0	0	2	0	0	0	0	0	0	0	0	0	0	0
PLoS One	2024-01-01	10707586	127144	10507	1	7	0	2	0	0	2	0	0	3	0	1	0	0	0	0	12	0	0	0	0	0	0	0	0	0	0	0	0	0	0	0	0	0
PLoS One	2024-01-01	10707487	94736	8078	0	5	0	0	0	0	4	0	0	0	0	0	0	0	0	0	16	0	0	0	0	0	0	1	0	0	0	0	0	0	0	0	0	0
PLoS One	2024-01-01	10707562	128521	12127	0	6	1	5	0	0	1	3	0	0	4	0	0	0	2	0	61	0	0	1	0	0	0	0	0	0	0	0	0	0	0	0	0	0
PLoS One	2024-01-01	10707623	6229	477	0	0	0	0	0	0	3	0	0	0	0	0	0	0	0	0	2	0	0	0	0	0	0	0	0	0	0	0	0	0	0	0	0	0
PLoS One	2024-01-01	10707625	88051	8710	0	2	0	1	0	0	1	0	0	0	1	0	0	0	0	0	14	0	0	0	0	0	0	0	0	0	0	0	0	0	0	0	0	0
PLoS One	2024-01-01	10703225	78414	5554	0	4	0	6	0	0	3	2	0	0	2	1	0	0	0	0	32	0	0	4	0	0	0	0	1	0	0	0	0	0	0	0	0	0
PLoS One	2024-01-01	10703194	6696	462	0	0	0	0	0	0	0	0	0	0	0	0	0	0	0	0	4	0	0	0	0	0	0	0	0	0	0	0	0	0	0	0	0	0
PLoS One	2024-01-01	10703319	140446	12926	0	12	0	3	0	1	4	0	0	0	0	1	0	0	0	0	20	0	0	1	0	0	0	0	0	0	0	0	0	0	0	0	0	0
PLoS One	2024-01-01	10703315	139167	12575	0	3	0	0	0	0	1	7	0	0	5	0	0	0	2	0	63	0	0	0	0	0	0	0	1	0	0	0	0	0	0	0	0	0
PLoS One	2024-01-01	10707683	155677	12367	0	2	0	0	0	0	0	0	0	0	3	4	0	0	0	0	38	0	0	1	0	0	0	0	0	0	0	0	1	0	0	0	0	1
PLoS One	2024-01-01	10703334	7035	583	0	0	0	0	0	0	0	0	0	0	0	0	0	0	0	0	1	0	0	0	0	0	1	0	0	0	0	0	0	0	0	0	0	0
PLoS One	2024-01-01	10703328	136083	12345	0	4	0	4	0	0	5	0	0	0	0	2	0	0	0	0	41	0	1	2	0	0	0	0	0	0	0	0	0	0	0	0	0	0
PLoS One	2024-01-01	10707598	245871	20279	0	6	4	0	0	0	9	7	0	0	9	10	0	0	0	0	52	0	0	0	0	0	2	0	0	0	0	0	4	0	0	0	0	1
PLoS One	2024-01-01	10703204	143140	11805	0	8	0	0	0	0	0	3	0	0	2	0	0	0	0	0	29	0	0	2	0	1	0	0	0	0	0	0	0	1	0	0	0	0
PLoS One	2024-01-01	10723717	167832	14015	4	4	5	2	0	2	3	11	0	1	3	3	0	0	0	0	43	0	2	6	0	0	0	0	0	0	0	0	0	0	0	0	0	0
PLoS One	2024-01-01	10721096	154762	14876	0	3	0	1	0	0	0	0	0	0	3	5	0	0	1	0	36	0	0	5	0	0	0	0	0	0	0	0	0	0	0	0	0	0
PLoS One	2024-01-01	10721190	75895	6939	0	3	0	0	0	0	1	0	0	0	6	0	0	0	1	0	35	0	0	0	0	0	1	0	0	0	0	0	0	0	0	0	0	0
PLoS One	2024-01-01	10723714	335519	27128	0	5	4	5	1	0	7	8	0	0	0	3	0	0	0	0	67	0	0	6	0	1	1	1	0	0	0	0	1	0	1	0	0	0
PLoS One	2024-01-01	10721194	114129	8649	0	8	1	0	0	0	0	0	0	1	0	0	0	0	0	0	11	0	0	0	0	0	1	0	0	0	0	0	2	0	0	0	0	0
PLoS One	2024-01-01	10723731	115860	9133	0	9	0	2	0	0	0	0	0	1	1	0	0	0	0	0	28	0	0	0	0	0	0	0	0	0	0	0	0	0	0	0	0	0
PLoS One	2024-01-01	10721204	240980	18538	0	4	0	15	0	0	0	0	0	0	0	1	0	0	1	0	115	0	0	1	0	0	2	0	0	0	0	0	2	0	0	0	0	0
PLoS One	2024-01-01	10721178	176080	15770	0	13	0	10	2	0	0	2	0	0	7	3	0	0	2	0	135	0	0	2	0	1	0	5	0	0	0	0	0	1	0	0	0	3
PLoS One	2024-01-01	10721006	101816	8688	0	6	1	0	0	0	1	3	0	0	2	1	0	0	1	0	24	0	0	3	0	0	0	0	0	0	0	0	0	0	0	0	0	0
PLoS One	2024-01-01	10723692	101345	9438	0	12	0	0	0	0	4	1	0	4	0	0	0	0	0	0	36	0	0	0	0	0	1	0	0	0	0	0	0	0	0	0	0	0
PLoS One	2024-01-01	10723661	73810	5547	0	6	1	2	0	0	3	3	0	0	0	0	0	0	1	0	32	0	0	0	0	0	1	3	0	0	0	0	0	0	0	0	0	0
PLoS One	2024-01-01	10721179	235716	19439	0	3	0	5	0	0	14	11	0	0	0	8	0	0	0	0	132	0	0	17	0	4	5	0	0	4	0	0	0	0	0	0	0	0
PLoS One	2024-01-01	10723729	117671	9581	0	12	0	4	0	0	0	1	0	7	15	1	0	0	2	0	40	0	0	1	0	0	1	0	0	0	0	0	1	2	1	0	0	0
PLoS One	2024-01-01	10721195	170862	15222	2	10	0	1	0	0	2	3	0	0	23	3	0	0	0	0	26	0	0	3	0	0	0	0	2	0	0	0	0	0	0	0	0	0
PLoS One	2024-01-01	10723698	147779	11933	0	5	0	2	0	0	0	0	0	1	8	0	0	0	0	0	41	0	0	0	0	0	0	0	0	0	0	0	0	0	0	0	0	0
PLoS One	2024-01-01	10723709	129437	10294	0	7	0	0	0	0	2	1	0	0	5	2	0	0	0	0	20	0	0	0	0	0	0	0	0	0	0	0	0	0	0	0	0	0
PLoS One	2024-01-01	10723667	140089	13259	0	5	1	0	0	0	2	2	0	0	5	7	0	0	2	0	51	0	0	1	0	1	0	0	0	0	0	0	0	0	0	0	0	0
PLoS One	2024-01-01	10723674	156247	12589	0	13	0	0	0	0	2	0	0	0	0	0	0	0	0	0	26	0	0	0	0	0	1	0	0	0	0	0	1	0	0	0	0	0
PLoS One	2024-01-01	10723706	268651	27253	0	49	1	1	0	0	1	22	0	0	2	14	0	0	0	0	83	0	0	0	0	0	1	13	0	0	0	0	3	0	0	0	0	0
PLoS One	2024-01-01	10723672	136271	13434	0	3	0	1	0	0	0	0	0	0	0	4	0	0	0	0	78	0	0	0	0	0	0	0	0	0	0	0	0	0	0	0	0	0
PLoS One	2024-01-01	10721093	183107	16420	0	9	0	0	0	0	1	0	0	0	0	2	0	0	0	0	30	0	0	3	0	0	0	0	0	0	0	0	0	0	0	0	0	0
PLoS One	2024-01-01	10721205	244967	24533	0	28	0	4	0	1	6	11	0	0	2	10	0	0	0	0	118	0	0	3	0	1	3	0	0	0	0	0	0	0	0	0	1	0
PLoS One	2024-01-01	10721192	192908	21694	0	5	0	2	0	0	2	4	0	0	50	0	0	0	0	0	87	0	0	2	0	0	0	0	2	0	0	0	8	0	0	0	0	0
PLoS One	2024-01-01	10723685	5697	400	0	0	0	0	0	0	0	0	0	0	0	0	0	0	0	0	2	0	0	0	0	0	0	0	0	0	0	0	0	0	0	0	0	0
PLoS One	2024-01-01	10721059	202820	17429	0	12	0	3	0	0	0	4	0	5	60	0	0	0	2	0	60	0	0	2	0	0	0	0	0	0	0	0	2	0	0	0	0	0
PLoS One	2024-01-01	10745173	123573	10787	0	12	0	1	0	1	0	1	0	0	0	11	0	0	0	0	12	0	0	1	0	0	0	3	0	0	0	0	0	0	0	0	0	0
PLoS One	2024-01-01	10745135	4936	329	0	0	0	0	0	0	0	0	0	0	0	0	0	0	0	0	0	0	0	0	0	0	0	0	0	0	0	0	0	0	0	0	0	0
PLoS One	2024-01-01	10745226	196553	15342	0	16	2	1	0	0	4	4	0	0	3	1	0	0	1	3	38	0	0	1	0	0	0	0	0	0	0	0	0	0	0	1	0	0
PLoS One	2024-01-01	10745174	278575	21969	2	3	0	2	0	0	5	6	0	0	2	1	0	0	0	2	20	0	0	1	0	0	0	0	0	0	0	0	0	0	0	2	0	0
PLoS One	2024-01-01	10745159	93360	7334	0	1	0	1	0	0	0	1	0	1	0	1	0	0	1	0	40	0	0	1	0	0	1	0	0	0	0	0	0	1	1	0	0	0
PLoS One	2024-01-01	10734952	7370	573	0	0	0	0	0	0	0	0	0	0	0	0	0	0	0	0	0	0	0	0	0	0	0	0	0	0	0	0	0	0	0	0	0	0
PLoS One	2024-01-01	10745191	183067	18420	0	2	0	6	0	0	1	10	0	2	0	0	0	0	0	0	104	0	0	1	0	0	1	0	0	0	0	0	0	0	0	0	0	0
PLoS One	2024-01-01	10734931	140204	11759	0	10	0	0	0	0	0	3	0	0	0	1	0	0	1	0	31	0	1	7	0	0	0	0	0	0	0	0	0	0	0	0	0	0
PLoS One	2024-01-01	10745209	99672	7920	0	2	0	2	0	0	0	0	0	0	0	3	0	0	0	0	51	0	0	1	0	0	3	0	0	0	0	0	0	0	0	0	0	0
PLoS One	2024-01-01	10745154	99932	6233	0	3	0	0	0	0	0	0	0	0	0	0	0	0	0	0	2	0	0	0	0	0	0	0	0	0	0	0	1	0	0	0	0	0
PLoS One	2024-01-01	10745177	236336	23942	0	11	0	14	0	0	0	3	0	0	4	29	0	0	1	0	128	0	0	7	0	0	8	1	0	0	0	0	0	1	0	0	0	0
PLoS One	2024-01-01	10745146	7356	664	0	0	0	0	0	0	0	0	0	0	0	0	0	0	0	0	0	0	0	0	0	0	0	0	0	0	0	0	0	0	0	0	0	0
PLoS One	2024-01-01	10745201	243319	15173	0	5	0	1	0	0	2	1	0	0	1	6	0	0	1	0	33	0	0	2	0	1	0	0	0	0	0	0	0	0	0	0	0	0
PLoS One	2024-01-01	10734929	167850	15541	0	1	0	7	0	0	0	1	0	0	4	0	0	0	0	0	106	0	0	5	0	0	0	0	0	0	0	0	0	0	0	0	0	0
PLoS One	2024-01-01	10745171	71961	6193	0	5	0	3	0	0	0	3	0	0	3	3	0	0	0	0	47	0	0	3	0	0	0	0	0	1	0	0	0	0	0	0	0	0
PLoS One	2024-01-01	10745143	122848	9446	0	10	1	1	0	0	0	2	0	0	2	0	0	0	1	0	84	0	0	0	0	0	0	0	0	0	0	0	0	0	0	0	0	0
PLoS One	2024-01-01	10745184	202189	21423	0	13	1	5	0	1	5	8	0	0	1	14	0	0	4	0	108	0	0	9	0	0	6	0	0	0	0	0	0	0	0	2	0	1
PLoS One	2024-01-01	10745144	111411	9408	0	1	0	0	0	0	0	1	0	21	2	3	0	0	0	0	14	0	0	1	0	0	0	0	0	0	0	0	0	0	0	0	0	6
PLoS One	2024-01-01	10745165	171607	17501	0	25	0	2	0	0	2	3	0	1	8	6	0	0	1	0	70	0	0	5	0	0	2	0	0	0	0	0	0	0	0	0	0	0
PLoS One	2024-01-01	10745193	200145	17426	0	4	0	1	0	0	0	0	0	0	5	9	0	0	0	0	116	0	0	1	0	0	4	0	0	0	0	0	0	0	0	0	0	0
PLoS One	2024-01-01	10745199	115372	8582	0	3	1	1	0	0	0	7	0	0	0	5	0	0	0	0	26	0	0	0	0	0	0	0	0	0	0	0	0	0	0	0	0	0
PLoS One	2024-01-01	10735032	310949	23180	0	3	0	0	0	0	1	6	0	0	24	3	0	0	1	0	31	0	0	6	0	0	1	0	1	0	0	0	3	0	0	1	0	0
PLoS One	2024-01-01	10745180	135436	9541	0	11	1	3	0	0	7	3	0	0	14	0	0	0	0	0	29	0	0	1	0	0	0	0	0	0	0	0	0	0	0	0	0	0
PLoS One	2024-01-01	10745157	244018	18880	1	3	5	36	0	0	4	5	0	0	0	9	1	0	0	0	74	0	0	8	0	0	2	1	1	0	0	0	1	0	0	0	0	1
PLoS One	2024-01-01	10745188	134894	11013	0	1	2	1	0	0	1	1	0	2	0	2	0	0	0	0	54	0	0	3	0	0	0	0	1	0	0	0	0	0	0	0	0	0
PLoS One	2024-01-01	11684638	146238	13016	0	5	0	4	0	1	0	6	0	0	0	6	0	0	0	0	33	0	0	0	0	0	2	0	0	0	0	0	0	0	1	0	0	0
PLoS One	2024-01-01	11684717	181548	7505	0	1	0	0	0	0	0	0	0	0	5	0	0	0	0	0	11	0	0	0	0	0	0	0	2	0	0	0	0	0	0	0	0	0
PLoS One	2024-01-01	11684851	138435	12288	1	7	0	4	0	0	6	3	0	0	6	5	0	0	0	0	45	0	0	1	0	1	0	0	0	0	0	0	0	0	0	0	0	0
PLoS One	2024-01-01	11684669	163404	12659	0	4	1	2	0	0	1	2	0	0	0	0	0	0	1	0	41	0	0	3	0	0	1	0	0	0	0	0	0	0	0	0	0	0
PLoS One	2024-01-01	11684586	174908	15358	4	15	4	2	0	0	12	7	0	2	0	2	0	0	2	1	35	0	0	16	0	2	0	1	0	0	1	0	0	0	1	0	0	0
PLoS One	2024-01-01	11684685	194682	16680	1	9	0	2	0	0	4	1	0	0	0	1	0	0	1	0	25	0	0	3	0	0	1	0	0	0	0	0	0	0	0	0	0	0
PLoS One	2024-01-01	11684731	234629	18618	0	1	0	0	0	0	7	1	0	0	2	0	0	0	0	0	4	0	0	0	0	0	0	0	3	0	0	0	0	0	0	1	0	0
PLoS One	2024-01-01	11684644	182947	14179	0	9	0	0	0	0	3	2	0	0	0	7	0	0	0	0	20	0	0	3	0	1	0	1	0	0	0	0	0	0	0	0	0	0
PLoS One	2024-01-01	11684633	228215	21614	0	3	2	1	0	0	9	11	0	0	0	8	0	0	0	0	81	0	0	8	0	0	1	0	1	0	0	0	0	0	0	0	0	0
PLoS One	2024-01-01	11684665	184004	15670	0	19	0	0	0	0	0	5	0	3	3	1	0	0	1	0	22	0	0	7	0	0	0	1	0	0	0	0	0	0	1	0	0	0
PLoS One	2024-01-01	11684637	5628	387	0	0	0	0	0	0	0	0	0	0	0	0	0	0	0	0	1	0	0	0	0	0	0	0	0	0	0	0	0	0	0	0	0	0
PLoS One	2024-01-01	11684608	4945	311	0	0	0	0	0	0	0	0	0	0	0	0	0	0	0	0	3	0	0	0	0	0	0	0	0	0	0	0	0	0	0	0	0	0
PLoS One	2024-01-01	11684592	102184	8909	0	7	0	1	0	0	0	1	0	0	1	1	0	0	0	0	10	0	0	1	0	0	0	0	0	0	0	0	0	0	0	0	0	2
PLoS One	2024-01-01	11684684	193933	15721	0	2	0	5	0	0	1	2	0	0	3	2	0	0	4	0	52	0	0	0	0	0	1	0	0	0	0	0	1	0	0	0	0	1
PLoS One	2024-01-01	11684727	159672	15633	0	5	0	9	0	0	2	15	0	0	0	9	0	0	0	0	86	0	0	5	0	0	2	2	0	0	0	0	0	0	0	0	0	0
PLoS One	2024-01-01	11684677	187184	15716	0	9	0	1	0	0	5	4	0	0	0	1	0	0	0	0	26	0	0	3	0	0	0	0	0	0	0	0	0	0	0	0	0	0
PLoS One	2024-01-01	11684614	107427	9587	0	6	0	6	0	0	2	0	0	0	1	0	0	0	0	0	45	0	0	8	0	0	1	0	1	0	0	0	0	0	0	0	0	0
PLoS One	2024-01-01	11684624	135490	13121	0	8	0	3	0	0	1	0	0	0	0	0	0	0	0	0	36	0	0	0	0	0	0	0	0	0	0	0	0	0	0	0	0	0
PLoS One	2024-01-01	11684713	5965	427	0	0	0	0	0	0	0	0	0	0	0	0	0	0	0	0	0	0	0	0	0	0	0	0	0	0	0	0	0	0	0	0	0	0
PLoS One	2024-01-01	11684639	214597	19800	0	9	0	1	0	0	9	1	0	1	9	1	0	0	0	0	74	0	0	2	0	0	4	0	0	0	0	0	0	0	0	0	0	0
PLoS One	2024-01-01	11684632	137459	13196	0	15	1	7	0	0	2	1	0	0	8	0	0	0	0	0	114	0	0	3	0	1	3	0	0	0	0	0	2	0	0	0	0	0
PLoS One	2024-01-01	11684683	6633	423	0	0	0	0	0	0	0	0	0	0	0	0	0	0	0	0	0	0	0	0	0	0	0	0	0	0	0	0	0	0	0	0	0	0
PLoS One	2024-01-01	11684629	167476	13275	0	5	0	5	0	0	2	4	0	9	13	4	0	0	1	0	145	0	0	0	0	0	1	0	0	0	0	0	0	0	0	0	0	0
PLoS One	2024-01-01	11684588	180014	17032	0	25	1	5	1	0	2	1	0	0	3	1	0	0	1	0	158	0	0	0	0	0	1	1	0	0	0	0	0	0	0	0	0	0
PLoS One	2024-01-01	11684583	4897	324	0	0	0	0	0	0	0	0	0	0	0	0	0	0	0	0	0	0	0	0	0	0	0	0	0	0	0	0	0	0	0	0	0	0
