journal	date	pmc_id	Nchars	Nwords	delve	analyse	acknowledge	assess	appraise	dissect	explore	examine	extricate	expose	estimate	investigate	inquire	inspect	interpret	scrutinise	study	unearth	uncover	understand	ponder	research	reason	retrieve	avoid	discount	disregard	dismiss	ignore	neglect	overlook	omit	skip	reject
PLoS One	2023-01-01	9536842	118411	11511	0	8	0	2	0	3	2	6	0	2	0	8	0	0	0	0	22	0	0	5	0	0	0	0	0	0	0	0	0	0	0	2	1	0
PLoS One	2023-01-01	9543687	142672	13434	0	5	0	0	0	0	4	2	0	0	0	5	0	0	0	0	27	0	0	1	0	0	5	0	0	0	0	0	1	0	0	0	0	0
PLoS One	2023-01-01	9536568	157531	15789	0	14	0	2	0	0	0	0	0	0	3	0	0	0	0	0	90	0	0	1	0	0	0	0	0	0	0	0	0	0	0	0	0	0
PLoS One	2023-01-01	9543944	141986	14797	0	4	0	0	0	0	0	3	0	4	0	0	0	0	0	0	31	0	0	2	0	0	1	1	0	0	0	0	0	0	0	0	0	0
PLoS One	2023-01-01	9543958	130661	11783	0	10	0	0	0	0	0	0	0	0	0	0	0	0	0	0	50	0	0	0	0	0	0	0	0	1	0	0	0	0	0	0	0	0
PLoS One	2023-01-01	9543623	130119	13060	0	12	0	0	0	0	0	0	0	0	0	1	0	0	0	0	73	0	0	0	0	0	0	0	0	0	0	0	0	0	0	0	0	0
PLoS One	2023-01-01	9543874	93435	7653	0	2	0	0	0	0	0	1	0	0	2	9	0	0	0	0	26	0	0	2	0	0	0	0	0	0	0	0	0	0	0	0	0	1
PLoS One	2023-01-01	9544031	201372	21197	0	10	1	1	0	0	4	10	0	0	0	7	0	0	0	0	138	0	0	7	0	0	0	0	0	0	0	0	0	0	0	0	0	0
PLoS One	2023-01-01	9543686	114564	11065	0	12	1	0	0	0	2	3	0	1	6	2	0	0	1	1	33	0	0	0	0	0	1	0	0	0	0	0	0	0	0	0	0	0
PLoS One	2023-01-01	9543945	124333	11189	0	5	0	1	0	0	2	0	0	0	0	0	0	0	0	0	12	0	0	0	0	3	0	0	0	0	0	0	3	0	0	0	0	0
PLoS One	2023-01-01	9543941	148477	12773	0	6	0	0	0	0	5	0	0	0	0	0	0	0	0	0	27	0	0	0	0	0	0	0	0	0	0	0	0	0	0	0	0	0
PLoS One	2023-01-01	9543957	273761	27609	0	16	0	4	0	0	8	17	0	0	15	14	0	0	2	0	90	0	0	3	0	0	24	0	0	0	0	0	1	0	0	0	0	1
PLoS One	2023-01-01	9544014	69371	6145	0	0	2	0	0	0	1	0	0	10	56	0	0	0	0	0	33	0	0	1	0	0	1	0	0	0	0	0	0	0	0	0	0	0
PLoS One	2023-01-01	9543984	168635	12940	0	8	1	3	0	0	12	4	0	1	0	4	0	0	0	0	115	0	0	3	0	0	1	0	0	0	0	0	1	0	1	0	0	0
PLoS One	2023-01-01	9543956	148955	13533	0	4	1	10	1	0	4	2	0	1	4	0	0	0	0	0	28	0	0	0	0	0	0	1	0	0	0	0	0	0	0	0	0	0
PLoS One	2023-01-01	9543986	97624	5829	0	0	0	0	0	0	0	0	0	4	6	6	0	0	0	0	16	0	0	0	0	0	0	0	0	0	0	0	1	0	0	0	0	0
PLoS One	2023-01-01	9543947	125104	11406	0	5	0	1	0	0	1	1	0	0	0	0	0	0	0	0	26	0	0	0	0	0	0	0	0	0	0	0	0	0	0	0	0	0
PLoS One	2023-01-01	9543983	122784	12728	0	0	0	0	0	0	0	5	0	0	3	3	0	0	1	0	57	0	0	0	0	0	0	0	0	0	0	0	0	4	0	0	0	0
PLoS One	2023-01-01	9536844	139932	11744	0	1	0	3	0	0	1	1	0	0	0	0	0	0	0	0	19	0	0	3	0	0	0	0	0	0	0	0	0	0	0	1	0	0
PLoS One	2023-01-01	9543639	16414	1319	0	0	0	0	0	0	0	0	0	0	0	0	0	0	0	0	5	0	0	0	0	0	0	0	0	0	0	0	0	0	0	0	0	0
PLoS One	2023-01-01	9536596	221268	14474	0	13	0	9	0	0	3	0	0	0	3	1	0	0	0	1	86	0	0	1	0	0	1	1	0	0	0	0	0	0	0	0	0	0
PLoS One	2023-01-01	9536634	170139	16287	0	8	0	3	0	0	1	3	0	1	0	5	0	0	0	0	23	0	1	4	0	0	2	0	0	0	0	0	0	0	0	1	0	0
PLoS One	2023-01-01	9543766	152630	13450	0	6	0	2	0	0	1	3	0	0	4	1	0	0	3	0	19	0	0	4	0	0	0	0	0	0	0	0	0	0	0	0	0	0
PLoS One	2023-01-01	9543638	112635	8610	0	3	1	6	0	0	1	0	0	0	1	2	0	0	0	0	52	0	0	1	0	0	0	0	1	0	0	0	0	0	0	0	0	0
PLoS One	2023-01-01	9543987	115279	8489	0	4	0	0	0	0	0	0	0	0	2	1	0	0	0	0	49	0	0	0	0	0	1	0	0	0	0	0	0	1	0	0	0	0
PLoS One	2023-01-01	9565731	92490	7175	0	4	1	0	0	0	0	3	0	2	0	10	0	0	0	0	12	0	0	2	0	0	0	0	1	0	0	0	0	0	0	0	0	0
PLoS One	2023-01-01	9565427	109893	8620	0	7	0	0	0	0	2	12	0	0	2	2	0	0	0	0	24	0	0	1	0	0	1	0	0	0	0	0	0	0	0	0	0	0
PLoS One	2023-01-01	9565374	152376	12949	0	2	1	8	0	0	2	2	0	0	1	0	0	0	2	0	66	0	0	0	0	0	8	0	0	0	0	0	0	0	0	0	0	0
PLoS One	2023-01-01	9565397	78566	6874	0	4	0	2	0	0	0	0	0	0	5	2	0	0	0	0	38	0	0	0	0	0	0	0	0	0	0	0	0	0	0	0	0	0
PLoS One	2023-01-01	9565413	195322	16399	0	31	2	7	0	0	3	2	0	0	28	5	0	0	3	0	26	0	0	3	0	0	0	0	0	0	0	0	0	0	0	0	0	0
PLoS One	2023-01-01	9565725	112298	9535	0	8	0	6	0	0	8	6	0	2	0	5	0	0	3	0	43	0	0	2	0	0	0	0	0	0	0	0	0	0	0	0	0	0
PLoS One	2023-01-01	9565414	164781	16948	0	5	0	2	0	0	6	0	0	0	4	0	0	0	1	0	64	0	0	0	0	0	3	0	0	0	0	0	0	0	0	0	0	0
PLoS One	2023-01-01	9565375	227679	23215	0	3	0	4	0	0	11	2	0	3	47	2	0	0	2	0	51	0	0	0	0	0	1	0	0	0	0	0	2	0	0	2	0	0
PLoS One	2023-01-01	9565741	116710	11436	0	1	0	1	0	0	0	0	0	0	2	1	0	0	0	0	20	0	0	3	0	1	0	0	0	1	0	0	0	0	0	0	0	0
PLoS One	2023-01-01	9565368	74664	6564	0	3	0	5	0	0	1	0	0	0	4	0	0	0	0	0	24	0	0	0	0	0	0	0	0	0	0	0	0	0	0	0	0	0
PLoS One	2023-01-01	9565758	141807	10072	0	6	2	0	0	0	2	1	0	0	13	0	0	0	0	0	22	0	0	1	0	0	1	0	0	0	0	0	0	1	0	0	0	0
PLoS One	2023-01-01	9565666	181833	17859	0	6	4	11	0	0	0	7	0	0	0	14	0	0	0	0	83	0	0	0	0	0	2	0	0	0	0	0	0	0	0	1	0	0
PLoS One	2023-01-01	9560624	183663	17295	0	2	0	5	0	0	0	0	0	1	11	2	0	0	0	0	81	0	0	1	0	0	0	0	0	1	0	0	0	0	0	0	0	0
PLoS One	2023-01-01	9565697	161908	14336	0	3	0	2	0	0	0	0	0	1	31	0	0	0	0	0	29	0	0	2	0	0	0	0	0	0	0	0	0	0	0	0	0	0
PLoS One	2023-01-01	9565665	200826	20890	0	15	1	4	0	0	0	0	0	0	1	5	0	0	0	0	100	0	0	3	0	0	2	0	1	0	0	0	0	0	0	0	0	0
PLoS One	2023-01-01	9565415	98639	4981	0	1	0	0	0	0	1	2	0	0	9	1	0	0	4	0	10	0	0	0	0	0	1	0	0	0	0	0	1	0	0	0	0	0
PLoS One	2023-01-01	9565379	115331	8498	0	8	0	1	0	0	0	1	0	0	0	4	0	0	0	0	10	0	0	1	0	0	0	0	0	0	0	0	0	0	0	0	0	0
PLoS One	2023-01-01	9565458	174673	15003	0	5	0	1	0	0	1	5	0	2	26	5	0	0	0	0	13	0	0	1	0	0	0	0	2	0	0	0	2	0	0	2	0	0
PLoS One	2023-01-01	9565376	83157	7208	0	19	1	1	0	0	1	1	0	1	0	0	0	0	0	0	41	0	0	0	0	0	0	1	1	0	0	0	0	0	0	0	0	0
PLoS One	2023-01-01	9565400	127443	11843	0	5	3	5	0	0	1	0	0	0	3	4	0	0	1	0	85	0	0	0	0	0	0	0	0	0	0	0	0	0	0	0	0	0
PLoS One	2023-01-01	9565713	295453	31081	0	41	0	8	0	0	0	1	0	0	6	1	0	0	0	0	146	0	0	5	0	0	7	0	4	0	0	0	0	0	0	0	0	0
PLoS One	2023-01-01	9565377	488002	42717	1	8	1	0	0	0	7	10	0	0	7	0	0	0	0	0	59	0	0	2	0	0	2	0	0	0	0	0	1	0	0	0	0	0
PLoS One	2023-01-01	9565441	64902	5648	0	3	0	0	0	0	0	0	0	0	10	3	0	0	1	0	34	0	0	0	0	0	0	0	0	0	0	0	0	0	0	0	0	1
PLoS One	2023-01-01	9565726	189659	17773	0	2	0	0	0	0	10	6	0	0	1	5	0	0	2	0	69	0	0	7	0	0	2	0	0	0	0	0	0	0	0	0	0	0
PLoS One	2023-01-01	9565687	108923	9427	0	2	1	2	0	0	0	3	0	2	0	4	0	0	0	0	38	0	0	0	0	0	0	0	0	0	0	0	0	0	0	1	0	0
PLoS One	2023-01-01	9586408	5046	352	0	0	0	0	0	0	0	0	0	0	0	0	0	0	0	0	0	0	0	0	0	0	0	0	0	0	0	0	0	0	0	0	0	0
PLoS One	2023-01-01	9586374	96950	8286	0	0	0	1	0	0	0	0	0	2	0	1	0	0	0	0	21	0	0	1	0	0	0	0	0	0	0	0	0	0	0	0	0	0
PLoS One	2023-01-01	9586382	108151	9531	0	11	0	3	0	0	9	2	0	0	2	8	0	0	2	0	19	0	0	10	0	0	4	0	1	0	0	0	0	0	1	0	0	0
PLoS One	2023-01-01	9586392	99764	9825	0	13	0	0	0	0	3	8	0	0	0	0	0	0	0	0	25	0	0	5	0	0	8	0	1	0	0	0	2	0	0	0	0	0
PLoS One	2023-01-01	9586371	62926	5721	0	2	0	2	0	0	0	1	0	0	0	0	0	0	0	0	4	0	0	1	0	0	0	0	0	0	0	0	0	0	0	0	0	0
PLoS One	2023-01-01	9586385	297257	27528	0	5	0	1	0	0	4	0	0	9	13	5	0	0	0	0	29	0	6	8	0	0	2	0	1	0	1	0	0	0	0	0	0	0
PLoS One	2023-01-01	9586363	167527	13369	0	8	0	0	0	0	3	2	0	8	3	2	0	0	0	0	50	0	0	1	0	1	0	0	0	0	0	0	0	0	0	0	0	0
PLoS One	2023-01-01	9586410	131874	9943	0	2	3	4	0	0	0	0	0	0	1	1	0	0	0	0	12	0	0	0	0	0	0	0	0	0	0	0	0	0	0	0	0	0
PLoS One	2023-01-01	9584504	151150	13162	0	17	1	14	0	0	4	0	0	0	21	0	0	0	0	0	55	0	0	0	0	0	1	0	2	0	0	0	4	0	0	0	0	0
PLoS One	2023-01-01	9584428	91042	8703	0	3	0	0	0	0	0	0	0	0	0	2	0	0	0	0	24	0	0	0	0	0	1	0	0	0	0	0	0	0	0	0	0	0
PLoS One	2023-01-01	9584398	138909	9930	0	4	0	9	0	0	0	1	0	0	11	1	0	0	1	0	62	0	0	1	0	0	1	0	0	0	0	0	0	0	2	0	0	0
PLoS One	2023-01-01	9584425	84508	7353	0	2	0	1	0	0	1	0	0	0	0	1	0	0	0	0	11	0	0	0	0	0	0	0	0	0	0	0	0	0	0	0	0	0
PLoS One	2023-01-01	9586339	125302	13514	0	3	1	0	0	0	0	3	0	0	1	1	0	0	2	0	38	0	0	2	0	0	2	0	0	0	0	1	0	0	0	0	0	0
PLoS One	2023-01-01	9586345	4948	341	0	0	0	0	0	0	3	0	0	0	0	0	0	0	0	0	0	0	0	0	0	0	0	0	0	0	0	0	0	0	0	0	0	0
PLoS One	2023-01-01	9586365	136020	12925	0	3	0	1	0	0	0	0	0	1	0	0	0	0	0	0	61	0	0	0	0	0	0	0	0	0	0	0	0	0	0	0	0	0
PLoS One	2023-01-01	9586350	74599	6907	0	4	0	0	0	0	0	2	0	4	0	0	0	0	0	0	22	0	0	2	0	0	9	0	1	0	0	0	0	0	0	0	0	0
PLoS One	2023-01-01	9586370	228644	19088	0	15	0	1	0	0	1	6	0	0	16	7	0	0	0	0	86	0	0	0	0	0	0	0	0	0	0	0	0	0	0	0	0	1
PLoS One	2023-01-01	9586375	101574	8031	0	11	1	1	0	0	1	3	0	0	8	0	0	0	0	0	24	0	0	1	0	0	2	0	0	0	0	0	0	0	0	0	0	0
PLoS One	2023-01-01	9586344	4745	313	0	0	0	0	0	0	0	0	0	0	0	0	0	0	0	0	0	0	0	0	0	0	0	0	0	0	0	0	0	0	0	0	0	0
PLoS One	2023-01-01	9584454	125652	9351	0	3	1	4	0	0	1	0	0	0	0	0	0	0	0	0	19	0	0	2	0	0	0	0	0	0	0	0	0	0	0	2	0	0
PLoS One	2023-01-01	9586343	4871	330	0	0	0	0	0	0	0	0	0	0	0	0	0	0	0	0	0	0	0	0	0	0	0	0	0	0	0	0	0	0	0	0	0	0
PLoS One	2023-01-01	9586386	122943	10657	0	5	2	2	0	0	0	15	0	0	4	1	0	0	0	0	36	0	0	1	0	0	1	0	0	0	0	0	0	0	0	0	0	0
PLoS One	2023-01-01	9586340	5023	340	0	0	0	0	0	0	0	0	0	0	0	0	0	0	0	0	0	0	0	0	0	0	0	0	0	0	0	0	0	0	0	0	0	0
PLoS One	2023-01-01	9586373	79487	6585	0	11	0	4	0	0	2	0	0	0	3	0	0	0	0	0	64	0	0	0	0	0	1	2	0	0	0	0	0	0	0	0	0	0
PLoS One	2023-01-01	9586353	141281	13268	0	0	0	0	0	0	0	0	0	0	1	13	0	0	0	0	40	0	0	1	0	0	0	1	0	0	0	0	0	0	0	0	0	0
PLoS One	2023-01-01	9624390	145024	15839	0	6	0	0	0	0	1	1	0	0	1	1	0	0	4	0	51	0	0	13	0	0	1	0	6	0	0	0	0	0	0	0	0	0
PLoS One	2023-01-01	9624397	76025	5856	0	4	0	0	0	0	0	1	0	1	0	0	0	0	0	0	20	0	0	0	0	0	0	0	0	0	0	0	0	1	0	0	0	0
PLoS One	2023-01-01	9621413	110853	11083	0	4	0	0	0	0	0	0	0	0	0	0	0	0	0	0	4	0	0	0	0	0	1	0	0	0	0	0	0	0	0	0	0	0
PLoS One	2023-01-01	9621457	116657	9788	0	5	0	0	0	0	0	1	0	0	1	0	0	0	0	0	25	0	0	0	0	0	1	0	0	0	0	0	0	0	0	0	0	0
PLoS One	2023-01-01	9621417	93375	8687	0	3	0	0	0	0	1	0	0	0	3	0	0	0	0	0	13	0	0	0	0	1	0	0	0	15	0	0	0	0	0	0	0	2
PLoS One	2023-01-01	9621423	153427	11232	0	6	2	5	0	0	0	2	0	0	0	1	0	0	0	0	64	0	0	0	0	0	0	0	0	0	0	0	0	0	0	0	0	0
PLoS One	2023-01-01	9624399	91520	7304	0	9	0	4	0	0	1	0	0	0	0	1	0	0	0	0	22	0	0	4	0	0	0	0	0	0	0	0	0	0	0	0	0	0
PLoS One	2023-01-01	9621431	178785	16055	0	17	1	0	0	0	0	0	0	0	1	5	0	0	0	0	32	0	0	1	0	0	1	0	0	0	0	0	0	0	0	0	0	0
PLoS One	2023-01-01	9621402	52579	4187	0	3	0	4	0	0	0	0	0	0	2	0	0	0	0	0	28	0	0	2	0	0	0	0	0	0	0	0	0	0	0	1	0	0
PLoS One	2023-01-01	9621432	93322	8045	0	5	0	2	0	0	1	5	0	0	0	4	0	0	3	0	59	0	0	5	0	0	0	0	0	0	0	0	0	0	0	0	0	0
PLoS One	2023-01-01	9624413	156470	12739	0	3	0	1	0	0	1	1	0	0	18	0	0	0	0	1	9	0	0	0	0	0	0	0	0	0	0	0	0	0	0	0	0	0
PLoS One	2023-01-01	9621438	147465	13116	0	7	0	0	0	0	1	2	0	0	0	1	0	0	0	0	31	0	0	1	0	0	0	0	0	0	0	0	0	0	0	0	0	0
PLoS One	2023-01-01	9624401	105487	8665	0	3	0	3	0	0	0	5	0	0	0	3	0	0	0	0	51	0	0	0	0	0	0	1	0	0	0	0	0	0	0	0	0	0
PLoS One	2023-01-01	9624393	130316	12935	0	13	0	0	0	0	5	1	0	1	0	2	0	0	0	0	80	0	0	5	0	0	1	0	2	0	0	0	0	0	0	0	0	0
PLoS One	2023-01-01	9624424	123157	11275	0	0	0	1	0	0	3	2	0	0	0	0	0	0	1	0	46	0	0	3	0	1	21	0	1	0	0	0	0	0	0	0	0	0
PLoS One	2023-01-01	9624400	99234	8059	0	3	0	0	0	0	0	0	0	1	3	1	0	0	0	0	5	0	0	2	0	0	0	0	0	0	0	0	0	0	0	0	0	0
PLoS One	2023-01-01	9621405	126635	12067	0	2	0	2	0	0	0	1	0	0	1	3	0	1	2	0	10	0	0	1	0	0	0	1	0	0	0	0	1	1	0	0	0	0
PLoS One	2023-01-01	9621442	177353	17963	0	27	0	0	0	0	18	0	0	0	1	11	0	0	0	0	45	0	0	7	0	0	1	0	0	0	0	0	0	0	0	0	0	0
PLoS One	2023-01-01	9612576	140652	13742	0	5	0	2	0	0	6	2	0	0	25	5	0	0	1	0	43	0	0	3	0	0	0	0	0	0	0	0	0	0	0	0	1	0
PLoS One	2023-01-01	9624416	145496	15976	0	6	1	1	0	0	2	4	0	0	0	6	0	0	0	0	27	0	0	0	0	0	1	0	0	0	0	0	0	0	0	0	0	0
PLoS One	2023-01-01	9624406	115371	10830	0	12	0	5	0	0	2	2	0	0	2	4	0	0	0	0	28	0	0	0	0	0	1	0	0	0	0	0	0	0	0	0	0	0
PLoS One	2023-01-01	9624394	12209	1275	0	2	0	1	0	0	0	0	0	1	0	0	0	0	0	0	4	0	0	0	0	0	0	0	0	0	0	0	0	0	0	0	0	0
PLoS One	2023-01-01	9624430	128371	10765	0	3	0	0	0	0	0	3	0	0	3	2	0	0	0	0	25	0	1	2	0	0	0	0	0	0	0	0	0	0	0	0	0	0
PLoS One	2023-01-01	9621450	211359	19252	1	3	0	2	0	0	2	1	0	0	5	0	0	0	0	0	61	0	0	1	0	1	0	0	0	0	0	0	4	0	0	0	0	0
PLoS One	2023-01-01	9621425	179701	14495	0	2	0	2	0	0	0	1	0	0	0	2	0	0	0	0	98	0	0	1	0	0	2	0	1	0	0	0	0	0	1	0	0	0
PLoS One	2023-01-01	9642893	95716	9808	0	4	1	4	0	0	4	1	0	0	2	3	0	0	0	0	23	0	0	1	0	0	0	0	0	0	0	0	0	0	0	0	0	0
PLoS One	2023-01-01	9635741	86252	7065	0	4	0	1	0	0	0	13	0	0	19	0	0	0	0	0	10	0	0	1	0	0	0	0	0	1	0	0	0	0	0	0	0	0
PLoS One	2023-01-01	9639844	114278	9238	0	3	0	1	0	1	0	2	0	0	2	2	0	0	0	0	25	0	0	0	0	0	0	0	0	0	0	0	0	0	0	1	0	0
PLoS One	2023-01-01	9635753	208747	16775	0	1	1	0	0	0	6	5	0	0	2	3	0	0	0	0	22	0	0	0	0	3	0	0	0	0	0	0	0	0	0	0	0	1
PLoS One	2023-01-01	9635712	125820	10530	0	2	1	6	0	0	0	1	0	1	3	0	0	0	0	0	70	0	0	0	0	0	3	0	3	0	0	0	0	1	0	0	0	0
PLoS One	2023-01-01	9639831	74312	6403	0	1	0	0	0	0	0	5	0	0	6	0	0	0	0	0	15	0	0	2	0	0	0	0	0	0	0	0	0	0	0	0	0	0
PLoS One	2023-01-01	9642887	112605	8518	0	1	0	1	0	0	2	2	0	0	3	0	0	0	0	0	21	0	0	2	0	0	0	0	0	0	0	0	0	0	0	0	0	0
PLoS One	2023-01-01	9642907	542262	40011	0	12	0	0	0	0	0	1	0	0	0	0	0	0	1	0	36	0	0	0	0	0	0	0	0	0	0	0	0	0	0	0	0	0
PLoS One	2023-01-01	9635692	84991	7241	0	3	0	3	0	0	1	0	0	0	5	1	0	0	0	0	43	0	0	0	0	0	4	0	1	0	0	0	0	0	0	0	0	0
PLoS One	2023-01-01	9635752	320074	30899	0	8	4	3	0	0	6	5	0	0	31	2	0	0	0	3	407	0	0	2	0	0	7	1	0	0	0	0	0	0	0	1	3	0
PLoS One	2023-01-01	9639826	91213	6556	0	5	0	1	0	0	1	1	0	0	0	1	0	0	0	0	29	0	0	0	0	0	1	0	0	0	0	0	1	0	0	0	0	0
PLoS One	2023-01-01	9635729	89082	7287	0	3	1	1	0	0	0	4	0	1	1	4	0	0	0	0	36	0	0	2	0	0	0	0	0	0	0	0	0	0	0	0	0	0
PLoS One	2023-01-01	9635714	285663	24275	0	6	0	6	0	0	8	1	0	1	0	8	0	0	5	0	72	0	0	2	0	2	9	0	0	0	0	0	0	0	0	1	0	0
PLoS One	2023-01-01	9639827	158429	13209	0	9	3	0	0	0	5	5	0	0	16	1	0	0	0	0	48	0	0	1	0	0	0	0	0	0	0	0	0	0	0	0	0	0
PLoS One	2023-01-01	9635713	119817	8748	0	10	0	0	0	0	0	0	0	0	3	2	0	0	0	0	26	0	0	2	0	0	0	0	0	0	0	0	0	0	0	0	0	0
PLoS One	2023-01-01	9642874	72132	5740	0	9	0	1	0	0	1	0	0	0	0	0	0	0	0	0	9	0	0	0	0	0	0	0	0	0	0	0	0	0	0	0	0	0
PLoS One	2023-01-01	9642877	121792	11951	0	2	0	4	0	0	0	0	0	0	0	6	0	0	0	0	62	0	0	0	0	0	0	0	0	0	0	0	0	0	0	0	0	0
PLoS One	2023-01-01	9639818	135662	11432	0	8	0	2	0	0	5	1	0	0	0	2	0	0	0	0	60	0	0	1	0	0	0	0	0	0	0	0	0	0	0	0	0	0
PLoS One	2023-01-01	9635742	85737	6938	0	0	0	1	0	0	0	5	0	0	4	1	0	0	0	0	20	0	0	0	0	0	8	0	0	0	0	0	0	0	0	0	0	0
PLoS One	2023-01-01	9635751	78641	8202	0	4	1	0	0	0	9	0	0	5	0	0	0	0	0	0	12	0	0	4	0	0	2	0	1	0	0	0	0	0	0	0	0	0
PLoS One	2023-01-01	9639836	252458	26075	0	7	3	17	0	0	7	5	0	0	5	2	2	0	2	0	229	0	0	2	0	0	5	2	0	0	0	0	0	0	0	0	0	0
PLoS One	2023-01-01	9642884	189442	17880	0	14	1	0	0	0	2	0	0	0	11	16	0	0	0	0	42	0	0	1	0	0	1	0	0	2	0	0	0	0	0	0	0	0
PLoS One	2023-01-01	9639825	93858	7588	0	17	1	0	0	0	0	5	0	1	0	1	0	0	0	0	15	0	1	0	0	0	0	0	0	0	0	0	0	0	0	0	0	0
PLoS One	2023-01-01	9639835	171295	15863	0	9	0	0	0	0	3	1	0	0	4	0	0	0	0	0	50	0	0	1	0	0	2	0	0	0	0	0	1	0	0	0	0	2
PLoS One	2023-01-01	9635698	119383	12452	0	3	2	0	0	0	16	0	0	0	0	3	0	0	0	0	49	0	0	5	0	0	0	0	0	0	0	0	0	0	1	0	0	0
PLoS One	2023-01-01	9651551	80894	7035	0	0	1	3	0	0	0	2	0	0	8	4	0	0	0	0	23	0	0	0	0	0	0	0	0	0	0	0	0	0	0	1	0	0
PLoS One	2023-01-01	9662714	94138	8298	0	5	0	0	0	0	0	1	0	0	2	15	0	0	0	0	29	0	0	0	0	0	1	0	0	0	0	0	0	0	0	0	0	0
PLoS One	2023-01-01	9651577	184351	17699	0	27	0	4	0	0	0	1	0	0	2	0	0	0	1	0	49	0	1	1	0	0	1	0	0	0	0	0	0	0	0	0	0	0
PLoS One	2023-01-01	9662742	109823	10087	0	2	0	3	0	0	4	0	0	0	0	0	0	0	0	0	54	0	0	0	0	0	1	0	2	0	0	0	0	0	0	0	0	0
PLoS One	2023-01-01	9662720	76746	7449	0	3	0	1	0	0	0	0	0	0	0	1	0	0	0	0	14	0	0	0	0	0	2	0	2	0	0	0	0	0	0	0	0	0
PLoS One	2023-01-01	9665403	142876	12361	0	16	0	1	0	0	3	28	0	1	0	19	0	0	0	0	79	0	0	2	0	0	0	0	2	0	0	0	0	0	0	0	0	0
PLoS One	2023-01-01	9651571	133169	11794	0	4	0	1	0	0	0	1	0	0	8	0	0	0	0	0	43	0	0	0	0	0	0	0	2	0	0	0	0	0	0	0	0	0
PLoS One	2023-01-01	9665399	103018	10228	0	31	1	16	0	0	0	6	0	15	5	0	0	0	1	0	91	0	0	1	0	0	0	0	0	0	0	0	0	0	0	0	0	0
PLoS One	2023-01-01	9665405	153211	11874	0	11	1	7	0	0	2	17	0	0	0	1	0	0	0	0	21	0	0	0	0	0	0	0	0	0	0	0	0	0	0	0	0	0
PLoS One	2023-01-01	9651580	137165	12604	0	1	0	0	0	0	0	1	0	0	9	13	0	0	2	0	28	0	0	4	0	0	0	0	3	0	0	0	5	2	0	0	0	0
PLoS One	2023-01-01	9651559	122600	11052	0	19	0	3	0	0	0	11	0	0	13	0	0	0	2	0	38	0	0	1	0	0	1	0	0	0	0	0	0	0	0	0	0	0
PLoS One	2023-01-01	9665396	230265	11840	0	3	0	3	0	0	0	0	0	0	1	5	0	0	0	0	9	0	0	1	0	0	0	0	0	0	0	0	0	0	0	0	0	0
PLoS One	2023-01-01	9651569	65406	5593	0	6	1	4	0	0	2	2	0	0	0	0	0	0	0	0	33	0	0	0	0	0	0	0	0	0	0	0	0	0	0	0	0	0
PLoS One	2023-01-01	9662722	111120	9477	0	7	0	0	0	0	0	2	0	2	12	7	0	0	0	0	40	0	0	4	0	0	0	0	0	0	0	0	0	2	0	0	0	0
PLoS One	2023-01-01	9651552	91946	9605	0	3	0	4	18	0	0	0	0	0	3	0	0	0	2	0	53	0	0	0	0	0	0	1	0	0	0	0	0	0	0	1	0	0
PLoS One	2023-01-01	9651555	107024	8693	0	13	0	1	0	0	1	0	0	2	0	3	0	0	0	0	43	0	0	0	0	0	0	0	0	0	0	0	0	0	0	0	1	0
PLoS One	2023-01-01	9665385	80736	7413	0	3	0	0	0	0	1	3	0	0	0	0	0	0	0	0	31	0	0	1	0	0	0	0	3	0	0	0	0	0	0	0	0	0
PLoS One	2023-01-01	9651589	65896	5693	0	2	1	2	0	0	0	0	0	0	2	3	0	0	0	0	21	0	0	0	0	0	1	0	0	0	0	0	0	0	0	0	0	0
PLoS One	2023-01-01	9665379	93211	7970	0	1	2	1	0	0	0	2	0	0	0	3	0	0	0	0	30	0	0	0	0	0	0	0	0	0	0	0	0	0	0	0	0	0
PLoS One	2023-01-01	9665375	117653	9625	0	4	0	0	0	0	0	3	0	6	0	0	0	0	0	0	11	0	0	0	0	0	1	0	0	0	0	0	0	0	0	0	0	0
PLoS One	2023-01-01	9665361	91027	6780	0	1	0	1	0	0	0	1	0	3	1	0	0	0	0	0	43	0	0	1	0	0	1	0	0	0	0	0	0	0	0	0	0	0
PLoS One	2023-01-01	9662725	91982	7626	0	5	0	1	0	0	0	3	0	0	0	2	0	0	0	0	25	0	0	0	0	0	1	0	0	0	0	0	0	0	0	0	0	0
PLoS One	2023-01-01	9665378	138565	11116	0	7	0	2	0	0	0	3	0	0	1	1	0	0	0	0	20	0	0	0	0	0	0	0	0	0	0	0	0	0	0	0	0	0
PLoS One	2023-01-01	9665381	95362	8100	0	4	0	0	0	0	0	0	0	0	0	0	0	0	0	0	9	0	0	3	0	1	0	0	0	0	0	0	2	0	0	0	0	0
PLoS One	2023-01-01	9665366	91664	8335	0	6	0	3	0	0	1	8	0	0	6	1	0	0	1	0	47	0	0	0	0	0	1	0	0	0	0	0	0	0	0	0	0	0
PLoS One	2023-01-01	9681077	133976	11387	0	2	1	1	0	0	0	0	0	0	3	0	0	0	0	0	17	0	0	0	0	0	0	0	0	0	0	0	0	0	0	0	0	0
PLoS One	2023-01-01	9678322	112216	9324	0	2	0	4	0	0	1	1	0	0	0	0	0	0	0	0	36	0	0	1	0	0	0	0	0	0	0	0	0	0	0	0	0	0
PLoS One	2023-01-01	9681100	84042	6379	0	3	0	0	0	0	0	0	0	3	1	1	0	0	0	0	16	0	0	1	0	0	0	0	0	0	0	0	1	0	0	0	0	0
PLoS One	2023-01-01	9681090	208643	18524	0	15	0	2	0	0	1	4	0	0	2	1	0	0	1	0	97	0	0	1	0	1	1	0	0	0	0	0	0	0	0	0	0	0
PLoS One	2023-01-01	9678252	84841	7163	0	0	0	0	0	0	0	3	0	11	0	2	0	0	0	0	24	0	0	0	0	0	1	0	0	0	0	0	0	2	0	0	0	0
PLoS One	2023-01-01	9681108	141351	13460	0	9	0	3	0	0	0	0	0	1	3	0	0	0	0	0	77	0	0	1	0	0	0	0	0	0	0	0	0	1	0	0	0	0
PLoS One	2023-01-01	9678292	148361	10423	0	3	0	0	0	0	0	1	0	1	3	3	0	1	0	0	4	0	0	1	0	0	0	0	0	0	0	0	0	0	0	0	0	0
PLoS One	2023-01-01	9681080	130305	11080	0	3	0	2	0	0	0	1	0	4	1	0	0	0	0	0	13	0	0	0	0	0	0	0	1	0	0	0	0	0	0	0	0	0
PLoS One	2023-01-01	9678275	94240	7048	0	3	1	0	0	0	1	2	0	0	0	0	0	0	0	0	27	0	2	1	0	0	0	0	0	0	0	0	0	0	0	0	0	0
PLoS One	2023-01-01	9681099	133696	11153	0	6	1	1	0	0	0	2	0	0	1	0	0	0	0	0	37	0	0	0	0	0	0	0	0	0	0	0	0	0	0	0	0	0
PLoS One	2023-01-01	9678257	69449	5166	0	3	0	0	0	3	2	0	0	0	0	5	0	0	0	0	15	0	0	0	0	0	1	0	0	0	0	0	0	0	0	0	0	0
PLoS One	2023-01-01	9681096	99110	8160	0	4	0	0	0	0	1	3	0	1	6	0	0	0	0	0	16	0	1	0	0	0	2	0	0	0	0	0	0	0	0	0	0	0
PLoS One	2023-01-01	9681076	280371	28465	0	16	0	16	0	0	2	2	0	0	17	0	0	0	5	0	193	0	0	10	0	0	4	2	0	0	0	0	1	0	0	0	0	0
PLoS One	2023-01-01	9681110	212699	20458	2	4	0	0	0	0	0	0	0	2	1	1	0	0	3	0	69	0	0	0	0	0	0	0	0	0	0	0	0	0	0	0	0	0
PLoS One	2023-01-01	9681098	140529	14046	0	1	0	0	0	0	0	0	0	0	0	3	0	0	0	0	11	0	0	0	0	0	0	0	2	0	0	0	0	0	0	1	0	0
PLoS One	2023-01-01	9678258	158173	16520	0	4	0	6	0	0	0	0	0	1	11	0	0	0	2	0	22	0	0	2	0	0	0	0	0	0	0	2	0	0	0	3	0	0
PLoS One	2023-01-01	9681101	136422	12748	0	2	0	4	0	0	0	0	0	0	0	1	0	0	2	0	54	0	0	3	0	1	0	2	2	0	0	0	0	0	0	0	0	1
PLoS One	2023-01-01	9678298	190000	16683	0	10	0	6	0	0	0	0	0	0	4	1	0	0	0	0	84	0	0	1	0	0	0	0	0	0	0	0	0	0	0	0	0	0
PLoS One	2023-01-01	9681078	166193	14746	0	5	0	5	0	0	2	5	0	1	1	0	0	0	0	0	60	0	0	2	0	1	0	0	0	0	0	0	0	0	0	0	0	0
PLoS One	2023-01-01	9681092	131591	13296	0	8	1	0	0	0	4	3	0	0	0	5	0	0	0	0	42	0	0	3	0	0	3	0	1	0	0	0	0	0	0	0	1	0
PLoS One	2023-01-01	9681087	116779	10767	0	4	0	0	0	0	0	6	0	0	4	3	0	0	0	0	52	0	0	1	0	0	0	0	0	0	0	0	0	0	2	0	0	0
PLoS One	2023-01-01	9681094	189543	14713	0	10	0	6	0	0	3	0	0	0	0	6	0	0	1	0	36	0	0	1	0	0	2	0	0	0	0	0	0	0	0	0	0	0
PLoS One	2023-01-01	9678323	162115	14457	0	2	1	4	0	0	3	1	0	1	5	1	1	0	1	0	41	0	0	2	0	0	10	2	1	0	0	0	1	0	0	0	0	0
PLoS One	2023-01-01	9678254	229027	18727	0	3	0	0	0	0	0	5	0	0	4	0	0	0	0	0	20	0	0	1	0	0	2	0	0	0	0	0	0	0	0	0	0	0
PLoS One	2023-01-01	9681074	156272	14100	0	2	0	3	0	0	0	0	0	0	7	9	0	0	0	0	20	0	0	2	0	0	1	0	0	0	0	0	0	0	0	0	0	0
PLoS One	2023-01-01	9714848	122558	11324	0	6	0	3	0	0	0	3	0	0	7	0	0	0	0	0	55	0	0	1	0	0	0	0	0	0	0	0	0	0	0	0	0	0
PLoS One	2023-01-01	9714948	113667	12191	0	2	0	13	0	0	1	0	0	0	7	2	0	0	0	0	20	0	0	2	0	0	1	0	0	0	0	0	0	0	0	0	0	1
PLoS One	2023-01-01	9714818	132458	13286	1	5	0	7	0	0	9	0	0	0	14	1	0	1	1	0	46	0	0	2	0	4	17	0	0	0	0	0	0	0	0	0	0	0
PLoS One	2023-01-01	9714819	260004	24502	0	11	1	2	0	0	0	2	0	0	13	0	0	0	0	0	107	0	0	3	0	0	2	0	0	0	0	0	1	0	2	0	0	0
PLoS One	2023-01-01	9714802	125065	13760	0	15	0	8	2	0	6	5	0	0	0	5	0	0	0	0	123	0	0	0	0	4	6	2	0	0	0	0	0	0	0	0	0	0
PLoS One	2023-01-01	9714805	191876	17325	0	17	3	16	0	0	2	23	0	0	5	5	0	0	5	0	17	0	0	4	0	0	0	0	0	0	0	0	2	0	1	0	0	0
PLoS One	2023-01-01	9714810	166338	15587	0	8	0	9	3	0	2	2	0	0	0	5	0	0	0	0	64	0	0	1	0	0	0	0	0	0	0	1	0	0	0	0	0	0
PLoS One	2023-01-01	9714895	113828	10492	0	5	0	0	0	0	0	3	0	0	2	0	0	0	0	0	31	0	0	1	0	0	0	0	0	0	0	0	0	0	0	0	0	0
PLoS One	2023-01-01	9714883	148295	11201	0	13	0	0	0	0	0	2	0	0	0	7	0	0	0	0	57	0	0	0	0	0	0	0	0	0	0	0	0	0	0	0	0	0
PLoS One	2023-01-01	9714862	136926	16495	1	0	2	1	0	0	1	0	0	0	0	0	0	0	3	0	4	0	0	2	0	0	2	3	0	0	0	0	2	0	0	0	0	0
PLoS One	2023-01-01	9714804	107448	9342	0	3	1	0	0	0	1	0	0	0	1	1	0	0	0	0	29	0	0	0	0	0	0	0	0	0	0	0	0	0	0	1	0	0
PLoS One	2023-01-01	9714879	106708	10885	0	5	0	2	0	0	0	3	0	0	0	0	0	0	0	0	47	0	0	1	0	0	0	0	1	0	0	0	0	0	0	0	0	0
PLoS One	2023-01-01	9714831	70073	6010	0	10	0	0	0	0	0	0	0	0	2	0	0	0	0	0	17	0	0	0	0	0	0	0	0	0	0	0	0	0	0	0	0	0
PLoS One	2023-01-01	9714941	203263	14845	0	2	1	3	0	0	9	6	0	3	2	0	0	0	0	0	71	0	0	0	0	0	1	0	0	0	0	0	0	0	0	0	0	0
PLoS One	2023-01-01	9714851	88730	7848	0	4	0	1	0	1	0	7	0	0	0	0	0	0	0	0	13	0	0	2	0	0	0	0	0	0	0	0	0	0	0	0	0	0
PLoS One	2023-01-01	9714940	76618	6474	0	7	0	3	0	0	1	0	0	0	0	2	0	0	0	0	24	0	0	1	0	0	0	0	0	0	0	0	0	0	0	0	0	0
PLoS One	2023-01-01	9714884	167032	17191	0	4	1	14	2	0	0	1	0	0	16	1	0	0	0	0	153	0	0	3	0	1	0	4	2	0	0	0	0	0	0	0	0	0
PLoS One	2023-01-01	9714928	134164	11940	0	4	0	3	0	1	0	2	0	0	0	3	0	0	0	0	17	0	0	0	0	0	0	0	0	0	0	0	0	0	0	0	0	0
PLoS One	2023-01-01	9714812	142661	12760	0	3	1	5	0	0	2	3	0	0	4	0	0	0	0	0	21	0	0	1	0	0	0	0	0	0	0	0	0	0	0	0	0	0
PLoS One	2023-01-01	9714910	160450	13050	0	19	0	9	0	0	4	0	0	0	3	4	0	0	1	0	43	0	0	2	0	0	0	0	0	0	0	0	1	0	0	0	0	0
PLoS One	2023-01-01	9714920	277899	19739	0	7	1	7	0	0	4	1	0	0	26	0	0	0	0	0	69	0	0	1	0	0	0	0	0	0	0	0	0	0	0	1	0	0
PLoS One	2023-01-01	9714897	213277	19592	0	10	0	24	0	0	8	5	0	0	4	0	0	0	5	0	174	0	0	0	0	2	6	1	1	0	0	0	0	0	0	1	1	0
PLoS One	2023-01-01	9714836	119958	10114	0	5	0	0	0	0	0	2	0	0	2	6	0	0	0	0	22	0	0	0	0	0	0	0	0	0	0	0	0	0	0	0	0	0
PLoS One	2023-01-01	9714955	71007	5941	0	3	0	3	0	0	1	2	0	0	0	1	0	0	0	0	71	0	0	1	0	0	0	0	0	0	0	0	0	0	0	0	0	0
PLoS One	2023-01-01	9714952	134443	11265	0	2	0	0	0	0	0	0	0	20	0	0	0	0	0	0	18	0	0	0	0	0	1	0	2	0	0	0	0	0	0	0	0	0
PLoS One	2023-01-01	9728910	123331	9032	0	7	0	1	0	0	2	2	0	0	1	0	0	0	3	0	57	0	0	2	0	0	0	0	0	0	0	0	0	0	0	0	0	0
PLoS One	2023-01-01	9731492	177094	12372	0	7	0	0	0	0	2	1	0	0	0	1	0	0	0	0	28	0	0	0	0	0	1	0	0	0	0	0	0	0	0	0	0	0
PLoS One	2023-01-01	9731468	117420	11276	0	18	0	1	0	0	0	4	0	0	0	2	0	0	0	0	11	0	0	3	0	0	2	0	0	0	0	0	0	0	0	0	0	0
PLoS One	2023-01-01	9728908	191650	10943	0	0	0	1	0	0	3	0	0	0	0	2	0	0	0	0	1	0	0	2	0	0	0	0	2	0	0	0	0	0	0	0	0	0
PLoS One	2023-01-01	9731481	125520	10817	0	2	0	1	0	0	1	0	0	0	1	8	0	0	0	0	20	0	0	0	0	0	0	0	0	0	0	0	0	0	0	0	0	0
PLoS One	2023-01-01	9728918	162670	11774	0	3	1	1	0	0	0	1	0	1	1	2	0	0	1	0	61	0	0	1	0	0	0	0	4	0	0	0	0	0	0	0	0	1
PLoS One	2023-01-01	9728912	127344	10617	0	3	0	16	0	0	1	3	0	0	3	2	0	0	1	0	54	0	0	0	0	0	0	1	0	0	0	0	0	0	0	1	0	0
PLoS One	2023-01-01	9728915	85041	6696	0	6	0	0	0	0	1	4	0	2	0	3	0	0	0	0	5	0	0	0	0	0	0	0	0	0	0	0	0	0	0	0	0	0
PLoS One	2023-01-01	9728890	78583	6282	0	5	0	2	0	0	1	0	0	0	0	2	0	0	0	0	30	0	0	3	0	0	1	1	0	0	0	0	1	0	1	0	0	0
PLoS One	2023-01-01	9728930	123368	9400	0	7	0	2	0	0	13	0	0	1	0	0	0	0	0	0	62	0	0	0	0	3	4	0	0	0	0	0	0	0	0	0	0	0
PLoS One	2023-01-01	9728902	247161	24565	0	26	0	2	0	0	6	3	0	0	23	7	0	0	2	1	35	0	0	8	0	2	0	0	0	0	0	0	1	0	0	2	0	0
PLoS One	2023-01-01	9728867	168385	13183	0	2	1	2	0	2	0	1	0	0	9	0	0	0	0	0	37	0	0	1	0	0	0	0	1	0	0	0	0	0	0	0	0	0
PLoS One	2023-01-01	9731430	152845	14044	0	9	0	1	0	1	0	0	0	1	0	3	0	0	0	0	14	0	0	4	0	0	0	0	0	0	0	0	0	0	0	0	0	0
PLoS One	2023-01-01	9728874	121749	11128	0	23	0	1	0	0	0	6	0	0	8	1	0	0	0	0	22	0	0	1	0	0	0	1	0	0	0	0	0	0	0	0	0	0
PLoS One	2023-01-01	9731457	162773	12085	0	4	0	4	0	0	0	0	0	0	0	2	0	0	0	0	45	0	0	1	0	0	0	0	0	0	0	0	0	0	0	0	0	0
PLoS One	2023-01-01	9731476	133874	12185	0	17	0	0	0	0	10	10	0	6	2	3	0	0	1	0	27	0	1	0	0	0	0	0	0	0	0	0	3	0	0	0	0	0
PLoS One	2023-01-01	9731472	98514	8055	0	1	0	4	0	0	0	1	0	0	0	0	0	0	0	0	37	0	0	1	0	0	3	0	1	0	0	0	0	0	0	0	0	0
PLoS One	2023-01-01	9731493	168137	15063	0	24	0	3	0	0	8	7	0	0	3	4	0	0	0	0	26	0	1	1	0	0	2	0	0	0	0	0	0	0	0	0	0	0
PLoS One	2023-01-01	9731475	207183	20574	0	3	4	6	0	0	0	3	0	0	8	3	0	0	2	0	39	0	0	3	0	0	1	0	1	1	0	0	0	0	0	0	1	0
PLoS One	2023-01-01	9731459	152136	15513	0	10	1	1	0	0	0	4	0	0	0	0	0	0	1	0	117	0	0	2	0	0	2	0	0	0	0	0	0	0	0	0	0	6
PLoS One	2023-01-01	9731425	113071	11220	0	1	2	1	0	0	2	1	0	0	19	0	1	0	0	0	16	0	0	7	0	0	1	0	0	0	0	0	0	0	0	1	0	0
PLoS One	2023-01-01	9728892	152827	15681	0	0	1	4	0	0	1	1	0	0	0	0	0	0	0	0	115	0	0	0	0	0	0	0	0	0	0	0	0	0	0	0	0	0
PLoS One	2023-01-01	9728931	131225	10080	0	11	1	6	0	0	14	4	0	1	3	4	0	0	2	0	50	0	0	3	0	0	1	0	0	0	0	0	0	0	0	0	0	0
PLoS One	2023-01-01	9731435	105631	9141	0	3	0	1	0	0	0	1	0	0	0	0	0	0	0	0	25	0	0	4	0	0	0	0	0	0	0	0	0	0	0	0	0	0
PLoS One	2023-01-01	9731416	146160	10415	0	7	0	0	0	0	0	2	0	0	0	2	0	0	0	0	11	0	0	0	0	2	0	0	0	0	0	0	0	0	0	0	0	0
PLoS One	2023-01-01	9754228	169706	13564	0	11	0	1	0	0	3	8	0	0	3	4	0	0	1	0	48	0	0	1	0	0	1	0	0	0	0	0	1	0	0	1	0	0
PLoS One	2023-01-01	9754294	278277	23297	0	1	1	8	0	0	8	5	0	0	0	1	0	0	1	0	98	0	0	1	0	1	3	0	0	0	0	0	0	0	0	0	0	0
PLoS One	2023-01-01	9754604	109302	9681	0	4	0	0	0	0	3	0	0	0	5	1	0	0	0	0	21	0	0	2	0	0	1	0	0	0	0	0	1	0	0	0	0	0
PLoS One	2023-01-01	9754597	136635	14176	0	5	0	7	0	0	3	0	0	0	4	0	0	0	0	0	60	0	0	2	0	0	0	0	0	0	0	0	0	0	0	0	0	0
PLoS One	2023-01-01	9754244	134197	11181	0	3	2	2	0	0	2	1	0	0	8	2	0	0	0	0	57	0	0	1	0	0	1	1	1	0	0	0	0	0	0	0	0	0
PLoS One	2023-01-01	9754168	100427	8001	0	21	0	0	0	0	1	1	0	0	0	10	0	0	0	0	23	0	0	0	0	0	0	0	0	0	0	0	0	0	0	0	0	0
PLoS One	2023-01-01	9754257	160601	17534	0	4	2	3	0	0	15	0	0	2	1	0	0	0	0	0	102	0	1	8	0	0	3	0	0	0	0	0	0	0	1	1	0	0
PLoS One	2023-01-01	9754209	194797	15278	0	2	0	2	0	0	0	0	0	0	13	4	0	0	0	0	46	0	0	5	0	0	0	1	0	0	0	0	0	0	0	0	0	1
PLoS One	2023-01-01	9754160	119315	12410	0	4	2	2	0	0	2	2	0	0	2	2	0	0	0	0	98	0	0	0	0	0	1	0	0	0	1	0	0	0	0	0	2	1
PLoS One	2023-01-01	9754162	147351	13837	0	16	0	0	0	0	0	0	0	0	3	3	0	0	0	0	56	0	0	0	0	0	2	1	2	0	0	0	0	0	0	0	0	0
PLoS One	2023-01-01	9754210	153704	10998	0	10	0	3	0	0	0	1	0	0	2	0	0	0	0	0	33	0	0	0	0	0	0	0	0	0	0	0	0	0	0	0	0	0
PLoS One	2023-01-01	9754205	97207	8278	0	7	3	4	0	0	2	10	0	0	1	0	0	0	0	0	40	0	0	3	0	0	2	0	0	0	0	0	0	0	0	0	0	0
PLoS One	2023-01-01	9754256	172315	12866	0	0	1	2	0	0	0	3	0	0	1	1	0	0	0	0	24	0	0	0	0	0	0	0	0	0	0	0	0	0	0	0	0	0
PLoS One	2023-01-01	9754291	211012	19473	0	15	0	0	0	0	7	0	0	0	2	0	0	0	0	0	44	0	0	0	0	4	5	0	0	0	0	0	0	0	0	0	0	0
PLoS One	2023-01-01	9754204	72944	7123	0	8	0	3	0	0	0	0	0	1	3	0	0	0	0	0	27	0	0	1	0	0	0	0	0	0	0	0	0	0	0	0	0	0
PLoS One	2023-01-01	9754606	190791	14330	0	12	0	0	0	0	0	0	0	0	0	3	0	0	0	0	32	0	0	0	0	0	1	0	1	0	0	0	0	0	0	0	0	0
PLoS One	2023-01-01	9754176	152721	12553	0	7	0	0	0	0	0	0	0	0	16	0	0	0	0	0	25	0	0	1	0	0	1	0	0	0	0	0	0	0	0	0	0	0
PLoS One	2023-01-01	9754221	282564	28160	0	15	0	8	0	0	7	3	0	0	2	2	0	0	1	0	107	0	0	4	0	0	7	0	1	0	0	0	1	0	0	0	0	0
PLoS One	2023-01-01	9754266	149257	11750	0	2	4	2	0	0	1	0	0	0	1	0	0	0	0	0	60	0	0	1	0	0	0	0	0	0	0	0	0	0	0	0	0	0
PLoS One	2023-01-01	9754191	107729	9042	0	13	0	1	0	0	1	0	0	0	22	0	0	0	1	0	31	0	0	2	0	0	0	0	0	0	0	0	0	0	0	0	0	0
PLoS One	2023-01-01	9754183	105315	7383	0	5	0	2	0	0	1	0	0	0	0	0	0	0	0	0	74	0	0	0	0	0	0	1	0	1	0	0	0	0	0	0	0	0
PLoS One	2023-01-01	9754586	110372	9706	0	7	0	0	0	0	0	1	0	0	0	3	0	0	0	0	16	0	0	0	0	0	2	0	0	0	0	0	0	0	0	0	0	0
PLoS One	2023-01-01	9754268	81564	6356	0	4	1	4	0	0	1	1	0	0	0	0	0	0	0	0	40	0	0	1	0	0	0	0	0	0	0	0	0	0	0	0	0	0
PLoS One	2023-01-01	9754169	103378	9225	0	0	0	1	0	0	0	0	0	0	0	0	0	0	0	0	15	0	0	0	0	1	0	0	0	0	0	0	0	0	0	0	0	0
PLoS One	2023-01-01	9754201	101208	8455	0	12	0	0	0	0	0	0	0	0	4	0	0	0	0	0	13	0	0	0	0	0	0	1	1	0	0	0	0	0	0	0	0	0
PLoS One	2023-01-01	9778498	96167	8192	0	1	1	1	0	0	0	0	0	0	9	1	0	0	0	0	43	0	0	1	0	0	1	0	0	0	0	0	0	0	0	0	0	0
PLoS One	2023-01-01	9778629	182558	16611	0	3	0	1	0	0	2	1	0	0	1	0	0	0	0	0	9	0	0	0	0	7	1	0	0	0	0	0	0	0	0	0	0	0
PLoS One	2023-01-01	9778501	116113	12313	0	1	0	5	0	0	5	0	0	1	20	0	1	0	1	0	84	0	0	0	0	0	1	0	0	0	0	0	0	1	2	0	0	0
PLoS One	2023-01-01	9778564	180044	14771	0	3	2	10	0	0	0	0	0	0	23	3	0	0	1	0	28	0	0	2	0	0	0	0	0	0	0	0	0	0	0	0	0	0
PLoS One	2023-01-01	9778569	96947	7651	0	9	0	2	0	0	0	0	0	9	3	4	0	0	1	0	35	0	0	0	0	1	0	0	0	0	0	0	0	0	0	0	0	0
PLoS One	2023-01-01	9778523	97163	6588	0	3	0	3	0	0	0	2	0	4	5	3	0	0	0	0	69	0	0	1	0	0	0	1	0	0	0	0	0	0	0	0	0	0
PLoS One	2023-01-01	9778626	82642	7189	0	2	1	3	0	0	0	0	0	0	7	1	0	0	0	0	62	0	0	1	0	0	4	0	0	0	0	0	0	9	0	0	0	0
PLoS One	2023-01-01	9778497	109433	9224	0	2	0	0	0	0	0	5	0	0	2	0	0	0	1	0	34	0	0	0	0	0	0	0	1	0	0	0	0	0	0	0	0	1
PLoS One	2023-01-01	9778561	174404	14010	0	4	0	3	0	0	0	8	0	4	2	0	0	0	0	0	56	0	0	0	0	0	1	0	0	0	0	0	0	1	0	0	0	0
PLoS One	2023-01-01	9778604	98567	8722	0	2	0	1	0	0	1	0	0	0	12	6	0	0	0	0	55	0	0	1	0	0	2	1	0	0	0	1	0	0	0	0	0	0
PLoS One	2023-01-01	9779058	99091	7512	0	4	0	0	0	0	0	0	0	0	0	8	0	0	3	0	15	0	0	5	0	0	0	0	0	0	0	0	0	0	0	0	0	0
PLoS One	2023-01-01	9778591	95379	8144	0	1	0	0	0	0	0	1	0	0	9	0	0	0	0	0	47	0	0	0	0	0	0	0	1	0	0	0	0	1	0	0	0	0
PLoS One	2023-01-01	9778526	138339	12470	0	2	0	0	0	0	0	1	0	4	8	1	0	0	0	0	73	0	0	0	0	0	2	0	1	0	0	0	0	0	0	0	0	0
PLoS One	2023-01-01	9778929	67762	5292	0	4	0	3	0	0	3	3	0	1	1	1	0	0	0	0	46	0	0	3	0	0	1	1	0	0	0	0	0	0	0	0	0	0
PLoS One	2023-01-01	9778938	88184	7861	0	7	0	10	0	0	1	4	0	0	3	10	0	0	0	0	79	0	0	0	0	0	0	0	0	0	0	0	0	0	0	0	0	0
PLoS One	2023-01-01	9778587	11725	1371	0	1	0	1	0	0	0	0	0	0	0	0	0	0	0	0	11	0	0	0	0	0	0	1	0	0	0	0	0	0	0	0	0	0
PLoS One	2023-01-01	9778935	255941	24548	0	2	2	3	0	0	2	5	0	3	6	0	0	0	0	0	111	0	0	3	0	0	3	0	0	0	0	0	0	0	0	2	0	0
PLoS One	2023-01-01	9778588	136718	8704	0	2	0	2	0	0	0	1	0	0	2	3	0	0	0	0	8	0	0	0	0	0	0	0	0	0	0	0	0	0	0	0	0	0
PLoS One	2023-01-01	9778627	107303	9661	0	7	0	3	0	0	0	1	0	0	2	1	0	0	0	0	42	0	0	0	0	0	0	1	0	0	0	0	0	0	0	0	0	0
PLoS One	2023-01-01	9778994	127031	10830	0	2	0	0	0	0	0	0	0	0	9	0	0	0	1	0	24	0	0	5	0	0	0	0	0	0	0	0	0	0	0	0	0	0
PLoS One	2023-01-01	9778555	113167	8408	0	1	1	1	0	0	0	1	0	1	3	0	0	0	2	0	44	0	0	0	0	0	0	0	0	0	0	0	0	0	0	0	0	0
PLoS One	2023-01-01	9778934	83534	6786	0	2	0	4	0	0	1	0	0	0	1	0	0	0	0	0	37	0	0	0	0	0	0	0	0	0	0	0	0	0	0	0	0	0
PLoS One	2023-01-01	9779043	136143	11905	0	5	0	1	0	0	0	0	0	0	0	2	0	0	0	0	30	0	0	1	0	0	0	0	0	0	0	0	0	0	0	0	0	0
PLoS One	2023-01-01	9778976	111283	8950	0	0	0	1	0	0	0	1	0	0	1	2	0	0	0	0	9	0	0	0	0	0	0	0	0	0	0	0	0	0	0	0	0	0
PLoS One	2023-01-01	9778641	217790	17467	0	7	4	2	0	0	0	1	0	6	5	1	0	2	0	0	19	0	0	1	0	0	2	3	1	0	0	0	0	0	0	4	0	0
PLoS One	2023-01-01	10754449	115605	10892	0	7	0	1	0	0	17	0	0	0	1	3	1	0	0	0	88	0	0	3	0	0	1	0	0	1	0	0	0	0	0	0	0	0
PLoS One	2023-01-01	10756545	91946	7681	0	1	1	0	0	0	1	0	0	0	1	2	0	0	0	0	14	0	0	3	0	0	0	0	0	0	0	0	0	0	0	0	0	0
PLoS One	2023-01-01	10756537	174250	16009	0	4	0	2	0	0	1	3	0	0	10	0	0	0	1	0	22	0	0	6	0	0	1	0	0	1	0	0	0	0	0	1	0	0
PLoS One	2023-01-01	10756552	322071	27279	3	7	2	21	2	0	3	7	0	2	1	24	0	0	0	0	126	0	0	10	0	0	0	0	0	0	0	0	0	0	0	0	0	0
PLoS One	2023-01-01	10756547	96607	7745	0	5	0	1	0	0	0	0	0	0	15	0	0	0	0	0	23	0	0	0	0	0	0	0	0	0	0	0	0	0	0	0	0	0
PLoS One	2023-01-01	10752563	187326	15218	0	14	4	1	0	0	5	12	0	1	3	0	0	0	1	0	27	0	1	4	0	1	1	0	2	0	0	0	0	0	0	0	0	1
PLoS One	2023-01-01	10756526	130877	11349	0	10	1	10	0	0	6	0	0	3	1	2	0	0	0	0	23	0	1	0	0	0	0	0	0	0	0	0	0	0	0	0	0	0
PLoS One	2023-01-01	10756506	54514	5190	0	6	0	0	0	0	0	0	0	0	1	0	0	0	0	0	35	0	0	0	0	0	0	0	1	0	0	0	0	0	0	0	0	0
PLoS One	2023-01-01	10756530	89581	6591	0	3	0	2	0	0	0	0	0	0	0	0	0	0	0	0	30	0	0	0	0	0	0	0	0	0	0	0	0	0	0	0	0	0
PLoS One	2023-01-01	10754434	20984	1438	0	2	0	0	0	0	0	0	0	0	0	0	0	0	0	0	3	0	0	0	0	0	0	0	0	0	0	0	0	0	0	0	0	0
PLoS One	2023-01-01	10756535	110442	10982	0	16	0	1	0	0	8	2	0	1	2	2	0	0	0	0	39	0	0	1	0	0	1	0	1	0	0	0	0	0	0	0	0	0
PLoS One	2023-01-01	10756533	193767	18558	2	3	3	13	0	0	6	3	0	0	6	7	0	1	0	0	74	0	0	18	0	1	1	2	0	0	0	0	0	0	0	0	0	1
PLoS One	2023-01-01	10754446	242645	25975	0	6	1	5	0	0	2	3	0	1	1	14	0	0	2	0	112	0	0	4	0	0	2	0	0	0	0	0	0	0	0	4	0	1
PLoS One	2023-01-01	10752504	103043	8324	0	1	1	2	0	0	0	1	0	1	0	2	0	0	0	0	27	0	0	0	0	0	0	0	0	0	0	0	0	0	0	0	0	0
PLoS One	2023-01-01	10754438	5134	387	0	0	0	0	0	0	0	0	0	0	0	0	0	0	0	0	0	0	0	0	0	0	0	0	0	0	0	0	0	0	0	0	0	0
PLoS One	2023-01-01	10754464	138658	10681	0	22	0	0	0	0	0	0	0	0	3	0	0	0	0	0	24	0	0	1	0	0	0	0	0	0	0	0	0	0	0	0	0	0
PLoS One	2023-01-01	10752552	92489	7547	0	0	0	2	0	0	1	3	0	0	0	4	0	0	0	0	30	0	0	0	0	0	0	0	0	0	0	0	0	0	0	0	0	0
PLoS One	2023-01-01	10754457	57931	5005	0	9	1	4	0	0	2	0	0	1	1	2	0	0	0	0	67	0	0	4	0	0	2	1	0	0	0	0	0	0	0	0	0	0
PLoS One	2023-01-01	10754439	5331	325	0	0	0	0	0	0	0	0	0	0	0	0	0	0	0	0	1	0	0	0	0	0	0	0	0	0	0	0	0	0	0	0	0	0
PLoS One	2023-01-01	10756546	126029	10702	0	7	0	0	0	1	0	2	0	0	3	3	0	0	0	0	30	0	0	0	0	0	0	0	0	0	0	0	0	0	1	0	0	0
PLoS One	2023-01-01	10756515	154980	15190	0	10	3	5	0	0	2	6	0	0	1	0	0	0	0	0	119	0	0	8	0	0	3	1	0	0	0	0	0	0	0	0	0	0
PLoS One	2023-01-01	10756543	151012	12663	0	8	0	7	0	0	2	2	0	0	19	0	0	0	0	0	14	0	0	0	0	0	1	0	0	0	0	0	0	0	0	0	0	0
PLoS One	2023-01-01	10754462	118494	9477	0	10	0	1	0	0	2	1	0	0	3	0	0	0	1	0	57	0	0	0	0	0	0	0	0	0	0	0	1	0	0	0	1	0
PLoS One	2023-01-01	10756559	139697	15786	0	11	1	5	0	0	2	3	0	0	2	0	0	0	0	0	64	0	0	6	0	0	1	0	0	0	0	0	0	0	0	0	0	0
PLoS One	2023-01-01	10752528	127967	10322	0	10	0	0	0	0	4	1	0	10	6	0	0	0	0	0	32	0	0	0	0	0	0	1	0	0	0	0	0	0	0	0	0	0
