journal	date	pmc_id	Nchars	Nwords	delve	analyse	acknowledge	assess	appraise	dissect	explore	examine	extricate	expose	estimate	investigate	inquire	inspect	interpret	scrutinise	study	unearth	uncover	understand	ponder	research	reason	retrieve	avoid	discount	disregard	dismiss	ignore	neglect	overlook	omit	skip	reject
PLoS One	2024-07-01	10997096	94945	7518	0	5	0	5	0	0	3	3	0	0	0	2	0	0	1	0	23	0	0	1	0	0	0	0	0	0	0	0	0	0	0	0	0	0
PLoS One	2024-07-01	10997071	152021	13860	0	9	0	1	0	0	3	2	0	0	1	7	0	0	0	0	79	0	0	1	0	0	0	0	0	0	0	0	0	0	2	0	1	0
PLoS One	2024-07-01	10994396	104483	8296	0	4	0	4	0	0	3	0	0	0	22	2	0	0	0	0	27	0	0	4	0	0	0	0	0	0	0	0	0	0	0	0	0	0
PLoS One	2024-07-01	10997070	188491	14920	0	16	0	1	0	0	1	1	0	0	9	3	0	0	1	0	38	0	0	2	0	0	0	0	0	0	0	0	0	0	0	0	0	0
PLoS One	2024-07-01	10994667	169278	19091	1	15	5	4	0	0	11	4	0	0	0	7	0	0	0	0	41	0	0	4	0	0	1	0	1	0	0	4	0	0	0	0	0	0
PLoS One	2024-07-01	10997069	268045	23099	0	19	0	0	0	0	8	2	0	0	0	1	0	0	1	0	94	0	0	1	0	3	1	0	0	1	2	0	1	0	0	0	0	0
PLoS One	2024-07-01	10997108	134325	11602	0	2	0	0	0	0	1	6	0	0	9	1	0	0	0	0	17	0	0	0	0	1	0	0	0	0	0	0	1	0	0	0	0	0
PLoS One	2024-07-01	10997059	137490	13311	0	3	1	2	0	0	6	3	0	0	0	0	0	0	1	0	23	0	0	2	0	0	0	0	0	0	0	0	1	0	0	1	0	0
PLoS One	2024-07-01	10997118	116805	9660	0	7	0	2	0	0	1	5	0	1	6	2	0	0	0	0	18	0	0	2	0	0	0	0	0	0	0	0	0	0	0	0	0	0
PLoS One	2024-07-01	10997074	86967	7116	0	2	0	4	0	0	1	1	0	1	2	4	0	0	0	0	54	0	0	0	0	0	0	0	3	0	0	0	0	0	0	0	0	0
PLoS One	2024-07-01	10997117	152133	14951	0	13	0	0	0	0	3	10	0	0	4	6	0	0	1	0	75	0	0	3	0	0	5	0	0	67	0	0	0	0	0	2	0	2
PLoS One	2024-07-01	10997123	134364	13037	0	1	1	1	0	0	0	0	0	0	1	1	0	0	0	0	49	0	0	0	0	0	1	1	0	0	0	0	1	0	0	0	0	0
PLoS One	2024-07-01	10994334	102641	7681	0	6	1	2	0	0	1	0	0	0	2	0	0	0	2	1	97	0	0	0	0	0	0	0	0	0	0	0	0	0	0	0	0	0
PLoS One	2024-07-01	10997120	96698	7831	0	0	1	0	0	0	2	0	0	0	51	0	0	0	0	0	1	0	0	2	0	0	1	0	1	0	0	0	2	0	0	0	0	0
PLoS One	2024-07-01	10997122	95191	7473	0	6	0	1	0	0	0	0	0	0	5	1	0	0	0	0	29	0	0	0	0	0	1	0	0	0	0	0	2	0	0	0	0	0
PLoS One	2024-07-01	10994385	119805	10896	0	5	0	0	0	0	0	2	0	0	0	2	0	0	0	0	26	0	0	0	0	0	0	0	0	0	0	0	0	1	0	0	0	0
PLoS One	2024-07-01	10997138	169231	13858	0	1	1	4	0	0	1	1	0	0	0	0	0	0	0	0	4	0	0	0	0	0	2	0	2	0	0	0	0	0	0	0	0	0
PLoS One	2024-07-01	10997073	89542	7159	1	6	0	0	0	0	3	1	0	0	2	2	0	0	0	0	48	0	0	1	0	0	0	0	0	0	0	0	0	0	0	0	0	0
PLoS One	2024-07-01	10997100	205321	18272	0	13	1	1	0	0	1	1	0	0	3	0	0	0	0	0	51	0	0	7	0	0	1	0	0	0	0	0	1	0	0	0	0	0
PLoS One	2024-07-01	10997085	98708	7714	0	3	0	0	0	0	0	0	0	0	0	0	0	0	2	0	17	0	0	4	0	0	0	0	0	0	0	0	1	0	0	0	0	0
PLoS One	2024-07-01	10997095	152150	11356	1	3	1	3	0	0	8	4	0	0	0	3	0	0	0	0	45	0	1	0	0	0	0	1	1	0	0	0	0	0	2	2	0	1
PLoS One	2024-07-01	10997060	185940	15872	0	1	0	2	0	0	2	2	0	0	8	3	0	0	1	0	54	0	4	7	0	0	1	0	0	0	0	0	0	0	0	0	0	0
PLoS One	2024-07-01	10997126	75928	5333	0	8	0	2	0	0	0	1	0	0	3	3	0	0	0	0	39	0	0	0	0	0	0	0	0	0	0	0	0	0	0	0	0	0
PLoS One	2024-07-01	10994357	198740	17756	0	14	1	21	0	0	18	8	0	0	3	6	0	0	0	0	126	0	0	2	0	0	0	2	0	3	0	0	0	0	0	0	0	0
PLoS One	2024-07-01	10997111	99894	7976	0	3	0	1	0	0	0	1	0	0	0	4	0	0	0	0	16	0	0	0	0	0	0	0	0	0	0	0	0	0	0	1	0	0
PLoS One	2024-07-01	11008900	132432	9633	0	4	0	0	0	4	0	1	0	1	3	0	0	0	0	0	87	0	0	0	0	0	0	15	1	0	0	0	0	0	0	0	0	0
PLoS One	2024-07-01	11008902	78997	6517	0	5	0	0	0	0	2	1	0	0	1	2	0	0	0	0	19	0	0	3	0	0	0	1	0	0	0	0	0	0	0	0	0	0
PLoS One	2024-07-01	11018279	104191	8805	0	10	2	1	0	0	0	0	0	0	4	3	0	0	1	0	14	0	0	1	0	0	0	0	0	0	0	0	0	0	0	0	0	0
PLoS One	2024-07-01	11008864	74452	6221	0	5	0	0	0	0	2	0	0	0	0	4	0	0	0	0	25	0	0	3	0	0	1	0	0	0	0	0	0	1	0	1	0	0
PLoS One	2024-07-01	11008865	171181	15006	0	0	6	2	0	0	2	0	0	0	3	4	0	0	0	0	60	0	0	1	0	0	0	0	0	0	0	0	0	0	0	1	0	0
PLoS One	2024-07-01	11006138	132293	10861	0	17	0	1	0	0	4	0	0	0	3	1	0	0	0	0	7	0	0	0	0	0	0	2	0	0	0	0	1	0	0	0	0	0
PLoS One	2024-07-01	11006166	159132	18918	3	5	0	0	0	0	1	0	0	1	22	5	0	0	1	0	43	0	0	9	0	0	4	0	0	0	0	0	1	0	0	7	0	0
PLoS One	2024-07-01	11008895	281692	22180	0	14	0	2	0	0	3	1	0	0	1	1	0	0	0	0	44	0	0	8	0	0	2	1	0	0	0	0	0	0	0	0	0	1
PLoS One	2024-07-01	11008906	89107	8381	0	10	1	2	0	0	3	2	0	0	5	8	0	0	0	0	26	0	1	7	0	0	0	0	0	0	0	0	2	0	0	0	0	0
PLoS One	2024-07-01	11008863	133006	12939	0	4	0	1	0	0	1	0	0	0	1	1	0	0	0	0	17	0	0	1	0	0	0	0	0	0	0	0	0	0	0	0	0	0
PLoS One	2024-07-01	11008882	145981	12309	0	2	1	2	0	0	0	0	0	0	1	1	0	0	0	0	30	0	0	1	0	0	0	0	1	0	0	0	0	0	0	0	0	0
PLoS One	2024-07-01	11008884	79812	7035	4	2	0	0	0	0	8	0	0	0	0	2	0	0	0	0	4	0	0	2	0	1	0	0	1	0	0	0	0	0	0	0	0	0
PLoS One	2024-07-01	11008817	68800	5957	0	1	0	2	0	0	3	1	0	1	0	3	0	0	0	0	18	0	0	0	0	1	0	0	0	0	0	0	0	0	0	0	0	0
PLoS One	2024-07-01	11008874	97987	9518	0	4	5	20	0	0	14	1	0	0	10	0	0	0	0	0	48	0	0	3	0	0	1	0	0	1	0	0	0	0	0	0	0	0
PLoS One	2024-07-01	11008880	121910	12077	0	10	1	0	0	0	1	8	0	0	0	1	0	0	1	0	30	0	0	2	0	0	6	0	0	2	0	0	0	0	0	6	0	0
PLoS One	2024-07-01	11008840	187010	17569	0	3	0	3	0	0	3	5	0	0	0	4	0	0	0	0	60	0	0	3	0	0	1	0	2	0	0	0	0	0	0	0	0	0
PLoS One	2024-07-01	11008899	118071	9700	1	30	0	1	0	0	2	2	0	1	0	2	0	0	0	0	16	0	0	2	0	0	0	0	0	0	0	0	0	0	0	0	0	0
PLoS One	2024-07-01	11008822	160027	14581	0	3	0	0	0	2	0	0	0	0	0	1	0	0	0	0	33	0	0	1	0	0	0	0	0	0	0	0	0	0	0	0	0	0
PLoS One	2024-07-01	11008850	80462	7432	0	2	0	0	0	0	0	0	0	0	2	1	0	0	0	0	3	0	0	1	0	0	1	0	0	0	0	0	0	0	0	0	0	0
PLoS One	2024-07-01	11008816	159071	14211	0	1	2	7	0	0	0	11	0	0	13	0	0	0	1	0	27	0	0	0	0	0	0	0	0	0	0	0	0	0	0	0	0	0
PLoS One	2024-07-01	11008825	169003	17705	0	3	4	6	0	0	1	2	0	2	3	4	0	0	0	0	131	0	0	4	0	0	0	0	0	0	0	0	0	0	2	1	0	0
PLoS One	2024-07-01	11006192	90859	6778	0	1	0	1	0	0	0	0	0	0	0	0	0	0	0	0	18	0	0	0	0	0	0	0	0	0	0	0	0	0	0	0	0	0
PLoS One	2024-07-01	11008857	74748	5809	0	3	2	7	0	0	2	8	0	0	8	0	0	0	0	0	43	0	0	1	0	0	0	0	0	0	0	0	0	0	0	0	0	0
PLoS One	2024-07-01	11008860	146583	11697	0	1	0	1	0	0	1	0	0	1	1	7	0	0	0	0	39	0	0	0	0	0	0	0	1	0	0	0	0	0	0	0	0	0
PLoS One	2024-07-01	11006171	289346	25971	0	15	0	8	0	0	1	3	0	0	20	4	0	0	1	0	104	0	0	1	0	0	0	0	0	0	0	0	0	0	0	0	0	0
PLoS One	2024-07-01	11025972	167922	14932	0	6	0	0	0	0	0	2	0	1	6	0	0	2	0	0	13	0	1	0	0	0	2	0	0	0	0	0	0	0	0	0	0	0
PLoS One	2024-07-01	11025940	119545	11079	0	5	1	8	0	0	0	3	0	0	9	1	0	0	1	0	47	0	0	0	0	0	2	0	0	0	0	0	0	0	0	0	0	0
PLoS One	2024-07-01	11034651	158531	14580	0	6	3	0	0	3	1	1	0	0	3	4	0	0	0	0	25	0	0	3	0	1	3	0	0	0	0	0	0	0	0	0	0	0
PLoS One	2024-07-01	11034656	140145	16327	0	9	5	1	0	0	2	1	0	0	0	2	0	0	1	1	52	0	0	15	0	0	5	0	0	0	1	2	2	0	0	0	0	0
PLoS One	2024-07-01	11029625	105523	10087	0	6	0	7	1	0	0	3	0	0	0	5	0	0	0	0	37	0	0	5	0	0	0	0	0	0	0	0	0	0	0	0	0	0
PLoS One	2024-07-01	11029650	65462	4845	0	2	0	0	0	0	1	0	0	2	0	0	0	0	0	0	14	0	0	0	0	0	0	0	0	0	0	0	0	0	0	0	0	0
PLoS One	2024-07-01	11025937	72719	5390	0	5	0	3	1	0	1	0	0	1	0	1	0	0	0	0	38	0	0	0	0	0	0	0	1	0	0	0	0	0	0	0	0	0
PLoS One	2024-07-01	11025953	100247	9320	0	13	1	1	0	0	0	0	0	1	1	0	0	0	0	0	17	0	0	0	0	0	1	1	0	0	0	0	0	0	0	0	0	0
PLoS One	2024-07-01	11029655	138421	12533	0	5	1	4	0	0	0	2	0	0	1	0	0	0	0	0	44	0	0	0	0	0	0	0	0	0	0	0	0	0	0	0	0	0
PLoS One	2024-07-01	11025970	254292	21150	0	4	1	4	0	0	1	2	0	0	0	0	0	0	1	0	173	0	0	0	0	2	1	0	0	0	0	0	0	0	0	0	0	0
PLoS One	2024-07-01	11029620	205187	17137	0	8	1	7	0	0	9	7	0	0	0	2	0	0	0	0	81	0	0	2	0	1	4	1	0	0	0	0	0	0	0	0	0	1
PLoS One	2024-07-01	11029626	214194	15334	0	3	0	2	1	0	4	1	0	0	0	3	1	0	0	0	87	0	0	7	0	0	3	0	0	0	0	1	0	0	0	0	0	0
PLoS One	2024-07-01	11029636	146586	10798	0	2	0	1	0	0	2	1	0	6	5	5	0	0	0	0	52	0	0	0	0	0	1	0	0	0	0	0	0	0	0	0	0	0
PLoS One	2024-07-01	11025908	196693	16486	0	7	0	1	0	0	2	2	0	0	2	2	0	0	1	0	46	0	0	1	0	0	1	0	0	0	0	0	0	0	0	0	0	0
PLoS One	2024-07-01	11029641	135161	9574	0	2	1	0	0	0	0	5	0	1	0	2	0	0	0	0	28	0	0	0	0	0	0	0	0	0	0	0	0	0	0	0	0	0
PLoS One	2024-07-01	11029621	204081	21769	0	11	1	2	0	0	1	3	0	0	0	0	0	0	0	0	95	0	0	4	0	1	3	0	0	0	0	0	2	4	0	0	0	0
PLoS One	2024-07-01	11029640	108622	8560	0	6	0	17	0	0	0	1	0	0	1	2	0	0	1	0	34	0	0	0	0	0	0	0	0	0	0	0	0	0	0	0	0	0
PLoS One	2024-07-01	11029630	6873	459	0	0	0	0	0	0	0	0	0	0	0	0	0	0	0	0	0	0	0	0	0	0	0	0	0	0	0	0	0	0	0	0	0	0
PLoS One	2024-07-01	11025962	140205	10489	0	3	0	0	0	0	1	0	0	0	0	2	0	0	0	0	2	0	0	3	0	0	0	0	0	0	0	0	0	0	0	0	0	0
PLoS One	2024-07-01	11034647	145748	11173	0	4	0	1	0	0	2	0	0	0	2	1	0	0	0	0	47	0	0	0	0	0	0	1	0	0	0	0	0	0	0	0	0	0
PLoS One	2024-07-01	11029631	182778	18752	0	5	0	1	0	0	1	1	0	0	1	0	0	0	0	0	73	0	0	1	0	0	2	0	0	0	0	0	1	0	0	0	0	0
PLoS One	2024-07-01	11025934	223065	19172	1	8	0	3	0	1	4	1	0	0	1	4	0	0	0	0	70	0	0	4	0	0	2	0	0	0	0	0	0	0	1	0	0	0
PLoS One	2024-07-01	11025895	87187	7399	0	1	1	3	0	0	1	3	0	0	5	4	0	0	0	0	50	0	0	0	0	0	1	0	0	0	0	0	0	0	0	0	0	0
PLoS One	2024-07-01	11034670	126063	12590	1	4	1	1	0	0	1	0	0	0	2	9	0	0	1	0	30	0	0	6	0	0	1	0	1	0	1	0	0	0	0	0	0	5
PLoS One	2024-07-01	11029665	137453	12139	0	2	1	6	0	0	0	4	0	2	2	4	0	0	0	0	77	0	0	5	0	0	1	0	0	0	0	0	0	0	0	0	0	0
PLoS One	2024-07-01	11062523	109738	9873	0	12	0	2	0	0	0	0	0	0	1	0	0	0	1	0	24	0	0	0	0	0	3	0	0	0	0	0	0	0	0	0	0	0
PLoS One	2024-07-01	11060587	142033	10644	0	6	0	0	0	0	0	2	0	1	0	14	0	0	0	0	46	0	0	1	0	0	0	0	0	0	0	0	0	0	0	0	0	0
PLoS One	2024-07-01	11060573	119681	10750	0	42	0	12	0	0	0	32	0	1	0	0	0	0	2	0	42	0	0	2	0	0	28	0	0	0	0	0	0	0	0	0	0	0
PLoS One	2024-07-01	11062555	169786	17551	0	2	4	0	0	0	7	1	0	0	8	2	0	0	0	0	79	0	0	1	0	0	0	0	0	0	0	0	0	0	0	0	0	0
PLoS One	2024-07-01	11060586	52637	4182	0	0	0	5	0	0	0	0	0	0	0	0	0	0	0	0	30	0	0	0	0	0	0	0	0	0	0	0	0	0	0	0	0	0
PLoS One	2024-07-01	11060546	163620	14128	0	6	0	4	0	0	4	0	0	1	1	3	0	0	0	0	38	0	0	2	0	0	4	0	0	0	0	0	0	0	0	0	0	0
PLoS One	2024-07-01	11060553	94951	7532	0	0	0	1	0	0	0	0	0	0	2	0	0	0	1	0	20	0	0	0	0	0	0	0	0	0	0	0	0	1	0	0	0	0
PLoS One	2024-07-01	11060555	131335	13103	0	10	2	4	0	0	3	4	0	0	4	0	0	0	0	0	53	0	0	4	0	0	0	0	2	0	0	0	0	0	0	0	0	0
PLoS One	2024-07-01	11060584	97039	8012	0	21	0	1	0	0	0	0	0	0	0	1	0	0	0	0	12	0	0	1	0	0	0	0	0	0	0	0	0	0	0	0	0	0
PLoS One	2024-07-01	11060581	152479	11568	0	9	2	0	0	0	1	1	0	0	3	2	0	0	0	0	56	0	0	0	0	0	0	0	0	0	0	0	0	0	0	0	0	0
PLoS One	2024-07-01	11060543	129288	10885	0	4	1	7	0	0	1	4	0	0	1	0	0	0	0	0	18	0	0	8	0	0	2	0	0	0	0	0	0	0	0	0	0	0
PLoS One	2024-07-01	11060590	157043	13188	2	9	1	1	0	0	4	4	0	0	1	1	0	0	0	0	40	0	2	5	0	0	0	0	0	0	0	0	0	0	3	0	0	0
PLoS One	2024-07-01	11062560	191381	17784	0	6	3	1	0	2	1	0	0	0	0	2	0	0	0	0	38	0	0	1	0	0	1	0	0	1	1	0	0	0	0	0	0	0
PLoS One	2024-07-01	11060539	70401	5561	0	4	0	3	0	0	1	1	0	1	0	6	0	0	0	0	11	0	0	0	0	0	0	0	0	0	0	0	0	0	0	0	0	0
PLoS One	2024-07-01	11060577	74390	5635	1	4	0	4	0	0	5	3	0	1	0	4	0	0	0	1	17	0	0	9	0	0	1	0	0	0	0	0	0	0	0	0	0	0
PLoS One	2024-07-01	11062539	95886	7594	0	6	0	6	0	0	0	0	0	0	0	1	0	0	0	0	35	0	0	0	0	0	0	0	0	0	0	0	0	0	0	0	0	0
PLoS One	2024-07-01	11060526	105334	9587	0	0	1	0	0	0	3	4	0	0	0	0	0	0	1	0	51	0	0	0	0	0	1	0	0	0	0	0	0	0	0	0	0	0
PLoS One	2024-07-01	11062517	10383	878	0	0	0	0	0	0	0	0	0	0	0	0	0	0	0	0	0	0	0	0	0	0	0	0	0	0	0	0	0	0	0	0	0	0
PLoS One	2024-07-01	11060552	131758	12675	0	1	0	3	0	0	0	0	0	0	4	2	0	0	0	0	40	0	0	5	0	0	3	0	0	0	0	0	0	0	0	0	0	0
PLoS One	2024-07-01	11060532	165217	13536	0	0	0	1	0	0	0	0	0	0	0	3	0	0	0	0	40	0	0	7	0	0	0	0	0	1	0	0	0	0	0	1	0	0
PLoS One	2024-07-01	11060538	167434	15024	0	4	0	0	0	0	1	0	0	0	2	1	0	0	0	0	61	0	1	0	0	0	1	0	0	0	3	0	0	0	0	0	0	0
PLoS One	2024-07-01	11060529	143513	14081	0	4	0	3	0	0	0	4	0	0	40	0	0	0	0	0	73	0	0	4	0	0	2	0	0	0	0	0	0	0	0	0	0	0
PLoS One	2024-07-01	11062525	130717	11208	0	12	0	4	0	0	5	2	0	0	6	7	0	0	0	0	74	0	0	2	0	1	0	0	0	0	0	0	0	0	0	0	0	0
PLoS One	2024-07-01	11060561	164433	13431	0	2	2	1	0	0	1	0	0	1	3	1	0	0	0	0	40	0	0	2	0	0	0	0	0	0	0	0	0	0	0	0	0	0
PLoS One	2024-07-01	11060523	107947	9481	0	1	1	2	0	0	2	5	0	1	2	2	0	0	1	0	21	0	0	2	0	0	1	0	0	0	0	0	0	0	0	0	0	0
PLoS One	2024-07-01	11078343	61649	5522	0	4	0	2	0	0	0	1	0	1	0	0	0	0	0	0	11	0	0	0	0	0	0	0	0	0	0	0	0	0	0	0	0	0
PLoS One	2024-07-01	11078431	108529	11545	0	1	0	1	0	0	0	5	0	0	0	0	0	0	0	0	59	0	0	0	0	0	20	0	2	1	0	0	0	0	0	0	0	2
PLoS One	2024-07-01	11078395	188202	16687	0	4	0	0	0	0	0	1	0	0	3	0	0	0	0	1	40	0	0	0	0	1	0	0	0	0	0	0	1	0	0	0	0	0
PLoS One	2024-07-01	11078428	200784	18339	0	10	1	9	0	0	1	37	0	0	4	0	0	0	0	0	104	0	0	3	0	0	1	0	0	0	0	0	0	0	0	0	0	0
PLoS One	2024-07-01	11078423	142705	13817	1	4	0	3	0	0	1	1	0	0	1	2	0	0	0	0	57	0	0	1	0	0	2	0	6	0	0	0	0	0	0	0	0	1
PLoS One	2024-07-01	11078388	117949	6573	0	4	0	0	0	0	0	0	0	0	0	1	0	0	0	0	2	0	0	0	0	0	0	0	0	0	0	0	1	0	0	0	0	0
PLoS One	2024-07-01	11078338	101969	9478	4	16	0	0	0	0	3	1	0	0	0	8	0	0	0	1	26	0	0	1	0	0	0	0	0	0	0	0	0	0	0	0	0	0
PLoS One	2024-07-01	11078349	118742	10142	0	14	0	0	0	0	0	1	0	0	10	0	0	0	0	0	13	0	0	0	0	0	1	0	0	0	0	0	0	0	0	0	0	0
PLoS One	2024-07-01	11078348	171489	16698	0	1	1	4	0	0	17	0	0	0	0	3	0	0	0	0	62	0	1	7	0	0	0	0	1	3	0	0	0	0	0	0	0	0
PLoS One	2024-07-01	11075903	133795	10900	0	11	1	1	0	0	1	2	0	0	2	4	0	0	0	0	64	0	0	2	0	1	0	0	0	0	0	0	0	0	0	1	0	0
PLoS One	2024-07-01	11075907	227632	20796	0	8	1	0	0	0	4	0	0	0	2	0	0	0	3	0	129	0	0	9	0	1	2	3	0	0	0	0	0	1	0	0	0	0
PLoS One	2024-07-01	11078410	137799	10899	0	2	0	0	0	0	3	0	0	1	9	2	0	0	0	0	2	0	0	7	0	0	0	1	0	0	0	0	0	0	0	0	0	0
PLoS One	2024-07-01	11078375	134168	11057	0	3	1	0	0	0	0	0	0	0	3	1	0	0	2	0	60	0	0	0	0	0	1	0	0	0	0	0	0	0	0	0	0	0
PLoS One	2024-07-01	11078403	184611	16658	0	4	0	24	0	0	9	1	0	0	2	3	0	0	3	0	27	0	0	1	0	0	0	0	1	0	0	0	0	0	0	0	0	0
PLoS One	2024-07-01	11075870	139518	10955	0	1	0	6	0	0	0	0	0	0	0	0	0	0	1	0	51	0	0	0	0	0	1	0	0	0	0	0	1	0	0	0	0	0
PLoS One	2024-07-01	11078385	114674	9901	0	1	0	3	0	0	5	0	0	0	0	0	0	0	0	0	28	0	0	0	0	0	0	0	2	0	0	0	0	0	0	0	0	0
PLoS One	2024-07-01	11078367	245115	25132	0	9	0	24	0	0	0	1	0	0	28	3	0	1	2	0	57	0	0	2	0	0	1	0	0	0	0	0	0	0	0	0	0	0
PLoS One	2024-07-01	11078415	201111	19314	0	5	2	0	0	0	5	1	0	0	1	9	0	0	0	0	30	0	0	2	0	0	2	2	0	1	0	0	0	0	0	2	0	0
PLoS One	2024-07-01	11078371	181705	14510	0	9	0	7	0	0	2	5	0	0	2	1	0	0	0	0	38	0	0	3	0	0	1	0	0	0	0	0	0	0	0	1	0	0
PLoS One	2024-07-01	11075873	68647	6649	0	9	0	2	0	0	0	6	0	31	0	1	0	0	0	0	20	0	0	0	0	0	1	0	0	0	0	0	0	0	0	0	0	0
PLoS One	2024-07-01	11078434	70701	6247	0	5	0	0	0	0	0	0	0	0	1	1	0	0	0	0	29	0	0	0	0	0	0	0	0	0	0	0	1	0	0	0	0	0
PLoS One	2024-07-01	11078344	127266	12973	0	13	2	6	0	0	3	8	0	3	1	4	1	0	2	0	40	0	0	5	0	0	0	0	0	0	0	0	0	0	0	0	0	0
PLoS One	2024-07-01	11078380	57818	5426	0	6	1	0	0	0	2	0	0	0	5	0	0	0	0	0	40	0	0	1	0	0	0	0	0	0	1	0	0	0	0	0	0	0
PLoS One	2024-07-01	11078418	196259	14323	0	16	1	5	0	1	2	7	0	0	1	3	0	0	1	0	39	0	0	10	0	0	0	0	0	0	0	0	2	0	0	0	0	0
PLoS One	2024-07-01	11078436	141318	14349	0	6	1	0	0	0	2	0	0	1	2	0	0	0	0	0	28	0	0	1	0	0	0	1	0	0	0	0	0	0	0	0	0	0
PLoS One	2024-07-01	11095740	215892	18541	0	9	0	2	0	0	4	1	0	0	44	2	0	0	1	1	33	0	0	2	0	1	0	2	1	0	0	0	1	0	0	0	0	0
PLoS One	2024-07-01	11095714	167801	13701	0	7	0	1	0	0	4	9	0	6	94	3	0	0	1	0	33	0	0	1	0	0	0	0	0	0	0	0	0	0	0	0	0	0
PLoS One	2024-07-01	11093309	210181	18391	1	3	0	0	0	0	0	0	0	0	0	2	0	0	1	0	25	1	0	3	0	1	0	0	0	0	0	0	0	0	0	0	0	0
PLoS One	2024-07-01	11095670	135575	12888	0	4	0	1	0	0	2	1	0	3	4	2	0	0	0	0	39	0	0	2	0	0	1	0	1	0	0	0	0	0	0	0	0	0
PLoS One	2024-07-01	11093324	164450	13706	1	9	3	2	0	0	13	13	0	0	0	4	0	0	1	0	60	0	1	13	1	1	3	2	0	0	0	0	0	0	0	0	0	0
PLoS One	2024-07-01	11095698	96855	8117	0	4	0	3	0	0	0	2	0	0	1	1	0	0	0	0	13	0	0	1	0	0	1	0	0	0	0	0	1	0	0	0	0	0
PLoS One	2024-07-01	11095723	232409	14355	0	5	0	0	0	0	0	0	0	1	17	2	0	0	0	0	25	0	0	1	0	0	0	0	0	0	1	0	0	0	1	0	0	0
PLoS One	2024-07-01	11095695	114947	11670	0	2	4	0	0	0	3	7	0	26	9	1	0	0	2	0	48	0	0	11	0	0	3	1	0	0	0	0	0	0	0	0	0	0
PLoS One	2024-07-01	11095743	97670	8756	0	2	1	1	0	0	0	0	0	0	0	0	0	0	0	0	16	0	0	0	0	0	0	0	0	0	0	0	1	0	0	0	0	0
PLoS One	2024-07-01	11095701	106235	8928	0	4	0	0	0	0	4	2	0	0	1	0	0	0	0	0	27	0	0	3	0	0	0	0	0	0	0	0	0	0	0	0	0	0
PLoS One	2024-07-01	11095770	305718	24110	0	0	0	0	0	0	1	0	0	0	1	0	0	0	0	0	23	0	0	0	0	0	0	0	1	0	3	0	0	0	1	0	0	1
PLoS One	2024-07-01	11095696	98291	8438	0	8	0	4	0	0	1	1	0	57	2	0	0	0	0	2	116	0	3	1	0	0	0	0	0	0	0	0	0	0	0	0	0	0
PLoS One	2024-07-01	11095691	96369	7022	0	2	0	1	0	0	1	0	0	0	1	2	0	0	0	0	22	0	0	1	0	0	0	0	0	0	0	0	0	0	0	0	0	0
PLoS One	2024-07-01	11095732	150841	15594	0	13	1	1	0	0	2	1	0	0	2	4	0	0	0	0	44	0	0	4	0	0	0	0	0	0	0	0	0	0	0	0	0	0
PLoS One	2024-07-01	11095679	117569	10200	0	9	0	5	0	0	0	8	0	0	1	0	0	0	0	0	42	0	0	2	0	0	1	0	0	0	0	0	0	0	0	0	0	0
PLoS One	2024-07-01	11095676	126878	14697	0	8	0	2	0	0	6	0	0	0	0	1	0	0	0	0	25	0	0	6	0	0	4	0	0	0	0	0	0	0	0	0	0	0
PLoS One	2024-07-01	11095711	94987	8394	0	4	0	0	0	0	1	2	0	0	3	10	0	0	0	0	54	0	0	2	0	0	0	1	2	0	0	0	0	0	0	0	0	0
PLoS One	2024-07-01	11093386	187246	18492	0	12	0	14	0	0	0	7	0	1	8	6	0	0	0	0	93	0	0	27	0	0	2	0	1	0	0	0	0	0	1	1	0	0
PLoS One	2024-07-01	11093391	193913	10177	0	4	0	0	0	0	0	0	0	0	1	3	0	0	0	0	9	0	0	0	0	0	1	0	0	0	0	0	6	0	0	0	0	0
PLoS One	2024-07-01	11093353	160500	13206	0	14	0	0	0	0	1	4	0	0	1	1	0	0	0	0	33	0	0	4	0	0	1	0	0	0	0	0	0	0	0	0	0	0
PLoS One	2024-07-01	11095763	136981	10758	0	3	0	3	0	1	2	7	0	0	2	10	0	0	1	0	24	0	0	7	0	0	0	0	0	0	0	0	1	0	0	0	1	0
PLoS One	2024-07-01	11095703	217736	20062	0	10	0	2	0	0	0	2	0	0	59	4	0	0	0	0	36	0	0	0	0	0	2	0	0	0	0	0	1	0	0	0	0	0
PLoS One	2024-07-01	11095704	162692	16470	0	2	1	0	0	1	1	4	0	2	0	22	0	0	0	0	55	0	0	1	0	0	0	0	0	0	0	0	0	0	0	1	0	0
PLoS One	2024-07-01	11095671	121480	11744	0	7	0	1	0	0	3	0	0	4	1	5	0	0	0	0	25	0	0	1	0	0	0	0	0	0	0	0	0	0	0	0	0	0
PLoS One	2024-07-01	11095762	137365	13027	0	11	0	2	0	0	0	7	0	0	0	7	0	0	1	0	20	0	0	1	0	0	1	0	0	0	0	0	0	0	1	0	0	0
PLoS One	2024-07-01	11111060	162044	13169	0	2	0	1	0	0	5	9	0	0	0	0	0	0	0	0	54	0	0	1	0	1	0	0	1	1	0	0	0	2	0	0	0	0
PLoS One	2024-07-01	11111055	165015	14207	0	6	2	7	0	0	3	3	0	3	3	0	1	0	2	0	71	0	0	8	0	0	1	0	0	0	0	0	0	0	0	0	0	1
PLoS One	2024-07-01	11108157	163135	15633	0	9	2	2	0	1	2	3	0	0	1	5	0	0	0	0	30	0	3	1	0	0	6	0	0	0	0	0	0	0	0	0	0	0
PLoS One	2024-07-01	11111029	165908	16653	0	4	0	8	0	0	0	0	0	1	7	0	0	0	0	0	139	0	0	1	0	0	4	0	0	0	0	0	0	0	0	1	0	0
PLoS One	2024-07-01	11111042	154649	12634	0	12	1	5	0	0	1	12	0	0	4	2	0	0	0	0	26	0	0	0	0	0	2	0	0	0	0	0	0	0	0	0	0	0
PLoS One	2024-07-01	11111056	100911	8229	0	2	1	1	0	0	0	5	0	0	9	0	0	0	1	0	22	0	0	0	0	0	1	0	0	0	0	0	0	0	0	0	0	0
PLoS One	2024-07-01	11111086	144718	11961	0	2	0	1	0	0	1	1	0	0	2	1	0	0	0	0	29	0	0	2	0	0	0	0	0	0	0	0	0	0	1	0	0	0
PLoS One	2024-07-01	11111039	6554	572	0	0	0	1	0	0	0	0	0	0	0	0	0	0	0	0	8	0	0	0	0	0	0	0	0	0	0	0	0	0	0	0	0	0
PLoS One	2024-07-01	11108216	169152	14173	0	15	0	1	0	0	6	0	0	1	1	3	0	0	0	0	42	0	1	1	0	1	1	0	0	0	0	0	0	1	0	0	0	0
PLoS One	2024-07-01	11111057	110755	9563	1	4	3	1	0	0	8	3	0	0	0	4	0	0	0	3	31	0	0	3	0	0	0	0	0	0	0	0	0	0	1	0	0	0
PLoS One	2024-07-01	11111064	193563	14962	0	12	0	3	0	1	1	2	0	0	5	4	0	0	3	0	15	0	0	8	0	0	1	0	0	0	0	0	0	0	0	1	0	0
PLoS One	2024-07-01	11111041	146520	15407	1	10	8	7	0	0	4	0	0	0	0	3	0	0	0	0	106	0	0	5	0	0	0	0	0	0	0	0	0	0	0	0	1	0
PLoS One	2024-07-01	11111032	216002	21276	0	8	0	3	0	0	1	2	0	1	17	3	0	0	0	0	111	0	0	3	0	0	7	0	0	0	0	0	0	5	0	0	0	0
PLoS One	2024-07-01	11111034	122767	12532	0	0	1	0	0	0	5	3	0	0	0	1	0	0	0	0	67	0	0	6	0	0	3	0	1	0	0	0	0	0	0	1	0	0
PLoS One	2024-07-01	11111003	88779	7963	0	2	1	3	0	0	2	0	0	0	6	2	0	0	0	0	42	0	0	0	0	0	4	0	0	0	0	0	0	0	0	0	0	0
PLoS One	2024-07-01	11111017	255089	26793	0	7	2	8	0	0	6	1	0	0	14	1	1	0	0	0	104	0	0	2	0	0	1	0	0	0	0	0	0	3	2	0	0	0
PLoS One	2024-07-01	11111084	137830	13693	1	11	5	3	0	0	4	1	0	0	2	12	0	0	0	0	64	0	0	13	0	1	3	0	3	2	0	0	3	1	0	0	0	0
PLoS One	2024-07-01	11111079	109469	9801	0	1	0	1	0	0	0	0	0	0	25	0	0	0	0	0	27	0	0	1	0	0	1	0	0	0	0	0	0	0	0	0	0	0
PLoS One	2024-07-01	11111010	132592	10248	0	6	0	5	0	0	0	7	0	0	0	1	0	0	0	0	25	0	0	0	0	0	0	0	0	0	1	0	0	0	0	0	0	0
PLoS One	2024-07-01	11111009	201210	18087	0	12	1	2	0	0	1	3	0	4	0	5	0	0	2	0	59	0	0	6	0	0	1	0	0	0	0	1	0	0	0	0	0	4
PLoS One	2024-07-01	11111015	118948	12151	0	8	1	5	0	0	3	2	0	0	1	6	0	0	4	0	52	0	1	7	0	0	1	0	1	0	0	0	0	0	2	0	0	1
PLoS One	2024-07-01	11111043	119152	12153	0	0	0	0	0	0	5	0	0	0	4	2	0	0	0	0	19	0	0	2	0	0	1	0	0	0	0	0	0	0	0	0	0	0
PLoS One	2024-07-01	11111085	102940	8468	0	10	0	1	0	0	0	0	0	0	2	0	0	0	0	0	19	0	0	0	0	0	1	0	0	0	0	0	0	0	0	0	0	0
PLoS One	2024-07-01	11111044	237428	20171	0	4	0	0	0	0	2	0	0	4	3	0	0	0	9	0	14	0	0	3	0	0	0	0	0	0	0	1	0	0	0	0	0	0
PLoS One	2024-07-01	11111052	52323	4575	0	1	0	0	0	0	2	0	0	0	0	0	0	0	0	0	25	0	0	0	0	0	1	0	0	0	0	0	0	0	0	0	0	0
PLoS One	2024-07-01	11142599	140494	12180	0	9	1	3	0	0	1	3	0	0	13	5	0	0	4	0	27	0	0	8	0	0	0	0	0	0	0	0	4	0	2	0	0	1
PLoS One	2024-07-01	11142563	346594	30240	1	23	3	51	0	0	10	2	0	1	0	11	0	0	0	0	318	0	0	6	0	0	0	0	0	0	0	0	0	0	0	0	0	0
PLoS One	2024-07-01	11142703	94253	7403	0	4	1	1	0	0	0	13	0	0	4	0	0	0	0	0	27	0	0	0	0	0	0	0	0	0	0	0	0	0	0	2	0	0
PLoS One	2024-07-01	11142514	100382	7296	0	4	0	2	0	0	3	0	0	1	1	4	0	0	0	0	17	0	0	0	0	0	0	0	0	0	0	0	0	0	0	0	0	0
PLoS One	2024-07-01	11142665	110745	9303	0	12	0	0	0	0	4	1	0	0	4	3	0	0	0	0	50	0	0	3	0	0	2	0	0	0	0	0	0	0	0	0	0	0
PLoS One	2024-07-01	11142489	158642	13405	0	4	0	0	0	0	1	0	0	0	0	0	0	0	2	0	10	0	0	1	0	0	0	0	0	0	0	0	1	0	0	0	0	0
PLoS One	2024-07-01	11142529	221855	18050	0	5	0	1	0	0	0	0	0	3	0	2	0	0	0	0	31	0	0	0	0	0	0	0	0	0	0	0	0	0	0	0	0	0
PLoS One	2024-07-01	11142712	109573	9631	0	5	1	3	0	1	0	0	0	3	0	6	0	0	0	0	20	0	0	5	0	0	0	0	0	0	0	0	0	0	0	0	0	0
PLoS One	2024-07-01	11142718	132857	13383	0	21	0	0	0	0	0	0	0	0	16	10	0	0	0	0	73	0	0	0	0	0	1	0	0	0	0	0	0	0	0	0	0	0
PLoS One	2024-07-01	11142716	180930	13321	0	9	4	2	0	0	5	1	0	2	3	2	0	0	0	0	59	0	0	0	0	0	0	0	0	0	0	0	0	0	0	0	0	0
PLoS One	2024-07-01	11142552	148468	15302	0	3	4	1	0	0	4	3	0	0	14	1	0	0	2	0	30	0	0	6	0	0	0	0	3	0	0	0	0	0	0	0	0	0
PLoS One	2024-07-01	11142685	124719	10521	0	2	0	3	0	0	8	0	0	0	20	0	0	0	0	0	20	0	0	0	0	0	0	0	1	0	0	0	0	0	0	3	0	0
PLoS One	2024-07-01	11142566	189068	16673	0	5	0	2	0	0	3	0	0	0	0	1	0	0	3	0	8	0	0	4	0	0	1	0	0	0	0	0	0	0	0	0	0	0
PLoS One	2024-07-01	11142675	116056	11675	0	4	0	3	0	0	1	3	0	1	2	2	0	0	0	0	50	0	0	3	0	0	1	0	0	0	0	0	0	0	0	0	0	0
PLoS One	2024-07-01	11142721	132131	10524	0	6	1	6	0	0	2	0	0	1	0	4	0	1	0	0	40	0	0	2	0	0	2	0	1	0	0	0	0	0	0	0	0	2
PLoS One	2024-07-01	11142660	126635	10806	0	2	0	2	0	0	0	1	0	0	1	0	0	0	0	0	33	0	1	1	0	0	0	0	0	0	0	0	0	0	0	0	0	0
PLoS One	2024-07-01	11142700	147102	13075	1	1	0	4	0	0	2	1	0	0	0	1	0	0	0	0	46	0	0	2	0	0	0	0	0	0	0	0	0	0	0	1	0	0
PLoS One	2024-07-01	11142699	104564	10195	0	2	0	0	0	0	2	0	0	0	0	0	0	0	0	0	17	0	0	1	0	0	0	0	1	0	0	0	1	0	0	1	0	0
PLoS One	2024-07-01	11142510	91555	7783	1	0	0	0	0	0	0	0	0	0	0	0	0	0	0	0	15	0	0	0	0	1	0	0	0	0	1	0	0	0	1	0	0	0
PLoS One	2024-07-01	11142491	180856	14900	0	12	0	0	0	0	0	0	0	0	1	2	0	0	0	0	56	0	0	5	0	0	1	0	0	0	0	0	0	1	0	0	0	0
PLoS One	2024-07-01	11142661	181197	18425	0	15	0	10	0	0	2	17	0	1	1	0	0	0	1	0	108	0	0	4	0	0	0	0	0	0	0	1	0	0	1	0	3	0
PLoS One	2024-07-01	11142686	152747	12855	0	9	0	4	0	0	6	12	0	0	4	6	0	1	0	0	69	0	0	2	0	0	5	0	0	0	0	0	1	2	0	0	0	0
PLoS One	2024-07-01	11142680	79962	6958	0	1	1	2	0	0	7	0	0	0	0	6	0	0	0	0	41	0	0	1	0	0	0	0	0	0	0	0	0	0	0	0	0	0
PLoS One	2024-07-01	11142710	201799	17584	0	10	0	2	0	3	2	1	0	0	16	0	0	0	1	0	22	0	0	3	0	0	2	1	0	0	0	0	0	0	0	0	0	0
PLoS One	2024-07-01	11142582	84037	7961	0	21	0	0	0	0	4	0	0	0	1	3	0	0	1	0	32	0	0	2	0	0	1	0	0	0	0	0	3	1	0	0	0	0
PLoS One	2024-07-01	11161065	117107	11685	0	22	0	1	0	0	2	7	0	1	13	0	0	0	0	0	157	0	0	3	0	0	2	1	0	0	0	0	0	0	0	0	0	0
PLoS One	2024-07-01	11161114	113066	9418	1	2	0	4	0	0	1	1	0	0	0	1	0	0	0	0	29	0	0	3	0	0	0	0	0	0	0	0	0	0	1	0	0	0
PLoS One	2024-07-01	11156317	126632	10030	0	5	0	1	0	0	1	1	0	0	0	3	0	0	0	0	42	0	0	0	0	0	0	0	0	0	0	0	0	0	0	0	0	0
PLoS One	2024-07-01	11156321	135224	11766	0	7	1	9	0	0	0	9	0	1	9	2	0	0	0	0	73	0	0	0	0	0	0	0	0	0	0	0	0	0	0	0	0	0
PLoS One	2024-07-01	11161025	173711	14541	0	4	4	0	0	0	0	0	0	1	13	1	0	0	0	0	6	0	0	1	0	0	0	0	1	0	0	0	0	0	0	0	0	0
PLoS One	2024-07-01	11161109	103708	7788	0	8	0	2	0	0	2	3	0	0	1	2	0	0	0	0	28	0	1	0	0	0	0	0	0	0	0	0	0	0	0	0	0	0
PLoS One	2024-07-01	11161075	225439	19679	0	24	0	2	0	0	4	2	0	4	6	1	0	0	0	0	126	0	0	2	0	0	0	0	0	0	0	0	0	0	0	1	0	0
PLoS One	2024-07-01	11161048	132888	10020	0	10	0	1	0	0	0	3	0	0	1	1	0	0	0	0	20	0	0	4	0	0	0	0	0	0	0	0	0	0	0	0	0	0
PLoS One	2024-07-01	11161083	139471	11433	0	2	0	7	0	0	10	2	0	2	5	2	0	0	0	0	62	0	2	2	0	0	1	0	0	0	0	0	0	0	0	0	0	0
PLoS One	2024-07-01	11161043	141005	12801	0	1	0	0	0	0	2	0	0	0	0	0	0	0	1	0	60	0	0	1	0	0	6	0	0	0	0	0	0	0	0	0	0	0
PLoS One	2024-07-01	11156363	115666	12064	0	4	0	1	0	0	0	12	0	0	2	0	0	0	1	0	119	0	0	0	0	0	4	0	0	0	0	0	0	0	0	0	0	0
PLoS One	2024-07-01	11161066	160844	12965	0	10	0	0	0	0	4	0	0	0	3	0	0	0	0	0	43	0	0	0	0	0	0	0	1	0	0	0	0	0	0	0	0	1
PLoS One	2024-07-01	11161015	144617	13993	0	12	1	6	0	0	2	2	0	1	2	1	0	0	0	0	40	0	0	3	0	0	1	0	0	0	0	0	0	0	0	0	0	0
PLoS One	2024-07-01	11161105	290516	25476	6	17	6	6	0	0	19	13	0	0	3	9	0	0	0	0	94	0	1	29	0	0	1	0	0	0	0	0	0	0	0	0	0	0
PLoS One	2024-07-01	11161063	240136	20987	1	6	0	3	0	0	4	11	0	0	14	7	0	0	0	0	42	0	1	3	0	0	0	1	1	0	0	0	3	0	0	1	0	0
PLoS One	2024-07-01	11161098	236447	17929	1	7	0	0	0	0	5	4	0	0	1	4	0	0	0	0	44	0	0	3	0	0	1	0	1	0	0	0	0	0	0	0	0	0
PLoS One	2024-07-01	11161089	161067	15595	0	11	0	2	0	0	5	2	0	2	2	6	0	0	1	0	24	0	2	0	0	0	0	0	0	0	0	0	0	0	0	0	0	0
PLoS One	2024-07-01	11156368	126302	9948	0	4	1	3	0	0	0	2	0	0	0	2	0	0	0	0	53	0	0	0	0	0	1	0	0	0	0	0	0	0	0	0	0	0
PLoS One	2024-07-01	11161064	100510	10426	0	3	1	0	0	0	0	0	0	0	0	6	0	0	0	0	34	0	0	1	0	0	0	0	0	0	0	0	0	0	0	0	0	0
PLoS One	2024-07-01	11161051	130873	9092	0	15	0	1	0	0	1	0	0	0	1	2	0	0	1	0	20	0	0	2	0	0	0	0	0	0	0	0	0	0	0	0	0	0
PLoS One	2024-07-01	11161068	85535	8210	0	1	0	2	0	0	3	1	0	0	0	0	2	0	0	0	21	0	1	6	0	0	2	1	1	0	0	0	0	1	0	0	0	0
PLoS One	2024-07-01	11161079	227291	19929	0	3	0	1	0	0	0	2	0	1	0	5	0	0	0	0	43	0	0	0	0	0	12	0	0	0	0	0	0	0	0	0	0	0
PLoS One	2024-07-01	11161104	160847	15982	0	3	1	2	0	0	9	0	0	0	12	4	0	0	0	1	104	0	0	0	0	0	21	1	0	0	0	0	0	0	0	0	0	0
PLoS One	2024-07-01	11161126	134261	12277	0	17	1	5	0	0	0	4	0	0	1	3	0	0	0	0	64	0	0	4	0	0	0	0	0	0	0	0	0	0	0	2	0	0
PLoS One	2024-07-01	11161067	97640	7880	0	2	0	0	0	0	2	12	0	1	16	1	0	0	0	0	19	0	0	4	0	0	3	0	0	0	0	0	0	0	0	0	0	0
PLoS One	2024-07-01	11178205	111686	7799	0	2	0	1	0	0	0	7	0	0	7	0	0	0	0	0	22	0	0	0	0	0	0	0	0	0	0	0	0	0	0	0	0	0
PLoS One	2024-07-01	11178185	197200	19178	0	17	11	17	0	0	7	4	0	0	6	9	0	1	1	0	143	0	0	0	0	2	2	0	0	0	0	0	0	0	0	1	0	0
PLoS One	2024-07-01	11175444	100111	7674	0	3	0	0	0	0	0	0	0	0	11	1	0	0	0	0	14	0	0	0	0	0	0	0	1	0	0	0	0	0	0	0	0	0
PLoS One	2024-07-01	11178191	188375	15902	0	7	1	9	0	0	8	2	0	0	3	3	0	0	3	0	51	0	0	2	0	0	11	0	0	0	0	0	0	0	0	1	0	0
PLoS One	2024-07-01	11178202	128264	11169	0	5	0	0	0	0	0	5	0	3	0	0	0	0	0	0	54	0	0	1	0	0	0	0	0	0	0	0	0	0	0	0	0	1
PLoS One	2024-07-01	11178233	102805	9374	0	4	1	5	0	0	1	3	0	0	1	8	0	0	0	0	63	0	0	0	0	0	0	0	0	0	0	0	0	0	0	0	0	0
PLoS One	2024-07-01	11178211	102896	7979	0	8	0	1	0	0	0	0	0	0	3	8	0	0	2	0	44	0	0	0	0	0	0	0	1	0	0	0	0	0	0	0	0	0
PLoS One	2024-07-01	11175459	204537	24239	2	4	1	18	0	0	9	0	0	3	4	2	0	0	0	0	135	0	0	7	0	0	0	0	0	0	0	0	0	0	0	0	0	0
PLoS One	2024-07-01	11178152	96486	8278	0	1	1	1	0	0	5	1	0	0	1	4	0	0	1	0	29	0	0	4	0	0	0	0	0	0	0	0	0	0	0	0	0	1
PLoS One	2024-07-01	11178198	103838	10569	1	3	2	0	0	0	8	2	0	1	0	1	0	0	1	0	27	0	0	12	0	0	1	0	0	0	0	0	0	0	0	0	0	0
PLoS One	2024-07-01	11178225	148687	13688	0	5	3	3	0	0	4	8	0	0	0	0	1	1	1	0	17	0	0	8	0	0	1	5	0	0	0	0	0	0	0	0	0	0
PLoS One	2024-07-01	11178180	187319	17432	1	1	1	1	0	0	0	3	0	4	0	0	0	0	0	0	62	0	0	3	0	0	5	0	0	0	0	0	0	0	0	0	0	0
PLoS One	2024-07-01	11178230	167504	12667	0	8	0	2	0	0	0	10	0	13	0	1	0	0	0	0	41	0	0	0	0	0	0	0	1	0	0	0	0	0	0	1	0	0
PLoS One	2024-07-01	11178203	132698	13508	0	4	2	1	0	0	0	6	0	0	5	0	0	0	2	0	123	0	0	0	0	0	0	7	0	0	0	0	0	0	0	1	0	4
PLoS One	2024-07-01	11178234	147555	13382	0	1	0	1	0	0	2	4	0	0	0	0	0	0	0	0	15	0	0	1	0	0	0	0	0	0	0	0	0	0	0	0	0	0
PLoS One	2024-07-01	11178226	274903	26810	0	1	9	2	1	0	9	8	0	0	0	0	0	0	0	0	52	0	0	9	0	0	1	0	1	0	0	0	0	1	1	0	0	0
PLoS One	2024-07-01	11178208	138279	14396	0	9	0	3	0	0	0	2	0	0	2	14	0	0	0	0	26	0	0	0	0	0	4	0	0	2	0	0	0	0	0	0	0	0
PLoS One	2024-07-01	11175432	6605	471	0	0	0	0	0	0	0	0	0	0	0	0	0	0	0	0	3	0	0	0	0	0	0	0	0	0	0	0	0	0	0	0	0	0
PLoS One	2024-07-01	11178215	219182	17465	0	0	2	0	0	0	0	2	0	0	1	5	0	0	0	0	17	0	0	1	0	0	2	0	0	7	0	0	0	1	0	1	0	0
PLoS One	2024-07-01	11178206	102726	8852	0	5	0	10	0	0	0	0	0	0	4	7	0	1	1	0	62	0	0	0	0	0	3	1	0	0	0	0	0	0	0	0	0	0
PLoS One	2024-07-01	11178221	120474	9871	0	5	0	1	0	0	3	1	0	1	1	0	0	0	0	0	35	0	0	2	0	0	0	0	0	0	0	0	0	0	0	0	0	0
PLoS One	2024-07-01	11178224	113363	9789	1	7	0	2	0	0	3	3	0	0	7	0	0	0	0	0	42	0	0	1	0	0	0	0	0	0	0	0	0	0	0	0	0	2
PLoS One	2024-07-01	11178209	161386	17427	0	6	0	0	0	0	3	0	0	4	0	0	0	0	0	0	66	0	0	1	0	0	3	0	0	0	0	0	0	0	0	0	0	0
PLoS One	2024-07-01	11178217	155271	12687	0	6	0	0	0	0	3	1	0	0	1	0	0	0	0	0	11	0	0	3	0	0	0	0	0	0	0	0	0	1	0	0	0	0
PLoS One	2024-07-01	11175472	5253	352	0	0	0	0	0	0	0	0	0	0	0	0	0	0	0	0	0	0	0	0	0	0	0	0	0	0	0	0	0	0	0	0	0	0
PLoS One	2024-07-01	11192351	243676	28959	2	15	12	0	0	0	28	2	0	0	0	1	2	0	0	1	219	0	0	20	0	0	8	0	0	0	0	0	0	0	2	0	0	0
PLoS One	2024-07-01	11192371	131211	9378	1	2	1	4	0	0	1	1	0	0	0	1	0	0	0	0	38	0	0	1	0	0	0	0	0	0	0	0	0	0	0	0	0	0
PLoS One	2024-07-01	11192320	88795	7944	0	3	1	6	0	0	0	3	0	0	0	1	0	0	0	0	38	0	0	1	0	0	0	0	0	0	0	0	0	0	0	0	0	0
PLoS One	2024-07-01	11192413	134241	10380	0	1	0	0	0	0	0	0	0	0	0	0	0	0	0	0	2	0	0	0	0	0	1	0	1	0	0	0	0	0	0	0	0	0
PLoS One	2024-07-01	11192359	76621	6218	0	5	0	1	0	0	0	7	0	0	8	1	0	0	0	0	29	0	0	1	0	0	0	0	1	0	0	0	0	0	0	0	0	0
PLoS One	2024-07-01	11192325	116706	10244	0	13	1	0	0	0	2	0	0	0	1	22	0	0	0	0	45	0	0	1	0	0	0	0	1	0	0	0	4	0	0	0	0	0
PLoS One	2024-07-01	11192300	146782	13908	0	3	1	0	0	0	15	1	0	15	5	0	0	0	0	0	15	0	0	7	0	0	2	0	1	0	0	0	0	3	0	0	0	0
PLoS One	2024-07-01	11192364	193661	11062	0	1	0	0	0	0	1	0	0	0	0	0	0	0	0	0	11	0	0	0	0	0	1	0	0	0	0	0	0	0	0	0	0	0
PLoS One	2024-07-01	11192411	123645	11229	0	10	0	6	1	0	1	5	0	0	22	1	0	0	1	0	97	0	0	0	0	0	1	0	2	0	0	0	0	0	0	0	0	0
PLoS One	2024-07-01	11192333	126472	11088	0	5	2	1	0	0	0	0	0	0	0	0	0	0	1	0	9	0	0	0	0	0	0	0	2	0	0	0	0	2	0	0	0	0
PLoS One	2024-07-01	11192396	154289	14783	0	2	4	9	0	0	2	3	0	0	0	0	0	0	0	0	85	0	0	2	0	0	0	0	1	0	1	0	1	1	0	0	0	0
PLoS One	2024-07-01	11192356	120223	8783	0	15	0	0	0	0	6	6	0	0	5	5	0	0	1	0	118	0	0	1	0	0	1	3	0	0	0	0	0	0	0	3	0	0
PLoS One	2024-07-01	11192380	146795	15064	0	6	3	2	0	0	16	4	0	1	4	2	0	0	0	0	37	0	0	8	0	1	0	0	0	0	0	0	0	0	0	0	0	0
PLoS One	2024-07-01	11192343	104177	9821	0	4	1	2	0	0	1	0	0	0	0	3	0	0	3	0	32	0	0	2	0	0	2	0	0	0	0	0	0	0	0	0	0	0
PLoS One	2024-07-01	11192350	192113	17076	0	12	0	9	0	0	0	2	0	1	25	3	0	0	1	0	46	0	0	1	0	0	0	0	0	0	0	0	0	0	0	1	0	0
PLoS One	2024-07-01	11192336	101527	7945	0	2	0	3	0	0	0	0	0	3	2	0	0	0	2	0	64	0	1	2	0	0	0	0	0	0	0	0	1	3	0	0	0	0
PLoS One	2024-07-01	11192381	90051	8009	0	6	0	1	0	0	0	0	0	0	0	1	0	0	1	0	19	0	0	0	0	0	0	0	0	0	0	0	0	0	0	0	0	0
PLoS One	2024-07-01	11192345	213443	18232	0	7	0	5	0	1	2	0	0	0	38	0	0	0	0	0	121	0	0	3	0	0	7	0	1	0	0	0	0	2	1	0	0	0
PLoS One	2024-07-01	11192397	121859	8928	0	2	0	4	0	0	0	1	0	3	49	1	0	0	0	0	15	0	1	2	0	0	0	0	0	0	0	0	1	0	0	0	0	0
PLoS One	2024-07-01	11192322	211315	14227	0	1	0	2	0	0	2	1	0	0	57	6	0	0	0	0	14	0	0	1	0	0	1	0	0	0	1	0	1	0	0	0	0	0
PLoS One	2024-07-01	11192324	200415	7299	2	2	0	0	0	0	6	10	0	0	0	8	0	0	0	0	16	0	0	1	0	1	0	0	0	0	0	0	0	0	0	0	0	0
PLoS One	2024-07-01	11192323	239346	18796	0	6	0	1	0	0	3	2	0	0	14	4	0	0	0	0	38	0	0	0	0	2	0	0	0	0	0	0	0	0	0	0	0	0
PLoS One	2024-07-01	11192407	5521	346	0	0	0	0	0	0	0	0	0	0	0	0	0	0	0	0	0	0	0	0	0	0	0	0	0	0	0	0	0	0	0	0	0	0
PLoS One	2024-07-01	11192379	236046	21339	6	1	2	1	0	0	10	3	0	0	5	0	0	0	0	0	73	0	1	7	0	0	0	0	0	0	0	0	0	0	0	3	0	0
PLoS One	2024-07-01	11192404	5502	337	0	0	0	0	0	0	0	0	0	0	0	0	0	0	0	0	0	0	0	0	0	0	0	0	0	0	0	0	0	0	0	0	0	0
PLoS One	2024-07-01	11213354	157758	14707	0	3	3	14	0	0	0	1	0	0	73	0	0	0	1	0	162	0	0	1	0	0	4	0	0	0	0	0	0	0	0	3	0	0
PLoS One	2024-07-01	11213342	255030	25513	3	11	1	1	0	0	11	5	0	0	0	11	0	0	0	0	158	0	0	10	0	0	4	0	4	0	0	0	0	0	4	2	0	0
PLoS One	2024-07-01	11213317	132526	12754	0	4	0	2	0	0	3	0	0	10	0	1	0	0	0	0	24	0	0	0	0	0	0	0	0	0	0	0	0	0	0	0	0	0
PLoS One	2024-07-01	11216586	91323	7328	0	4	0	0	0	0	1	8	0	0	0	1	0	0	0	0	31	0	0	4	0	0	0	0	0	0	0	0	0	0	0	0	0	0
PLoS One	2024-07-01	11216566	148670	12771	0	13	0	1	0	0	10	1	0	0	0	7	0	0	0	0	62	0	0	3	0	0	0	0	0	0	0	0	0	0	0	0	0	0
PLoS One	2024-07-01	11213327	136732	12615	0	14	0	1	0	0	0	3	0	0	0	0	0	0	0	0	25	0	0	1	0	0	0	1	4	0	0	0	0	0	1	0	0	0
PLoS One	2024-07-01	11216588	111528	8097	0	9	0	3	0	0	0	3	0	0	1	1	0	0	0	0	25	0	0	1	0	0	1	0	0	0	0	0	0	0	0	0	0	0
PLoS One	2024-07-01	11216625	208795	15589	2	21	0	2	0	0	2	8	0	1	31	13	0	0	0	0	51	0	0	0	0	0	0	0	0	0	0	0	0	0	2	0	0	0
PLoS One	2024-07-01	11216576	185102	16725	0	6	0	0	0	0	4	0	0	1	3	0	0	0	5	0	8	0	0	2	0	0	0	2	2	0	0	0	0	0	0	1	0	0
PLoS One	2024-07-01	11216617	54392	4183	0	6	2	3	0	0	0	1	0	0	1	1	0	0	0	0	36	0	0	0	0	0	1	0	0	0	1	0	0	0	2	0	0	0
PLoS One	2024-07-01	11216620	164721	14640	0	0	0	1	0	0	1	2	0	0	21	2	0	0	0	0	40	0	0	5	0	0	0	1	0	0	0	0	0	0	0	0	0	0
PLoS One	2024-07-01	11216624	151183	12644	0	6	1	6	0	0	0	3	0	2	13	3	0	0	1	0	29	0	0	1	0	0	0	0	0	0	0	0	0	0	0	0	0	0
PLoS One	2024-07-01	11213336	136157	11078	0	6	0	0	0	0	0	0	0	0	5	0	0	0	0	0	10	0	0	0	0	0	0	0	1	0	0	0	2	0	0	0	0	0
PLoS One	2024-07-01	11216583	135844	14919	0	1	1	7	0	0	0	2	0	0	0	6	0	0	0	0	71	0	0	0	0	1	4	0	0	0	0	0	0	0	0	0	0	0
PLoS One	2024-07-01	11213308	147346	13694	0	6	2	2	0	0	3	17	0	0	2	3	0	0	0	0	45	0	0	1	0	0	2	0	0	0	0	0	0	0	0	0	0	0
PLoS One	2024-07-01	11216591	158039	14181	0	6	0	2	0	0	0	1	0	0	7	0	0	0	0	0	43	0	0	2	0	0	0	0	0	0	0	0	0	0	0	0	0	0
PLoS One	2024-07-01	11213337	136672	11672	0	3	0	1	0	0	2	4	0	0	1	2	0	0	0	0	38	0	0	1	0	0	1	0	0	0	0	0	0	0	0	1	0	0
PLoS One	2024-07-01	11213353	186401	13994	1	26	0	5	0	0	7	1	0	0	2	3	0	0	0	0	134	0	0	2	0	0	6	0	0	0	0	0	0	0	1	0	0	0
PLoS One	2024-07-01	11216555	4649	334	0	0	0	0	0	0	0	0	0	0	0	0	0	0	0	0	0	0	0	0	0	0	0	0	0	0	0	0	0	0	0	0	0	0
PLoS One	2024-07-01	11216618	139407	11660	0	3	1	0	0	0	5	5	0	1	3	0	0	0	0	0	50	0	1	5	0	0	0	0	0	0	0	0	0	0	0	0	0	1
PLoS One	2024-07-01	11216556	4647	314	0	0	0	0	0	0	0	0	0	0	0	0	0	0	0	0	0	0	0	0	0	0	0	0	0	0	0	0	0	0	0	0	0	0
PLoS One	2024-07-01	11216580	88793	7079	0	3	0	0	0	0	4	2	0	0	0	0	0	0	0	0	18	0	0	1	0	0	0	0	2	0	0	0	0	0	0	0	0	0
PLoS One	2024-07-01	11213306	112130	8170	0	16	0	0	0	0	0	0	0	0	0	2	0	0	0	0	19	0	0	0	0	0	0	0	0	0	0	0	3	0	0	0	0	0
PLoS One	2024-07-01	11216596	130894	12159	0	4	2	0	0	0	5	0	0	0	0	0	0	0	0	0	49	0	0	2	0	0	6	0	0	0	0	0	0	0	0	0	0	8
PLoS One	2024-07-01	11216561	188365	18717	0	7	0	2	0	0	0	1	0	0	22	0	0	0	0	0	33	0	0	0	0	0	1	0	0	0	0	0	0	0	0	0	0	0
