journal	date	pmc_id	Nchars	Nwords	delve	analyse	acknowledge	assess	appraise	dissect	explore	examine	extricate	expose	estimate	investigate	inquire	inspect	interpret	scrutinise	study	unearth	uncover	understand	ponder	research	reason	retrieve	avoid	discount	disregard	dismiss	ignore	neglect	overlook	omit	skip	reject
PLoS One	2023-10-01	10328322	55453	5162	0	2	0	0	0	0	0	0	0	1	1	0	0	0	0	0	4	0	0	0	0	0	2	0	0	0	0	0	0	0	0	0	0	0
PLoS One	2023-10-01	10328331	130079	11396	0	24	1	0	0	0	0	3	0	18	0	3	0	0	0	0	16	0	1	1	0	0	0	0	1	0	0	0	0	0	0	0	0	0
PLoS One	2023-10-01	10328236	213170	22447	0	2	12	1	0	0	6	8	0	2	12	2	0	0	5	0	53	0	0	20	0	0	17	0	2	0	0	0	1	0	1	0	0	0
PLoS One	2023-10-01	10328375	198265	18288	0	4	0	0	0	0	2	0	0	0	4	0	0	0	0	0	25	0	1	1	0	0	0	0	1	0	0	0	1	0	0	0	0	0
PLoS One	2023-10-01	10328230	128502	9439	0	2	0	0	0	0	1	0	0	0	0	0	0	0	0	0	6	0	0	1	0	0	1	0	0	0	0	0	1	0	0	0	0	0
PLoS One	2023-10-01	10328327	180171	16117	0	4	0	0	0	0	3	5	0	0	16	4	0	0	0	0	48	0	0	0	0	0	5	0	0	1	0	0	0	0	0	0	0	0
PLoS One	2023-10-01	10328237	116275	11399	0	5	0	10	0	0	3	0	0	0	5	2	1	0	0	0	105	0	0	4	0	0	3	0	0	0	0	0	0	0	0	0	0	0
PLoS One	2023-10-01	10328252	117052	10192	0	7	1	3	0	0	0	7	0	0	6	8	1	0	0	0	54	0	0	1	0	0	0	0	0	0	0	0	0	0	1	0	0	0
PLoS One	2023-10-01	10328341	169941	16682	0	14	0	1	0	0	0	3	0	1	0	1	0	0	0	0	25	0	0	0	0	0	1	0	0	0	0	0	1	0	0	0	0	0
PLoS One	2023-10-01	10328354	129289	14455	0	6	1	0	0	0	0	0	0	0	0	15	0	0	0	0	18	0	0	2	0	0	0	0	0	0	0	0	0	0	0	0	0	0
PLoS One	2023-10-01	10328255	145924	7632	0	4	0	0	0	0	0	0	0	0	0	0	0	0	0	1	6	0	0	3	0	0	0	0	0	0	0	0	0	0	0	0	0	0
PLoS One	2023-10-01	10328307	119881	8511	0	2	1	0	0	0	0	0	0	0	2	0	0	0	0	0	52	0	0	0	0	0	1	0	0	0	0	0	0	0	0	0	0	0
PLoS One	2023-10-01	10328371	107451	9593	0	3	0	0	0	0	1	1	0	0	36	1	1	0	0	0	31	0	0	0	0	0	0	0	0	0	0	0	1	0	0	1	0	0
PLoS One	2023-10-01	10328358	194859	19942	0	6	0	4	0	0	5	3	0	0	5	2	0	0	0	0	72	0	0	2	0	0	6	0	30	0	0	0	0	0	0	0	0	0
PLoS One	2023-10-01	10328368	120604	9912	0	8	0	0	0	0	2	0	0	0	6	1	0	0	0	0	28	0	0	0	0	0	0	0	1	0	0	0	0	0	0	0	0	0
PLoS One	2023-10-01	10328376	112994	9441	0	0	0	0	0	0	3	4	0	0	3	1	0	0	0	0	19	0	1	5	0	0	0	0	1	0	0	0	0	0	0	0	0	0
PLoS One	2023-10-01	10328254	99477	9779	0	7	1	0	0	0	0	2	0	1	1	6	0	0	0	0	82	0	0	3	0	0	1	0	0	0	0	0	0	0	0	0	0	0
PLoS One	2023-10-01	10328325	211604	21612	0	17	0	1	0	0	2	2	0	0	13	11	0	0	3	0	55	0	0	0	0	0	6	0	2	0	0	0	0	0	0	14	0	0
PLoS One	2023-10-01	10328314	244871	26487	0	7	0	9	1	0	25	0	0	0	1	0	0	0	3	0	112	0	0	16	0	0	4	0	0	0	0	0	0	0	0	0	0	1
PLoS One	2023-10-01	10328313	111819	7920	0	9	0	2	0	0	4	0	0	0	0	1	0	0	0	0	86	0	0	0	0	0	0	0	0	0	0	0	1	0	0	0	0	0
PLoS One	2023-10-01	10328332	402584	15564	0	3	1	0	0	0	0	0	0	0	0	2	0	0	1	0	8	0	0	0	0	0	0	0	0	0	0	0	0	0	0	0	0	0
PLoS One	2023-10-01	10328310	104699	8199	0	5	0	1	0	0	2	0	0	0	2	8	0	0	0	1	30	0	1	3	0	0	0	0	0	0	0	0	0	0	0	0	0	0
PLoS One	2023-10-01	10328223	88735	7445	0	4	1	1	0	0	0	1	0	0	2	0	0	0	0	0	3	0	0	0	0	0	0	0	0	0	0	0	0	0	0	0	0	0
PLoS One	2023-10-01	10328369	198120	14356	0	13	0	0	0	0	1	1	0	0	2	3	0	0	0	0	24	0	0	3	0	0	0	0	0	0	0	0	0	0	0	0	0	0
PLoS One	2023-10-01	10328344	73137	6409	0	11	0	2	0	0	2	0	0	1	0	2	0	0	0	0	14	0	0	3	0	0	0	0	1	0	0	0	0	0	0	0	0	0
PLoS One	2023-10-01	10343102	92784	7327	0	8	0	2	0	0	1	1	0	0	4	4	0	0	0	0	32	0	0	0	0	0	1	0	0	0	0	0	0	0	0	0	0	0
PLoS One	2023-10-01	10348562	122169	10656	0	0	0	0	0	0	0	0	0	0	1	3	0	0	0	0	45	0	0	0	0	0	1	0	0	0	0	0	0	1	0	0	0	0
PLoS One	2023-10-01	10348553	201171	19131	0	4	0	1	0	0	0	2	0	0	14	1	0	0	0	0	22	0	0	0	0	0	0	0	0	0	0	0	2	0	0	0	0	0
PLoS One	2023-10-01	10343053	93157	8104	0	11	2	6	0	0	3	1	0	0	19	5	0	0	0	0	27	0	0	0	0	0	1	0	0	0	0	0	0	0	0	0	0	0
PLoS One	2023-10-01	10343161	133983	11082	0	4	0	8	0	0	0	1	0	0	0	1	0	0	0	0	14	0	0	0	0	0	0	0	0	0	0	0	0	0	0	0	0	0
PLoS One	2023-10-01	10343050	140709	11891	0	3	0	0	0	0	6	0	0	0	1	1	0	0	0	0	11	0	0	0	0	0	6	0	0	0	0	0	2	0	0	0	0	0
PLoS One	2023-10-01	10348528	117359	10823	0	7	1	1	0	0	0	0	0	0	3	0	0	0	1	0	44	0	0	2	0	0	0	0	0	1	0	0	0	0	0	0	0	0
PLoS One	2023-10-01	10343025	82685	6778	0	4	0	0	0	0	0	2	0	0	2	7	0	0	0	0	36	0	0	0	0	0	0	0	0	0	0	0	0	0	0	0	0	0
PLoS One	2023-10-01	10348568	136942	10759	0	7	0	19	0	0	2	3	0	0	0	0	0	0	3	0	78	0	0	20	0	0	0	2	1	0	0	0	0	0	2	0	0	0
PLoS One	2023-10-01	10343061	169139	12789	0	5	0	1	0	1	0	3	0	4	1	0	0	0	0	0	44	0	0	0	0	0	0	0	0	0	0	0	0	0	0	0	0	0
PLoS One	2023-10-01	10343157	88591	7802	0	2	0	1	0	1	0	0	0	3	5	2	0	0	0	0	22	0	0	1	0	0	0	0	0	0	0	0	0	0	0	0	0	0
PLoS One	2023-10-01	10348541	125606	13357	0	1	0	1	0	0	4	0	0	0	32	0	0	0	0	0	22	0	0	1	0	0	6	1	0	0	0	0	0	0	0	0	0	0
PLoS One	2023-10-01	10348571	91736	6981	0	3	0	1	0	0	0	2	0	0	1	0	0	0	0	0	6	0	0	1	0	0	0	0	0	0	0	0	0	1	0	0	0	0
PLoS One	2023-10-01	10348529	177922	16497	0	5	1	1	0	0	1	3	0	0	1	0	0	1	0	0	76	0	0	1	0	0	1	0	0	1	0	0	0	0	0	0	0	0
PLoS One	2023-10-01	10348514	102189	7340	0	9	0	5	0	0	2	0	0	0	1	1	0	0	0	0	64	0	0	1	0	0	0	3	0	0	0	0	0	0	0	0	0	0
PLoS One	2023-10-01	10343068	82046	5984	0	41	0	1	0	0	0	7	0	2	2	0	0	0	0	0	46	0	0	0	0	0	0	0	1	0	0	0	0	0	0	0	0	0
PLoS One	2023-10-01	10348576	193571	18803	0	10	0	2	0	0	6	0	0	0	3	0	0	0	0	0	140	0	0	5	0	0	0	1	0	0	0	0	0	0	0	0	0	0
PLoS One	2023-10-01	10348582	291669	35927	0	21	0	4	0	0	0	10	0	0	1	3	0	0	2	0	61	0	0	2	0	0	2	0	1	0	0	0	0	0	0	0	0	0
PLoS One	2023-10-01	10343156	115794	11523	0	1	0	9	0	0	0	1	0	0	0	2	0	0	3	0	76	0	0	8	0	0	0	0	0	0	0	0	0	0	0	0	0	0
PLoS One	2023-10-01	10348538	151700	12346	0	8	0	0	0	0	0	1	0	0	0	3	0	0	0	0	21	0	0	0	0	1	0	0	0	0	0	0	0	0	0	0	0	0
PLoS One	2023-10-01	10343158	376943	36506	0	6	2	13	0	0	9	14	0	0	6	8	0	0	5	0	274	0	0	20	0	3	0	8	0	0	0	0	0	0	0	1	0	0
PLoS One	2023-10-01	10348563	208147	17229	0	5	0	0	0	0	0	3	0	0	0	1	0	0	0	0	9	0	0	1	0	0	1	1	0	0	0	0	0	0	0	0	0	0
PLoS One	2023-10-01	10348525	137239	13863	0	1	0	3	0	0	0	0	0	2	0	0	0	0	0	0	137	0	0	4	0	0	0	0	0	0	0	0	0	1	0	0	0	0
PLoS One	2023-10-01	10348542	93705	7458	0	2	1	3	0	0	3	1	0	0	0	5	0	0	0	0	18	0	0	1	0	0	0	0	0	0	0	0	0	0	1	0	0	0
PLoS One	2023-10-01	10343083	170546	13590	0	9	0	15	0	0	1	0	0	0	7	1	0	0	0	0	39	0	0	3	0	0	0	0	0	0	0	0	0	0	0	0	0	0
PLoS One	2023-10-01	10361532	324594	31063	1	9	7	2	0	0	10	24	0	2	4	11	0	0	3	0	165	0	0	28	0	1	3	0	3	0	0	0	0	0	0	2	0	2
PLoS One	2023-10-01	10361522	107132	9243	0	5	1	0	0	0	0	4	0	0	32	0	0	0	0	0	58	0	0	0	0	2	0	0	0	0	0	0	0	0	0	0	0	0
PLoS One	2023-10-01	10361511	92771	7725	0	0	0	0	0	0	2	0	0	0	0	0	0	0	0	0	14	0	0	2	0	0	0	0	0	0	0	0	0	0	0	0	0	0
PLoS One	2023-10-01	10361461	78972	7540	0	3	0	0	0	0	3	3	0	0	7	1	0	0	0	0	10	0	0	1	0	0	1	0	0	0	0	0	0	0	0	0	0	0
PLoS One	2023-10-01	10358966	198548	19047	0	2	0	0	0	0	0	0	0	0	71	0	0	0	3	0	31	0	0	0	0	0	1	0	0	0	0	0	0	0	0	0	0	2
PLoS One	2023-10-01	10361509	93682	7846	0	3	0	1	0	0	0	2	0	2	0	8	0	0	0	0	17	0	0	0	0	0	1	0	0	0	0	0	0	0	0	0	0	0
PLoS One	2023-10-01	10361475	187736	18989	0	5	0	0	0	0	6	1	0	2	3	2	0	0	0	0	19	0	0	3	0	0	1	0	3	0	0	0	2	0	0	0	0	0
PLoS One	2023-10-01	10361488	86867	7441	0	2	1	2	0	0	0	0	0	0	0	1	0	0	0	0	12	0	0	0	0	0	14	0	0	0	0	0	0	0	0	0	0	0
PLoS One	2023-10-01	10361472	170001	16948	0	6	0	15	0	0	0	6	0	2	2	7	0	0	0	0	129	0	0	0	0	0	0	0	1	0	0	0	0	0	0	0	0	0
PLoS One	2023-10-01	10358897	88917	7301	0	2	0	2	0	0	0	2	0	0	0	1	0	0	0	0	12	0	0	0	0	0	0	0	0	0	0	0	0	0	0	0	0	0
PLoS One	2023-10-01	10358891	109973	10219	0	7	0	0	0	1	0	2	0	0	0	0	0	0	0	0	6	0	0	0	0	0	0	0	0	0	0	0	0	0	0	0	0	0
PLoS One	2023-10-01	10358929	139804	13148	0	14	1	0	0	0	0	7	0	0	7	4	0	1	0	0	29	0	0	4	0	0	3	1	0	0	0	0	1	0	0	1	0	0
PLoS One	2023-10-01	10358909	139172	10229	0	2	0	1	0	0	1	1	0	0	1	4	0	0	0	0	49	0	0	0	0	0	1	0	0	0	0	0	0	0	0	0	0	0
PLoS One	2023-10-01	10361534	228198	14081	0	3	4	0	0	0	3	0	0	2	0	3	0	0	4	0	15	0	0	0	0	1	0	0	0	19	0	0	2	1	0	0	0	0
PLoS One	2023-10-01	10361536	235850	11523	0	2	0	0	0	0	0	0	0	0	5	0	0	0	0	0	8	0	0	0	0	0	3	0	0	4	0	0	1	0	0	0	0	0
PLoS One	2023-10-01	10361497	92311	7528	0	10	0	0	0	0	0	3	0	0	11	0	0	0	0	0	33	0	0	0	0	0	0	0	0	0	0	0	0	0	0	0	0	0
PLoS One	2023-10-01	10361470	108817	8657	0	0	0	0	0	0	0	1	0	2	0	4	0	0	0	0	37	0	0	0	0	0	0	0	0	0	0	0	0	0	0	0	0	0
PLoS One	2023-10-01	10361527	107222	9743	0	4	0	0	0	0	0	1	0	0	1	9	0	0	1	0	18	0	0	1	0	0	0	0	0	0	0	0	0	0	0	0	0	0
PLoS One	2023-10-01	10361480	122895	11151	0	7	0	0	0	0	6	0	0	0	0	4	0	0	2	0	63	0	0	6	0	0	3	0	0	0	0	0	0	0	0	0	0	0
PLoS One	2023-10-01	10359011	133945	14177	0	18	1	1	0	0	4	16	0	0	1	4	0	0	1	0	54	0	1	7	0	0	3	0	0	0	0	0	0	0	0	0	0	0
PLoS One	2023-10-01	10361484	78054	8197	0	4	0	1	0	0	4	1	0	0	0	0	0	0	0	0	24	0	0	9	0	0	0	0	0	0	0	0	1	0	0	0	0	0
PLoS One	2023-10-01	10358958	71866	6927	1	6	0	0	0	0	0	1	0	1	0	2	0	1	0	1	50	0	0	0	0	1	7	5	0	0	0	0	0	0	0	0	0	0
PLoS One	2023-10-01	10361491	173533	16196	0	3	0	1	0	0	2	10	0	0	9	3	0	0	1	0	67	0	0	9	0	0	0	0	0	1	0	0	1	0	0	0	0	1
PLoS One	2023-10-01	10358965	138848	11754	0	3	0	3	0	0	5	5	0	0	5	3	0	0	0	0	48	0	0	1	0	0	0	0	0	0	0	0	1	0	0	0	0	0
PLoS One	2023-10-01	10361463	171963	7338	0	1	0	0	0	0	0	1	0	0	0	5	0	0	0	0	7	0	0	0	0	0	1	0	0	0	0	0	0	0	0	0	0	0
PLoS One	2023-10-01	10381075	294850	23172	0	6	0	5	0	0	5	1	0	0	12	1	0	0	0	0	60	0	0	1	0	0	2	0	0	0	0	0	0	0	0	1	0	0
PLoS One	2023-10-01	10393151	139323	12639	0	3	2	2	0	0	2	5	0	0	2	3	1	0	0	0	46	0	0	7	0	0	3	0	0	0	0	0	0	0	0	0	0	0
PLoS One	2023-10-01	10389712	172350	16003	0	1	0	0	0	0	1	0	0	0	3	0	0	0	0	0	33	0	0	4	0	0	8	0	0	0	0	0	0	0	0	0	0	0
PLoS One	2023-10-01	10389733	209508	20226	0	4	1	0	0	0	10	0	0	0	0	9	0	0	0	0	10	0	0	4	0	0	0	0	1	0	0	0	0	0	0	0	0	1
PLoS One	2023-10-01	10389732	253021	20888	0	9	0	1	0	1	1	21	0	0	24	0	0	0	3	0	41	0	0	2	0	0	0	0	0	0	0	0	0	0	0	2	0	0
PLoS One	2023-10-01	10389754	168458	15439	0	3	0	0	0	0	1	3	0	1	2	2	0	0	0	0	35	0	0	1	0	0	0	0	1	0	0	0	1	0	0	0	0	0
PLoS One	2023-10-01	10393145	142789	12642	0	3	0	0	0	0	1	0	0	0	3	3	0	0	0	0	3	0	0	0	0	0	0	0	1	0	0	0	0	0	0	0	0	0
PLoS One	2023-10-01	10389727	127487	9746	0	13	1	0	0	0	1	1	0	0	1	5	0	0	0	0	61	0	0	0	0	0	0	0	0	0	0	0	0	0	0	1	0	0
PLoS One	2023-10-01	10389718	116212	10449	0	6	0	0	0	0	5	2	0	3	12	11	0	0	2	0	24	0	1	3	0	0	0	0	1	0	0	0	0	0	0	0	0	0
PLoS One	2023-10-01	10393132	109319	9667	0	13	0	1	0	0	1	4	0	0	0	0	0	0	0	0	46	0	0	2	0	1	1	0	0	0	0	0	0	0	0	0	0	0
PLoS One	2023-10-01	10381077	66581	6654	0	9	0	2	0	0	0	4	0	0	3	1	0	0	0	0	12	0	0	0	0	0	0	0	0	0	0	0	0	0	0	0	0	0
PLoS One	2023-10-01	10393138	149175	15727	2	8	1	4	0	1	2	10	0	0	0	3	0	0	3	3	75	0	0	11	0	0	3	0	0	0	0	0	0	0	0	0	0	0
PLoS One	2023-10-01	10381036	81429	6718	0	0	1	0	0	0	0	0	0	0	2	1	0	0	1	0	53	0	0	0	0	0	0	1	0	0	0	0	0	0	0	0	0	0
PLoS One	2023-10-01	10381035	95904	8235	0	8	0	4	0	0	4	6	0	1	0	6	0	0	0	0	23	0	0	4	0	0	0	0	0	0	0	0	0	0	0	0	0	0
PLoS One	2023-10-01	10393156	100303	9987	0	8	0	2	0	0	1	8	0	1	0	11	0	0	0	0	42	0	0	3	0	0	0	0	0	0	0	0	12	0	0	0	0	1
PLoS One	2023-10-01	10393160	74261	5823	0	5	1	0	0	0	0	0	0	0	0	0	0	0	0	0	7	0	0	2	0	0	0	0	0	0	0	0	0	0	0	0	0	0
PLoS One	2023-10-01	10381029	139096	14329	0	4	0	1	0	0	0	2	0	0	0	2	0	0	0	0	90	0	0	0	0	1	0	0	2	0	0	0	0	0	0	0	0	0
PLoS One	2023-10-01	10381034	249610	25668	0	13	6	20	0	0	9	5	0	0	34	0	0	0	6	0	110	0	0	10	0	0	1	0	1	0	0	0	0	0	2	2	0	0
PLoS One	2023-10-01	10393173	100178	7421	0	10	0	2	0	0	4	3	0	0	7	5	0	0	0	0	52	0	0	0	0	1	0	0	0	0	0	0	1	0	0	0	0	0
PLoS One	2023-10-01	10393180	234409	18320	0	7	0	0	0	0	0	1	0	0	0	1	0	0	0	1	25	0	0	2	0	0	0	0	0	0	0	0	0	0	0	0	0	0
PLoS One	2023-10-01	10393134	110168	7788	0	10	0	0	0	0	2	0	0	0	0	3	0	0	0	0	15	0	0	1	0	0	0	0	1	0	0	0	0	0	0	0	0	0
PLoS One	2023-10-01	10381039	133525	11547	0	11	1	0	0	0	0	1	0	0	1	0	0	0	0	0	31	0	0	0	0	0	6	0	0	0	0	0	1	0	0	0	0	0
PLoS One	2023-10-01	10389742	107606	7814	0	8	0	2	0	0	0	0	0	2	2	0	0	0	0	0	38	0	0	3	0	0	0	0	0	0	0	0	0	0	0	0	0	0
PLoS One	2023-10-01	10381079	170253	17195	0	3	2	1	0	0	4	4	0	0	0	0	0	0	0	0	77	0	5	10	0	0	1	0	0	0	0	0	0	0	0	0	0	0
PLoS One	2023-10-01	10393177	246247	23052	0	3	1	0	0	0	4	0	0	0	1	1	0	0	0	0	105	0	0	5	0	0	11	0	0	0	1	0	0	0	0	0	0	0
PLoS One	2023-10-01	10403127	212768	18847	0	2	1	0	0	0	0	8	0	0	16	0	0	0	1	0	19	0	0	2	0	0	0	0	0	0	0	0	0	0	0	0	0	2
PLoS One	2023-10-01	10403140	198570	16418	0	1	1	0	0	0	12	7	0	0	7	3	0	0	0	1	74	0	1	1	0	0	3	0	0	0	0	0	0	0	0	0	0	0
PLoS One	2023-10-01	10406245	77987	6598	0	6	0	0	0	0	1	1	0	0	4	1	0	0	0	0	12	0	0	1	0	0	1	0	0	0	1	0	1	0	0	0	0	0
PLoS One	2023-10-01	10406228	114010	9504	0	3	0	0	0	0	0	0	0	0	0	0	0	0	0	0	12	0	0	2	0	0	0	0	0	0	0	0	0	0	0	0	0	0
PLoS One	2023-10-01	10403100	78640	7475	0	4	0	0	0	0	0	3	0	0	2	2	0	0	0	0	20	0	0	0	0	0	2	0	0	0	0	0	0	0	0	0	0	0
PLoS One	2023-10-01	10403084	99444	9048	0	10	0	19	0	0	4	1	0	2	7	2	0	0	1	0	128	0	0	3	0	1	0	1	0	0	0	0	0	0	0	0	0	0
PLoS One	2023-10-01	10406226	191279	17582	0	2	1	5	0	0	2	1	0	1	29	3	0	0	3	0	33	0	0	6	0	0	0	4	0	0	0	0	0	0	0	0	0	0
PLoS One	2023-10-01	10403054	124626	12154	0	5	0	2	0	0	0	0	0	1	0	7	0	0	0	0	45	0	0	0	0	0	0	0	0	0	0	0	0	0	0	0	0	0
PLoS One	2023-10-01	10409273	162225	12247	0	3	0	3	0	0	1	1	0	1	5	2	0	0	1	0	51	0	0	1	0	0	0	0	0	0	0	0	0	0	0	0	0	0
PLoS One	2023-10-01	10406325	150617	12688	0	3	0	11	0	0	0	0	0	4	3	0	0	0	1	0	22	0	0	4	0	0	1	0	0	0	0	0	0	0	1	0	0	0
PLoS One	2023-10-01	10403108	161042	13788	0	7	0	0	0	0	1	1	0	0	2	0	0	0	0	0	46	0	0	5	0	0	1	0	0	0	0	0	0	1	0	0	0	0
PLoS One	2023-10-01	10403103	132903	10971	0	7	1	2	0	0	1	2	0	0	1	1	0	0	0	0	74	0	0	0	0	0	1	0	0	0	0	0	0	0	0	0	0	0
PLoS One	2023-10-01	10403092	150725	12472	0	0	0	2	0	0	1	0	0	0	0	1	0	0	1	0	48	0	0	0	0	0	3	0	0	0	0	0	0	0	0	0	0	0
PLoS One	2023-10-01	10406222	84294	6496	0	3	0	0	0	0	0	0	0	0	4	2	0	0	1	0	14	0	0	0	0	0	1	0	0	0	0	0	0	4	0	0	0	0
PLoS One	2023-10-01	10406288	87299	7489	0	2	0	2	0	0	0	1	0	0	5	2	0	0	0	0	55	0	0	0	0	0	0	0	0	0	0	0	0	0	0	0	0	0
PLoS One	2023-10-01	10403143	175184	15784	0	18	1	1	0	2	1	0	0	0	0	5	0	0	1	0	47	0	0	0	0	0	3	1	0	0	0	0	0	0	0	0	0	0
PLoS One	2023-10-01	10409294	212343	17548	0	25	0	0	0	0	1	6	0	0	9	2	0	0	0	0	51	0	0	1	0	0	2	0	0	0	0	0	0	0	0	0	0	0
PLoS One	2023-10-01	10406187	287122	27715	0	6	1	4	0	0	31	23	0	0	4	2	0	0	1	1	147	0	0	3	0	0	2	0	1	0	0	0	1	0	0	0	0	0
PLoS One	2023-10-01	10406223	121942	10180	0	8	0	3	0	0	0	3	0	0	3	2	0	0	0	0	55	0	0	4	0	0	0	2	0	0	0	0	2	0	0	0	0	0
PLoS One	2023-10-01	10409375	88107	5709	0	4	0	0	0	0	1	0	0	0	0	0	0	0	0	0	7	0	0	0	0	0	0	0	0	0	0	0	0	0	0	0	0	0
PLoS One	2023-10-01	10409287	96845	9865	0	11	0	3	0	0	1	0	0	0	0	1	0	2	0	0	24	0	0	0	0	0	0	0	0	0	0	0	0	0	0	0	0	0
PLoS One	2023-10-01	10406225	97639	7250	0	0	2	7	0	0	0	0	0	0	10	2	0	0	0	0	45	0	0	1	0	0	0	0	0	0	0	0	0	0	0	0	0	0
PLoS One	2023-10-01	10409257	116511	10389	0	4	0	0	0	0	0	4	0	2	0	0	0	0	0	0	15	0	0	0	0	0	5	0	2	0	0	0	0	0	0	0	0	0
PLoS One	2023-10-01	10406322	159856	15491	0	1	1	2	0	0	7	0	0	1	0	1	0	0	0	0	49	0	0	7	0	0	3	0	0	0	0	0	1	0	1	0	0	0
PLoS One	2023-10-01	10409378	115935	9604	0	5	0	2	0	0	2	0	0	0	2	0	0	0	0	0	67	0	1	0	0	0	0	0	0	0	0	0	0	0	0	0	0	0
PLoS One	2023-10-01	10426920	177612	17944	0	13	0	2	0	0	10	2	0	0	0	5	0	0	0	0	24	0	0	0	0	0	1	0	0	0	0	0	0	0	0	0	0	0
PLoS One	2023-10-01	10427007	135447	11330	0	1	1	2	0	0	0	0	0	0	2	2	0	0	2	0	46	0	0	0	0	0	0	0	0	0	0	0	0	0	0	0	0	0
PLoS One	2023-10-01	10426917	74226	6492	0	4	0	1	0	0	3	4	0	0	0	1	0	0	0	0	70	0	0	0	0	0	0	0	0	0	0	0	0	0	0	0	0	0
PLoS One	2023-10-01	10426968	165125	14358	0	8	1	2	0	0	1	1	0	1	0	0	1	0	1	0	42	0	0	1	0	0	1	0	0	0	1	0	0	0	0	0	0	0
PLoS One	2023-10-01	10420394	296471	19779	0	8	0	1	0	0	6	0	0	0	0	2	0	0	0	0	5	0	0	0	0	2	3	0	1	0	0	0	0	0	0	0	0	0
PLoS One	2023-10-01	10424864	114053	8822	0	12	0	2	0	0	2	8	0	0	0	2	0	0	1	0	36	0	0	4	0	1	0	0	0	0	0	0	0	0	0	0	0	0
PLoS One	2023-10-01	10426951	153965	13872	0	12	0	1	0	0	3	0	0	0	1	3	0	0	1	0	26	0	0	2	0	0	0	0	0	0	0	0	0	0	0	0	0	0
PLoS One	2023-10-01	10427018	185134	17193	0	1	0	15	0	0	5	0	0	1	15	5	0	1	0	0	16	0	0	0	0	0	1	0	0	0	0	0	0	1	0	0	0	0
PLoS One	2023-10-01	10426997	61551	5667	0	0	0	2	0	0	0	0	0	0	1	2	0	0	0	0	26	0	0	1	0	0	0	0	0	0	0	0	0	0	1	0	0	0
PLoS One	2023-10-01	10424876	244241	22009	0	3	3	3	2	0	6	1	0	3	0	5	0	0	0	0	99	0	1	30	0	0	1	5	0	0	0	0	1	0	0	0	0	0
PLoS One	2023-10-01	10420384	147728	12861	0	6	1	2	0	0	7	10	0	0	1	7	0	0	0	1	69	0	0	5	0	0	2	0	0	0	0	0	0	0	1	0	0	0
PLoS One	2023-10-01	10420380	141539	9982	0	8	0	0	0	2	5	1	0	0	0	2	0	0	0	0	23	0	0	0	0	0	0	0	1	0	0	0	0	0	0	0	0	0
PLoS One	2023-10-01	10426986	150679	15709	0	9	0	1	0	0	0	0	0	3	2	0	0	0	0	0	19	0	0	1	0	0	1	0	0	0	0	0	0	0	0	0	0	0
PLoS One	2023-10-01	10420344	102486	8866	0	12	0	1	0	0	1	0	0	0	0	0	0	0	0	0	11	0	0	0	0	0	0	0	0	0	0	0	0	0	0	0	0	0
PLoS One	2023-10-01	10426990	29369	2666	0	1	0	0	0	0	2	1	0	0	2	1	0	0	0	0	25	0	0	0	0	0	0	0	1	0	0	0	0	0	0	0	0	0
PLoS One	2023-10-01	10426999	52441	3870	0	3	1	5	0	0	1	1	0	0	0	1	0	0	0	0	12	0	0	0	0	0	0	0	0	0	0	0	0	0	0	0	0	0
PLoS One	2023-10-01	10420386	133811	8981	0	12	0	2	0	0	0	0	0	0	33	4	0	0	0	0	21	0	2	5	0	0	0	0	0	0	0	0	0	0	0	0	0	2
PLoS One	2023-10-01	10427009	126167	11257	0	3	0	2	0	0	2	0	0	0	1	5	0	0	0	0	53	0	0	0	0	0	3	0	0	0	0	0	0	1	0	0	0	0
PLoS One	2023-10-01	10424855	120528	11510	0	3	0	0	0	0	5	0	0	0	0	1	0	0	0	0	13	0	0	3	0	0	0	0	0	2	0	0	0	0	0	0	0	0
PLoS One	2023-10-01	10427000	253994	25117	4	15	1	5	0	2	18	16	0	1	1	10	0	0	0	4	82	2	2	9	0	0	2	0	0	0	2	0	0	0	2	0	0	0
PLoS One	2023-10-01	10427016	137643	12296	0	2	4	0	0	0	7	3	0	0	1	2	0	0	1	0	38	0	0	6	0	0	1	0	0	0	0	0	0	0	0	0	0	0
PLoS One	2023-10-01	10420377	164334	13126	0	9	0	0	0	0	4	3	0	0	15	2	0	0	0	0	50	0	0	6	0	0	1	0	0	0	0	0	0	0	0	0	0	0
PLoS One	2023-10-01	10420382	205944	15122	0	7	0	8	0	3	5	0	0	0	6	6	0	0	0	0	34	0	0	8	0	0	0	0	0	0	0	0	0	0	0	0	0	0
PLoS One	2023-10-01	10420348	173660	15674	0	6	0	4	0	0	2	1	0	0	2	3	0	0	0	0	133	0	0	2	0	1	4	0	0	0	0	0	1	0	0	0	0	0
PLoS One	2023-10-01	10426998	146303	10726	0	4	0	8	0	0	4	4	0	0	5	5	0	0	0	1	42	0	0	4	0	0	0	0	0	55	0	1	1	0	0	0	0	2
PLoS One	2023-10-01	10443859	83263	7460	0	3	0	1	0	0	0	1	0	0	0	0	0	0	2	0	42	0	0	0	0	0	0	1	0	0	0	0	0	0	0	1	0	0
PLoS One	2023-10-01	10443836	132895	11096	0	2	1	4	0	0	1	1	0	0	8	0	0	0	0	0	31	0	0	0	0	0	4	0	0	0	0	0	0	0	0	0	0	0
PLoS One	2023-10-01	10443868	82860	6317	0	2	0	1	0	1	0	0	0	0	0	1	0	0	0	0	23	0	0	1	0	0	0	0	0	0	0	0	0	0	0	0	0	0
PLoS One	2023-10-01	10441800	129048	12656	0	14	1	2	0	0	0	1	0	0	0	6	0	0	0	0	9	0	0	1	0	0	1	0	0	0	0	0	0	0	0	0	0	0
PLoS One	2023-10-01	10443866	60413	5409	0	1	0	1	0	0	0	5	0	0	0	1	0	0	0	0	21	0	0	0	0	0	0	0	0	0	0	0	0	0	0	0	0	0
PLoS One	2023-10-01	10443882	241672	20511	0	35	0	4	0	0	5	0	0	6	6	2	0	0	1	0	56	0	0	1	0	0	1	0	2	0	0	0	0	0	0	0	0	0
PLoS One	2023-10-01	10443834	167523	20843	0	16	0	5	0	0	0	12	0	0	0	1	0	0	0	0	110	0	0	2	0	0	10	2	0	0	0	0	0	0	0	0	0	0
PLoS One	2023-10-01	10437917	217952	23847	0	28	6	2	0	0	1	43	0	0	4	2	0	0	1	0	86	0	0	11	0	2	0	0	2	0	0	0	0	0	0	1	0	0
PLoS One	2023-10-01	10441802	236074	20119	0	4	1	4	0	0	5	1	0	0	19	4	0	0	1	0	56	0	0	3	0	0	3	0	2	0	0	0	5	0	0	0	0	0
PLoS One	2023-10-01	10441785	147414	14182	0	2	2	0	0	0	1	0	0	0	0	0	0	0	1	0	12	0	1	3	0	0	1	0	0	0	0	0	0	0	0	0	0	0
PLoS One	2023-10-01	10443847	157095	14833	0	14	0	0	0	0	0	0	0	0	0	3	0	0	0	0	47	0	0	8	0	3	0	0	0	0	0	0	0	0	0	0	0	0
PLoS One	2023-10-01	10437853	228590	24262	0	26	0	0	0	0	0	0	0	2	0	2	0	0	0	0	35	0	2	5	0	0	0	0	3	0	0	0	0	0	0	0	0	0
PLoS One	2023-10-01	10437954	256257	23066	0	50	0	1	0	0	3	0	0	0	1	3	0	0	0	0	43	0	0	3	0	0	3	0	0	0	0	0	0	0	0	0	0	0
PLoS One	2023-10-01	10443865	125735	9964	0	3	0	0	0	0	0	3	0	0	0	2	0	0	0	0	28	0	0	0	0	0	0	0	0	0	0	0	0	0	0	0	0	0
PLoS One	2023-10-01	10443858	134543	12093	0	3	0	0	0	0	1	2	0	0	0	0	0	0	0	0	19	0	0	3	0	0	1	0	1	0	0	0	0	0	0	0	0	0
PLoS One	2023-10-01	10443841	167591	16625	0	13	0	8	0	0	0	7	0	0	1	0	0	0	0	0	70	0	0	0	0	0	1	0	0	0	0	0	0	0	0	0	0	0
PLoS One	2023-10-01	10437930	113486	9859	0	1	1	0	0	0	0	1	0	0	0	2	0	0	0	0	57	0	0	1	0	0	0	0	0	0	0	0	0	0	0	0	0	0
PLoS One	2023-10-01	10443844	62453	5187	0	0	0	0	0	0	0	0	0	0	0	1	0	0	0	0	4	0	0	0	0	0	0	0	0	0	0	0	0	0	0	0	0	0
PLoS One	2023-10-01	10438010	96226	8658	0	0	0	5	0	0	10	4	0	0	0	5	0	0	0	0	59	0	0	0	0	0	2	0	0	0	0	0	0	0	0	0	0	0
PLoS One	2023-10-01	10437861	150757	14482	0	8	3	0	0	0	10	1	0	0	0	1	0	0	0	1	42	0	0	2	0	1	1	0	0	0	0	0	1	1	0	0	0	0
PLoS One	2023-10-01	10437786	113675	9095	0	3	0	0	0	0	3	0	0	12	8	0	0	0	0	0	12	0	0	1	0	0	0	0	0	0	0	0	0	0	0	0	0	0
PLoS One	2023-10-01	10437897	169964	15030	0	5	0	1	0	0	0	5	0	0	0	5	0	0	0	0	38	0	4	2	0	0	0	0	0	0	0	0	0	0	0	0	0	0
PLoS One	2023-10-01	10438032	157841	14485	0	10	0	1	0	0	2	10	0	0	1	1	0	0	0	0	26	0	0	1	0	0	1	0	0	0	0	0	1	0	0	0	0	0
PLoS One	2023-10-01	10437833	143577	14014	2	5	1	0	0	0	1	2	0	1	0	2	0	0	0	0	21	0	0	4	0	0	0	0	0	0	0	0	0	0	0	0	0	0
PLoS One	2023-10-01	10443835	127934	10696	0	10	0	0	0	0	3	2	0	0	1	2	0	0	0	0	25	0	0	0	0	0	0	0	0	0	0	0	0	0	0	0	0	0
PLoS One	2023-10-01	10470907	203554	19505	0	4	1	4	0	0	23	0	0	0	3	0	0	0	0	0	53	0	0	3	0	0	1	0	0	0	0	0	0	0	0	0	0	0
PLoS One	2023-10-01	10473535	137150	13386	0	27	0	5	0	0	15	4	0	0	6	1	0	0	1	0	16	0	0	3	0	0	2	0	0	0	0	0	0	0	0	1	0	1
PLoS One	2023-10-01	10473480	146942	13271	0	17	0	1	0	0	2	2	0	0	0	0	0	0	0	0	23	0	0	0	0	0	0	0	0	0	0	0	0	0	0	2	0	0
PLoS One	2023-10-01	10473489	85386	7213	0	6	0	1	0	0	2	1	0	0	4	3	0	0	0	0	37	0	0	0	0	0	1	2	0	0	0	0	0	0	0	0	0	0
PLoS One	2023-10-01	10470920	70917	5901	0	13	0	1	0	0	0	0	0	0	1	0	0	0	0	0	20	0	0	0	0	0	0	0	0	0	0	0	0	0	0	0	0	0
PLoS One	2023-10-01	10473496	82184	6706	0	2	1	5	0	0	4	2	0	0	0	0	0	0	0	0	48	0	0	1	0	0	1	1	0	0	0	0	0	0	0	0	0	0
PLoS One	2023-10-01	10470941	99085	8250	0	7	0	0	0	0	0	0	0	0	0	1	0	0	0	0	5	0	0	0	0	0	0	0	1	0	0	0	0	0	0	0	0	0
PLoS One	2023-10-01	10473521	61928	5491	0	6	0	1	0	0	0	0	0	0	0	0	0	0	1	0	42	0	0	2	0	0	1	0	0	0	0	0	0	0	0	0	0	0
PLoS One	2023-10-01	10473491	229077	17301	0	4	1	3	1	0	0	3	0	0	12	1	0	0	0	0	47	0	0	0	0	1	0	0	0	0	0	0	0	0	0	0	0	0
PLoS One	2023-10-01	10473467	95405	8782	0	17	0	0	0	0	0	0	0	0	0	4	0	0	1	0	15	0	0	0	0	0	4	0	0	1	0	0	0	0	0	0	0	0
PLoS One	2023-10-01	10473517	182135	16283	0	3	0	4	0	0	1	2	0	1	2	1	0	0	0	0	19	0	0	2	0	0	1	0	0	0	0	0	1	0	0	0	0	0
PLoS One	2023-10-01	10470953	162941	12208	0	17	0	0	0	0	5	2	0	0	2	0	0	0	0	0	45	0	0	0	0	0	4	0	1	0	0	0	1	1	0	0	0	0
PLoS One	2023-10-01	10473483	93790	8697	0	3	0	0	0	0	1	4	0	0	1	4	0	0	1	0	18	0	0	0	0	0	3	0	3	0	0	0	0	0	0	0	0	0
PLoS One	2023-10-01	10473505	121831	9550	0	11	1	6	0	0	3	6	0	0	0	0	0	0	1	0	91	0	0	5	0	0	0	1	0	0	0	0	0	0	0	0	1	0
PLoS One	2023-10-01	10473472	112431	9887	0	5	0	0	0	1	0	7	0	11	0	6	0	3	0	0	11	0	0	1	0	0	0	0	1	0	0	0	0	0	0	0	0	0
PLoS One	2023-10-01	10473490	167442	11321	0	8	0	1	0	0	3	5	0	0	18	4	0	0	0	0	15	0	0	0	0	0	0	0	1	0	0	0	0	0	0	0	0	0
PLoS One	2023-10-01	10470931	335317	22198	0	6	3	5	0	0	12	1	0	1	25	0	0	0	2	0	39	0	0	3	0	0	0	2	2	0	2	0	0	0	0	0	0	0
PLoS One	2023-10-01	10470971	142499	12994	0	0	0	1	0	0	3	0	0	0	0	0	0	0	0	0	61	0	0	0	0	0	0	1	0	0	0	0	0	0	0	0	0	0
PLoS One	2023-10-01	10473478	134869	12292	0	6	0	1	0	1	0	0	0	0	3	1	0	0	0	0	20	0	0	1	0	0	0	0	0	0	0	0	0	0	0	2	0	0
PLoS One	2023-10-01	10473486	176097	16627	0	2	1	4	0	0	1	0	0	1	12	2	0	0	3	0	64	0	0	1	0	0	1	0	0	0	0	0	0	6	0	0	0	0
PLoS One	2023-10-01	10473474	109689	9387	1	14	1	3	0	0	0	2	0	5	0	2	0	0	1	0	19	0	0	0	0	0	1	0	0	0	0	0	0	0	0	0	0	0
PLoS One	2023-10-01	10473528	220738	18400	0	3	0	0	0	0	1	2	0	1	4	0	0	0	0	0	6	0	0	0	0	0	0	0	1	0	0	0	0	0	0	0	0	0
PLoS One	2023-10-01	10473542	157585	13742	0	12	0	1	0	0	5	2	0	0	0	1	0	1	0	0	9	0	0	1	0	0	1	0	0	0	0	0	0	0	0	0	0	0
PLoS One	2023-10-01	10470933	146617	13199	0	2	0	0	0	0	0	0	0	2	9	0	0	0	0	0	11	0	0	1	0	0	1	0	0	0	0	0	0	0	0	0	0	0
PLoS One	2023-10-01	10473492	159514	14274	0	1	2	7	0	0	0	1	0	0	1	0	0	0	0	0	53	0	0	0	0	0	0	0	0	0	0	0	0	0	0	0	0	0
PLoS One	2023-10-01	10490906	147651	13489	0	6	2	3	0	0	1	2	0	1	8	0	0	0	1	0	134	0	0	1	0	0	1	2	1	0	0	0	0	0	0	2	0	0
PLoS One	2023-10-01	10490965	154544	14629	0	42	1	12	0	0	0	7	0	0	16	4	0	0	0	0	112	0	0	0	0	0	0	0	0	0	0	0	0	0	0	0	0	1
PLoS One	2023-10-01	10490903	101235	9848	0	3	0	2	0	0	2	0	0	1	8	2	0	0	0	0	77	0	0	3	0	0	0	0	0	0	0	0	0	0	0	0	0	1
PLoS One	2023-10-01	10490926	83432	6360	0	9	0	2	0	0	0	5	0	2	0	1	0	0	0	0	3	0	0	1	0	0	0	0	0	0	0	0	0	0	0	0	0	0
PLoS One	2023-10-01	10490980	133308	11138	0	18	2	0	0	2	0	0	0	0	3	1	0	0	1	0	22	0	0	0	0	0	1	0	0	0	0	0	0	1	0	0	0	0
PLoS One	2023-10-01	10491392	310648	29221	1	6	6	3	0	0	3	9	0	4	10	1	0	0	1	0	98	0	0	11	0	0	2	0	0	0	0	0	0	1	0	0	0	0
PLoS One	2023-10-01	10491398	100662	7969	0	6	0	1	0	0	1	2	0	1	3	0	0	0	0	0	18	0	0	0	0	0	0	0	0	0	0	0	0	0	0	0	0	0
PLoS One	2023-10-01	10490848	142299	11479	0	9	0	16	0	0	0	2	0	0	4	0	0	0	0	0	99	0	0	0	0	0	1	0	0	0	0	0	0	0	0	0	0	0
PLoS One	2023-10-01	10490865	124537	9584	0	5	1	0	0	0	1	0	0	1	3	0	0	0	0	0	20	0	0	0	0	0	0	0	0	0	0	0	0	0	0	0	0	0
PLoS One	2023-10-01	10490915	239683	21651	1	4	1	5	0	0	1	6	0	0	0	0	1	0	0	0	61	0	0	3	0	0	1	0	0	0	0	0	1	0	0	0	0	0
PLoS One	2023-10-01	10490835	177744	15101	0	14	1	1	0	0	1	0	0	0	0	0	0	0	0	0	41	0	0	3	0	0	3	0	0	0	0	0	0	0	0	0	0	2
PLoS One	2023-10-01	10490931	138250	10843	0	5	0	3	0	0	1	1	0	0	12	5	0	0	2	0	110	0	0	0	0	0	0	0	0	0	0	0	0	0	0	0	0	0
PLoS One	2023-10-01	10490946	167179	12812	0	3	0	0	0	0	0	0	0	0	2	1	0	0	0	0	24	0	0	0	0	0	2	0	0	0	0	0	0	9	0	0	0	0
PLoS One	2023-10-01	10490849	87653	7927	1	2	0	7	0	0	1	7	0	0	6	5	0	0	0	0	75	0	0	3	0	1	0	0	0	0	0	0	0	0	0	0	0	0
PLoS One	2023-10-01	10490933	142118	15675	0	0	0	0	0	0	3	1	0	0	0	0	0	0	0	0	22	0	0	0	0	0	2	0	0	0	0	0	2	0	0	0	0	0
PLoS One	2023-10-01	10490883	207435	19269	0	5	1	30	0	0	0	3	0	0	33	6	0	0	5	0	152	0	0	2	0	0	1	0	0	0	0	0	0	0	0	0	0	0
PLoS One	2023-10-01	10490936	129939	11100	0	2	0	0	0	0	1	2	0	0	0	2	0	0	0	0	122	0	0	2	0	0	3	1	0	0	0	0	0	0	0	0	0	0
PLoS One	2023-10-01	10490948	143867	13846	0	10	1	9	0	0	2	7	0	0	0	1	0	0	1	0	68	0	0	2	0	0	0	0	0	0	0	0	0	0	0	0	0	0
PLoS One	2023-10-01	10491298	104400	7727	0	1	0	0	0	0	2	0	0	0	0	2	0	0	0	0	14	0	0	1	0	0	0	0	0	0	0	0	0	0	0	0	0	0
PLoS One	2023-10-01	10490923	54264	5218	0	1	0	0	0	0	1	1	0	0	0	0	0	0	0	0	1	0	0	0	0	0	0	0	0	0	0	0	1	0	0	0	0	0
PLoS One	2023-10-01	10490963	387150	31690	0	19	4	2	0	0	1	49	0	0	10	1	0	0	0	5	121	0	0	2	0	0	1	0	0	0	0	0	0	0	1	0	0	9
PLoS One	2023-10-01	10490870	142910	12977	0	15	0	0	0	0	0	0	0	0	0	2	0	0	0	0	19	0	0	0	0	0	0	0	0	0	0	0	0	0	0	0	0	0
PLoS One	2023-10-01	10490913	62485	6015	0	9	0	0	0	0	0	0	0	0	0	12	0	0	0	0	18	0	0	1	0	0	1	0	0	0	0	0	0	0	0	0	0	0
PLoS One	2023-10-01	10490985	62626	5645	0	2	1	1	0	0	2	4	0	0	5	2	0	0	1	0	27	0	0	0	0	0	0	0	0	0	0	0	0	0	0	0	0	0
PLoS One	2023-10-01	10490989	224551	22990	0	9	8	3	0	0	8	0	0	0	6	3	0	0	4	0	96	0	0	10	0	2	4	0	0	0	0	0	0	0	0	0	0	0
PLoS One	2023-10-01	10501680	94588	8073	0	17	1	0	0	0	0	1	0	0	2	6	0	0	0	0	27	0	0	0	0	0	0	0	0	0	0	0	0	0	0	0	0	0
PLoS One	2023-10-01	10503733	139796	11751	0	1	2	6	0	0	1	1	0	0	9	0	0	0	0	0	35	0	0	4	0	0	0	0	0	0	0	0	0	0	0	0	0	0
PLoS One	2023-10-01	10501677	133649	14238	1	8	0	2	0	0	0	1	0	0	5	0	1	0	1	0	41	0	0	1	0	0	2	0	0	0	0	0	0	0	0	1	0	0
PLoS One	2023-10-01	10503773	210816	16372	0	4	4	14	0	0	2	0	0	31	2	3	0	0	0	0	43	0	0	0	0	0	1	0	1	0	0	0	0	0	0	0	0	0
PLoS One	2023-10-01	10501627	114881	9582	0	0	0	0	0	0	1	2	0	0	7	4	0	0	0	0	12	0	0	0	0	1	0	0	0	0	0	0	0	0	0	0	0	0
PLoS One	2023-10-01	10501586	123114	10567	0	3	1	7	0	1	1	2	0	1	1	1	0	0	0	0	26	0	0	0	0	0	1	0	0	0	0	0	0	0	0	0	0	0
PLoS One	2023-10-01	10503732	221656	25724	0	11	3	10	0	0	0	1	0	0	2	3	0	0	1	0	112	0	0	0	0	0	1	0	0	1	0	0	2	0	0	0	0	2
PLoS One	2023-10-01	10501678	193248	19245	0	19	5	3	0	0	8	3	0	0	40	1	2	0	0	0	39	0	0	1	0	0	2	1	0	0	0	0	0	0	0	5	0	0
PLoS One	2023-10-01	10503705	152346	13318	0	8	0	1	0	0	0	7	0	0	0	7	0	0	0	0	41	0	2	3	0	0	0	0	0	0	0	0	0	0	0	0	0	0
PLoS One	2023-10-01	10501583	71580	6337	0	3	1	1	0	0	0	3	0	0	1	2	0	0	0	0	20	0	0	1	0	0	1	1	0	0	0	0	0	0	0	0	0	0
PLoS One	2023-10-01	10503775	154343	13671	0	5	0	2	0	0	0	0	0	0	17	0	0	0	0	0	40	0	0	0	0	0	1	0	0	0	0	0	0	0	0	0	0	0
PLoS One	2023-10-01	10501554	204381	19518	0	0	1	1	0	1	2	1	0	11	3	0	0	0	0	0	53	0	0	0	0	0	0	0	0	0	0	0	0	3	0	0	0	0
PLoS One	2023-10-01	10503697	74772	5201	0	2	0	1	0	0	0	2	0	0	0	4	0	0	0	0	19	0	0	0	0	0	0	0	0	0	0	0	0	0	0	0	0	0
PLoS One	2023-10-01	10501614	168962	15249	0	9	0	2	0	0	0	4	0	0	4	1	0	0	0	0	62	0	0	1	0	0	8	1	0	0	0	0	0	0	1	0	0	0
PLoS One	2023-10-01	10501679	159680	13677	0	20	0	1	0	0	5	3	0	2	2	1	0	0	0	0	25	0	0	0	0	0	1	0	0	0	0	0	0	0	0	1	0	0
PLoS One	2023-10-01	10503758	119068	10361	0	2	0	1	0	0	2	3	0	2	1	0	0	0	0	0	22	0	0	5	0	0	1	0	0	0	0	0	0	0	1	0	0	0
PLoS One	2023-10-01	10501585	65975	7205	0	5	0	0	0	0	0	0	0	0	0	0	0	0	0	0	1	0	0	0	0	0	0	0	0	0	0	0	0	0	0	0	0	0
PLoS One	2023-10-01	10503719	82262	6195	0	0	0	1	0	0	2	0	0	0	0	2	0	0	0	0	13	0	0	0	0	0	0	0	1	0	0	0	0	0	0	0	0	0
PLoS One	2023-10-01	10503731	121794	11120	0	5	0	2	0	0	9	1	0	0	2	0	0	0	0	0	18	0	0	1	0	0	0	0	0	0	0	0	0	0	0	0	0	0
PLoS One	2023-10-01	10503709	114240	10000	0	4	1	3	0	0	0	2	0	0	1	1	0	0	0	0	59	0	0	2	0	0	1	0	0	0	0	0	0	0	0	0	0	0
PLoS One	2023-10-01	10503776	235832	17602	0	6	0	3	0	0	1	1	0	0	0	1	0	1	0	0	44	0	0	0	0	0	0	0	0	0	0	0	0	0	0	0	0	0
PLoS One	2023-10-01	10503713	200359	18767	0	2	5	9	0	0	3	1	0	0	5	2	0	0	0	0	73	0	2	1	0	0	4	3	3	0	0	0	0	0	0	0	0	0
PLoS One	2023-10-01	10503769	136508	11947	0	12	0	4	0	0	2	8	0	0	1	0	0	0	1	0	42	0	0	3	0	0	0	0	0	0	0	0	0	0	0	0	0	0
PLoS One	2023-10-01	10503748	171391	15526	0	10	1	5	0	0	0	0	0	0	4	0	0	0	0	0	31	0	0	11	0	0	2	1	0	0	0	0	0	1	0	0	0	0
PLoS One	2023-10-01	10501597	333585	26392	2	8	0	1	0	0	3	6	0	0	9	4	0	0	0	1	34	0	0	1	0	1	0	4	1	0	0	0	0	0	0	0	0	0
PLoS One	2023-10-01	10516437	191664	19374	1	16	2	3	0	0	1	4	0	0	1	4	0	0	0	0	74	0	0	3	0	0	0	0	2	0	0	0	2	0	0	0	0	0
PLoS One	2023-10-01	10516421	156674	14005	0	15	1	2	0	0	4	17	0	0	9	6	0	0	1	0	90	0	0	2	0	0	1	0	0	0	0	0	0	0	0	0	0	0
PLoS One	2023-10-01	10513336	136024	15256	0	1	1	1	0	0	1	9	0	24	0	0	0	0	0	0	27	0	0	0	0	0	1	0	0	0	0	0	0	0	0	0	0	0
PLoS One	2023-10-01	10513345	243322	23318	1	13	1	0	0	0	7	4	0	0	3	4	0	0	0	0	44	0	0	3	0	2	5	0	1	0	0	0	1	0	0	0	0	0
PLoS One	2023-10-01	10513294	234464	21173	0	6	0	4	0	0	0	3	0	0	19	10	0	0	0	0	87	0	0	0	0	0	1	0	0	0	0	0	0	0	0	2	0	0
PLoS One	2023-10-01	10513281	137674	14492	0	9	0	0	0	0	0	1	0	12	5	0	0	0	2	0	8	0	0	1	0	0	0	2	0	0	0	0	0	0	0	0	0	0
PLoS One	2023-10-01	10513271	161424	17148	0	21	8	6	0	1	1	0	0	2	5	13	0	0	0	0	75	0	0	3	0	0	2	1	0	0	0	0	0	0	0	0	0	0
PLoS One	2023-10-01	10513322	200586	16115	1	4	0	0	0	0	8	4	0	0	5	0	0	0	0	0	8	0	1	0	0	0	1	0	2	0	0	0	0	1	0	0	0	1
PLoS One	2023-10-01	10513273	55504	5371	0	0	2	0	0	3	0	1	0	0	0	0	0	0	0	0	15	0	0	0	0	0	0	0	0	0	0	0	0	0	0	6	0	0
PLoS One	2023-10-01	10513319	232453	19749	0	3	1	2	0	0	9	1	0	0	3	1	0	0	0	0	33	0	0	4	0	0	3	0	0	0	0	0	0	0	0	0	0	1
PLoS One	2023-10-01	10516408	49879	4755	0	2	0	1	0	0	1	0	0	1	0	0	0	0	1	0	14	0	0	5	0	0	3	0	2	0	0	0	0	0	0	0	0	0
PLoS One	2023-10-01	10516436	187230	18034	0	2	0	3	0	0	2	0	0	0	4	1	0	0	0	0	77	0	0	1	0	0	2	0	3	0	0	0	0	0	0	0	0	0
PLoS One	2023-10-01	10513321	84461	7329	0	5	0	1	0	0	0	0	0	0	0	2	0	0	0	0	27	2	0	0	0	0	0	0	0	0	0	0	0	0	0	0	0	0
PLoS One	2023-10-01	10516410	153070	16180	0	16	0	0	0	0	7	16	0	0	1	6	0	0	5	0	93	0	0	4	0	1	1	1	0	0	0	0	1	0	0	0	0	0
PLoS One	2023-10-01	10513272	111641	8823	0	2	0	3	0	0	3	4	0	0	6	3	0	0	0	0	39	0	0	1	0	0	0	0	0	0	0	0	0	1	0	0	0	0
PLoS One	2023-10-01	10513305	102368	9289	0	7	0	0	0	0	4	0	0	0	0	0	0	0	0	0	12	0	0	0	0	0	1	0	0	0	0	0	0	1	0	0	0	0
PLoS One	2023-10-01	10516428	279551	25667	0	4	1	1	0	0	4	1	0	0	0	1	0	0	0	0	13	0	0	4	0	0	0	0	2	0	0	0	1	0	0	0	0	0
PLoS One	2023-10-01	10513184	81946	6272	0	2	0	4	0	0	0	0	0	0	0	0	0	0	0	0	25	0	0	0	0	0	0	0	0	0	0	0	0	0	0	0	0	0
PLoS One	2023-10-01	10513241	124624	9714	0	11	0	1	0	0	0	0	0	0	0	1	0	0	0	0	38	0	0	0	0	0	2	0	0	0	0	0	0	0	0	0	0	0
PLoS One	2023-10-01	10513253	234400	21204	0	19	0	13	1	0	7	1	0	0	2	2	0	0	2	1	176	0	0	3	0	1	2	2	0	0	0	0	0	1	0	0	0	0
PLoS One	2023-10-01	10513231	181855	14469	0	1	2	2	0	0	0	0	0	0	9	2	0	0	0	0	47	0	0	0	0	0	1	1	0	0	0	0	0	0	0	0	0	0
PLoS One	2023-10-01	10513242	244284	19887	0	7	1	1	0	0	0	0	0	1	4	5	0	0	0	0	12	0	0	2	0	0	0	4	0	0	0	0	0	0	0	0	0	0
PLoS One	2023-10-01	10513313	196991	19981	0	2	2	1	0	0	2	3	0	0	5	0	0	0	0	0	50	0	0	5	0	0	3	0	0	0	0	0	0	0	0	0	0	0
PLoS One	2023-10-01	10513259	188196	10728	0	12	0	0	0	0	1	2	0	0	0	2	0	0	0	0	39	0	0	0	0	0	1	0	0	1	0	0	0	0	0	0	0	0
PLoS One	2023-10-01	10513325	146745	13970	0	23	0	3	0	0	0	0	0	5	1	10	0	0	1	0	115	0	0	0	0	0	1	1	0	0	0	0	0	0	0	0	0	0
PLoS One	2023-10-01	10538756	163358	14407	0	2	0	1	0	0	0	0	0	8	8	1	0	0	1	0	34	0	0	1	0	0	0	0	1	0	0	0	0	0	0	1	0	0
PLoS One	2023-10-01	10538701	300595	9204	0	0	0	0	0	0	0	3	0	1	16	5	0	0	0	0	15	0	0	1	0	0	0	0	0	0	0	0	0	0	0	0	0	0
PLoS One	2023-10-01	10540962	174607	15080	0	12	0	0	0	0	7	6	0	1	1	0	0	0	0	0	42	0	0	1	0	0	0	0	0	0	0	0	0	0	0	0	0	0
PLoS One	2023-10-01	10538735	83385	8526	0	1	2	0	0	0	4	1	0	0	0	0	0	0	1	1	25	0	0	1	0	0	1	2	0	0	0	0	0	1	1	0	0	0
PLoS One	2023-10-01	10538800	147430	14934	0	9	0	1	0	0	0	6	0	0	1	0	0	0	2	0	51	0	0	3	0	0	0	0	0	0	0	0	0	0	0	0	0	0
PLoS One	2023-10-01	10538774	131613	12293	0	15	0	2	0	0	4	15	0	0	21	0	0	0	0	0	21	0	0	5	0	1	2	0	0	0	0	0	0	0	0	0	0	0
PLoS One	2023-10-01	10538778	88697	8605	0	13	0	6	0	0	0	7	0	0	6	2	0	0	0	0	53	0	0	2	0	0	0	0	0	0	0	0	0	1	0	0	0	0
PLoS One	2023-10-01	10540944	83411	7402	0	7	0	4	0	0	0	0	0	2	0	0	0	0	0	0	43	0	0	0	0	0	2	0	0	0	0	0	0	0	0	0	0	0
PLoS One	2023-10-01	10538648	147118	13469	2	11	1	0	0	0	8	6	0	0	0	2	0	0	0	2	49	0	1	3	0	0	1	0	0	0	1	0	0	2	0	0	0	0
PLoS One	2023-10-01	10540954	111820	8447	0	1	0	6	0	0	3	1	0	0	4	1	0	0	0	0	36	0	0	2	0	0	0	0	0	0	0	0	0	0	0	0	0	0
PLoS One	2023-10-01	10540948	202448	19419	0	23	0	5	0	4	0	13	0	1	19	2	0	0	2	0	23	0	1	5	0	0	0	0	0	0	0	0	0	0	0	0	0	0
PLoS One	2023-10-01	10540969	257574	25895	0	20	0	1	0	0	16	9	0	0	0	6	0	0	0	0	182	0	2	13	0	0	3	1	0	0	0	0	0	0	0	0	0	0
PLoS One	2023-10-01	10540964	131205	11377	0	2	0	0	0	0	0	1	0	0	0	0	0	0	0	0	11	0	0	0	0	0	1	7	0	0	0	0	0	0	0	0	0	0
PLoS One	2023-10-01	10540942	94994	8101	0	4	0	1	0	0	0	0	0	0	0	0	0	0	0	0	26	0	0	0	0	0	0	0	0	0	0	0	0	0	0	0	0	0
PLoS One	2023-10-01	10538786	113747	9158	0	5	0	3	0	0	0	2	0	1	0	0	0	0	1	0	8	0	0	0	0	0	0	0	1	0	0	0	0	0	0	0	0	0
PLoS One	2023-10-01	10538775	155019	16555	0	8	0	2	0	0	0	0	0	0	0	0	0	0	0	0	84	0	0	0	0	0	5	0	0	0	0	0	0	1	0	0	0	0
PLoS One	2023-10-01	10538702	135759	10832	0	14	0	1	0	0	1	0	0	0	0	3	0	0	0	0	29	0	0	0	0	0	0	0	0	0	0	0	0	0	0	0	0	0
PLoS One	2023-10-01	10540977	171624	13851	0	4	2	3	1	0	2	1	0	1	6	0	0	0	1	0	31	0	0	10	0	0	2	0	0	0	0	0	0	0	0	0	0	0
PLoS One	2023-10-01	10538773	225950	22365	0	3	0	4	0	0	0	1	0	0	2	0	0	0	0	0	83	0	0	1	0	0	1	0	1	0	0	0	0	0	0	0	0	0
PLoS One	2023-10-01	10538740	89046	6235	0	4	0	0	0	0	0	0	0	0	0	3	0	1	0	0	20	0	0	0	0	0	0	0	0	0	0	0	0	0	0	0	0	0
PLoS One	2023-10-01	10538712	168358	14007	0	17	0	2	0	0	23	2	0	0	3	1	0	0	1	0	44	0	0	10	0	0	2	0	0	0	0	0	0	0	0	2	0	0
PLoS One	2023-10-01	10540974	140350	8717	0	3	0	1	0	0	2	10	0	0	1	4	0	0	0	0	20	0	0	0	1	0	0	0	0	0	0	0	0	0	0	0	0	0
PLoS One	2023-10-01	10538698	6788	546	0	0	0	0	0	0	0	0	0	0	0	0	0	0	0	0	2	0	0	0	0	0	0	0	0	0	0	0	0	0	0	0	0	0
PLoS One	2023-10-01	10538753	152297	13804	0	11	0	2	0	0	0	2	0	2	0	5	0	0	0	0	98	0	0	1	0	0	1	0	0	1	0	0	0	2	0	0	0	0
PLoS One	2023-10-01	10538742	183077	11050	0	5	0	1	0	0	3	4	0	0	2	2	0	0	1	0	38	0	0	0	0	0	1	0	1	0	0	0	0	0	0	2	0	0
