journal	date	pmc_id	Nchars	Nwords	delve	analyse	acknowledge	assess	appraise	dissect	explore	examine	extricate	expose	estimate	investigate	inquire	inspect	interpret	scrutinise	study	unearth	uncover	understand	ponder	research	reason	retrieve	avoid	discount	disregard	dismiss	ignore	neglect	overlook	omit	skip	reject
PLoS One	2023-04-01	9821721	219336	20708	0	15	0	1	0	0	1	2	0	1	0	3	0	0	2	0	115	0	0	0	0	0	0	0	0	0	0	0	0	0	0	0	0	0
PLoS One	2023-04-01	9821460	106194	9099	0	1	0	3	0	0	0	10	0	0	2	10	0	0	0	0	40	0	0	1	0	0	0	0	0	0	0	0	0	0	0	0	0	0
PLoS One	2023-04-01	9821787	103555	8948	0	9	0	4	0	0	0	0	0	0	1	0	0	0	0	0	94	0	0	0	0	0	1	0	0	0	0	0	0	0	0	0	0	0
PLoS One	2023-04-01	9815632	191784	17897	0	28	1	1	0	0	2	2	0	0	2	6	0	0	2	1	69	0	0	3	0	0	3	0	0	0	0	0	0	0	0	0	0	1
PLoS One	2023-04-01	9821785	134061	12811	0	4	4	0	0	1	5	1	0	0	0	10	0	0	2	0	42	0	0	23	0	1	0	0	1	0	0	0	0	0	0	0	0	0
PLoS One	2023-04-01	9821520	286682	22124	1	4	0	7	0	0	5	14	0	1	2	27	0	0	0	0	89	0	0	13	0	0	2	5	0	0	0	0	0	3	3	0	0	0
PLoS One	2023-04-01	9821718	80731	6216	0	1	0	2	0	0	1	0	0	0	0	4	0	0	1	0	29	0	0	0	0	0	0	0	0	0	0	0	0	0	0	0	0	0
PLoS One	2023-04-01	9821421	235409	18886	0	5	0	2	0	0	2	8	0	0	4	0	0	0	0	0	73	0	0	0	0	0	1	0	0	0	0	0	0	0	0	0	0	0
PLoS One	2023-04-01	9821510	185716	14036	0	8	0	2	0	0	2	4	0	1	1	6	0	0	0	0	37	0	0	4	0	0	0	3	0	0	0	0	1	0	0	0	0	0
PLoS One	2023-04-01	9821489	259874	31448	0	17	0	2	0	0	1	1	0	6	20	0	0	0	0	0	173	0	0	1	0	1	2	0	0	0	0	0	0	0	0	0	0	0
PLoS One	2023-04-01	9821496	61482	4512	0	4	0	0	0	0	0	1	0	0	1	1	0	0	1	0	51	0	0	1	0	0	0	0	0	0	0	0	0	0	0	0	0	0
PLoS One	2023-04-01	9821722	98362	9603	0	3	0	2	0	0	0	0	0	0	1	0	0	0	0	0	34	0	0	1	0	0	1	0	1	0	0	0	0	0	0	0	0	0
PLoS One	2023-04-01	9821458	116456	10487	0	4	0	0	0	0	0	6	0	0	0	0	0	0	1	0	38	0	0	0	0	0	0	1	1	0	0	0	0	0	0	0	0	0
PLoS One	2023-04-01	9821420	125209	10761	0	3	0	3	0	0	2	2	0	1	4	5	2	0	0	0	31	0	0	5	0	2	2	0	1	0	0	0	0	0	0	0	0	0
PLoS One	2023-04-01	9821469	90218	7451	0	2	0	0	0	1	3	0	0	0	0	0	0	0	0	0	20	0	0	0	0	0	0	0	0	0	0	0	0	0	0	0	0	0
PLoS One	2023-04-01	9821473	164401	15917	0	4	0	0	0	1	0	0	0	1	6	1	0	0	0	0	33	0	0	2	0	0	3	0	0	0	0	0	0	0	0	0	0	0
PLoS One	2023-04-01	9821457	147867	12495	0	4	0	4	0	0	3	0	0	0	0	2	0	0	1	0	23	0	0	6	0	0	0	0	0	0	0	0	0	0	0	1	0	3
PLoS One	2023-04-01	9815754	7276	584	0	0	0	0	0	0	0	0	0	0	0	0	0	0	1	0	6	0	0	0	0	0	0	0	0	0	0	0	0	0	0	0	0	0
PLoS One	2023-04-01	9821461	99483	9160	0	2	0	5	0	0	0	1	0	0	3	2	0	0	0	0	60	0	0	0	0	0	0	0	0	0	0	0	0	0	0	0	0	0
PLoS One	2023-04-01	9821735	188961	20569	0	12	0	0	0	0	1	3	0	0	4	2	0	0	0	0	63	0	0	6	0	0	0	1	2	0	0	0	0	1	0	0	0	0
PLoS One	2023-04-01	9821487	157969	15525	0	4	0	0	0	0	0	0	0	0	1	1	0	0	0	0	52	0	0	3	0	0	3	1	0	0	0	0	0	0	0	0	0	0
PLoS One	2023-04-01	9821480	180243	15943	0	10	1	0	0	0	0	6	0	0	0	0	0	0	0	0	69	0	0	1	0	0	0	0	0	0	0	0	0	0	0	0	0	0
PLoS One	2023-04-01	9815568	133579	11795	0	1	1	10	0	0	2	0	0	1	1	0	0	0	0	0	56	0	0	0	0	0	1	0	1	0	0	0	0	0	0	0	0	0
PLoS One	2023-04-01	9821783	97830	8965	0	5	1	3	0	0	0	1	0	0	2	1	0	0	0	0	47	0	0	1	0	0	0	0	0	0	0	0	0	0	0	0	0	0
PLoS One	2023-04-01	9821485	105457	8924	0	3	0	0	0	0	0	4	0	0	0	0	0	0	0	0	50	0	0	1	0	0	0	0	0	0	0	0	0	0	0	0	0	0
PLoS One	2023-04-01	9836267	116416	9307	0	7	1	0	0	0	2	0	0	0	0	1	0	0	0	0	22	0	0	2	0	0	0	0	0	0	0	0	0	0	0	0	0	0
PLoS One	2023-04-01	9833521	74247	6021	0	0	0	0	0	0	1	0	0	0	0	3	0	0	0	0	32	0	0	2	0	0	0	0	7	0	0	0	0	0	0	0	0	0
PLoS One	2023-04-01	9833506	170811	19697	0	1	2	5	0	0	0	3	0	0	28	0	0	3	0	0	21	0	0	4	0	0	0	0	3	0	0	0	1	1	0	0	0	0
PLoS One	2023-04-01	9838851	93832	6399	0	0	1	0	0	0	0	0	0	0	0	1	0	0	0	0	58	0	0	1	0	0	2	0	0	0	0	0	0	0	0	0	0	0
PLoS One	2023-04-01	9838827	235240	24775	0	37	0	7	0	0	4	10	0	0	1	6	0	0	9	0	52	0	2	3	0	0	0	0	1	0	0	0	5	2	1	0	0	0
PLoS One	2023-04-01	9836308	193805	15312	0	6	0	9	0	0	0	2	0	0	0	5	0	0	0	0	51	0	0	0	0	1	0	0	0	0	0	0	0	0	0	0	0	0
PLoS One	2023-04-01	9836279	140408	12946	0	0	2	1	0	0	6	6	0	0	2	0	1	0	1	0	57	0	0	1	0	0	4	0	0	0	0	0	0	0	0	0	0	0
PLoS One	2023-04-01	9836293	135086	9922	0	15	1	0	0	1	0	0	0	1	20	1	0	0	0	0	13	0	1	0	0	1	0	0	0	0	0	0	0	0	0	0	0	0
PLoS One	2023-04-01	9836315	149387	11088	0	9	1	2	0	0	0	0	0	0	1	3	0	0	0	0	16	0	0	0	0	0	0	0	1	0	0	0	0	1	0	0	0	0
PLoS One	2023-04-01	9838841	145410	12822	0	15	1	8	0	0	0	2	0	0	11	4	0	0	3	0	50	0	0	0	0	0	0	0	0	0	0	0	0	0	0	0	0	0
PLoS One	2023-04-01	9836260	123861	10329	0	5	3	1	0	0	2	0	0	0	1	0	0	0	0	0	18	0	1	1	0	0	0	0	0	0	0	0	1	0	0	0	0	0
PLoS One	2023-04-01	9836264	106659	8795	0	5	1	7	0	0	2	4	0	0	0	2	0	0	0	0	31	0	0	2	0	2	0	0	0	0	0	0	1	0	0	0	0	0
PLoS One	2023-04-01	9838869	143355	12409	0	12	1	3	0	0	1	1	0	1	8	5	0	0	0	0	37	0	0	2	0	0	1	0	0	0	0	0	0	0	0	0	0	0
PLoS One	2023-04-01	9836313	126406	9765	0	11	0	3	2	0	1	3	0	1	18	2	0	0	1	0	123	0	0	0	0	0	2	0	0	0	0	0	0	0	0	0	0	0
PLoS One	2023-04-01	9836295	172608	13804	0	4	1	1	0	0	1	1	0	2	1	1	0	0	0	0	43	0	0	0	0	0	0	0	0	0	0	0	0	0	0	0	0	0
PLoS One	2023-04-01	9833543	155278	15315	0	10	12	7	0	0	0	14	0	0	0	0	1	0	2	0	55	0	0	0	0	0	0	0	5	0	0	0	0	0	0	0	0	0
PLoS One	2023-04-01	9833567	6521	425	0	0	0	0	0	0	0	0	0	0	0	0	0	0	0	0	1	0	0	0	0	0	0	0	0	0	0	0	0	0	0	0	0	0
PLoS One	2023-04-01	9836288	125720	11269	0	6	0	1	0	0	0	3	0	0	0	3	0	0	0	0	72	0	0	0	0	0	1	0	0	0	0	0	0	0	0	0	0	0
PLoS One	2023-04-01	9838831	176163	15955	0	11	0	2	0	1	0	2	0	2	0	5	0	0	0	0	39	0	0	0	0	1	3	0	0	0	0	0	0	0	0	0	0	1
PLoS One	2023-04-01	9838838	123327	10934	0	10	0	1	3	0	6	2	0	2	0	11	1	0	0	0	72	1	0	11	0	0	2	1	0	0	0	0	0	0	0	0	0	0
PLoS One	2023-04-01	9836305	102546	8701	0	2	0	1	0	0	1	1	0	1	1	2	0	0	0	0	7	0	0	3	0	0	0	0	1	0	0	0	0	0	0	0	0	0
PLoS One	2023-04-01	9836314	107125	8538	0	7	0	0	0	0	3	1	0	0	0	3	0	0	0	0	17	0	0	1	0	0	0	0	0	0	0	0	0	0	0	0	0	0
PLoS One	2023-04-01	9838856	99348	7999	0	1	0	2	0	0	1	0	0	0	0	2	0	0	0	0	36	0	0	0	0	0	0	0	0	0	0	0	0	0	0	0	0	0
PLoS One	2023-04-01	9838845	212741	22650	0	9	0	0	0	0	5	0	0	0	0	1	0	0	0	0	64	0	0	5	0	0	1	0	1	0	0	0	1	1	0	0	0	0
PLoS One	2023-04-01	9836318	225787	22602	0	12	0	0	0	0	1	3	0	4	15	2	0	0	1	0	52	0	0	1	0	0	1	0	0	0	0	0	1	0	0	0	0	0
PLoS One	2023-04-01	9858084	219326	25104	0	10	2	3	0	0	1	4	0	2	2	2	0	0	0	0	116	0	0	6	0	0	6	0	2	0	0	0	0	0	0	0	0	0
PLoS One	2023-04-01	9858059	124569	9939	0	2	0	1	0	0	4	2	0	0	3	3	0	0	0	0	83	0	0	0	0	0	0	0	0	0	0	0	0	0	0	0	0	0
PLoS One	2023-04-01	9858861	203591	20936	0	28	4	8	0	0	6	54	0	20	13	5	0	0	2	0	106	0	0	0	0	2	0	0	0	0	0	0	0	0	0	0	0	0
PLoS One	2023-04-01	9858376	161496	15738	0	12	0	0	0	0	6	5	0	0	1	0	0	0	0	0	33	0	0	0	0	0	4	0	0	0	0	0	0	0	0	0	0	0
PLoS One	2023-04-01	9858337	168002	13733	0	2	0	1	0	0	2	16	0	0	2	7	0	0	0	0	54	0	1	7	0	1	1	0	0	0	0	0	0	0	0	0	0	1
PLoS One	2023-04-01	9858878	189166	17228	0	11	0	10	0	0	3	0	0	0	1	1	0	0	0	0	81	0	0	4	0	2	0	0	0	0	0	0	0	0	0	0	0	0
PLoS One	2023-04-01	9858012	120306	11372	0	9	0	0	0	0	5	1	0	0	0	0	0	0	0	0	36	0	0	0	0	3	0	0	0	0	0	0	2	0	0	0	0	0
PLoS One	2023-04-01	9858102	202662	18405	0	8	0	2	0	0	4	7	0	0	1	0	0	0	1	0	206	0	0	1	0	0	1	0	0	0	0	0	0	0	0	0	0	0
PLoS One	2023-04-01	9858462	126215	11669	1	6	2	1	0	0	12	1	0	1	1	2	0	0	0	0	35	0	0	5	0	0	0	0	0	0	0	0	0	0	0	0	0	0
PLoS One	2023-04-01	9858030	79667	6810	0	2	1	0	0	0	0	0	0	0	1	0	0	0	0	0	13	0	0	0	0	0	0	1	0	0	0	0	0	3	0	0	0	0
PLoS One	2023-04-01	9858359	283643	21108	0	4	0	2	0	0	3	0	0	0	18	1	0	0	4	0	40	0	0	2	0	0	2	1	0	1	0	0	2	0	0	2	0	0
PLoS One	2023-04-01	9858089	104022	8778	0	6	1	1	0	0	0	1	0	0	5	0	0	0	0	0	21	0	0	0	0	0	0	0	0	0	0	0	0	0	0	0	0	0
PLoS One	2023-04-01	9858006	63945	5569	0	10	0	0	0	1	1	0	0	0	2	4	0	0	0	0	30	0	0	1	0	0	0	0	0	0	0	0	0	0	0	0	0	0
PLoS One	2023-04-01	9858848	137310	11741	0	10	0	3	0	0	0	1	0	2	4	0	0	0	0	0	77	0	0	0	0	0	2	0	0	0	0	0	0	0	0	0	0	0
PLoS One	2023-04-01	9858876	177130	16712	0	1	2	3	0	0	0	0	0	0	1	7	0	0	0	0	84	0	0	0	0	0	0	0	0	0	0	0	0	0	0	0	0	0
PLoS One	2023-04-01	9858029	89326	8026	0	7	2	0	0	0	7	0	0	0	0	0	0	0	0	0	40	0	0	6	0	0	1	0	0	0	0	0	0	0	0	0	0	0
PLoS One	2023-04-01	9858377	177698	14698	0	8	0	1	0	0	0	6	0	1	32	1	0	0	1	0	38	0	0	0	0	0	1	0	0	0	0	0	0	1	0	0	0	1
PLoS One	2023-04-01	9858017	146899	13094	0	4	2	6	0	0	1	1	0	0	4	2	0	0	2	0	40	0	0	0	0	0	2	0	0	0	0	0	0	0	0	0	0	0
PLoS One	2023-04-01	9858875	512818	15585	1	1	0	0	0	0	2	0	0	1	1	6	0	0	0	0	11	0	0	2	0	0	0	0	1	0	0	0	1	0	1	0	0	0
PLoS One	2023-04-01	9858041	89611	8186	0	7	1	1	0	0	0	0	0	0	11	0	0	0	1	0	42	0	1	0	0	0	0	0	0	0	0	0	0	1	0	0	0	0
PLoS One	2023-04-01	9858409	120961	9603	0	1	0	2	0	0	0	5	0	0	0	1	0	0	0	0	16	0	0	1	0	0	0	0	0	0	0	0	0	0	0	0	0	0
PLoS One	2023-04-01	9858303	116244	9651	0	5	0	14	0	0	3	4	0	0	2	1	0	0	0	0	36	0	0	1	0	0	0	0	0	0	0	0	0	0	0	0	0	0
PLoS One	2023-04-01	9858323	156753	15348	0	5	0	3	0	0	1	4	0	0	1	5	0	0	1	0	44	0	0	0	0	0	0	0	0	0	0	0	2	0	0	0	0	0
PLoS One	2023-04-01	9858086	177675	19071	0	2	1	5	0	0	0	1	0	1	8	0	0	0	0	0	105	0	0	2	0	0	1	0	2	1	0	0	0	0	1	0	0	0
PLoS One	2023-04-01	9858846	151861	15276	0	26	0	0	0	0	0	0	0	1	18	6	0	0	0	0	33	0	1	1	0	0	2	0	1	0	0	0	0	0	0	0	0	0
PLoS One	2023-04-01	9891499	117133	10936	0	1	0	6	0	0	0	2	0	0	8	1	0	0	1	0	44	0	0	0	0	0	1	0	0	0	0	0	0	0	0	0	0	0
PLoS One	2023-04-01	9891505	90331	8201	0	2	1	0	0	0	0	0	0	2	0	0	0	0	15	0	4	0	0	1	0	0	1	0	0	0	0	0	0	0	0	0	0	0
PLoS One	2023-04-01	9891524	204197	21022	0	29	0	0	0	0	1	26	0	0	11	10	0	0	3	0	41	0	0	0	0	0	3	0	0	0	2	0	0	0	0	0	0	0
PLoS One	2023-04-01	9888674	95866	7431	0	5	0	1	0	0	0	0	0	0	0	1	0	0	0	0	39	0	0	1	0	0	1	0	0	0	0	0	0	0	0	0	0	0
PLoS One	2023-04-01	9886263	159945	13367	0	11	0	0	0	0	2	0	0	0	1	1	0	0	0	0	48	0	0	1	0	0	1	0	0	0	0	0	0	0	0	0	0	0
PLoS One	2023-04-01	9891530	123133	13583	0	4	0	0	0	0	1	2	0	0	0	0	0	0	0	0	32	0	0	0	0	0	1	0	0	0	0	0	0	0	0	0	0	0
PLoS One	2023-04-01	9882756	212657	21198	0	22	1	11	0	0	2	7	0	0	12	1	0	0	4	0	137	0	0	0	0	0	1	0	1	0	0	0	0	0	0	0	0	0
PLoS One	2023-04-01	9888716	135360	11101	0	13	0	6	0	0	1	0	0	0	4	5	0	0	1	0	35	0	0	34	0	0	7	0	0	0	0	0	0	0	0	0	0	0
PLoS One	2023-04-01	9891534	177101	16145	0	5	0	0	0	0	1	5	0	0	0	2	0	0	0	0	15	0	0	2	0	0	0	0	0	0	0	0	0	0	0	0	0	0
PLoS One	2023-04-01	9888715	220841	22458	0	25	7	0	0	0	10	1	0	1	2	6	0	0	0	0	67	0	0	2	0	0	1	0	0	0	0	0	3	0	0	0	0	1
PLoS One	2023-04-01	9891507	189716	14841	0	10	3	1	0	0	4	10	0	0	8	0	0	1	0	0	43	0	1	4	0	0	1	0	0	0	0	0	0	1	0	0	0	0
PLoS One	2023-04-01	9886253	218125	23874	0	18	1	2	0	0	3	7	0	0	40	2	0	0	10	0	63	0	0	3	0	0	10	0	0	0	0	0	0	1	0	1	0	0
PLoS One	2023-04-01	9886242	104886	9482	0	5	0	1	0	0	1	1	0	0	5	0	0	0	0	0	42	0	0	0	0	0	4	0	0	0	0	0	0	0	0	0	0	0
PLoS One	2023-04-01	9891536	294506	26153	0	16	2	1	0	0	1	0	0	0	21	1	0	0	2	0	27	0	0	1	0	0	1	0	1	0	0	0	0	0	0	0	0	2
PLoS One	2023-04-01	9888675	101873	8695	0	1	0	0	0	0	0	0	0	0	8	0	0	0	0	0	41	0	0	1	0	0	2	0	0	1	0	0	0	0	0	0	0	0
PLoS One	2023-04-01	9888682	125589	11730	0	4	0	0	0	0	0	0	0	0	2	4	0	0	0	0	27	0	0	0	0	0	0	0	0	0	0	0	0	0	0	0	0	0
PLoS One	2023-04-01	9891511	130686	12886	0	26	0	1	0	0	4	18	0	0	0	9	0	0	1	0	67	0	0	4	0	0	1	0	0	0	0	0	0	0	0	0	0	0
PLoS One	2023-04-01	9886250	175356	17344	0	3	1	1	0	0	0	0	0	2	1	0	0	0	0	0	112	0	0	0	0	0	0	0	0	1	0	0	0	0	0	0	0	0
PLoS One	2023-04-01	9886264	247739	19545	0	36	0	52	0	0	0	0	0	0	6	4	0	0	0	0	47	0	0	0	0	0	0	0	1	0	0	1	0	0	0	0	0	0
PLoS One	2023-04-01	9888718	190381	19617	0	7	0	0	0	0	8	0	0	1	0	1	0	0	0	0	72	0	0	15	0	0	0	1	0	0	0	0	0	1	0	0	0	0
PLoS One	2023-04-01	9891522	126799	10301	0	10	0	0	0	0	3	0	0	0	1	6	0	0	1	0	25	0	0	2	0	0	1	0	1	0	0	0	0	0	0	0	0	0
PLoS One	2023-04-01	9882913	152400	12535	0	12	0	0	0	0	0	2	0	0	2	3	0	0	0	0	77	0	0	1	0	0	2	0	0	0	0	0	0	0	0	0	0	0
PLoS One	2023-04-01	9891497	123903	10773	0	1	0	0	0	0	0	1	0	0	0	0	0	0	0	0	10	0	0	2	0	0	0	0	1	0	0	0	0	0	0	0	0	0
PLoS One	2023-04-01	9888724	115329	9623	0	1	0	1	0	0	0	0	0	0	1	6	0	0	0	0	26	0	0	1	0	0	0	0	0	0	0	0	0	0	0	0	0	0
PLoS One	2023-04-01	9891508	148028	11282	0	8	0	2	0	0	0	2	0	0	12	0	0	0	0	0	78	0	0	0	0	0	0	0	0	0	0	0	0	0	0	0	0	0
PLoS One	2023-04-01	9907814	215261	22057	0	5	12	5	0	0	10	14	0	0	3	2	0	0	2	0	189	0	0	5	0	0	3	0	0	0	0	0	0	0	0	0	0	0
PLoS One	2023-04-01	9904484	153962	14484	0	10	0	2	0	0	1	4	0	1	4	2	0	0	0	0	24	0	0	0	0	0	0	1	0	0	0	0	0	0	0	0	0	0
PLoS One	2023-04-01	9901756	141938	12579	0	6	2	5	0	0	2	2	0	0	7	3	0	0	1	0	56	0	0	5	0	0	1	0	0	0	0	0	1	0	0	0	0	1
PLoS One	2023-04-01	9904488	85479	7306	0	6	0	2	0	0	0	0	0	0	0	0	0	0	0	0	26	0	0	0	0	0	0	0	0	0	0	0	0	0	0	0	0	0
PLoS One	2023-04-01	9907808	167689	18404	0	7	0	12	0	0	0	1	0	0	2	0	0	0	2	0	120	0	0	2	0	0	4	3	0	0	0	0	0	0	0	0	0	0
PLoS One	2023-04-01	9907817	121791	11693	0	9	0	2	0	0	2	0	0	0	0	0	0	0	0	0	49	0	0	1	0	0	4	0	0	0	0	0	0	0	0	0	0	0
PLoS One	2023-04-01	9904498	156894	12011	0	8	1	1	0	0	8	3	0	0	2	2	0	0	0	0	26	0	0	1	0	0	2	0	0	0	0	0	0	0	0	0	0	0
PLoS One	2023-04-01	9907821	111971	9560	0	0	1	2	0	0	1	3	0	0	4	2	0	0	0	0	57	0	0	1	0	0	0	0	0	0	0	0	0	0	0	0	0	0
PLoS One	2023-04-01	9904472	217401	21458	0	2	1	2	0	0	4	0	0	0	8	1	0	0	0	0	5	0	0	0	0	0	1	0	3	0	0	0	0	0	0	0	1	0
PLoS One	2023-04-01	9907812	69508	5343	0	0	0	0	0	0	1	3	0	2	1	1	0	0	0	0	13	0	0	0	0	0	0	0	0	0	0	0	0	0	0	0	0	0
PLoS One	2023-04-01	9904479	191513	17291	0	9	0	5	0	0	1	0	0	1	11	0	0	0	0	0	169	0	0	3	0	0	0	1	0	0	0	0	0	0	0	0	0	0
PLoS One	2023-04-01	9907830	192552	17432	0	11	0	13	0	0	5	3	0	0	9	0	0	0	3	0	89	0	0	0	0	2	2	0	0	0	0	1	2	0	0	0	0	0
PLoS One	2023-04-01	9907852	188535	19956	0	101	3	1	0	0	1	2	0	2	3	1	0	0	4	1	43	0	0	4	0	0	1	0	1	0	0	0	1	1	0	0	0	0
PLoS One	2023-04-01	9901755	196735	18177	0	7	0	3	0	0	5	6	0	0	4	0	0	0	0	0	84	0	0	0	0	0	4	0	0	0	0	0	0	1	1	0	0	1
PLoS One	2023-04-01	9904501	156907	13104	0	3	0	0	0	0	1	0	0	0	1	0	0	0	1	0	26	0	0	0	0	1	4	0	0	0	0	0	2	0	0	0	0	0
PLoS One	2023-04-01	9901771	109640	9701	0	4	0	2	0	0	0	1	0	0	1	0	0	0	0	0	19	0	0	1	0	0	2	0	1	0	0	0	0	1	0	1	0	0
PLoS One	2023-04-01	9907857	185522	17073	0	1	0	8	0	0	5	0	0	0	6	1	0	0	0	0	45	0	0	2	0	0	3	7	0	0	0	0	0	0	0	0	0	0
PLoS One	2023-04-01	9901783	131482	12571	0	6	0	0	0	0	4	0	0	3	3	4	0	0	0	0	72	0	0	0	0	1	1	0	0	0	0	0	0	0	0	0	0	0
PLoS One	2023-04-01	9907841	136362	13353	0	25	0	0	0	0	1	0	0	0	0	2	0	0	0	0	37	0	0	1	0	0	0	0	2	0	0	0	0	0	0	0	0	0
PLoS One	2023-04-01	9907844	138105	12108	0	2	2	4	0	0	0	1	0	2	3	0	0	0	1	0	28	0	0	0	0	1	0	0	0	0	0	0	0	0	0	0	0	0
PLoS One	2023-04-01	9904454	143013	12909	0	8	0	6	0	0	0	0	0	0	1	1	0	0	1	0	34	0	0	1	0	0	0	0	0	0	0	0	0	0	0	0	0	0
PLoS One	2023-04-01	9907842	161921	16728	0	4	1	0	0	0	3	3	0	0	2	1	0	0	0	1	27	0	1	7	0	0	4	0	0	0	0	0	0	0	0	0	0	0
PLoS One	2023-04-01	9904453	151913	17117	0	2	0	4	0	0	0	4	0	0	6	10	0	0	0	0	115	0	0	4	0	0	8	0	1	0	0	0	0	0	0	0	0	0
PLoS One	2023-04-01	9907816	171129	11546	0	10	0	0	0	0	0	2	0	0	72	0	0	0	0	0	66	0	0	2	0	0	1	0	0	0	0	0	0	0	0	0	0	0
PLoS One	2023-04-01	9904480	110994	11204	0	7	0	3	0	0	0	1	0	0	0	2	0	2	0	0	78	0	0	0	0	0	1	0	2	0	0	0	0	0	0	0	0	0
PLoS One	2023-04-01	9931152	119529	10429	0	6	0	2	0	0	6	2	0	0	0	8	0	0	1	1	22	0	0	6	0	0	1	1	0	0	0	0	0	0	0	0	0	0
PLoS One	2023-04-01	9931097	149994	13828	0	3	1	1	0	0	0	0	0	1	15	1	0	0	0	0	11	0	0	6	0	0	2	0	0	0	0	0	1	0	0	0	0	0
PLoS One	2023-04-01	9928119	123295	12078	0	6	1	0	0	0	0	2	0	0	1	0	0	0	2	0	7	0	0	1	0	0	1	0	1	0	0	0	0	0	0	1	0	0
PLoS One	2023-04-01	9928093	160981	16256	0	4	0	12	0	0	1	4	0	1	2	2	0	0	0	0	123	0	0	0	0	0	1	0	1	0	0	0	0	0	0	0	0	0
PLoS One	2023-04-01	9931157	137670	10075	0	10	0	23	0	0	1	0	0	0	0	7	0	2	0	1	35	0	0	1	0	0	0	0	2	0	0	0	0	0	0	1	0	3
PLoS One	2023-04-01	9928123	57867	4594	0	6	1	3	1	0	2	0	0	0	4	1	0	0	0	0	61	0	0	1	0	0	0	2	0	0	0	0	0	0	0	0	0	0
PLoS One	2023-04-01	9928065	148574	14472	0	6	1	1	0	0	0	3	0	0	2	0	0	0	1	0	128	0	0	0	0	0	1	0	0	0	0	0	0	0	0	0	0	0
PLoS One	2023-04-01	9928108	95572	8747	0	2	0	0	0	0	4	0	0	3	4	5	0	0	0	0	21	0	0	3	0	0	0	0	0	0	0	0	1	0	0	2	0	0
PLoS One	2023-04-01	9931158	268215	15604	0	25	0	0	0	0	0	3	0	0	0	8	0	0	2	0	74	0	0	0	0	0	0	0	0	0	0	0	0	0	0	2	0	0
PLoS One	2023-04-01	9928073	121157	9132	0	4	0	0	0	0	0	0	0	1	1	6	0	0	0	0	97	0	0	0	0	0	0	0	0	0	0	0	0	0	0	0	0	0
PLoS One	2023-04-01	9928067	74148	5648	0	2	0	0	0	0	0	0	0	0	0	0	0	0	0	0	22	0	0	0	0	0	0	0	0	0	0	0	0	0	0	0	0	0
PLoS One	2023-04-01	9928071	152809	13417	0	4	1	9	0	0	4	4	0	4	1	26	0	0	0	0	31	0	0	1	0	0	0	0	0	0	0	0	0	0	0	0	0	0
PLoS One	2023-04-01	9931128	156645	12342	0	17	0	0	0	0	3	0	0	0	2	0	0	1	0	0	26	0	0	0	0	0	0	0	0	0	0	1	0	1	0	0	0	0
PLoS One	2023-04-01	9931125	154835	11228	0	7	0	4	0	0	3	0	0	0	0	3	0	0	0	0	37	0	0	5	1	0	0	1	1	0	0	0	0	0	0	1	0	0
PLoS One	2023-04-01	9931119	83119	6552	0	4	0	0	0	0	0	0	0	0	1	0	0	0	0	0	16	0	0	0	0	0	1	1	0	0	0	0	0	0	0	0	0	0
PLoS One	2023-04-01	9928079	125924	8781	0	1	0	0	0	0	0	0	0	0	0	5	0	0	1	0	34	0	0	0	0	0	0	0	0	0	0	0	0	0	0	0	0	0
PLoS One	2023-04-01	9931109	166614	17525	0	4	0	0	0	0	3	0	0	0	2	0	0	0	2	0	27	0	0	6	0	0	0	0	0	0	0	0	0	0	0	4	0	0
PLoS One	2023-04-01	9928122	129969	10051	0	2	0	2	0	0	1	0	0	3	1	3	0	0	0	0	28	0	0	1	0	0	0	0	0	0	0	0	0	0	0	0	0	0
PLoS One	2023-04-01	9928131	127052	9970	0	7	0	3	0	0	0	0	0	0	2	0	0	0	0	0	33	0	0	1	0	0	1	0	0	0	0	0	0	0	0	0	0	0
PLoS One	2023-04-01	9931104	96031	8487	0	0	1	0	0	0	0	0	0	0	3	0	0	0	1	0	42	0	0	0	0	0	0	0	0	0	0	0	0	0	0	0	0	0
PLoS One	2023-04-01	9931094	141793	12298	0	0	0	2	0	0	0	1	0	3	0	0	0	0	1	0	23	0	0	1	0	0	0	0	0	0	0	0	0	0	0	0	0	0
PLoS One	2023-04-01	9928100	103679	7966	0	4	0	1	0	0	0	0	0	0	0	1	0	0	0	0	47	0	0	0	0	0	0	0	0	0	0	0	0	0	0	0	0	0
PLoS One	2023-04-01	10045584	175396	15186	0	2	2	0	0	0	0	8	0	0	3	3	0	1	1	0	53	0	0	1	0	0	1	0	0	0	0	0	0	0	0	0	0	1
PLoS One	2023-04-01	9928135	272167	16041	0	5	1	0	0	0	0	0	0	13	11	0	0	0	0	0	17	0	0	0	0	0	0	0	0	0	0	0	0	0	0	0	0	0
PLoS One	2023-04-01	9928095	133003	12186	0	4	0	0	0	2	0	4	0	0	0	10	0	0	0	0	34	0	0	0	0	0	1	0	2	0	0	0	0	0	0	0	0	0
PLoS One	2023-04-01	9943009	75211	7362	0	0	1	4	0	0	6	1	0	0	1	1	0	0	6	0	26	0	1	20	0	0	1	0	0	0	0	0	0	0	0	0	0	0
PLoS One	2023-04-01	9946238	168856	13670	0	2	1	8	0	0	4	6	0	0	3	10	0	0	2	0	38	0	0	10	0	0	0	0	0	0	0	0	0	0	0	0	0	0
PLoS One	2023-04-01	9946220	110502	7979	0	12	0	1	0	0	1	4	0	1	0	0	0	0	0	0	12	0	0	1	0	0	0	0	0	0	0	0	0	0	0	0	0	0
PLoS One	2023-04-01	9946208	107316	10055	0	4	0	0	0	1	0	19	0	0	0	0	0	0	0	0	35	0	0	0	0	0	0	0	0	0	0	0	0	0	0	0	0	0
PLoS One	2023-04-01	9942965	97103	8244	0	9	0	1	0	0	0	1	0	0	2	1	0	0	0	0	26	0	0	1	0	0	0	0	0	0	0	0	0	0	0	0	0	0
PLoS One	2023-04-01	9942986	73274	6505	0	1	0	2	0	0	2	0	0	0	2	1	0	0	0	0	29	0	0	0	0	0	0	0	0	0	0	0	0	0	0	0	0	0
PLoS One	2023-04-01	9946258	126422	12462	0	0	3	0	0	0	0	1	0	4	0	0	0	0	4	0	9	0	0	1	0	0	2	0	0	0	0	0	0	0	1	0	0	0
PLoS One	2023-04-01	9946214	82885	7035	0	1	0	1	0	0	0	0	0	14	0	1	0	0	0	0	58	0	0	1	0	1	2	0	0	0	0	0	0	0	0	0	0	0
PLoS One	2023-04-01	9942951	120146	11929	0	1	0	0	1	0	12	0	0	0	1	0	0	0	0	0	78	0	0	9	0	1	1	0	0	0	0	0	0	0	0	0	0	0
PLoS One	2023-04-01	9942955	97591	8658	0	5	0	0	0	0	0	0	0	0	0	2	0	1	0	0	20	0	0	0	0	0	0	1	0	0	0	0	0	0	0	0	0	0
PLoS One	2023-04-01	9942978	159706	14438	0	2	0	5	0	0	1	0	0	0	0	0	0	0	0	0	40	0	0	0	0	0	2	0	0	0	0	0	0	0	0	0	0	0
PLoS One	2023-04-01	9946199	61165	4830	0	15	0	2	0	0	2	1	0	0	0	0	0	0	0	0	42	0	0	3	0	0	0	2	0	0	0	0	0	0	0	0	0	0
PLoS One	2023-04-01	9946218	195365	19589	0	5	2	1	0	0	0	1	0	0	4	0	0	0	0	0	64	0	0	1	0	0	0	0	0	0	0	0	0	0	0	0	0	0
PLoS One	2023-04-01	9946232	130154	10522	0	7	0	0	0	0	0	1	0	0	27	0	0	0	0	0	35	0	0	0	0	0	0	0	0	0	0	0	0	0	0	0	0	0
PLoS One	2023-04-01	9946240	236300	25527	0	1	3	5	0	0	1	4	0	0	0	2	0	0	0	0	93	0	0	1	0	0	2	4	0	0	0	0	0	0	0	1	0	0
PLoS One	2023-04-01	9946230	78610	6936	0	6	0	6	0	0	0	2	0	0	4	0	0	0	0	0	42	0	0	0	0	0	0	0	0	0	0	0	0	0	0	0	0	0
PLoS One	2023-04-01	9942989	105184	8149	0	5	0	5	0	0	8	0	0	0	0	2	0	0	0	0	42	0	0	4	0	0	0	0	0	0	0	0	0	0	0	0	0	0
PLoS One	2023-04-01	9946246	143540	13165	0	5	0	2	0	0	1	3	0	7	3	0	0	0	0	0	34	0	0	6	0	0	1	3	0	0	0	0	0	0	0	1	0	0
PLoS One	2023-04-01	9946265	81981	6069	0	4	0	0	0	0	1	0	0	0	3	1	0	0	0	0	64	0	0	0	0	0	0	0	0	0	0	0	0	0	0	0	0	0
PLoS One	2023-04-01	9942990	97849	9343	0	16	0	4	0	0	1	0	0	0	0	5	0	0	0	0	97	0	0	0	0	0	1	0	0	0	0	0	0	1	0	0	0	0
PLoS One	2023-04-01	9946259	194295	19907	0	5	0	5	0	0	33	7	0	0	7	2	0	1	0	0	51	0	0	3	0	0	0	3	3	0	0	0	1	0	0	1	0	0
PLoS One	2023-04-01	9946201	207321	23433	0	2	4	0	0	0	11	0	0	0	11	1	4	0	0	0	115	0	0	8	0	0	3	7	0	0	0	0	0	0	0	0	0	0
PLoS One	2023-04-01	9942992	111020	10325	0	6	0	2	0	0	0	2	0	0	4	0	0	0	0	0	53	0	0	1	0	0	0	0	0	0	0	0	0	0	0	0	0	0
PLoS One	2023-04-01	9943004	127430	10972	0	1	0	0	0	0	0	1	0	0	2	7	0	0	0	0	56	0	0	0	0	0	0	0	0	0	0	0	0	0	0	0	0	0
PLoS One	2023-04-01	9946212	121630	11857	0	4	1	6	0	0	4	4	0	9	1	0	0	0	1	0	46	0	0	3	0	0	1	0	0	0	0	0	0	0	0	0	0	0
PLoS One	2023-04-01	9977002	144179	15715	0	1	3	0	0	0	11	0	0	0	0	4	0	0	0	0	62	0	0	2	0	0	0	0	0	0	0	0	0	0	0	0	0	0
PLoS One	2023-04-01	9977033	159659	15622	0	7	0	12	0	0	2	4	0	0	2	3	0	0	2	0	52	0	0	0	0	0	2	0	0	0	0	0	0	0	0	0	0	0
PLoS One	2023-04-01	9977056	137842	11474	0	5	0	0	0	0	3	0	0	0	0	1	0	0	0	0	29	0	1	0	0	1	0	0	0	0	0	0	0	0	0	0	0	0
PLoS One	2023-04-01	9974119	185936	16273	0	10	1	5	0	0	1	8	0	0	21	4	0	0	0	0	160	0	0	0	0	0	3	0	1	0	0	0	0	0	0	0	0	0
PLoS One	2023-04-01	9970089	160814	16553	0	25	0	0	0	0	1	2	0	0	0	1	0	1	1	0	89	0	0	1	0	0	8	0	1	0	0	0	1	0	0	0	0	0
PLoS One	2023-04-01	9977019	123905	10591	0	2	1	0	0	0	0	0	0	0	0	2	0	0	0	0	48	0	0	1	0	0	0	0	0	0	0	0	0	0	0	0	0	0
PLoS One	2023-04-01	9977029	146479	14090	0	3	0	0	0	0	11	1	0	5	2	1	0	0	4	0	39	0	1	1	0	0	0	0	0	0	0	0	0	0	0	0	0	0
PLoS One	2023-04-01	9976995	85221	6552	0	8	0	0	0	0	0	0	0	0	0	0	0	0	0	0	26	0	0	0	0	0	0	0	0	0	0	0	0	0	0	0	0	1
PLoS One	2023-04-01	9977018	110637	9896	0	1	0	0	0	0	4	4	0	1	3	1	0	0	0	0	10	0	0	4	0	0	1	0	0	0	0	0	0	0	1	0	0	0
PLoS One	2023-04-01	9977053	75486	5870	0	0	2	2	0	0	2	0	0	4	1	0	0	0	0	0	14	0	0	3	0	0	0	0	0	0	0	0	0	0	0	0	0	0
PLoS One	2023-04-01	9974125	199261	16587	0	1	0	0	0	0	2	6	0	0	11	2	0	0	0	0	27	0	0	0	0	0	2	0	0	0	0	0	0	1	0	3	0	3
PLoS One	2023-04-01	9977040	136244	11673	0	2	6	1	0	0	1	1	0	0	0	1	0	0	0	0	33	0	0	8	0	0	0	0	1	0	0	0	0	1	0	0	0	0
PLoS One	2023-04-01	9977038	197831	16414	0	20	2	4	0	0	7	12	0	1	1	3	0	0	1	0	73	0	0	7	0	0	2	0	0	0	0	0	1	0	0	1	1	0
PLoS One	2023-04-01	9974114	111767	10618	0	3	0	0	0	0	1	1	0	0	3	0	0	0	0	0	59	0	0	0	0	0	0	0	0	0	0	0	0	0	0	0	0	0
PLoS One	2023-04-01	9977042	162560	13052	0	3	0	7	0	0	0	5	0	0	2	1	0	0	0	0	42	0	0	0	0	0	0	0	1	0	0	0	0	0	0	0	0	0
PLoS One	2023-04-01	9977046	184992	13499	0	6	0	0	0	0	0	2	0	0	2	0	0	0	0	0	47	0	0	2	0	0	0	0	0	0	0	0	4	0	0	0	0	0
PLoS One	2023-04-01	9976996	147251	14972	0	7	1	2	0	0	0	5	0	0	17	7	0	0	1	0	38	0	0	2	0	0	5	0	0	0	0	0	0	0	1	0	0	0
PLoS One	2023-04-01	9977000	117243	10209	0	15	0	3	0	0	3	2	0	0	4	4	0	0	0	0	37	0	1	1	0	0	1	0	0	0	0	0	0	0	0	1	0	0
PLoS One	2023-04-01	9977045	164694	15976	0	7	3	2	0	0	6	0	0	0	6	4	0	0	0	0	88	0	0	0	0	0	0	0	0	0	0	0	0	0	0	0	0	0
PLoS One	2023-04-01	9974126	241322	23507	0	4	0	12	0	0	11	6	0	0	1	0	0	0	0	0	298	0	0	2	0	0	2	1	0	0	0	0	0	0	2	0	0	0
PLoS One	2023-04-01	9974122	107653	8170	0	10	0	8	0	0	0	0	0	7	5	7	0	0	0	0	118	0	0	0	0	0	0	0	0	0	0	0	0	0	0	0	0	0
PLoS One	2023-04-01	9977060	112457	9348	0	15	1	0	0	1	5	1	0	1	4	4	0	0	0	0	18	0	0	4	0	0	0	0	0	0	0	0	0	0	0	0	0	0
PLoS One	2023-04-01	9977064	209600	16181	0	1	1	0	0	0	0	0	0	2	21	3	0	0	0	0	20	0	0	0	0	2	0	0	0	0	0	0	0	0	0	0	0	0
PLoS One	2023-04-01	9977044	53662	4104	0	2	1	0	0	0	4	0	0	0	1	0	0	0	0	0	25	0	0	0	0	0	0	1	0	0	0	0	0	0	0	0	0	0
PLoS One	2023-04-01	9970087	138534	13160	0	11	0	0	0	0	2	1	0	0	0	3	0	0	0	0	61	0	0	0	0	0	0	0	0	0	0	0	0	0	1	0	0	0
PLoS One	2023-04-01	10045587	140697	12788	0	1	0	0	0	0	7	0	0	0	1	0	0	0	0	0	48	0	0	5	0	1	1	0	0	0	0	0	0	0	0	0	0	0
PLoS One	2023-04-01	9994696	171300	14673	0	4	3	2	0	0	1	8	0	0	15	2	0	0	1	0	33	0	1	2	0	0	3	0	0	0	0	0	0	0	0	0	0	0
PLoS One	2023-04-01	9994715	168439	14947	0	13	0	0	0	0	2	2	0	0	3	8	0	1	0	0	58	0	0	6	0	0	0	0	0	0	0	0	0	0	2	0	0	0
PLoS One	2023-04-01	9994687	153253	13310	0	7	0	1	0	0	4	0	0	0	12	1	0	0	1	0	40	0	0	4	0	0	0	0	0	0	0	0	0	0	0	2	0	0
PLoS One	2023-04-01	9994680	256758	23921	0	18	0	3	0	0	1	4	0	0	6	2	0	0	0	0	93	0	0	1	0	0	0	0	0	0	0	0	2	1	0	0	0	0
PLoS One	2023-04-01	9994692	137396	12761	0	11	0	2	0	0	0	0	0	1	0	3	0	0	1	0	44	0	0	4	0	0	2	0	0	0	0	0	0	1	0	0	0	1
PLoS One	2023-04-01	9994705	187283	13544	0	3	2	3	3	0	13	4	0	0	0	4	0	0	0	0	123	0	0	6	0	0	1	1	0	0	0	0	0	0	0	0	0	0
PLoS One	2023-04-01	9990952	104789	9130	0	3	0	1	0	0	0	0	0	1	4	1	0	0	0	0	29	0	0	1	0	0	0	0	2	0	0	0	0	0	0	0	1	0
PLoS One	2023-04-01	9990954	468747	14071	0	1	0	0	0	0	3	0	0	0	0	0	0	0	0	0	14	0	0	1	0	0	0	0	0	0	0	0	0	1	0	0	0	0
PLoS One	2023-04-01	9990922	162022	14505	0	14	0	0	0	0	0	0	0	8	2	0	0	0	0	0	41	0	0	1	0	0	0	0	3	0	0	0	0	0	0	0	0	0
PLoS One	2023-04-01	9994706	112687	10157	0	1	0	1	0	0	1	0	0	0	9	0	0	0	0	0	21	0	0	2	0	0	0	0	0	0	0	0	0	0	0	0	0	0
PLoS One	2023-04-01	9990951	123845	9646	0	2	0	0	0	0	0	2	0	0	3	1	0	0	0	0	13	0	0	0	0	0	0	0	0	0	0	0	0	0	0	0	0	0
PLoS One	2023-04-01	9994702	147485	13499	0	5	0	4	0	0	2	26	0	4	0	1	0	0	0	0	75	0	0	0	0	0	6	0	2	0	0	0	0	0	0	1	0	0
PLoS One	2023-04-01	9994723	247883	26193	0	10	3	2	0	0	2	3	0	4	20	9	0	1	0	0	43	0	1	4	0	0	8	0	1	0	1	0	0	0	0	2	0	4
PLoS One	2023-04-01	9994683	125750	9752	0	2	0	4	1	0	2	10	0	1	4	1	0	0	0	0	21	0	0	0	0	2	0	0	0	0	0	0	0	0	0	0	0	0
PLoS One	2023-04-01	10045606	296867	33117	0	46	2	0	0	0	0	5	0	0	5	2	0	0	1	0	57	0	0	4	0	0	3	1	2	0	0	0	1	1	0	0	0	0
PLoS One	2023-04-01	9990919	162460	16946	0	22	0	1	0	0	2	12	0	0	6	17	0	0	0	0	47	0	0	3	0	0	3	0	0	0	0	0	0	0	0	0	0	0
PLoS One	2023-04-01	9994736	195988	21905	0	2	2	0	0	0	3	1	0	0	4	12	0	0	0	0	97	0	0	9	0	1	16	0	0	0	1	0	0	2	0	0	1	0
PLoS One	2023-04-01	9994693	5166	358	0	0	0	0	0	0	0	0	0	0	0	0	0	0	0	0	0	0	0	0	0	0	0	0	0	0	0	0	0	0	0	0	0	0
PLoS One	2023-04-01	9994679	95611	7454	0	4	0	5	0	0	1	0	0	0	0	1	0	0	0	0	42	0	0	0	0	0	1	0	0	0	0	0	0	0	0	0	0	0
PLoS One	2023-04-01	9994749	119929	10587	0	1	0	0	0	0	0	0	0	0	14	2	0	1	1	0	8	0	0	1	0	0	1	0	1	0	0	0	0	0	0	0	0	0
PLoS One	2023-04-01	9990913	71262	6023	0	2	0	1	0	0	0	0	0	0	0	6	0	0	0	0	8	0	0	0	0	0	0	0	0	0	0	0	0	0	0	0	0	0
PLoS One	2023-04-01	9994735	84154	8891	0	1	0	0	0	0	3	2	0	0	0	1	0	0	0	0	27	0	0	1	0	1	0	0	0	0	0	0	0	0	0	0	0	0
PLoS One	2023-04-01	9990930	128230	10091	0	5	0	5	0	0	2	0	0	0	5	0	0	0	0	0	34	0	0	1	0	0	0	0	0	0	0	0	0	0	0	0	0	0
PLoS One	2023-04-01	9994754	120330	11905	1	1	0	2	0	0	0	1	0	0	0	1	0	0	0	0	21	0	0	0	0	0	0	0	0	0	0	0	0	0	0	0	0	0
PLoS One	2023-04-01	10016692	230780	21508	0	9	0	1	0	0	0	2	0	0	5	5	0	0	0	0	57	0	1	2	0	0	3	0	0	0	0	0	3	0	0	0	0	0
PLoS One	2023-04-01	10016698	152680	11298	0	4	0	4	0	0	5	2	0	0	0	0	0	0	0	0	28	0	0	0	0	0	0	0	0	0	0	0	0	0	0	0	0	0
PLoS One	2023-04-01	10016647	139324	14488	0	1	6	0	0	0	2	1	0	1	3	0	1	0	0	0	31	0	0	9	0	1	3	0	1	0	0	0	0	0	0	0	0	0
PLoS One	2023-04-01	10016640	109494	11517	0	4	0	1	0	0	3	0	0	2	0	0	0	0	1	0	51	0	0	15	0	0	5	0	0	0	0	0	0	0	0	0	0	0
PLoS One	2023-04-01	10016644	105048	9855	0	17	0	1	0	0	0	1	0	0	1	1	0	0	0	0	33	0	0	0	0	0	2	0	2	0	0	0	0	0	0	0	0	0
PLoS One	2023-04-01	10016712	122489	11787	0	7	0	1	0	0	0	1	0	1	7	2	0	0	2	0	22	0	0	2	0	0	1	0	0	0	0	0	0	0	0	0	0	1
PLoS One	2023-04-01	10016648	193380	16657	0	14	0	0	0	0	2	0	0	0	15	2	0	0	1	0	52	0	0	1	0	0	4	2	0	0	0	0	0	0	0	0	0	0
PLoS One	2023-04-01	10016668	116925	11543	0	4	0	0	0	0	0	1	0	0	0	5	0	0	0	0	37	0	0	0	0	0	1	0	0	0	0	0	0	0	0	0	0	1
PLoS One	2023-04-01	10016715	194257	18605	0	7	0	0	0	0	4	2	0	0	0	1	0	0	1	0	12	0	0	7	0	0	0	0	0	0	0	0	2	0	0	0	0	0
PLoS One	2023-04-01	10016667	123922	10652	0	6	1	1	0	0	0	2	0	0	3	3	0	0	2	0	6	0	0	1	0	0	19	0	0	0	0	0	0	0	0	0	0	0
PLoS One	2023-04-01	10016673	245891	18654	0	6	0	1	0	0	1	10	0	1	3	1	0	0	1	0	11	0	0	3	0	0	0	0	0	0	0	0	0	0	1	0	0	0
PLoS One	2023-04-01	10016714	261804	23022	0	7	2	0	0	0	1	2	0	2	7	1	0	0	4	0	32	0	0	5	0	0	0	0	0	0	0	0	0	0	1	0	0	0
PLoS One	2023-04-01	10016726	193990	18309	0	4	1	2	0	0	1	0	0	0	0	9	0	0	1	0	79	0	0	0	0	1	10	0	0	0	0	0	0	0	0	0	0	0
PLoS One	2023-04-01	10016727	137580	10766	0	3	0	3	0	0	0	5	0	1	3	2	0	0	0	0	42	0	0	8	0	0	5	0	0	0	0	0	0	0	0	0	0	0
PLoS One	2023-04-01	10016682	46929	3775	0	4	0	1	0	0	0	0	0	0	0	4	0	0	0	0	18	0	0	5	0	0	0	1	0	0	0	0	1	1	0	0	0	0
PLoS One	2023-04-01	10016705	201894	19133	0	13	0	1	0	0	5	9	0	0	1	3	0	0	2	0	111	0	0	1	0	1	1	0	0	0	0	0	0	0	1	0	0	0
PLoS One	2023-04-01	10013885	168241	16273	0	4	0	0	0	4	1	0	0	5	1	7	0	0	0	0	37	0	0	2	0	1	0	0	0	0	0	0	0	0	0	1	0	0
PLoS One	2023-04-01	10016649	214732	21094	0	4	0	0	0	0	6	5	0	33	48	8	2	0	0	0	5	0	0	1	0	0	5	0	0	0	0	0	0	0	0	0	0	0
PLoS One	2023-04-01	10013886	111345	9402	0	2	0	1	0	0	0	1	0	0	11	0	0	0	0	0	12	0	0	0	0	0	0	0	0	0	0	0	0	0	0	0	0	0
PLoS One	2023-04-01	10016710	133068	10680	0	6	0	0	0	0	0	7	0	1	0	5	0	0	0	0	13	0	0	0	0	0	0	0	0	0	0	0	0	0	0	0	0	0
PLoS One	2023-04-01	10016686	172214	15043	0	14	0	2	0	0	5	10	0	1	14	9	0	0	3	0	49	0	0	8	0	0	2	0	0	0	0	0	0	2	0	0	0	0
PLoS One	2023-04-01	10016671	109549	9464	0	10	0	0	0	0	0	8	0	0	1	2	0	0	2	0	25	0	0	1	0	0	0	0	2	0	0	0	0	0	0	0	0	0
PLoS One	2023-04-01	10016650	141843	15138	0	1	0	1	0	0	2	0	0	0	4	1	0	0	0	0	22	0	0	0	0	0	0	0	0	0	0	0	0	0	0	0	0	0
PLoS One	2023-04-01	10013888	103698	8564	0	3	0	1	0	1	3	6	0	7	0	1	0	0	1	0	23	0	0	2	0	0	7	0	0	0	0	0	0	1	0	0	0	0
PLoS One	2023-04-01	10013891	217765	18634	0	4	0	0	0	0	0	9	0	0	7	0	0	0	0	0	93	0	0	0	0	1	3	0	0	0	0	0	1	0	0	0	0	0
PLoS One	2023-04-01	10032477	131155	10544	0	3	0	10	0	0	3	1	0	3	19	0	0	0	1	0	16	0	0	1	0	0	0	0	0	0	0	0	0	0	0	0	0	0
PLoS One	2023-04-01	10030014	70891	6466	0	1	0	8	0	0	1	0	0	0	7	0	0	0	0	0	21	0	0	0	0	0	0	0	0	0	0	0	0	0	0	0	0	0
PLoS One	2023-04-01	10032540	124433	12038	0	8	2	2	0	0	0	0	0	1	0	5	0	0	1	0	53	0	0	1	0	0	2	0	0	0	0	0	2	0	0	1	0	0
PLoS One	2023-04-01	10032500	169127	14660	1	5	0	1	0	0	8	2	0	0	10	7	0	1	2	0	64	0	0	1	0	0	1	0	0	0	0	0	1	1	3	1	0	0
PLoS One	2023-04-01	10030028	239353	21240	0	8	0	8	0	0	1	22	0	0	3	0	0	0	2	0	44	0	0	0	0	0	2	0	0	0	0	0	0	0	0	0	0	0
PLoS One	2023-04-01	10027214	101415	9570	0	3	0	2	0	0	0	1	0	0	0	0	0	0	0	0	23	0	0	1	0	0	0	0	0	0	0	0	0	0	0	0	0	0
PLoS One	2023-04-01	10045607	184366	16609	0	2	3	11	0	0	1	6	0	0	25	0	0	0	0	0	73	0	0	3	0	0	0	0	0	0	0	0	0	0	0	0	0	0
PLoS One	2023-04-01	10030009	134844	13539	0	4	2	9	0	0	0	1	0	0	5	0	1	0	1	0	47	0	0	3	0	0	3	0	0	0	0	0	0	0	1	0	0	0
PLoS One	2023-04-01	10027184	112998	8293	0	3	0	3	3	0	1	9	0	0	0	4	0	0	0	0	104	0	0	1	0	0	0	0	1	0	0	0	0	0	0	0	0	1
PLoS One	2023-04-01	10032480	93511	7485	0	1	0	0	0	0	0	3	0	3	3	6	0	0	0	0	31	0	0	0	0	0	0	0	0	0	0	0	0	0	0	0	0	0
PLoS One	2023-04-01	10032532	107902	10831	0	2	0	1	0	0	2	0	0	0	0	1	0	0	0	0	71	0	0	0	0	0	0	0	0	0	0	0	0	0	0	0	0	0
PLoS One	2023-04-01	10032542	120733	12144	0	2	0	0	0	0	1	6	0	2	1	2	0	0	0	0	46	0	0	2	0	0	38	0	0	0	0	0	0	0	0	0	0	1
PLoS One	2023-04-01	10030032	187858	16283	0	2	0	2	0	0	2	0	0	0	1	2	0	0	0	0	48	0	0	0	0	0	2	0	0	1	0	0	0	0	0	0	0	0
PLoS One	2023-04-01	10032527	94453	7824	0	8	0	5	0	0	0	4	0	0	3	3	0	0	0	0	36	0	0	1	0	0	0	1	0	0	0	0	0	0	0	0	0	0
PLoS One	2023-04-01	10032499	172914	13025	0	15	1	5	0	0	0	11	0	0	6	1	0	0	1	0	50	0	0	0	0	0	0	0	0	0	0	0	0	0	0	0	0	0
PLoS One	2023-04-01	10032517	120177	10333	0	3	0	0	0	0	0	1	0	0	0	0	0	0	0	0	18	0	0	0	0	0	0	0	0	0	0	0	0	0	0	0	0	0
PLoS One	2023-04-01	10032482	97002	7737	0	3	0	1	0	0	0	0	0	0	13	1	0	0	0	0	7	0	0	1	0	0	0	0	1	0	0	0	0	0	0	0	0	0
PLoS One	2023-04-01	10032536	62768	5013	0	0	0	0	0	0	0	0	0	0	0	0	0	0	0	0	5	0	0	0	0	0	0	0	0	0	0	0	0	0	0	0	0	0
PLoS One	2023-04-01	10027219	103581	7870	0	5	0	7	0	0	6	1	0	0	12	2	0	0	0	0	49	0	0	0	0	0	1	0	0	0	0	0	0	0	0	0	0	0
PLoS One	2023-04-01	10022792	174342	13830	0	4	0	0	0	0	1	1	0	1	13	4	0	0	0	0	38	0	0	0	0	0	0	0	0	0	0	0	1	1	0	0	0	0
PLoS One	2023-04-01	10030033	241350	18089	0	5	0	0	0	0	1	1	0	0	0	0	0	0	0	0	5	0	0	0	0	0	1	0	0	0	0	0	0	0	0	0	0	0
PLoS One	2023-04-01	10032501	211187	18586	0	14	2	2	0	0	3	4	0	2	29	0	0	0	0	0	31	0	0	0	0	0	0	0	0	0	0	0	0	0	0	0	0	0
PLoS One	2023-04-01	10022756	173987	15021	0	3	2	1	0	0	7	5	0	1	1	6	0	0	0	0	75	0	0	4	0	0	3	0	3	0	0	0	0	0	0	0	0	0
PLoS One	2023-04-01	10030030	157202	11891	0	2	0	1	0	0	0	1	0	0	3	5	0	0	0	0	16	0	0	1	0	0	0	0	0	0	0	0	0	0	0	0	0	0
PLoS One	2023-04-01	10030016	105812	9354	0	0	0	0	0	0	2	12	0	2	0	2	0	0	0	0	30	0	0	1	0	0	2	0	0	0	0	0	1	0	0	0	0	0
PLoS One	2023-04-01	10062569	107586	8790	0	3	0	0	0	0	7	3	0	0	0	4	0	0	1	0	76	0	1	3	0	0	0	1	0	0	0	0	0	1	0	0	0	0
PLoS One	2023-04-01	10065262	103345	10332	0	7	1	0	0	0	0	0	0	0	0	1	0	0	0	0	2	0	0	0	0	0	0	0	3	0	0	0	0	1	0	1	1	2
PLoS One	2023-04-01	10065287	167778	14332	0	19	0	1	0	0	8	6	0	0	22	0	0	0	0	0	22	0	0	0	0	0	0	0	0	0	0	0	0	0	0	0	0	0
PLoS One	2023-04-01	10065244	121413	9850	0	0	0	0	0	0	7	4	0	0	0	13	0	0	0	0	91	0	0	6	0	0	0	0	0	0	0	0	0	0	0	0	0	0
PLoS One	2023-04-01	10065257	123726	12120	0	6	0	0	0	0	0	0	0	1	2	0	0	0	1	0	33	0	0	3	0	0	4	0	0	0	0	0	0	0	2	0	0	1
PLoS One	2023-04-01	10065291	148371	15063	0	16	0	2	0	0	4	4	0	0	44	1	0	0	0	0	70	0	0	1	0	1	3	0	0	0	0	0	2	0	0	0	0	0
PLoS One	2023-04-01	10065231	170145	18010	0	13	3	4	0	0	0	11	0	0	1	0	0	0	1	0	68	0	0	2	0	0	3	0	0	0	0	0	1	0	0	0	0	0
PLoS One	2023-04-01	10065269	81722	7293	0	1	1	0	0	0	1	1	0	9	0	0	0	0	0	0	9	0	0	0	0	0	0	2	0	0	0	0	0	0	0	0	0	0
PLoS One	2023-04-01	10062614	129635	12926	0	11	0	2	0	0	1	0	0	0	0	0	0	0	0	0	40	0	0	1	0	0	0	0	0	0	0	0	0	0	0	0	0	0
PLoS One	2023-04-01	10065251	241365	23226	1	23	3	5	3	0	15	3	0	0	1	3	0	0	7	0	166	0	0	3	0	0	2	0	2	0	0	0	0	0	0	1	0	0
PLoS One	2023-04-01	10065300	172591	14251	0	7	0	2	0	0	1	0	0	4	4	1	0	0	0	0	113	0	0	4	0	0	1	0	0	0	0	0	0	0	0	0	0	0
PLoS One	2023-04-01	10062630	129191	11150	0	9	0	4	0	0	0	5	0	1	1	4	0	0	0	0	37	0	0	0	0	0	0	0	1	0	0	0	0	0	0	0	0	0
PLoS One	2023-04-01	10065230	117655	8992	0	19	0	4	0	0	0	0	0	0	6	1	0	0	1	0	106	0	0	1	0	1	0	0	0	0	0	0	0	0	0	0	0	0
PLoS One	2023-04-01	10062588	92837	7895	0	3	1	0	0	0	0	0	0	0	0	0	0	0	0	0	44	0	0	0	0	0	8	0	0	0	0	0	0	1	0	0	0	0
PLoS One	2023-04-01	10065227	122983	11279	0	6	1	6	0	0	1	6	0	0	0	6	0	0	0	0	71	0	0	2	0	0	0	0	0	0	0	0	0	0	0	0	0	0
PLoS One	2023-04-01	10062626	198030	18800	0	4	0	5	0	0	2	2	0	0	10	3	0	0	0	0	13	0	0	1	0	0	2	0	0	0	0	0	0	0	0	1	0	0
PLoS One	2023-04-01	10062637	203073	17949	0	1	1	6	0	0	0	1	0	3	2	2	0	0	0	0	21	0	0	2	0	0	0	0	1	1	1	0	0	0	0	2	0	0
PLoS One	2023-04-01	10065285	127839	10373	0	1	0	2	0	0	0	1	0	1	1	1	0	0	0	0	17	0	0	0	0	0	0	0	1	0	0	0	0	0	0	0	0	0
PLoS One	2023-04-01	10065243	181971	18879	0	3	0	0	0	0	0	1	0	0	10	1	0	0	0	1	111	0	0	4	0	0	2	1	0	0	0	0	1	0	0	0	0	0
PLoS One	2023-04-01	10065264	145359	13575	0	8	0	0	0	0	1	6	0	1	2	0	0	0	0	0	58	0	0	1	0	0	0	0	0	0	0	0	0	0	0	0	0	0
PLoS One	2023-04-01	10065282	185266	19072	0	26	2	0	0	0	5	2	0	0	0	1	0	0	0	0	83	0	0	1	0	0	3	0	0	0	0	0	0	0	0	0	0	0
PLoS One	2023-04-01	10065280	105905	9536	0	4	0	2	0	0	1	1	0	0	7	1	0	0	0	0	37	0	0	3	0	0	1	0	0	0	0	0	0	0	0	0	0	0
PLoS One	2023-04-01	10062557	161232	16137	0	19	0	7	0	0	0	0	0	1	13	0	0	0	0	0	150	0	0	3	0	0	2	0	0	0	0	1	0	1	0	1	0	0
PLoS One	2023-04-01	10065290	70354	5350	0	0	0	2	0	0	0	0	0	0	1	0	0	0	0	0	31	0	0	0	0	0	0	0	0	0	0	0	0	0	0	0	0	0
PLoS One	2023-04-01	10065294	100153	8249	0	2	0	2	0	0	0	2	0	1	0	0	0	0	0	0	44	0	0	0	0	0	0	0	0	0	0	0	0	0	0	0	0	0
