journal	date	pmc_id	Nchars	Nwords	delve	analyse	acknowledge	assess	appraise	dissect	explore	examine	extricate	expose	estimate	investigate	inquire	inspect	interpret	scrutinise	study	unearth	uncover	understand	ponder	research	reason	retrieve	avoid	discount	disregard	dismiss	ignore	neglect	overlook	omit	skip	reject
PLoS One	2024-10-01	11226054	90624	7481	0	3	1	0	0	0	0	2	0	2	7	5	0	0	0	0	35	0	0	0	0	0	1	0	0	0	0	0	0	0	0	0	0	0
PLoS One	2024-10-01	11230537	129151	10499	0	18	1	4	0	0	1	6	0	0	7	4	0	0	0	0	121	0	0	3	0	0	3	1	1	0	0	0	0	0	0	0	0	0
PLoS One	2024-10-01	11226085	5316	356	0	0	0	0	0	0	0	0	0	0	0	0	0	0	0	0	0	0	0	0	0	0	0	0	0	0	0	0	0	0	0	0	0	0
PLoS One	2024-10-01	11230568	235583	19243	0	10	0	1	0	0	0	0	0	0	3	6	0	0	0	0	24	0	0	0	0	1	1	1	0	0	0	0	0	0	0	0	0	0
PLoS One	2024-10-01	11226035	262218	22912	0	1	0	1	2	0	5	22	0	1	3	0	0	0	2	0	139	0	0	8	0	0	1	0	0	0	1	0	0	5	0	0	0	6
PLoS One	2024-10-01	11226073	102216	9784	0	2	5	1	0	0	11	1	0	0	3	0	0	0	0	0	66	0	0	4	0	0	1	0	0	3	0	0	3	0	0	0	0	0
PLoS One	2024-10-01	11226049	122206	9357	0	0	0	1	0	0	3	0	0	0	11	0	0	0	4	0	8	0	0	0	0	0	0	0	1	0	0	0	0	0	0	0	0	0
PLoS One	2024-10-01	11230527	147738	13795	0	8	0	0	0	0	0	1	0	1	8	6	0	0	1	1	47	0	0	0	0	0	4	0	1	0	0	0	0	0	0	0	0	0
PLoS One	2024-10-01	11226005	265132	26491	0	15	8	2	0	0	2	11	0	0	16	12	0	0	0	0	56	0	0	4	0	0	2	0	0	0	0	0	0	0	0	0	0	0
PLoS One	2024-10-01	11230528	131606	12835	0	10	3	0	0	0	0	0	0	4	0	2	0	0	0	0	28	0	0	0	0	0	0	0	0	0	0	0	0	1	0	0	0	0
PLoS One	2024-10-01	11226102	221406	19740	0	7	2	3	0	0	3	1	0	0	0	2	0	0	0	0	34	0	0	3	0	0	0	0	0	0	0	0	0	0	1	0	0	0
PLoS One	2024-10-01	11230530	168643	15838	0	6	0	0	0	0	0	3	0	0	0	4	0	0	0	0	27	0	1	0	0	0	0	0	0	0	0	0	0	0	0	0	0	0
PLoS One	2024-10-01	11226022	5541	376	0	0	0	0	0	0	0	0	0	0	0	0	0	0	0	0	3	0	0	0	0	0	0	0	0	0	0	0	0	0	0	0	0	0
PLoS One	2024-10-01	11230541	236364	21052	0	14	1	12	0	0	2	7	0	0	0	3	0	0	3	0	63	0	0	2	0	0	2	0	0	0	0	1	0	1	0	1	0	1
PLoS One	2024-10-01	11230524	106162	8321	0	3	0	2	0	0	2	1	0	1	1	7	0	0	0	0	57	0	0	2	0	0	0	0	0	0	0	0	0	0	0	0	0	0
PLoS One	2024-10-01	11226038	202477	17843	0	8	1	4	1	0	1	0	0	0	0	4	0	0	0	0	32	0	0	1	0	0	2	0	0	0	0	0	0	0	0	0	0	0
PLoS One	2024-10-01	11226067	140585	10863	2	12	2	1	0	0	5	0	0	0	4	3	0	0	0	0	24	0	0	6	0	0	0	0	0	0	0	0	0	0	0	0	0	0
PLoS One	2024-10-01	11230566	129600	10874	1	2	0	2	0	0	1	1	0	0	0	4	0	0	0	0	17	0	0	0	0	0	0	0	0	0	0	0	0	0	0	0	0	0
PLoS One	2024-10-01	11226118	129370	11549	1	6	1	1	0	0	2	1	0	0	3	3	0	0	1	5	33	0	0	2	0	0	0	0	0	0	0	0	0	0	0	0	0	0
PLoS One	2024-10-01	11226075	116212	8964	0	13	0	8	0	0	1	6	0	0	0	0	0	0	0	0	28	0	0	4	0	0	0	0	0	0	0	0	0	0	0	0	0	0
PLoS One	2024-10-01	11226134	100618	7563	0	3	0	0	0	0	2	1	0	0	1	2	0	0	0	0	18	0	0	0	0	0	0	0	0	0	0	0	0	0	0	0	0	0
PLoS One	2024-10-01	11230526	118409	9689	0	4	0	2	0	1	0	4	0	0	0	3	0	0	0	0	19	0	0	0	0	0	0	0	0	0	0	0	0	0	0	0	0	0
PLoS One	2024-10-01	11226069	106123	10093	0	1	0	8	0	0	2	2	0	0	22	1	0	0	1	0	32	0	0	1	0	0	1	0	0	0	0	0	0	0	0	0	1	0
PLoS One	2024-10-01	11230533	114295	8484	0	24	0	4	0	0	2	0	0	0	2	6	0	0	0	0	45	0	1	2	0	0	0	0	0	0	0	0	0	0	0	0	1	0
PLoS One	2024-10-01	11230535	138399	10524	0	16	1	0	0	0	1	0	0	0	16	0	0	0	0	0	9	0	0	0	0	0	0	0	0	0	0	0	0	0	0	0	0	0
PLoS One	2024-10-01	11249210	86021	7596	1	6	2	3	0	0	5	5	0	0	1	2	0	0	0	0	50	0	0	3	0	0	0	0	0	0	0	0	0	0	0	0	0	0
PLoS One	2024-10-01	11249221	137104	13377	0	15	4	4	0	0	5	1	0	0	6	1	0	0	1	0	129	0	0	2	0	0	2	2	0	0	0	0	0	0	1	1	0	0
PLoS One	2024-10-01	11249270	152247	13942	1	4	1	2	0	0	9	0	0	1	0	2	0	0	0	0	16	0	0	6	0	0	0	0	0	0	0	0	0	1	2	0	0	0
PLoS One	2024-10-01	11249267	276947	18231	0	8	8	3	0	0	6	8	0	0	0	1	0	0	0	0	113	0	1	15	0	0	1	0	0	0	0	1	0	1	0	0	0	0
PLoS One	2024-10-01	11249233	187082	15524	0	2	0	13	0	0	4	4	0	0	15	3	0	0	0	0	96	0	0	7	0	1	1	1	0	0	0	0	3	1	0	1	0	0
PLoS One	2024-10-01	11249217	154736	16308	0	19	1	0	0	0	4	0	0	0	0	5	0	0	0	0	48	0	0	6	0	0	7	0	0	0	0	0	0	0	0	1	0	0
PLoS One	2024-10-01	11244806	133730	12727	0	4	0	1	0	0	2	0	0	0	6	4	0	0	0	0	9	0	0	8	0	0	0	0	1	0	0	0	0	0	0	0	0	0
PLoS One	2024-10-01	11249216	99602	8097	0	1	0	0	0	0	1	0	0	0	0	0	0	0	0	0	9	0	0	0	0	0	0	0	0	0	0	0	0	0	0	3	0	0
PLoS One	2024-10-01	11244781	5469	378	0	0	0	0	0	0	0	0	0	0	0	0	0	0	0	0	1	0	0	0	0	0	0	0	0	0	0	0	0	0	0	0	0	0
PLoS One	2024-10-01	11244817	80364	6671	0	2	2	1	0	0	1	1	0	0	0	0	0	0	1	0	21	0	0	1	0	0	0	1	1	0	0	0	0	0	1	0	0	0
PLoS One	2024-10-01	11244774	157291	16311	0	10	0	1	0	0	0	18	0	2	35	4	0	0	0	0	62	0	0	3	0	0	0	0	0	0	0	0	0	0	0	0	0	0
PLoS One	2024-10-01	11249236	105943	9444	0	3	0	0	0	0	1	1	0	0	1	4	0	0	1	0	74	0	0	0	0	0	0	0	0	0	0	0	0	0	0	0	0	0
PLoS One	2024-10-01	11244831	113962	8709	0	0	1	0	0	0	0	0	0	0	2	0	0	0	0	0	7	0	0	0	0	0	0	0	0	0	0	0	0	0	0	0	0	0
PLoS One	2024-10-01	11244846	202218	12583	0	7	0	0	0	0	4	2	0	2	5	0	0	0	0	0	30	0	0	0	0	0	0	0	0	1	0	0	0	0	0	0	0	0
PLoS One	2024-10-01	11244839	103187	9831	0	1	1	4	0	0	0	1	0	0	0	1	0	0	0	0	54	0	0	0	0	0	0	0	0	0	0	0	0	0	2	0	0	0
PLoS One	2024-10-01	11244828	157953	11691	0	1	0	0	0	0	1	0	0	0	3	0	0	0	0	0	33	0	0	0	0	0	1	0	0	0	0	0	0	0	0	0	0	0
PLoS One	2024-10-01	11244835	4963	344	0	0	0	0	0	0	0	0	0	0	0	0	0	0	0	0	0	0	0	0	0	0	0	0	0	0	0	0	0	0	0	0	0	0
PLoS One	2024-10-01	11249260	170750	14254	1	0	0	0	0	0	10	4	0	0	10	3	0	0	0	0	39	0	0	2	0	0	1	0	0	0	0	0	1	0	0	1	0	0
PLoS One	2024-10-01	11249251	176191	18789	0	33	1	17	0	0	6	0	0	1	1	4	0	0	2	0	125	0	0	1	0	0	0	1	0	0	0	0	0	0	1	1	0	0
PLoS One	2024-10-01	11249272	98069	7388	0	10	1	1	0	0	0	2	0	0	2	0	0	0	0	0	36	0	0	2	0	0	2	1	0	0	0	0	0	0	0	0	0	0
PLoS One	2024-10-01	11244765	65695	5887	0	4	1	0	0	0	0	0	0	2	0	0	0	0	3	0	31	0	0	2	0	0	1	0	1	0	0	0	0	0	0	0	0	1
PLoS One	2024-10-01	11249268	132559	12503	0	18	1	1	0	0	0	12	0	4	1	0	0	0	2	0	49	0	0	1	0	2	0	4	0	0	0	0	0	0	0	0	0	0
PLoS One	2024-10-01	11244796	168428	16559	0	7	0	7	0	0	2	1	0	0	1	3	0	0	0	0	100	0	0	10	0	0	1	0	0	1	0	0	0	0	0	0	1	0
PLoS One	2024-10-01	11249259	180193	18686	0	15	8	2	0	5	14	2	0	1	0	3	0	0	2	2	18	2	1	9	0	0	0	0	0	0	0	0	0	0	0	0	0	0
PLoS One	2024-10-01	11249246	284106	20966	0	5	3	2	0	0	6	7	0	0	2	2	1	0	0	0	58	0	1	4	0	0	0	0	0	0	0	0	1	0	0	0	0	1
PLoS One	2024-10-01	11259278	151217	11594	1	5	1	2	0	0	5	4	0	0	1	5	0	0	0	0	37	0	0	2	0	0	0	0	0	0	0	0	0	0	0	0	0	0
PLoS One	2024-10-01	11262682	177516	16290	0	5	0	2	0	0	0	15	0	0	8	0	0	0	0	0	38	0	0	5	0	0	1	0	1	0	0	0	0	0	0	1	0	0
PLoS One	2024-10-01	11259287	118108	8391	0	5	0	4	0	0	1	0	0	0	1	2	0	0	0	0	30	0	0	1	0	0	0	0	0	0	0	0	0	0	0	0	0	0
PLoS One	2024-10-01	11262640	237408	23385	0	2	0	0	0	0	1	8	0	0	21	5	0	0	1	0	185	0	0	1	0	4	3	0	1	0	0	0	0	0	0	0	0	1
PLoS One	2024-10-01	11259298	89946	7001	0	3	0	4	0	0	0	2	0	1	0	1	0	0	0	0	30	0	0	0	0	0	1	0	0	0	1	0	0	0	0	0	0	0
PLoS One	2024-10-01	11259293	155910	12966	0	3	0	6	1	0	1	2	0	0	2	1	0	0	1	0	74	0	0	2	0	1	0	0	0	0	0	0	1	0	0	2	0	0
PLoS One	2024-10-01	11262670	104899	10695	0	0	2	4	0	0	3	0	0	0	6	2	0	0	0	0	71	0	0	0	0	0	1	0	0	0	0	0	0	0	0	0	0	0
PLoS One	2024-10-01	11262648	201665	17418	1	2	0	3	0	0	0	2	0	3	7	3	0	0	1	0	42	0	0	0	0	1	0	0	0	0	0	0	0	0	0	0	0	1
PLoS One	2024-10-01	11259265	209840	17831	0	10	0	1	0	0	2	4	0	0	0	4	1	0	1	0	65	0	0	0	0	0	0	0	0	0	0	0	0	0	0	0	0	0
PLoS One	2024-10-01	11259299	118245	8155	0	5	0	4	0	0	3	1	0	1	15	3	0	0	0	1	87	0	0	1	0	0	0	3	0	0	0	0	0	0	0	0	0	0
PLoS One	2024-10-01	11262659	103821	7278	0	1	0	1	0	0	0	0	0	0	5	0	0	0	0	0	4	0	0	0	0	0	0	0	0	0	0	0	0	0	0	0	0	0
PLoS One	2024-10-01	11259252	148765	14279	0	14	0	4	0	0	6	1	0	0	4	2	0	0	0	0	59	0	0	6	0	1	0	0	0	0	0	0	0	0	1	0	0	0
PLoS One	2024-10-01	11262651	191572	17284	0	2	1	1	0	0	3	2	0	0	0	3	0	0	0	0	39	0	1	2	0	0	0	0	0	0	0	0	0	0	2	2	0	0
PLoS One	2024-10-01	11259256	151355	12532	0	4	3	4	0	0	0	1	0	0	0	2	0	0	1	0	17	0	0	2	0	0	0	0	1	0	0	0	0	0	0	1	0	1
PLoS One	2024-10-01	11259286	125833	10813	0	7	2	0	0	0	5	1	0	0	1	0	0	0	2	0	40	0	0	11	0	0	1	0	1	0	0	0	0	0	0	0	0	0
PLoS One	2024-10-01	11259273	187448	18216	0	3	0	6	0	0	0	1	0	0	0	9	0	0	0	0	80	0	0	0	0	0	0	0	1	0	0	0	0	0	0	3	0	0
PLoS One	2024-10-01	11262664	91613	7479	0	4	1	2	0	0	2	2	0	0	3	4	0	0	1	0	70	0	0	1	0	0	2	0	0	0	0	0	0	0	0	0	0	0
PLoS One	2024-10-01	11259261	201668	18179	0	1	0	7	0	0	1	2	0	5	20	8	0	0	3	0	72	0	0	1	0	0	3	0	0	0	0	0	0	0	0	0	0	0
PLoS One	2024-10-01	11259269	166749	13452	0	7	0	4	0	0	1	4	0	0	3	5	0	0	0	0	51	0	0	2	0	0	1	0	0	0	0	0	0	0	0	0	0	0
PLoS One	2024-10-01	11259281	73425	6006	0	6	1	0	0	0	6	0	0	0	1	3	0	0	0	0	31	0	0	0	0	0	0	0	0	0	0	0	0	0	0	0	0	0
PLoS One	2024-10-01	11262638	111285	9478	0	0	1	8	0	0	1	0	0	0	0	0	0	0	1	0	54	0	0	2	0	0	0	0	0	0	0	0	0	0	0	0	0	0
PLoS One	2024-10-01	11262641	139994	10903	0	6	1	4	0	0	10	1	0	0	1	2	0	0	2	0	28	0	0	1	0	0	7	0	0	0	0	0	0	0	0	0	0	0
PLoS One	2024-10-01	11262652	5021	328	0	0	0	0	0	0	0	0	0	0	0	0	0	0	0	0	0	0	0	0	0	0	0	0	0	0	0	0	0	0	0	0	0	0
PLoS One	2024-10-01	11259292	132673	11236	0	22	0	4	0	0	0	2	0	0	1	3	0	0	0	0	25	0	0	1	0	0	2	0	0	0	0	0	0	0	0	0	0	0
PLoS One	2024-10-01	11262698	130498	12159	5	14	1	4	0	0	14	9	0	2	0	7	0	0	0	3	61	0	0	5	0	1	3	0	0	0	0	0	0	1	0	1	0	0
PLoS One	2024-10-01	11293721	145480	14792	0	11	0	0	0	0	1	0	0	0	7	0	0	0	1	0	25	0	0	0	0	0	1	0	0	0	0	0	0	0	0	0	0	0
PLoS One	2024-10-01	11293646	223409	20502	0	5	2	1	0	0	0	3	0	0	2	0	0	2	0	0	20	0	0	3	0	0	2	0	0	0	0	0	0	1	0	0	0	0
PLoS One	2024-10-01	11293650	91618	7908	0	8	0	4	0	0	0	0	0	0	2	2	0	1	1	0	73	0	0	0	0	0	0	2	0	0	0	0	0	0	0	1	0	0
PLoS One	2024-10-01	11293659	218530	15704	1	12	0	2	0	0	4	1	0	0	0	5	0	0	0	0	25	0	0	1	0	0	0	3	0	0	0	0	1	0	1	0	0	0
PLoS One	2024-10-01	11293694	161055	13919	0	1	0	2	0	0	0	0	0	1	4	0	0	0	0	0	52	0	1	1	0	0	0	0	0	0	0	0	0	0	0	0	0	0
PLoS One	2024-10-01	11293755	198884	16646	1	10	0	10	0	0	3	0	0	2	3	6	0	0	1	0	109	0	0	29	0	0	2	0	0	0	0	0	0	0	0	0	0	0
PLoS One	2024-10-01	11293724	113452	10547	0	1	1	0	0	0	1	3	0	1	2	1	0	0	0	0	56	0	0	6	0	0	2	0	0	0	0	0	0	0	0	0	0	0
PLoS One	2024-10-01	11293734	109281	9275	0	3	0	2	0	0	2	7	0	0	4	2	0	0	0	0	35	0	0	2	0	0	0	1	0	0	0	0	0	5	0	0	0	0
PLoS One	2024-10-01	11293635	165793	16091	0	18	6	2	0	0	3	4	0	0	0	2	0	0	0	0	61	0	0	0	0	0	1	0	1	0	0	0	0	0	0	0	0	0
PLoS One	2024-10-01	11293634	146376	13722	0	10	0	0	0	0	4	0	0	0	0	8	0	0	0	0	63	0	0	7	0	0	1	0	1	0	0	0	0	0	0	0	0	0
PLoS One	2024-10-01	11293732	88192	8283	0	2	0	1	0	0	0	10	0	0	1	9	0	0	0	0	63	0	0	0	0	0	0	0	0	0	0	0	0	0	0	0	0	0
PLoS One	2024-10-01	11293677	107825	10745	0	15	0	3	0	0	0	0	0	0	3	0	0	0	0	0	50	0	0	0	0	0	1	0	0	0	0	0	0	0	0	0	0	0
PLoS One	2024-10-01	11290621	184381	19187	0	12	0	1	0	0	2	12	0	3	6	5	0	0	0	0	114	0	0	5	0	0	0	0	1	0	0	0	0	0	0	0	0	0
PLoS One	2024-10-01	11293716	84456	7580	0	0	1	5	0	0	0	7	0	0	5	0	0	0	0	0	29	0	0	1	0	0	1	0	0	0	0	0	0	0	0	0	0	0
PLoS One	2024-10-01	11293679	119108	10274	1	3	0	4	0	0	11	3	0	0	0	4	0	0	0	2	26	0	0	15	0	0	1	0	0	0	0	0	0	0	1	0	0	0
PLoS One	2024-10-01	11293671	147816	13245	0	10	0	2	0	3	1	2	0	2	1	9	0	0	0	0	21	0	0	0	0	0	0	0	0	0	1	0	0	0	0	0	0	0
PLoS One	2024-10-01	11293748	129636	9763	0	5	1	3	0	0	0	1	0	0	3	2	0	0	0	0	21	0	0	7	0	0	2	0	0	0	0	0	0	0	1	0	1	0
PLoS One	2024-10-01	11293631	137420	12646	0	0	0	1	0	0	0	0	0	0	0	2	0	0	0	0	25	0	0	0	0	0	1	0	0	0	0	0	0	0	0	0	0	2
PLoS One	2024-10-01	11293729	132191	12321	0	8	0	3	0	1	2	1	0	5	5	5	0	0	0	0	45	0	0	0	0	0	0	0	0	0	0	0	0	0	0	0	0	0
PLoS One	2024-10-01	11293652	117605	9848	0	20	1	11	0	0	3	0	0	0	12	7	0	0	0	0	57	0	0	3	0	0	0	0	0	0	0	0	0	0	0	0	0	0
PLoS One	2024-10-01	11293754	119690	8578	0	0	0	0	0	0	0	0	0	0	0	0	0	0	0	0	3	0	0	1	0	1	0	0	0	0	0	0	1	0	0	0	0	0
PLoS One	2024-10-01	11293662	175782	13804	0	3	1	2	0	0	1	1	0	0	1	5	0	0	0	0	36	0	0	0	0	0	1	0	0	0	0	0	7	0	1	0	0	0
PLoS One	2024-10-01	11293740	252459	19729	0	9	0	1	0	0	14	1	0	0	0	6	0	0	0	0	64	0	0	5	0	0	1	0	0	0	0	0	0	0	0	0	0	0
PLoS One	2024-10-01	11293742	84814	7303	0	1	0	0	0	0	0	0	0	0	0	2	0	0	0	0	31	0	0	0	0	0	1	0	0	0	0	0	0	0	0	0	0	0
PLoS One	2024-10-01	11293657	154716	15181	0	4	0	5	0	0	0	5	0	0	0	0	0	0	0	0	72	0	0	4	0	0	2	0	0	0	0	0	0	0	0	0	0	0
PLoS One	2024-10-01	11309440	78320	5994	0	3	3	2	0	0	0	1	0	0	1	0	0	0	0	0	28	0	0	1	0	0	1	3	0	0	0	0	0	0	0	0	0	0
PLoS One	2024-10-01	11309511	116873	11101	1	2	2	2	0	0	7	4	0	0	0	0	0	0	0	0	61	0	1	11	0	1	0	0	0	0	0	0	1	0	0	0	1	0
PLoS One	2024-10-01	11309485	152851	18077	0	1	1	5	0	0	8	0	0	0	0	1	0	0	0	0	105	0	0	0	0	0	5	0	5	0	0	0	0	0	0	0	1	0
PLoS One	2024-10-01	11309509	149800	11701	0	25	1	3	0	0	0	2	0	0	11	0	0	0	1	0	23	0	0	0	0	0	1	0	0	0	0	0	0	0	1	0	0	0
PLoS One	2024-10-01	11309503	182978	16002	0	2	0	3	0	0	7	0	0	0	4	0	0	0	1	0	89	0	0	0	0	0	2	1	0	0	0	0	0	0	0	0	0	0
PLoS One	2024-10-01	11309500	159976	15718	0	8	2	1	0	0	1	5	0	1	3	6	0	0	1	0	23	0	0	2	0	0	4	0	0	0	0	0	0	0	1	2	0	0
PLoS One	2024-10-01	11309467	176683	14435	0	8	0	7	0	0	3	6	0	0	7	10	0	0	0	0	43	0	0	1	0	0	4	0	0	0	0	0	0	0	0	0	0	1
PLoS One	2024-10-01	11309416	121589	8621	0	1	0	0	0	0	0	0	0	0	1	0	0	0	0	0	35	0	0	1	0	0	1	0	0	0	0	0	0	0	0	0	0	0
PLoS One	2024-10-01	11309386	5559	367	0	0	0	0	0	0	0	0	0	0	0	0	0	0	0	0	1	0	0	0	0	0	0	0	0	0	0	0	0	0	0	0	0	0
PLoS One	2024-10-01	11309382	83978	6056	0	8	0	3	0	0	1	1	0	0	4	3	0	0	0	0	36	0	0	0	0	1	0	1	1	0	0	0	0	0	0	0	0	0
PLoS One	2024-10-01	11309414	136794	11367	0	19	1	5	0	0	2	4	0	0	0	0	0	0	1	0	42	0	0	1	0	0	0	0	0	0	0	0	0	0	0	0	0	0
PLoS One	2024-10-01	11309425	109391	7817	0	3	1	0	0	0	2	3	0	0	0	5	0	0	0	0	28	0	0	0	0	0	0	0	0	0	0	0	0	0	0	0	0	0
PLoS One	2024-10-01	11309388	162726	13224	0	1	2	1	0	0	6	0	0	0	12	1	0	0	0	0	56	0	0	1	0	0	0	2	0	0	0	0	1	0	1	0	0	0
PLoS One	2024-10-01	11309391	205343	14548	0	21	1	0	0	0	2	0	0	2	1	1	0	0	0	0	11	0	0	3	0	0	0	2	0	0	0	0	0	0	0	0	0	0
PLoS One	2024-10-01	11305577	91352	6944	0	7	0	0	0	0	0	0	0	0	2	0	0	0	0	0	27	0	0	0	0	0	0	1	0	0	0	0	0	0	0	0	0	0
PLoS One	2024-10-01	11309479	69092	5430	1	2	0	3	0	0	0	2	0	1	0	2	0	0	0	0	12	0	0	1	0	0	0	0	0	0	0	0	0	0	0	0	0	0
PLoS One	2024-10-01	11309375	4392	289	0	0	0	0	0	0	0	0	0	0	0	0	0	0	0	0	0	0	0	0	0	0	0	0	0	0	0	0	0	0	0	0	0	0
PLoS One	2024-10-01	11309383	128646	12281	1	8	2	10	4	0	9	2	0	0	0	0	0	0	3	0	121	0	0	16	0	3	1	0	1	0	0	0	0	0	2	0	0	0
PLoS One	2024-10-01	11309413	148074	13314	1	2	0	0	0	0	2	2	0	0	4	5	0	0	0	0	37	0	0	9	0	1	0	2	0	0	0	0	0	0	0	0	0	0
PLoS One	2024-10-01	11309482	159924	12485	2	5	0	3	0	0	2	3	0	0	1	1	0	0	0	0	14	0	0	1	0	0	0	0	0	0	0	0	0	0	0	0	0	0
PLoS One	2024-10-01	11309501	4959	322	0	0	0	0	0	0	0	0	0	0	0	0	0	0	0	0	0	0	0	0	0	0	0	0	0	0	0	0	0	0	0	0	0	0
PLoS One	2024-10-01	11309508	184097	12853	0	6	0	0	0	0	4	6	0	0	2	4	0	0	1	0	26	0	0	2	0	1	0	0	0	0	0	0	0	0	0	0	0	0
PLoS One	2024-10-01	11309463	66989	6047	0	8	1	0	0	0	0	4	0	0	0	4	0	0	0	0	3	0	0	0	0	0	0	0	0	0	0	0	0	0	0	0	0	0
PLoS One	2024-10-01	11309418	195039	14741	1	4	0	6	0	0	15	12	0	0	3	2	0	0	0	0	73	0	0	6	0	0	1	0	0	0	0	0	0	0	0	0	0	0
PLoS One	2024-10-01	11309473	90795	7069	0	11	0	4	0	0	0	1	0	0	2	1	0	0	1	0	39	0	0	2	0	0	1	0	0	0	0	0	0	0	0	0	0	0
PLoS One	2024-10-01	11326568	238078	17453	0	7	1	4	0	0	0	1	0	1	1	2	0	0	0	0	53	0	0	1	0	0	0	0	0	0	0	0	0	0	0	0	0	0
PLoS One	2024-10-01	11326644	8016	572	0	0	0	0	0	0	0	0	0	0	0	0	0	0	0	0	0	0	0	0	0	0	0	0	0	0	0	0	0	0	0	0	0	0
PLoS One	2024-10-01	11326551	160040	14568	0	4	4	18	0	0	10	6	0	0	0	1	0	0	0	0	167	0	0	17	0	0	2	1	2	0	0	0	0	0	0	0	4	0
PLoS One	2024-10-01	11326625	138794	11339	0	5	0	1	0	0	0	1	0	0	4	3	0	0	1	0	31	0	0	0	0	0	1	0	1	0	0	0	0	1	0	0	0	0
PLoS One	2024-10-01	11326618	104160	9516	0	14	0	4	0	0	1	3	0	1	2	1	0	0	1	0	54	0	0	0	0	0	3	1	0	0	0	0	0	0	0	0	0	0
PLoS One	2024-10-01	11326617	201199	18942	0	9	2	0	0	0	1	3	0	0	1	2	0	0	0	0	54	0	0	3	0	0	1	0	2	0	0	0	0	0	0	1	0	0
PLoS One	2024-10-01	11326635	107494	10869	0	3	0	0	0	0	5	0	0	1	1	4	0	0	0	0	41	0	0	0	0	2	0	0	1	0	0	0	0	0	0	0	0	0
PLoS One	2024-10-01	11326622	116055	9388	1	4	0	2	0	0	1	0	0	0	0	3	0	0	0	0	8	0	0	0	0	0	0	0	1	0	0	0	0	0	0	0	0	0
PLoS One	2024-10-01	11324118	215269	19403	0	4	0	5	0	0	1	15	0	1	4	0	0	0	0	0	70	0	0	0	0	0	0	0	0	0	0	0	0	0	0	0	0	0
PLoS One	2024-10-01	11326652	124460	10694	0	9	0	0	0	0	0	0	0	0	2	0	0	0	0	0	6	0	0	0	0	0	0	0	1	0	0	0	0	0	0	0	0	0
PLoS One	2024-10-01	11326586	117416	8306	0	4	0	0	0	0	2	4	0	1	0	2	0	0	0	0	29	0	0	0	0	0	0	0	0	0	0	0	0	0	0	0	0	0
PLoS One	2024-10-01	11326554	178005	16963	0	7	1	2	0	3	0	0	0	5	5	5	0	0	0	0	30	0	0	1	0	0	1	0	0	1	0	0	0	1	1	0	0	0
PLoS One	2024-10-01	11326552	116249	11581	0	1	1	6	0	0	0	3	0	0	0	4	0	0	2	0	34	0	0	0	0	0	0	0	0	0	0	0	0	0	0	0	0	0
PLoS One	2024-10-01	11326555	170629	14399	0	4	0	0	0	0	0	1	0	0	16	3	0	0	0	0	32	0	0	3	0	0	0	0	0	0	0	0	0	0	0	0	0	0
PLoS One	2024-10-01	11326639	66965	5693	1	12	1	10	0	0	8	1	0	0	0	3	0	0	1	0	58	0	0	1	0	0	1	0	0	0	0	0	0	0	0	0	0	0
PLoS One	2024-10-01	11326648	108039	9501	0	0	0	2	0	0	1	0	0	3	0	2	0	0	0	0	71	0	0	0	0	0	0	0	0	0	0	0	0	0	0	0	0	0
PLoS One	2024-10-01	11326588	245310	21840	0	1	0	2	0	0	4	2	0	1	0	13	0	0	0	0	58	0	0	2	0	0	2	0	2	0	0	0	0	0	0	0	0	0
PLoS One	2024-10-01	11326632	104305	8453	0	5	0	0	0	0	0	1	0	1	0	1	0	0	1	0	42	0	0	1	0	0	0	0	0	0	0	0	0	0	0	1	0	0
PLoS One	2024-10-01	11326566	53780	5150	1	10	0	1	0	0	7	0	0	0	0	0	0	0	0	0	19	0	0	6	0	0	2	0	0	0	0	0	0	0	0	0	0	0
PLoS One	2024-10-01	11326636	148163	12999	0	7	0	2	0	0	1	0	0	4	1	2	0	1	0	0	27	0	0	1	0	0	0	0	1	0	0	0	0	0	0	0	0	0
PLoS One	2024-10-01	11326613	5708	396	0	0	0	0	0	0	0	0	0	0	0	0	0	0	0	0	0	0	0	0	0	0	0	0	0	0	0	0	0	0	0	0	0	0
PLoS One	2024-10-01	11326609	128928	10375	0	0	1	0	0	0	0	0	0	0	1	1	0	0	0	0	49	0	0	2	0	0	0	0	0	0	0	0	0	0	0	0	0	0
PLoS One	2024-10-01	11326596	82904	8359	0	17	0	3	0	0	0	1	0	0	0	0	0	0	1	0	26	0	0	3	0	2	1	0	0	0	0	0	0	0	0	0	0	0
PLoS One	2024-10-01	11326556	130420	10049	0	1	0	0	0	0	2	0	0	0	0	0	0	0	0	0	2	0	0	0	0	0	0	1	2	0	2	0	1	0	0	0	0	0
PLoS One	2024-10-01	11326569	92291	7348	0	17	0	0	0	0	1	0	0	0	0	0	0	0	0	0	23	0	0	5	0	0	0	0	0	0	0	0	0	0	0	0	0	0
PLoS One	2024-10-01	11341052	82420	8232	0	14	2	1	0	0	2	4	0	0	0	0	0	0	1	1	26	0	0	5	0	0	2	4	0	0	0	0	0	0	0	1	0	0
PLoS One	2024-10-01	11341017	5396	329	0	0	0	0	0	0	0	0	0	0	0	0	0	0	0	0	0	0	0	0	0	0	0	0	0	0	0	0	0	0	0	0	0	0
PLoS One	2024-10-01	11340954	153138	14602	0	1	0	1	0	0	2	0	0	0	0	2	0	0	0	0	24	0	0	1	0	0	0	4	0	0	0	0	0	0	0	1	0	0
PLoS One	2024-10-01	11340969	144743	12579	0	12	1	2	0	0	0	4	0	0	1	4	0	0	0	0	140	0	0	3	0	0	1	2	0	0	0	0	0	0	0	1	0	0
PLoS One	2024-10-01	11340976	196585	15344	0	4	0	1	0	0	0	3	0	0	23	1	0	0	1	0	27	0	0	0	0	0	0	0	0	0	0	0	2	1	0	0	0	0
PLoS One	2024-10-01	11340958	140417	11262	0	6	0	6	0	0	0	1	0	0	5	3	0	0	0	0	40	0	0	0	0	0	0	0	0	0	0	0	0	0	0	0	0	0
PLoS One	2024-10-01	11341032	80910	6963	0	10	0	5	0	0	2	3	0	0	2	0	0	0	0	0	48	0	0	6	0	0	0	0	0	0	0	0	0	0	0	0	0	0
PLoS One	2024-10-01	11341022	115640	9928	1	9	0	2	0	0	7	2	0	1	1	7	0	1	2	0	31	0	0	1	0	0	0	0	0	0	0	0	0	0	0	0	0	0
PLoS One	2024-10-01	11340966	196079	19437	0	3	0	2	0	0	16	8	0	0	10	0	0	0	4	0	50	0	0	1	0	0	5	0	0	0	0	0	0	0	0	0	0	0
PLoS One	2024-10-01	11340973	193407	14491	0	6	0	0	0	0	0	0	0	1	0	1	0	0	0	0	14	0	0	0	0	1	1	0	1	0	0	0	0	1	0	0	0	0
PLoS One	2024-10-01	11341027	125681	10651	0	2	1	2	0	0	3	5	0	1	2	3	0	0	0	0	75	0	0	3	0	0	0	0	0	0	0	0	0	0	0	0	1	0
PLoS One	2024-10-01	11341055	181612	14075	1	5	1	1	0	0	1	2	0	0	16	1	0	0	0	0	41	0	0	0	0	0	0	0	0	0	0	0	0	0	0	0	0	0
PLoS One	2024-10-01	11340886	98793	9364	0	3	0	3	0	0	1	0	0	0	1	2	0	0	0	0	5	0	0	0	0	0	0	0	0	0	0	0	0	0	0	0	0	0
PLoS One	2024-10-01	11340940	57070	4118	0	7	0	8	0	0	0	1	0	0	0	1	0	0	0	0	55	0	0	2	0	0	1	0	0	0	0	0	0	0	0	0	0	0
PLoS One	2024-10-01	11341020	89091	7813	0	16	0	3	0	0	1	2	0	0	1	5	0	0	0	0	24	0	0	0	0	0	2	0	0	0	0	0	0	0	0	0	0	0
PLoS One	2024-10-01	11340949	102105	8328	0	3	0	2	0	0	3	0	0	0	0	1	0	0	0	0	23	0	0	2	0	0	0	0	0	0	0	0	0	0	0	0	0	0
PLoS One	2024-10-01	11341063	271501	26394	0	21	0	2	0	0	6	2	0	2	2	3	0	0	0	0	112	0	0	2	0	2	12	0	2	0	1	0	0	0	0	0	0	0
PLoS One	2024-10-01	11340977	149184	14236	0	5	1	2	0	0	6	1	0	0	1	0	0	0	2	0	47	0	0	9	0	0	2	0	0	0	0	0	0	0	0	0	0	0
PLoS One	2024-10-01	11340990	177812	14573	0	6	0	4	0	0	3	2	0	3	1	2	0	1	2	0	42	0	0	1	0	0	0	0	0	0	0	0	0	0	0	0	0	0
PLoS One	2024-10-01	11341056	114896	9997	0	3	1	3	4	0	0	0	0	0	3	3	0	0	0	0	38	0	0	0	0	0	0	0	0	0	0	0	0	0	0	0	0	0
PLoS One	2024-10-01	11340967	127299	9085	0	8	1	10	0	0	8	2	0	0	2	4	0	0	0	0	42	0	0	0	0	1	0	0	1	0	0	0	0	0	0	0	0	0
PLoS One	2024-10-01	11341026	285745	29438	3	2	13	8	0	0	15	22	0	0	0	11	0	0	2	1	151	0	2	44	0	0	7	0	1	0	0	0	0	0	0	0	0	2
PLoS One	2024-10-01	11340942	121936	10605	0	4	1	0	0	0	2	2	0	0	0	0	0	0	0	0	55	0	0	0	0	0	0	0	0	0	0	0	0	0	0	0	0	0
PLoS One	2024-10-01	11340979	58585	4768	0	10	0	1	0	0	4	0	0	0	0	4	0	0	0	0	77	0	0	2	0	0	3	1	0	0	0	0	0	0	0	0	0	0
PLoS One	2024-10-01	11340950	106176	9230	0	3	0	0	0	0	0	0	0	0	11	0	0	0	0	0	63	0	0	1	0	0	3	0	1	0	0	0	0	1	0	0	0	0
PLoS One	2024-10-01	11364246	209332	18720	0	1	2	0	0	0	5	0	0	0	1	1	1	0	0	0	48	0	0	4	0	0	1	0	0	0	0	0	0	0	0	0	0	0
PLoS One	2024-10-01	11361663	195496	18789	0	8	0	1	1	0	2	0	0	0	52	0	0	0	0	0	104	0	0	1	0	0	0	0	0	1	0	0	0	0	1	0	0	0
PLoS One	2024-10-01	11361660	122309	8745	0	3	1	0	0	0	0	0	0	0	0	3	0	0	0	0	4	0	0	1	0	0	1	0	0	0	0	0	0	0	0	0	0	0
PLoS One	2024-10-01	11361690	110299	9114	0	3	0	0	0	0	0	0	0	0	0	0	0	0	0	0	7	0	0	0	0	0	0	0	0	0	1	0	1	0	0	0	0	0
PLoS One	2024-10-01	11364221	82708	7028	0	0	0	3	0	0	0	0	0	1	2	0	0	0	0	0	24	0	0	1	0	0	0	0	0	0	0	0	0	0	0	0	0	0
PLoS One	2024-10-01	11361681	117864	9142	0	8	0	0	0	0	1	2	0	0	1	0	0	0	0	0	18	0	0	1	0	0	0	1	0	0	0	0	0	0	0	2	0	0
PLoS One	2024-10-01	11364220	133924	12384	0	9	0	9	0	0	0	0	0	0	0	0	0	0	1	0	101	0	0	1	0	0	1	1	0	0	0	0	0	0	0	1	0	0
PLoS One	2024-10-01	11364225	149789	12689	0	6	0	3	0	0	2	1	0	0	0	0	0	0	0	0	32	0	0	0	0	0	0	0	0	0	0	0	1	0	0	0	0	0
PLoS One	2024-10-01	11364412	140383	14642	1	7	2	0	0	0	0	10	0	0	0	0	0	0	1	0	27	0	0	3	0	0	1	0	0	0	0	0	0	0	0	0	0	0
PLoS One	2024-10-01	11361686	162063	16295	0	10	1	0	0	0	4	4	0	5	6	0	0	0	0	0	62	0	0	0	0	0	2	1	0	0	0	0	0	0	0	0	0	1
PLoS One	2024-10-01	11364223	88851	7993	0	2	0	0	0	0	6	1	0	0	0	3	0	0	0	0	15	0	0	2	0	0	1	0	0	0	0	0	0	0	0	0	0	0
PLoS One	2024-10-01	11364248	88500	7081	0	1	1	3	0	0	2	0	0	0	3	1	0	0	1	0	67	0	0	5	0	0	0	0	0	0	0	0	0	0	0	0	0	0
PLoS One	2024-10-01	11361653	114293	12254	0	18	2	1	0	0	0	28	0	0	6	0	0	0	0	0	305	0	0	3	0	0	0	0	1	0	0	0	0	0	0	1	0	1
PLoS One	2024-10-01	11361676	200117	18372	1	32	1	1	0	0	4	2	0	1	3	7	0	0	0	0	95	0	0	3	0	0	0	0	0	0	0	0	0	1	0	1	1	0
PLoS One	2024-10-01	11364426	131904	9950	0	13	0	0	0	0	0	0	0	0	1	0	0	0	0	0	24	0	0	0	0	0	0	0	0	0	0	0	0	0	0	0	0	0
PLoS One	2024-10-01	11361652	135056	12866	0	4	1	5	0	0	2	2	0	0	5	1	0	0	0	0	60	0	0	1	0	0	3	0	0	0	0	0	0	0	0	0	0	0
PLoS One	2024-10-01	11361691	167820	14428	0	14	0	1	1	0	0	0	0	2	5	2	0	0	0	0	97	0	0	0	0	0	4	1	0	0	0	0	0	0	0	4	0	0
PLoS One	2024-10-01	11364224	175694	14591	0	3	0	1	0	0	5	6	0	1	11	1	0	0	0	1	32	0	0	3	0	0	0	0	1	0	0	0	0	0	0	2	0	0
PLoS One	2024-10-01	11361683	130380	11467	0	6	1	1	0	0	10	9	0	0	0	8	0	0	0	0	97	0	0	12	0	0	6	0	1	0	0	0	0	0	1	0	0	0
PLoS One	2024-10-01	11364283	58073	4767	0	0	0	4	0	0	3	1	0	0	0	0	0	0	0	0	6	0	0	0	0	0	0	0	0	0	0	0	0	0	0	0	0	0
PLoS One	2024-10-01	11364414	97676	7198	0	0	0	0	0	0	0	0	0	0	1	0	0	0	0	0	4	0	0	0	0	0	0	0	0	0	0	0	0	0	0	0	0	0
PLoS One	2024-10-01	11364416	118062	11093	0	0	1	1	0	0	1	0	0	0	3	2	0	0	5	0	7	0	0	1	0	0	0	0	1	0	0	0	0	0	0	0	0	0
PLoS One	2024-10-01	11364424	111419	9417	0	8	0	0	0	0	1	0	0	0	3	2	0	0	0	0	45	0	0	4	0	1	0	0	0	0	0	0	1	0	0	0	0	0
PLoS One	2024-10-01	11361669	99143	8293	0	2	0	1	0	0	0	2	0	0	3	6	0	0	0	0	18	0	0	0	0	0	0	0	0	0	0	0	0	0	1	0	0	0
PLoS One	2024-10-01	11361696	294931	24140	0	0	2	4	0	0	9	3	0	0	24	6	0	0	2	0	66	0	0	4	0	0	4	0	0	0	2	0	0	0	0	21	0	4
PLoS One	2024-10-01	11379141	137153	11491	0	4	2	1	0	0	1	1	0	0	10	4	0	1	0	0	49	0	0	0	0	0	0	0	0	0	0	0	0	0	0	0	0	0
PLoS One	2024-10-01	11379217	140327	13048	0	1	0	0	0	0	1	0	0	0	2	0	0	0	0	0	61	0	0	1	0	0	2	0	0	0	0	0	0	0	0	0	0	0
PLoS One	2024-10-01	11379176	82715	6353	0	7	0	5	1	0	2	1	0	0	15	0	0	0	1	0	44	0	0	0	0	0	1	2	0	0	0	0	0	0	0	0	0	0
PLoS One	2024-10-01	11379279	97362	8685	0	6	0	5	0	0	1	0	0	0	0	1	0	0	1	0	40	0	0	0	0	0	1	1	0	0	0	0	0	0	0	0	0	0
PLoS One	2024-10-01	11379163	99543	9195	0	7	0	0	0	0	0	5	0	1	0	9	0	0	2	0	43	0	0	1	0	0	2	0	0	0	0	0	0	0	0	0	0	0
PLoS One	2024-10-01	11379242	161062	13451	0	6	1	2	0	0	5	4	0	0	0	9	0	0	0	0	50	0	0	0	0	0	0	0	0	0	0	0	0	0	0	0	0	0
PLoS One	2024-10-01	11379287	95134	7775	0	3	1	0	0	0	0	1	0	0	0	0	0	0	0	0	26	0	0	0	0	0	0	0	0	0	0	0	0	0	0	0	0	0
PLoS One	2024-10-01	11379306	1041682	32559	0	4	0	1	0	0	1	2	0	10	0	0	0	0	0	0	11	0	0	0	0	0	3	0	1	0	0	0	0	0	0	0	0	0
PLoS One	2024-10-01	11379380	113819	8883	0	9	0	7	0	0	0	0	0	2	7	3	0	0	0	0	67	0	0	1	0	0	0	0	0	0	0	0	0	0	2	0	0	0
PLoS One	2024-10-01	11379184	82042	7591	0	0	0	1	0	0	1	3	0	0	38	0	0	0	0	0	16	0	0	5	0	0	0	0	1	0	0	0	0	0	0	0	0	0
PLoS One	2024-10-01	11379170	140564	12352	0	1	1	2	0	0	0	0	0	0	3	0	0	0	1	0	16	0	0	4	0	0	0	0	0	0	0	0	0	0	0	0	0	0
PLoS One	2024-10-01	11379179	175616	15027	0	7	0	5	0	0	3	0	0	0	4	2	0	0	0	0	72	0	0	0	0	0	1	0	0	0	0	0	2	3	1	0	0	0
PLoS One	2024-10-01	11379267	132737	12227	0	2	1	1	1	0	6	1	0	0	0	0	0	0	0	0	39	0	0	6	0	0	2	0	0	0	1	0	0	0	0	0	0	0
PLoS One	2024-10-01	11379240	178455	16294	0	16	0	1	0	0	2	1	0	0	34	0	0	0	0	0	42	0	0	3	0	0	0	0	1	0	0	0	0	0	0	0	0	0
PLoS One	2024-10-01	11379236	165035	11394	1	10	0	1	0	0	4	6	0	0	0	1	0	0	0	0	19	0	0	1	0	0	0	0	0	0	0	0	1	0	0	0	0	0
PLoS One	2024-10-01	11379278	113079	10544	0	9	0	1	0	0	4	3	0	0	0	8	0	0	0	0	18	0	0	1	0	0	0	0	0	0	1	0	0	0	0	0	0	0
PLoS One	2024-10-01	11379177	109028	8909	1	1	0	2	0	0	3	3	0	0	3	2	0	0	0	0	59	0	0	6	0	0	2	0	0	0	0	0	0	0	0	0	0	0
PLoS One	2024-10-01	11379316	160211	14027	0	4	0	0	0	1	0	1	0	0	3	0	0	0	0	0	32	0	0	3	0	0	1	0	0	0	0	0	0	0	0	0	0	0
PLoS One	2024-10-01	11379377	258287	21733	0	12	1	7	0	0	3	2	0	0	0	1	0	0	1	0	51	0	0	2	0	0	2	2	0	0	0	0	0	0	0	0	0	0
PLoS One	2024-10-01	11379219	89345	8619	0	5	0	0	0	0	0	0	0	0	1	2	0	0	0	0	46	0	0	0	0	0	2	0	0	0	0	0	0	3	1	1	0	0
PLoS One	2024-10-01	11379153	91151	9600	0	8	1	3	0	0	4	1	0	2	1	4	0	0	2	0	23	0	0	5	0	0	0	0	0	0	0	0	2	1	0	1	0	1
PLoS One	2024-10-01	11379223	130386	9861	0	7	0	1	0	0	0	0	0	1	4	3	0	0	0	0	17	0	0	3	0	0	0	5	0	0	0	0	0	0	0	0	0	0
PLoS One	2024-10-01	11379209	129704	10477	0	6	1	5	0	0	1	11	0	0	0	3	0	0	0	0	44	0	0	1	0	0	5	0	0	0	0	0	0	0	0	0	0	0
PLoS One	2024-10-01	11379215	124205	8545	0	1	1	1	0	0	3	0	0	0	2	0	0	0	0	0	5	0	0	0	0	0	0	0	0	0	0	0	0	0	0	0	0	0
PLoS One	2024-10-01	11379320	203856	15318	0	51	0	1	0	0	2	4	0	0	0	6	0	0	1	0	33	0	1	2	0	0	0	0	0	0	0	0	0	0	0	0	0	0
PLoS One	2024-10-01	11392336	8507	727	0	0	0	0	0	0	0	0	0	0	1	0	0	0	0	0	0	0	0	0	0	0	0	0	0	0	0	0	0	0	0	0	0	0
PLoS One	2024-10-01	11392417	127217	9488	0	8	0	0	0	0	1	0	0	0	0	0	0	0	0	0	23	0	0	0	0	0	0	0	0	0	0	0	0	0	0	0	0	0
PLoS One	2024-10-01	11398649	140948	13573	0	6	0	0	0	0	0	0	0	0	0	0	0	0	0	0	12	0	0	0	0	1	0	0	0	0	0	0	0	0	0	0	0	0
PLoS One	2024-10-01	11392230	165667	15071	0	0	2	3	0	0	3	0	0	0	1	6	0	0	0	0	16	0	0	0	0	0	0	0	0	0	0	0	0	0	0	0	0	0
PLoS One	2024-10-01	11398651	117630	10023	0	18	1	8	0	0	0	2	0	0	0	10	0	0	0	0	36	0	0	1	0	0	0	0	0	0	0	0	0	0	0	0	0	0
PLoS One	2024-10-01	11392399	152609	14539	0	8	0	0	0	0	1	0	0	0	4	5	0	0	1	0	34	0	0	1	0	0	2	0	0	0	0	0	0	0	0	0	0	0
PLoS One	2024-10-01	11398666	130394	11328	0	13	0	4	0	0	5	3	0	0	0	3	0	0	0	0	24	0	0	0	0	2	0	0	0	0	0	0	1	0	0	0	0	0
PLoS One	2024-10-01	11398644	180530	16971	2	3	0	0	0	0	5	0	0	0	0	2	0	0	0	0	46	0	0	1	0	2	1	0	1	0	0	0	2	0	0	0	0	0
PLoS One	2024-10-01	11392273	143473	11704	0	3	0	3	0	0	2	0	0	0	0	0	0	0	0	0	6	0	0	0	0	0	0	1	0	0	0	0	0	0	0	0	0	0
PLoS One	2024-10-01	11392424	178260	13565	0	14	0	11	2	0	1	1	0	4	14	0	0	1	0	0	177	0	0	0	0	0	6	3	0	0	0	0	0	0	0	0	0	0
PLoS One	2024-10-01	11398680	122918	10127	0	9	0	8	1	0	1	1	0	0	0	2	0	0	0	1	120	0	0	0	0	0	2	3	2	0	0	0	0	0	0	0	0	0
PLoS One	2024-10-01	11398646	249156	21270	0	13	0	17	0	0	2	5	0	2	61	4	0	0	1	0	80	0	0	2	0	0	0	2	0	0	0	0	0	0	0	0	0	0
PLoS One	2024-10-01	11398660	176709	16340	0	1	0	0	0	0	4	0	0	0	0	0	0	0	0	0	6	0	0	0	0	1	0	0	0	0	0	0	0	0	0	0	0	0
PLoS One	2024-10-01	11392238	113548	10058	0	0	0	1	0	0	2	1	0	0	0	1	0	0	0	0	5	0	0	2	0	0	0	0	0	0	0	0	0	0	0	1	0	0
PLoS One	2024-10-01	11392388	255880	17890	0	3	0	0	0	0	0	0	0	0	2	1	0	0	0	0	50	0	0	0	0	0	0	1	0	0	0	0	1	0	0	0	0	0
PLoS One	2024-10-01	11398636	114757	10844	0	7	0	2	0	0	5	5	0	0	5	2	0	0	0	1	33	0	0	1	0	0	2	0	1	0	0	0	0	0	1	3	0	2
PLoS One	2024-10-01	11392271	233856	18159	1	3	0	0	0	0	8	5	0	0	32	0	0	0	0	0	12	0	1	0	0	0	0	0	0	0	0	0	0	0	0	0	0	0
PLoS One	2024-10-01	11398686	123474	9017	0	2	0	0	0	0	0	1	0	0	0	0	0	0	0	0	14	0	0	0	0	1	0	0	0	0	0	0	1	0	0	0	0	0
PLoS One	2024-10-01	11392386	211818	17946	0	5	0	2	0	0	1	0	0	0	1	1	0	0	0	0	22	0	0	0	0	0	0	0	0	0	0	0	0	0	0	0	0	0
PLoS One	2024-10-01	11392267	267920	23826	0	11	0	2	0	0	1	7	0	0	13	4	0	0	2	1	14	0	0	2	0	1	1	0	0	0	0	0	5	0	0	0	0	0
PLoS One	2024-10-01	11392384	204034	17272	0	4	0	0	0	0	9	5	0	0	5	5	0	0	0	0	111	0	0	1	0	0	4	0	0	0	0	0	0	0	0	0	0	0
PLoS One	2024-10-01	11392408	71880	6160	0	1	0	7	0	0	0	2	0	1	1	0	0	0	0	0	18	0	0	0	0	0	0	0	0	0	0	0	0	0	0	0	0	0
PLoS One	2024-10-01	11392335	119052	9673	0	5	0	0	0	0	1	1	0	0	1	1	0	1	0	0	22	0	0	3	0	0	1	0	0	0	0	0	0	0	0	0	0	0
PLoS One	2024-10-01	11392237	173070	15674	1	12	0	0	0	0	17	4	0	0	2	8	0	0	0	1	66	0	0	2	0	0	0	0	0	0	0	0	0	0	0	0	0	0
PLoS One	2024-10-01	11392242	123872	11153	0	0	0	0	0	0	1	2	0	0	0	0	0	0	0	0	11	0	0	0	0	0	0	0	1	0	0	0	0	0	0	0	0	1
PLoS One	2024-10-01	11414899	171543	16477	0	10	5	10	0	0	4	25	0	0	2	2	0	0	3	0	98	0	0	2	0	0	5	0	0	0	0	0	0	0	0	0	0	0
PLoS One	2024-10-01	11412547	157005	13530	0	2	1	6	0	0	4	0	0	2	16	1	0	0	2	0	60	0	0	3	0	0	0	0	0	0	0	0	1	0	0	0	0	0
PLoS One	2024-10-01	11412533	226848	15517	0	6	1	2	1	0	5	0	0	0	0	7	0	0	2	0	53	0	0	5	0	0	0	0	1	0	0	0	0	0	0	0	0	0
PLoS One	2024-10-01	11412495	78391	6690	0	1	2	3	0	0	0	1	0	0	1	0	0	0	0	0	25	0	0	2	0	0	0	0	0	0	0	0	0	0	0	0	0	0
PLoS One	2024-10-01	11412544	156520	12724	0	1	1	0	0	0	0	0	0	1	4	2	0	0	1	0	39	0	0	2	0	0	0	0	0	0	0	0	0	0	0	0	0	0
PLoS One	2024-10-01	11414909	90360	7327	0	0	0	0	0	0	5	2	0	0	0	3	0	0	0	0	32	0	0	0	0	0	0	1	0	0	0	0	0	0	0	0	0	0
PLoS One	2024-10-01	11414928	227986	23802	1	8	0	0	0	1	7	3	0	0	0	1	0	0	0	1	43	0	0	15	0	0	2	0	0	0	0	0	1	0	0	0	0	0
PLoS One	2024-10-01	11412645	188896	16495	0	1	0	4	0	0	2	0	0	0	4	0	0	0	0	0	64	0	0	1	0	0	2	0	0	0	0	0	0	0	0	0	0	0
PLoS One	2024-10-01	11412542	152732	12936	0	8	0	11	0	0	0	9	0	0	2	6	0	0	0	0	58	0	0	4	0	0	0	0	0	0	0	0	2	0	0	0	0	0
PLoS One	2024-10-01	11414973	203449	22267	1	6	1	9	0	0	0	5	0	5	0	2	0	0	0	0	44	0	0	0	0	0	5	0	1	0	0	0	0	0	0	3	0	0
PLoS One	2024-10-01	11412636	87374	7183	0	2	0	4	0	0	0	1	0	0	2	3	0	0	2	0	31	0	0	0	0	0	0	0	0	0	0	0	0	0	0	0	0	1
PLoS One	2024-10-01	11414922	157884	16220	0	9	0	1	0	0	4	7	0	0	5	2	0	0	1	0	56	0	0	7	0	0	0	0	2	0	0	1	0	1	0	1	0	3
PLoS One	2024-10-01	11412504	130992	10997	0	2	0	1	0	0	3	0	0	0	0	0	0	0	0	0	55	0	0	0	0	0	1	0	0	0	0	0	0	0	0	0	0	0
PLoS One	2024-10-01	11414993	186571	16033	0	1	0	1	0	0	2	0	0	0	7	0	0	0	0	0	15	0	0	0	0	0	1	0	0	0	0	0	0	0	0	0	0	0
PLoS One	2024-10-01	11412740	10921	937	0	0	0	0	0	0	0	0	0	0	0	0	0	0	0	0	0	0	0	0	0	0	0	0	0	0	0	0	0	0	0	0	0	0
PLoS One	2024-10-01	11412519	66592	5136	0	8	1	2	2	0	1	3	0	0	3	0	0	0	0	0	56	0	0	5	0	0	0	2	0	0	0	0	1	0	1	0	0	0
PLoS One	2024-10-01	11414914	282495	19433	2	9	0	0	0	0	9	4	0	1	2	5	0	0	0	0	43	0	0	2	0	3	0	0	0	0	0	0	0	0	0	1	0	0
PLoS One	2024-10-01	11412548	182652	13477	0	10	1	8	0	0	3	2	0	1	1	0	0	0	0	0	12	0	0	0	0	0	0	2	0	0	0	0	0	7	0	0	0	0
PLoS One	2024-10-01	11412500	235337	23984	0	11	3	0	0	0	12	0	0	3	3	1	0	0	1	0	78	0	0	4	0	2	4	0	4	0	1	1	3	1	1	2	0	0
PLoS One	2024-10-01	11414985	89830	7633	0	2	0	0	0	0	0	0	0	0	0	1	0	0	0	0	7	0	0	4	0	0	0	0	0	0	0	0	0	0	0	0	0	0
PLoS One	2024-10-01	11414938	129789	12223	0	3	0	4	0	0	7	0	0	0	0	6	0	0	0	0	47	0	0	0	0	1	0	0	0	1	0	0	0	0	0	0	0	2
PLoS One	2024-10-01	11412640	158273	9618	0	7	0	1	0	0	1	0	0	0	15	1	0	0	0	0	10	0	0	3	0	0	1	0	0	0	0	0	0	0	1	0	0	0
PLoS One	2024-10-01	11414890	159486	14051	0	12	0	1	0	0	8	30	0	0	12	0	0	0	1	0	43	0	0	8	0	0	0	0	0	0	0	0	0	0	0	0	0	0
PLoS One	2024-10-01	11414929	78333	6134	0	6	0	0	0	0	0	7	0	7	0	9	0	0	0	0	37	0	0	0	0	0	0	0	0	0	0	0	0	0	0	0	0	0
PLoS One	2024-10-01	11412529	82709	8093	0	2	0	5	0	0	2	1	0	1	0	1	0	0	1	1	33	0	0	6	0	0	0	0	0	0	0	0	0	0	0	0	0	0
PLoS One	2024-10-01	11441707	297242	28649	0	16	0	2	0	0	4	2	0	0	3	10	0	0	0	0	93	0	0	20	0	1	2	0	2	0	0	0	0	0	0	0	0	0
PLoS One	2024-10-01	11444388	170247	17722	0	3	1	1	0	0	4	3	0	0	5	0	0	0	0	0	78	0	1	3	0	0	4	0	0	0	0	0	0	0	0	1	0	0
PLoS One	2024-10-01	11444385	103026	9071	0	0	0	0	0	0	0	0	0	2	0	0	0	1	0	0	31	0	0	1	0	0	0	0	0	0	0	0	0	0	0	0	0	0
PLoS One	2024-10-01	11441673	303688	17879	0	19	1	5	0	0	15	6	0	0	3	11	0	0	0	0	32	0	0	3	0	0	0	0	0	0	0	0	0	0	0	0	0	0
PLoS One	2024-10-01	11441700	104285	8446	0	3	0	3	0	0	0	0	0	10	0	0	0	0	0	0	28	0	0	1	0	0	2	0	0	0	0	0	0	1	0	0	0	0
PLoS One	2024-10-01	11444410	232115	15863	0	30	0	1	0	0	10	0	0	0	10	1	0	0	0	0	29	0	0	1	0	0	0	0	0	0	0	0	0	0	0	1	0	0
PLoS One	2024-10-01	11432913	104768	9683	0	0	0	0	0	0	1	0	0	0	0	0	0	0	0	0	5	0	0	2	0	0	0	0	0	0	0	0	1	0	0	0	0	0
PLoS One	2024-10-01	11441676	109234	9411	0	16	1	2	0	0	1	1	0	0	2	0	0	0	0	0	61	0	0	1	0	0	0	0	0	0	0	0	0	0	0	0	0	0
PLoS One	2024-10-01	11441695	106735	8096	0	21	2	6	0	0	2	4	0	2	0	3	0	0	1	0	117	0	0	4	0	0	2	1	0	0	0	0	0	0	0	1	0	0
PLoS One	2024-10-01	11441659	163022	13016	0	3	0	0	0	0	5	5	0	0	4	7	0	0	0	0	32	0	0	0	0	0	0	0	0	0	0	0	0	0	0	0	0	2
PLoS One	2024-10-01	11441696	168907	17759	0	4	0	2	0	0	0	0	0	19	1	1	0	0	0	0	115	0	0	0	0	0	1	0	3	0	0	0	0	0	0	0	0	0
PLoS One	2024-10-01	11441688	495419	21047	1	11	0	0	0	0	2	2	0	0	34	2	0	0	0	0	10	0	0	6	0	0	0	0	1	0	0	0	0	0	0	0	0	0
PLoS One	2024-10-01	11441655	172006	12323	0	3	0	4	0	0	3	0	0	0	0	5	0	0	0	0	22	0	0	0	0	0	0	0	0	0	0	0	0	0	0	0	0	0
PLoS One	2024-10-01	11441693	150047	16249	0	13	1	13	0	0	4	4	0	0	32	0	0	0	0	0	46	0	0	1	0	0	2	0	0	0	0	0	0	1	0	0	0	0
PLoS One	2024-10-01	11441650	129146	12563	0	4	0	2	0	0	9	0	0	0	2	2	0	0	0	0	17	0	0	5	0	0	0	1	0	0	0	0	0	0	0	0	0	0
PLoS One	2024-10-01	11444402	131106	11356	0	14	0	3	0	0	0	2	0	1	0	3	0	0	3	0	39	0	0	3	0	0	0	0	0	0	0	0	0	0	0	3	0	0
PLoS One	2024-10-01	11432897	213714	16929	0	8	4	6	0	0	16	10	0	0	0	2	1	0	4	0	59	0	0	9	0	0	11	0	1	0	1	0	0	0	0	0	0	0
PLoS One	2024-10-01	11441648	165958	14990	0	12	1	9	0	0	1	1	0	2	8	0	0	0	0	0	93	0	0	6	0	0	1	0	2	0	0	0	0	2	1	0	0	0
PLoS One	2024-10-01	11441677	62971	5481	0	4	0	0	0	0	0	1	0	0	5	0	0	0	0	0	12	0	0	0	0	0	0	0	0	0	0	0	0	0	0	1	0	0
PLoS One	2024-10-01	11432829	121272	10020	0	3	2	0	0	0	1	0	0	2	0	0	0	0	0	0	35	0	0	1	0	0	1	0	0	0	0	0	0	0	1	1	0	0
PLoS One	2024-10-01	11444419	141568	13266	0	2	0	1	0	0	4	10	0	0	4	2	0	0	0	0	43	0	0	0	0	0	7	0	0	0	0	0	0	0	1	0	0	0
PLoS One	2024-10-01	11441701	143869	11645	0	5	0	6	0	0	0	3	0	0	1	0	0	0	0	0	41	0	0	3	0	0	1	0	0	0	0	0	0	0	0	0	0	0
PLoS One	2024-10-01	11441647	163735	15202	0	4	1	2	0	0	1	1	0	1	54	0	0	0	0	0	63	0	0	1	0	0	0	2	0	9	0	0	0	1	0	0	0	0
PLoS One	2024-10-01	11432879	101312	7783	0	7	2	0	1	0	0	2	0	0	1	4	0	0	1	0	64	0	0	2	0	0	3	2	0	0	0	0	0	0	0	0	0	0
PLoS One	2024-10-01	11444398	169721	15219	0	3	0	0	0	0	0	2	0	1	9	2	0	0	0	0	8	0	0	0	0	0	2	2	0	0	0	0	0	0	0	0	0	0
