journal	date	pmc_id	Nchars	Nwords	delve	analyse	acknowledge	assess	appraise	dissect	explore	examine	extricate	expose	estimate	investigate	inquire	inspect	interpret	scrutinise	study	unearth	uncover	understand	ponder	research	reason	retrieve	avoid	discount	disregard	dismiss	ignore	neglect	overlook	omit	skip	reject
Sci Rep	2022-07-01	8993826	117352	9153	0	3	0	0	0	0	0	1	0	0	0	4	0	0	4	0	68	0	0	5	0	0	0	1	0	0	0	0	0	0	0	0	0	0
Sci Rep	2022-07-01	8992786	98602	9779	0	10	0	1	0	0	2	1	0	0	4	8	0	0	1	0	25	0	0	0	0	0	0	0	0	0	0	0	0	0	0	0	0	0
Sci Rep	2022-07-01	8990276	44735	4149	0	3	0	0	0	0	0	0	0	0	1	0	0	0	0	0	13	0	0	0	0	0	0	0	0	0	0	0	0	0	0	0	0	0
Sci Rep	2022-07-01	8993876	113355	10154	0	3	0	4	0	0	2	0	0	0	0	0	0	0	0	0	71	0	0	1	0	0	1	0	0	0	0	0	0	0	0	0	0	0
Sci Rep	2022-07-01	8991185	156751	13331	0	11	0	0	0	0	4	5	0	1	1	10	0	0	1	0	53	0	0	1	0	0	0	0	0	0	0	0	0	0	0	0	0	0
Sci Rep	2022-07-01	8993829	179563	12674	0	12	3	0	0	0	0	0	0	0	1	7	0	0	3	0	10	0	0	2	0	0	0	0	0	0	0	0	0	0	0	0	0	0
Sci Rep	2022-07-01	8993813	64103	6075	0	4	0	0	0	0	1	1	0	0	0	0	0	0	0	0	13	0	0	2	0	0	0	0	0	0	0	0	0	0	0	0	0	0
Sci Rep	2022-07-01	8993793	68509	6565	0	2	0	0	0	1	1	2	0	1	1	1	0	0	0	0	22	0	0	0	0	0	1	0	0	0	0	0	0	0	0	0	0	0
Sci Rep	2022-07-01	8993840	109978	10484	0	28	0	0	0	0	0	1	0	0	0	10	0	0	0	0	31	0	0	0	0	0	0	0	0	0	0	0	0	0	0	0	0	0
Sci Rep	2022-07-01	8991232	75553	5845	0	1	0	0	0	0	1	0	0	0	0	0	0	0	0	0	2	0	0	0	0	0	0	0	0	0	0	0	0	0	0	0	0	0
Sci Rep	2022-07-01	8993885	54216	4735	0	2	0	0	0	0	0	0	0	0	0	0	0	0	0	0	11	0	0	0	0	0	1	0	0	0	0	0	0	0	0	0	0	0
Sci Rep	2022-07-01	8993831	135497	11323	0	8	0	1	0	0	0	0	0	0	0	2	0	0	0	0	21	0	0	0	0	0	0	0	0	0	0	0	0	0	0	0	0	0
Sci Rep	2022-07-01	8993878	90629	9312	0	18	0	9	0	0	0	1	0	2	2	7	0	0	0	0	28	0	0	1	0	0	0	0	0	0	0	0	0	0	0	0	0	0
Sci Rep	2022-07-01	8993850	209348	13025	0	1	0	0	0	0	7	0	0	0	0	2	0	0	0	0	2	0	0	0	0	0	0	0	2	0	0	0	0	0	0	0	0	0
Sci Rep	2022-07-01	8993807	77883	7654	0	8	0	0	0	0	1	1	0	2	0	0	0	0	0	0	11	0	0	0	0	0	0	0	0	0	0	0	0	0	0	0	0	0
Sci Rep	2022-07-01	8993886	105903	9459	0	7	0	5	0	0	6	1	0	0	0	9	0	0	0	0	76	0	0	1	0	0	0	0	0	0	0	0	0	0	0	0	0	2
Sci Rep	2022-07-01	8993860	82327	7880	0	7	0	14	0	0	0	18	0	2	1	0	0	0	2	0	13	0	0	4	0	0	3	0	3	0	0	0	0	0	0	0	0	0
Sci Rep	2022-07-01	8989987	86533	9298	0	19	0	1	0	0	0	0	0	30	0	4	0	0	2	0	11	0	0	2	0	0	0	0	0	0	0	0	0	0	0	0	0	0
Sci Rep	2022-07-01	8993926	87384	8756	0	4	0	0	0	0	0	0	0	0	21	2	0	0	0	0	33	0	0	1	0	0	1	0	0	0	0	0	0	0	0	0	0	0
Sci Rep	2022-07-01	8993853	131368	13016	0	5	0	0	0	0	14	0	0	0	0	4	0	0	0	0	46	0	0	0	0	0	3	0	0	0	0	0	0	0	0	0	0	0
Sci Rep	2022-07-01	8993916	100148	9521	0	2	0	1	0	0	0	0	0	0	1	0	0	0	0	0	15	0	0	0	0	0	0	0	0	0	0	0	0	0	0	0	0	0
Sci Rep	2022-07-01	8993845	114702	9584	0	0	0	0	0	0	3	0	0	0	6	1	0	0	0	0	3	0	0	2	0	0	0	0	0	0	0	0	0	0	0	0	0	0
Sci Rep	2022-07-01	8993881	90921	9186	0	3	0	0	0	1	0	0	0	0	17	0	1	0	1	0	53	0	0	3	0	0	1	0	0	0	0	0	0	0	0	0	0	0
Sci Rep	2022-07-01	8991205	5936	452	0	0	0	0	0	0	0	0	0	0	0	0	0	0	0	0	0	0	0	0	0	0	0	0	0	0	0	0	0	0	0	0	0	0
Sci Rep	2022-07-01	8993836	75918	7435	0	14	0	4	0	0	1	1	0	0	6	0	0	0	0	0	77	0	0	0	0	0	1	0	1	0	0	0	0	0	0	0	0	0
Sci Rep	2022-07-01	9012761	85937	9291	0	1	1	4	0	0	0	0	0	2	2	2	0	0	0	0	7	0	0	0	0	0	0	0	0	0	0	0	0	0	0	0	0	0
Sci Rep	2022-07-01	9014817	62479	6828	0	4	0	2	0	0	0	0	0	1	1	3	0	0	0	0	9	0	0	0	0	0	0	0	2	0	0	0	0	1	0	2	0	0
Sci Rep	2022-07-01	9011379	104936	9744	0	3	0	11	0	0	2	8	0	0	0	2	0	0	0	0	34	0	0	0	0	0	0	0	0	0	0	0	0	0	0	0	0	0
Sci Rep	2022-07-01	9012821	82578	8601	0	5	0	0	0	0	2	2	0	0	3	2	0	0	2	0	21	0	0	5	0	0	1	0	0	0	0	0	0	0	0	0	0	0
Sci Rep	2022-07-01	9012828	69272	6703	0	14	0	3	0	0	0	1	0	0	0	3	0	0	0	0	28	0	0	0	0	0	3	0	0	0	1	0	1	0	0	0	0	0
Sci Rep	2022-07-01	9012794	98802	9031	0	6	0	2	0	0	0	0	0	0	2	4	0	0	0	0	72	0	0	0	0	0	1	0	0	0	0	0	0	0	0	0	0	0
Sci Rep	2022-07-01	9012746	86709	7697	0	4	0	0	0	0	0	1	0	0	3	7	0	0	0	0	4	0	0	0	0	0	0	0	1	0	0	0	0	0	0	0	0	0
Sci Rep	2022-07-01	9022136	162819	9021	0	1	0	0	0	0	2	1	0	0	0	6	0	0	0	0	12	0	0	1	0	0	0	0	0	0	0	0	0	0	0	0	0	0
Sci Rep	2022-07-01	9012861	90853	7705	0	1	1	0	0	0	0	0	0	0	1	1	0	0	0	0	3	0	0	0	0	0	0	0	0	0	0	0	0	1	0	0	0	0
Sci Rep	2022-07-01	9012767	112045	8482	0	5	0	1	0	0	0	0	0	0	2	6	0	0	0	0	15	0	0	1	0	0	0	0	0	0	0	0	0	0	0	0	0	0
Sci Rep	2022-07-01	9012853	81121	8731	0	4	0	4	0	0	0	0	0	0	10	1	0	0	0	0	55	0	0	0	0	0	2	0	0	0	0	0	0	0	0	0	0	1
Sci Rep	2022-07-01	9012810	101066	8713	0	10	0	0	0	0	2	0	0	0	2	2	0	0	0	0	50	0	0	0	0	0	2	0	0	0	0	0	0	0	0	0	0	0
Sci Rep	2022-07-01	9012795	108895	10266	0	9	0	0	0	0	0	5	0	1	0	8	0	0	0	0	22	0	0	1	0	0	0	0	1	0	0	0	0	0	0	0	0	2
Sci Rep	2022-07-01	9012812	74068	7050	0	2	0	8	0	0	0	0	0	0	1	4	0	0	3	0	26	0	0	0	0	0	2	0	0	0	0	0	0	0	0	0	0	0
Sci Rep	2022-07-01	9012771	138017	12796	0	6	0	0	0	0	0	6	0	3	0	4	0	0	0	0	37	0	0	1	0	0	0	0	0	0	0	0	0	0	0	0	0	1
Sci Rep	2022-07-01	9012779	84270	7564	0	3	0	2	0	0	3	1	0	0	4	0	0	0	0	0	46	0	0	0	0	0	0	0	0	0	0	0	0	0	0	0	0	0
Sci Rep	2022-07-01	9012741	5704	474	0	0	0	0	0	0	0	0	0	0	0	0	0	0	0	0	0	0	0	0	0	0	0	0	0	0	0	0	0	0	0	0	0	0
Sci Rep	2022-07-01	9012786	105582	10678	0	5	0	0	0	0	0	4	0	0	0	9	0	0	0	0	15	0	0	1	0	0	0	0	0	0	0	0	0	0	0	0	0	0
Sci Rep	2022-07-01	9012832	152114	11801	0	8	0	0	0	0	0	1	0	0	10	5	0	2	0	0	101	0	0	1	0	0	0	0	0	0	0	0	0	0	0	0	0	0
Sci Rep	2022-07-01	9012819	88855	8170	0	11	1	3	0	0	2	0	0	0	8	3	0	0	0	0	100	0	0	0	0	1	0	0	0	0	0	0	0	0	0	0	0	0
Sci Rep	2022-07-01	9012518	167210	12800	0	5	0	0	0	0	1	4	0	0	0	4	0	0	0	0	30	0	0	0	0	0	0	0	0	0	0	0	0	0	0	0	0	0
Sci Rep	2022-07-01	9012739	62984	5982	0	6	0	1	0	0	0	0	0	0	6	0	0	0	1	0	20	0	0	0	0	0	0	0	0	0	0	0	0	0	0	0	0	0
Sci Rep	2022-07-01	9016215	72766	7365	0	17	0	0	0	0	0	1	0	4	0	0	0	0	0	0	11	0	0	1	0	0	0	0	0	0	0	0	0	0	0	0	0	0
Sci Rep	2022-07-01	9012805	86531	8215	0	7	0	0	0	0	0	0	0	1	0	1	0	0	0	0	18	0	0	0	0	0	0	0	0	0	0	0	0	0	0	0	0	0
Sci Rep	2022-07-01	9012825	48385	5239	0	5	0	2	0	1	4	8	0	0	0	0	0	0	0	0	51	0	0	0	0	0	1	0	0	0	0	0	0	0	0	0	0	0
Sci Rep	2022-07-01	9033840	106676	9148	0	8	0	1	0	0	1	0	0	0	4	0	0	0	0	0	21	0	0	1	0	0	2	0	0	0	0	0	0	0	0	0	0	0
Sci Rep	2022-07-01	9033763	67769	6887	0	6	0	0	0	0	2	0	0	0	0	1	0	0	0	0	13	0	0	1	0	0	0	0	0	0	0	0	0	0	0	0	0	0
Sci Rep	2022-07-01	9033850	90195	8013	0	3	0	0	0	0	2	1	0	0	1	3	0	0	0	0	25	0	0	1	0	1	2	0	0	0	0	0	0	0	0	0	0	0
Sci Rep	2022-07-01	9033815	130140	8781	0	4	0	0	0	0	2	1	0	0	2	1	0	0	1	0	56	0	0	2	0	0	1	0	0	0	0	0	1	2	0	0	0	0
Sci Rep	2022-07-01	9030682	110581	10559	0	11	1	8	0	1	0	1	0	2	1	3	0	0	0	0	9	0	0	0	0	0	0	0	0	0	0	0	0	0	0	0	0	0
Sci Rep	2022-07-01	9023511	141323	13133	0	7	0	3	0	0	2	1	0	0	23	6	0	0	0	0	24	0	0	2	0	0	0	0	0	0	0	0	0	0	0	0	0	0
Sci Rep	2022-07-01	9033844	66836	6147	0	12	0	3	0	0	0	0	0	0	0	3	0	0	1	0	38	0	0	0	0	0	0	0	0	0	0	0	0	0	0	0	0	0
Sci Rep	2022-07-01	9033821	102165	10388	0	11	0	2	0	0	2	0	0	0	43	2	0	0	2	0	52	0	0	1	0	0	0	8	0	0	0	0	0	0	0	2	0	0
Sci Rep	2022-07-01	9033780	77938	8082	0	5	0	1	0	4	0	1	0	0	0	1	0	0	0	0	13	0	0	0	0	0	0	0	0	0	0	0	0	0	0	0	0	0
Sci Rep	2022-07-01	9033863	95362	6162	0	15	1	0	0	0	0	0	0	0	29	0	0	0	0	0	23	0	0	0	0	0	0	0	0	0	0	0	1	0	0	0	0	0
Sci Rep	2022-07-01	9023497	109875	10223	0	10	0	1	0	0	0	1	0	0	4	1	0	0	1	0	12	0	0	3	0	0	1	6	1	0	0	0	0	0	0	0	0	0
Sci Rep	2022-07-01	9023457	138756	10389	0	5	2	0	0	0	4	0	0	0	0	1	0	0	0	0	12	0	0	0	0	0	1	0	0	0	0	0	1	0	1	0	0	0
Sci Rep	2022-07-01	9033833	5013	391	0	0	0	0	0	0	0	0	0	0	0	0	0	0	0	0	0	0	0	0	0	0	0	0	0	0	0	0	0	0	0	1	0	0
Sci Rep	2022-07-01	9033818	98683	9858	0	1	0	3	0	0	1	0	0	0	5	1	0	0	1	0	22	0	0	3	0	0	0	0	1	0	0	0	0	0	0	9	0	0
Sci Rep	2022-07-01	9033845	49510	4743	0	1	0	0	0	0	3	0	0	0	1	7	0	0	0	0	27	0	0	0	0	0	0	0	0	0	0	0	0	0	0	0	0	0
Sci Rep	2022-07-01	9033819	178439	13067	0	20	0	2	0	0	1	0	0	0	1	0	0	0	1	0	41	0	0	1	0	0	0	0	2	0	0	0	0	0	0	0	0	0
Sci Rep	2022-07-01	9033866	64773	6666	0	5	0	3	0	0	1	1	0	1	1	1	0	0	0	0	31	0	0	1	0	0	0	0	0	0	0	0	0	0	0	0	0	0
Sci Rep	2022-07-01	9023561	117352	10907	0	5	0	3	0	0	0	1	0	5	0	1	0	0	0	0	17	0	0	0	0	0	0	0	0	0	0	0	0	0	0	0	0	0
Sci Rep	2022-07-01	9023505	149306	11680	0	16	0	5	0	2	0	3	0	0	0	1	0	0	0	0	22	0	0	2	0	0	0	0	0	0	0	0	0	0	0	1	2	0
Sci Rep	2022-07-01	9033873	62621	6756	0	1	0	0	0	0	0	1	0	1	15	2	0	0	0	0	24	0	0	0	0	0	0	0	0	0	0	0	0	0	0	0	0	0
Sci Rep	2022-07-01	9022050	145293	13544	0	3	1	0	0	0	2	6	0	1	5	1	0	0	0	0	59	0	0	4	0	0	1	0	0	0	0	0	1	0	0	0	0	0
Sci Rep	2022-07-01	9033783	77058	7069	0	5	0	2	0	0	1	0	0	0	0	1	0	0	0	0	9	0	0	1	0	0	1	0	0	1	0	0	0	0	0	0	0	0
Sci Rep	2022-07-01	9033797	83307	8542	0	0	2	0	0	0	3	1	0	0	0	0	0	0	0	0	38	0	0	3	0	0	0	0	0	0	0	0	0	0	0	0	0	0
Sci Rep	2022-07-01	9033851	95065	9418	0	9	0	3	0	1	1	1	0	0	0	2	0	0	0	0	19	0	1	0	0	0	0	0	0	0	0	0	0	0	0	0	0	0
Sci Rep	2022-07-01	9033864	77610	6888	0	1	0	0	0	0	0	0	0	0	7	0	0	0	0	0	7	0	0	3	0	0	0	4	0	0	0	0	0	0	0	0	0	0
Sci Rep	2022-07-01	9054789	75179	6835	0	9	0	0	0	0	0	0	0	0	4	1	0	0	0	0	33	0	0	0	0	0	0	0	1	0	0	0	0	0	0	0	0	0
Sci Rep	2022-07-01	9050755	72515	8373	0	5	0	0	0	0	0	6	0	0	1	1	0	0	0	0	7	0	0	0	0	0	0	0	0	0	0	0	0	0	0	1	0	0
Sci Rep	2022-07-01	9054842	5567	400	0	0	0	0	0	0	0	0	0	0	0	0	0	0	0	0	0	0	0	0	0	0	0	0	0	0	0	0	0	0	0	0	0	0
Sci Rep	2022-07-01	9054796	108503	9442	0	2	0	1	0	0	0	1	0	5	0	2	0	0	0	0	40	0	0	0	0	0	0	0	0	0	0	0	0	0	0	0	0	0
Sci Rep	2022-07-01	9054815	121081	11348	0	11	3	6	0	0	0	2	0	2	7	0	0	0	0	0	26	0	0	1	0	1	1	10	0	0	0	0	0	0	0	0	0	0
Sci Rep	2022-07-01	9054756	53299	4583	0	3	0	1	0	0	0	0	0	0	0	1	0	0	1	0	34	0	0	0	0	0	0	0	0	0	0	0	0	0	0	0	0	0
Sci Rep	2022-07-01	9054765	217947	10264	0	2	0	0	0	0	0	0	0	0	8	0	0	0	0	0	3	0	0	1	0	0	0	0	0	0	0	0	2	0	0	0	0	0
Sci Rep	2022-07-01	9056508	69728	6061	0	4	0	3	0	0	0	3	0	0	1	0	0	0	0	0	34	0	0	3	0	0	0	0	0	0	0	0	0	0	0	0	0	0
Sci Rep	2022-07-01	9056500	61024	5887	0	2	0	0	0	0	0	0	0	0	0	0	0	0	0	0	32	0	0	0	0	0	0	0	0	0	0	0	0	0	0	0	0	0
Sci Rep	2022-07-01	9054777	122986	9802	0	1	0	0	0	0	0	0	0	0	20	2	0	0	0	0	14	0	0	0	0	0	0	0	0	0	0	0	0	0	0	0	0	0
Sci Rep	2022-07-01	9054800	92377	7217	0	25	0	0	0	0	0	0	0	0	0	4	0	0	0	0	21	0	0	0	0	0	0	0	0	0	0	0	0	0	0	0	0	0
Sci Rep	2022-07-01	9051505	196187	14561	0	14	0	3	0	0	0	5	0	1	0	0	0	0	1	0	12	0	0	0	0	0	0	0	0	0	0	0	0	0	0	0	0	0
Sci Rep	2022-07-01	9054843	79452	7020	0	5	1	0	0	0	0	0	0	0	0	7	0	0	0	0	8	0	0	0	0	0	0	0	0	0	0	0	0	0	1	0	0	0
Sci Rep	2022-07-01	9054819	162303	15069	0	12	0	3	0	0	1	14	0	1	2	4	0	0	0	0	16	0	0	1	0	0	0	0	0	0	0	0	0	0	0	0	0	0
Sci Rep	2022-07-01	9056517	115644	10860	0	1	2	1	0	0	6	0	0	0	6	0	0	0	0	0	11	0	0	5	0	0	1	0	1	2	0	0	0	1	1	0	0	0
Sci Rep	2022-07-01	9054809	367749	32187	0	5	0	2	0	1	1	1	0	0	12	2	0	0	0	0	55	0	0	1	0	0	1	0	0	0	0	0	0	0	0	1	0	1
Sci Rep	2022-07-01	9052186	66391	6084	0	4	0	1	0	0	0	0	0	0	2	0	0	0	1	0	59	0	0	0	0	1	1	0	0	0	0	0	0	0	0	0	0	2
Sci Rep	2022-07-01	9054853	72239	6448	0	15	0	0	0	0	0	1	0	0	15	1	0	0	4	0	15	0	0	0	0	0	4	0	0	0	0	0	0	0	0	0	0	1
Sci Rep	2022-07-01	9055063	72781	6745	0	0	0	2	0	0	0	0	0	0	1	1	0	0	0	0	21	0	0	0	0	0	1	0	0	0	0	0	0	0	0	0	0	0
Sci Rep	2022-07-01	9053128	92690	8229	0	2	0	2	0	0	1	0	0	10	1	0	0	0	1	0	14	0	0	2	0	0	0	0	0	0	0	0	0	0	0	0	0	0
Sci Rep	2022-07-01	9054782	112326	11402	0	3	1	0	0	1	0	2	0	0	0	1	0	0	2	0	43	0	0	0	0	0	0	0	0	0	0	0	0	0	0	0	0	0
Sci Rep	2022-07-01	9056518	87555	7404	0	18	0	1	0	0	4	0	0	1	3	4	0	0	1	0	32	0	0	0	0	0	0	0	0	0	0	0	0	0	0	0	0	0
Sci Rep	2022-07-01	9056527	86012	9058	0	1	0	1	0	0	0	0	0	0	2	1	0	0	0	0	10	0	0	1	0	0	0	0	0	0	0	0	0	0	0	0	0	0
Sci Rep	2022-07-01	9056513	97503	8958	0	31	0	0	0	0	1	2	0	0	1	4	0	0	0	0	14	0	0	1	0	0	0	0	0	0	0	0	0	0	0	0	0	0
Sci Rep	2022-07-01	9054764	106431	9654	0	0	0	0	0	0	0	0	0	1	2	3	0	0	0	0	17	0	0	1	0	0	1	0	0	0	0	0	0	0	0	0	0	0
Sci Rep	2022-07-01	9079078	91229	8459	0	6	0	0	0	0	0	0	0	0	0	14	0	0	3	0	31	0	0	0	0	0	0	0	0	0	0	0	0	0	0	0	0	0
Sci Rep	2022-07-01	9076872	119267	11089	0	7	1	0	0	0	0	0	0	1	0	2	0	0	6	0	10	0	0	1	0	0	3	0	0	0	0	0	0	0	0	0	0	0
Sci Rep	2022-07-01	9076882	85537	8179	0	2	0	0	0	0	0	0	0	1	5	0	0	0	0	0	3	0	0	0	0	0	0	0	0	0	0	0	0	0	0	0	0	0
Sci Rep	2022-07-01	9076902	86946	7313	0	7	0	4	0	0	1	0	0	3	1	0	0	0	0	0	22	0	0	0	0	0	0	0	0	0	0	0	1	0	0	0	0	0
Sci Rep	2022-07-01	9076860	186765	10426	0	8	0	1	0	0	1	2	0	0	3	0	0	0	0	0	23	0	0	0	0	0	0	0	0	0	0	0	0	0	0	0	0	0
Sci Rep	2022-07-01	9079113	320641	13436	0	5	0	0	0	0	5	3	0	0	2	1	0	3	0	2	5	0	0	0	0	0	0	0	0	0	0	0	0	0	0	0	0	0
Sci Rep	2022-07-01	9079087	234075	18205	0	29	0	1	0	1	0	2	0	0	1	1	0	0	2	0	64	0	0	0	0	0	0	0	0	0	0	0	0	0	0	0	0	0
Sci Rep	2022-07-01	9079071	175883	8358	0	1	0	0	0	0	0	0	0	0	0	1	0	0	1	0	7	0	0	0	0	0	0	0	0	0	0	0	0	0	0	0	0	0
Sci Rep	2022-07-01	9076895	68700	6138	0	2	0	0	0	0	1	0	0	0	0	1	0	0	2	0	5	0	0	0	0	0	0	14	0	0	0	0	0	0	0	0	0	0
Sci Rep	2022-07-01	9079073	64945	6070	0	8	0	0	0	0	0	0	0	0	1	0	0	0	0	0	19	0	0	0	0	0	0	0	0	0	0	0	0	0	0	0	0	0
Sci Rep	2022-07-01	9076641	81799	7897	0	14	0	1	0	2	2	1	0	1	0	4	0	0	3	0	13	0	0	0	0	0	0	0	0	0	0	0	0	0	0	0	0	0
Sci Rep	2022-07-01	9076927	207796	11401	0	4	1	0	0	0	0	0	0	0	1	7	0	0	1	0	7	0	0	0	0	0	1	0	1	0	0	0	0	0	0	0	0	0
Sci Rep	2022-07-01	9076820	63198	5768	0	5	0	1	0	0	0	0	0	0	1	0	0	0	0	0	29	0	0	0	0	0	0	0	0	0	0	0	0	0	0	0	0	0
Sci Rep	2022-07-01	9076608	103022	9634	0	4	0	6	0	0	2	13	0	1	0	0	0	0	1	0	10	0	0	0	0	0	0	0	0	0	0	0	0	0	0	1	0	0
Sci Rep	2022-07-01	9076692	93161	9365	0	17	0	3	0	0	0	3	0	46	1	2	0	0	1	0	20	0	0	0	0	0	0	0	0	0	0	0	0	0	0	1	0	0
Sci Rep	2022-07-01	9076877	84719	7996	0	19	1	10	0	0	4	3	0	0	0	0	0	1	0	0	29	0	0	0	0	0	2	0	0	0	0	0	0	0	0	0	0	0
Sci Rep	2022-07-01	9076671	74247	7271	0	5	0	0	0	0	0	0	0	5	1	4	0	0	0	0	18	0	0	0	0	0	0	0	1	0	0	0	0	0	0	0	0	0
Sci Rep	2022-07-01	9076669	91095	8129	0	6	0	0	0	0	10	1	0	7	0	0	0	0	0	0	28	0	0	0	0	0	0	0	0	0	0	0	0	0	0	0	0	0
Sci Rep	2022-07-01	9076647	104304	9751	0	4	0	3	0	0	1	4	0	1	0	1	0	0	0	0	15	0	3	2	0	0	0	0	1	0	0	0	1	0	0	0	0	0
Sci Rep	2022-07-01	9076923	118125	11147	0	1	0	4	0	0	1	2	0	4	1	10	0	0	0	0	19	0	0	1	0	1	1	0	1	0	0	0	0	0	1	0	0	0
Sci Rep	2022-07-01	9079069	87289	7457	0	7	1	2	0	0	2	0	0	0	1	1	0	0	0	0	43	0	0	1	0	0	0	0	0	0	0	0	1	0	0	0	0	0
Sci Rep	2022-07-01	9079079	73050	6716	0	5	1	2	0	0	0	1	0	0	1	0	0	0	1	0	35	0	0	0	0	0	0	0	0	0	0	0	0	0	0	0	0	0
Sci Rep	2022-07-01	9079054	82696	6935	0	1	0	0	0	0	1	6	0	1	1	0	0	0	0	0	5	0	0	0	0	0	0	0	0	0	0	0	0	0	0	0	0	0
Sci Rep	2022-07-01	9076668	127366	9115	0	2	1	0	0	0	2	1	0	0	12	0	0	0	0	0	9	0	0	4	0	0	0	0	0	0	0	0	0	1	0	0	0	0
Sci Rep	2022-07-01	9076684	58297	4416	0	0	0	0	0	0	0	0	0	0	1	0	0	0	0	0	1	0	0	0	0	0	0	0	0	0	0	0	0	1	0	0	0	0
Sci Rep	2022-07-01	9106726	40124	2055	0	0	0	0	0	0	0	0	0	0	0	0	0	0	0	0	0	0	0	0	0	0	0	0	0	0	0	0	0	0	0	0	0	0
Sci Rep	2022-07-01	9106759	80253	7699	0	5	0	0	0	0	1	0	0	0	0	0	0	1	0	0	3	0	0	1	0	0	0	0	0	0	0	0	0	0	0	0	0	0
Sci Rep	2022-07-01	9107489	443673	18148	0	2	0	0	0	0	1	2	0	0	0	6	0	0	0	0	6	0	0	0	0	0	0	1	3	0	0	0	0	0	0	0	0	0
Sci Rep	2022-07-01	9106703	66869	6335	0	3	0	8	0	0	0	0	0	0	0	1	0	0	0	0	41	0	0	0	0	0	1	0	0	0	0	0	0	0	0	0	0	0
Sci Rep	2022-07-01	9106690	76561	9109	0	14	0	3	0	0	1	0	0	0	1	2	0	0	0	0	35	0	0	1	0	0	1	0	1	0	0	0	3	0	0	0	0	2
Sci Rep	2022-07-01	9103599	35932	3462	0	5	0	2	0	0	0	0	0	0	1	0	0	0	0	0	10	0	0	2	0	0	0	0	0	0	0	0	0	0	0	0	0	0
Sci Rep	2022-07-01	9107464	69489	5937	0	3	0	0	0	0	1	0	0	2	0	1	0	0	0	0	29	0	0	0	0	0	0	0	0	0	0	0	0	0	0	0	0	0
Sci Rep	2022-07-01	9106660	121537	6887	0	3	3	0	0	0	0	2	0	0	3	1	0	0	0	0	3	0	0	1	0	0	0	0	0	0	0	0	0	0	0	0	0	0
Sci Rep	2022-07-01	9107481	100818	9702	0	19	0	0	0	0	0	0	0	0	0	0	0	0	0	0	16	0	0	0	0	0	0	0	0	0	0	0	0	0	0	0	0	0
Sci Rep	2022-07-01	9106717	104654	10061	0	6	1	0	0	0	0	1	0	0	1	0	0	0	4	0	25	0	0	0	0	0	0	0	0	0	0	0	0	0	0	0	0	0
Sci Rep	2022-07-01	9106649	7642	624	0	0	0	0	0	0	0	0	0	0	0	0	0	0	0	0	0	0	0	0	0	0	0	0	0	0	0	0	0	0	0	0	0	0
Sci Rep	2022-07-01	9106685	141410	12090	0	0	0	2	0	0	0	7	0	0	39	0	0	0	3	0	3	0	0	7	0	0	0	1	1	0	0	0	0	0	0	0	0	0
Sci Rep	2022-07-01	9106744	121903	11206	0	10	0	2	0	0	0	0	0	1	3	9	0	0	1	0	20	0	0	1	0	0	1	0	0	0	0	0	0	0	0	0	0	1
Sci Rep	2022-07-01	9106688	97231	8508	0	9	1	0	0	0	1	0	0	9	2	0	0	0	0	0	47	0	0	0	0	0	0	0	1	0	0	0	0	0	0	0	0	0
Sci Rep	2022-07-01	9106756	139592	11007	0	1	0	0	0	0	0	1	0	0	5	0	0	0	0	0	36	0	0	0	0	1	0	0	1	0	0	0	0	0	0	0	0	0
Sci Rep	2022-07-01	9107471	77313	6918	0	9	0	0	0	0	0	5	0	0	1	1	0	0	0	0	15	0	0	0	0	0	0	0	0	0	0	0	0	0	0	0	0	0
Sci Rep	2022-07-01	9108094	159441	14629	0	13	0	4	0	0	5	4	0	1	5	6	0	0	0	0	25	0	0	4	0	0	0	0	0	0	0	0	1	2	0	0	0	0
Sci Rep	2022-07-01	9106676	127403	10215	0	1	0	0	0	0	0	2	0	0	102	2	0	0	0	0	15	0	0	0	0	0	1	0	0	0	0	0	0	0	0	0	0	0
Sci Rep	2022-07-01	9106737	66817	6796	0	3	0	0	0	0	6	0	0	0	0	2	0	0	0	0	9	0	0	0	0	0	0	0	0	0	0	0	0	0	0	0	0	0
Sci Rep	2022-07-01	9107456	85818	7689	0	14	0	2	0	0	0	0	0	1	1	6	0	0	0	0	23	0	0	0	0	0	0	0	0	0	0	0	0	0	0	0	0	0
Sci Rep	2022-07-01	9106753	137523	11623	0	20	0	0	0	0	1	0	0	0	0	0	0	0	0	0	31	0	0	0	0	0	1	0	0	0	0	0	0	0	0	0	0	0
Sci Rep	2022-07-01	9106742	109874	11728	0	7	0	0	0	0	0	0	0	0	0	3	0	1	0	0	8	0	0	0	0	0	0	0	1	0	0	0	0	0	0	1	0	0
Sci Rep	2022-07-01	9106711	59376	4815	0	0	0	0	0	0	0	6	0	0	3	7	0	0	0	0	2	0	0	0	0	0	0	0	0	0	0	0	0	0	0	0	0	0
Sci Rep	2022-07-01	9106730	106107	10079	0	7	0	2	0	0	0	7	0	1	1	8	0	0	0	0	42	0	0	1	0	0	0	0	0	0	0	0	1	0	0	0	1	0
Sci Rep	2022-07-01	9106681	493681	20918	0	2	0	0	0	0	0	0	0	0	0	0	0	0	0	0	8	0	0	0	0	0	1	0	0	0	0	0	0	2	0	0	0	0
Sci Rep	2022-07-01	9124184	100696	10175	0	2	1	2	0	0	0	0	0	1	3	5	0	0	0	0	19	0	0	0	0	0	0	3	0	0	0	0	0	0	0	0	0	0
Sci Rep	2022-07-01	9121086	110087	8902	0	3	0	0	0	0	6	0	0	0	0	4	0	0	0	0	20	0	0	1	0	0	0	0	0	0	0	0	0	0	0	0	0	0
Sci Rep	2022-07-01	9124200	120148	10396	0	13	0	0	0	0	0	0	0	1	1	5	0	0	0	0	34	0	0	2	0	0	0	0	0	0	0	0	0	0	0	0	0	0
Sci Rep	2022-07-01	9124208	96870	9447	0	12	0	0	0	0	0	2	0	0	0	4	0	0	2	0	9	0	2	1	0	0	1	0	0	0	0	0	0	0	0	0	0	0
Sci Rep	2022-07-01	9123005	109898	9082	0	4	0	0	0	2	2	0	0	1	1	6	0	0	0	0	18	0	0	0	0	0	1	0	1	0	0	0	0	0	0	0	0	0
Sci Rep	2022-07-01	9124211	83565	6802	0	2	0	0	0	0	0	0	0	1	1	1	0	0	0	0	8	0	2	1	0	0	1	0	0	0	0	0	0	0	0	0	0	0
Sci Rep	2022-07-01	9124186	110107	11111	0	16	0	4	0	0	0	5	0	3	1	4	0	0	0	0	14	0	0	0	0	0	0	0	0	0	0	0	0	0	0	0	0	0
Sci Rep	2022-07-01	9123180	77402	6878	0	3	0	0	0	0	0	0	0	0	0	6	0	0	2	0	35	0	0	0	0	0	0	0	0	0	0	0	0	1	0	0	0	3
Sci Rep	2022-07-01	9122894	89937	8924	0	5	0	1	0	0	0	4	0	0	1	2	0	0	1	0	28	0	0	0	0	0	0	0	0	0	0	0	0	0	0	0	0	1
Sci Rep	2022-07-01	9122985	348282	14715	0	2	0	0	0	0	0	0	0	0	0	1	0	0	0	0	21	0	0	0	0	0	0	0	0	0	0	0	0	0	0	0	0	0
Sci Rep	2022-07-01	9123002	84554	8353	0	0	0	2	0	2	0	1	0	1	3	2	0	0	0	0	6	0	0	0	0	0	0	0	0	0	0	0	0	0	0	0	0	0
Sci Rep	2022-07-01	9124197	98779	8943	0	5	0	2	0	1	0	4	0	1	0	8	0	0	1	0	18	0	0	0	0	0	0	0	0	0	0	0	0	0	0	0	0	0
Sci Rep	2022-07-01	9123170	86988	8637	0	9	0	4	0	0	0	1	0	0	4	2	0	0	0	0	36	0	0	0	0	0	0	0	1	0	0	0	0	0	0	0	0	0
Sci Rep	2022-07-01	9123171	120613	11450	0	5	0	1	0	1	1	0	0	1	0	5	0	0	0	0	48	0	0	0	0	0	1	0	0	0	0	0	0	0	0	0	0	0
Sci Rep	2022-07-01	9123199	147174	11014	0	5	0	0	0	0	1	0	0	0	0	0	0	1	0	0	29	0	0	0	0	0	0	0	1	0	0	0	1	0	0	0	0	0
Sci Rep	2022-07-01	9122978	115463	11290	0	13	2	4	0	0	0	4	0	2	3	6	0	0	0	0	50	0	0	0	0	1	0	0	0	0	0	0	0	0	0	0	0	0
Sci Rep	2022-07-01	9123196	73708	6176	0	5	0	2	0	0	0	0	0	0	0	0	0	0	0	0	36	0	0	0	0	0	0	0	0	0	0	0	0	0	0	0	0	0
Sci Rep	2022-07-01	9122907	138012	14722	0	7	0	0	0	0	2	1	0	0	1	0	0	0	0	0	33	0	0	4	0	0	2	0	0	0	0	0	0	0	0	0	0	0
Sci Rep	2022-07-01	9122935	286707	11525	0	0	0	0	0	0	0	0	0	0	10	0	0	0	0	0	6	0	0	0	0	0	0	0	0	0	0	0	2	0	0	0	0	0
Sci Rep	2022-07-01	9123164	105310	8859	0	9	0	1	0	0	1	2	0	0	2	7	0	0	1	0	41	0	0	0	0	0	0	0	0	0	0	0	0	0	0	0	0	0
Sci Rep	2022-07-01	9124182	67892	6633	0	12	0	2	0	2	0	0	0	0	0	0	0	0	0	0	30	0	0	1	0	0	0	0	1	0	0	0	0	0	0	0	0	0
Sci Rep	2022-07-01	9122938	77005	6851	0	11	0	0	0	0	0	0	0	0	0	3	0	0	0	0	18	0	0	0	0	0	0	0	0	0	0	0	0	0	0	0	0	0
Sci Rep	2022-07-01	9122901	94332	8041	0	3	0	0	0	0	2	0	0	0	0	3	0	0	0	0	20	0	0	0	0	0	1	0	1	0	0	0	0	0	0	0	0	0
Sci Rep	2022-07-01	9124201	108106	9206	0	5	0	2	0	0	0	0	0	0	0	9	0	0	0	0	13	0	0	0	0	1	0	0	0	0	0	0	0	0	0	0	0	0
Sci Rep	2022-07-01	9122914	194971	11559	0	2	0	0	0	0	0	1	0	0	9	2	0	0	1	0	8	0	0	0	0	0	0	4	0	0	0	0	0	0	0	0	0	0
Sci Rep	2022-07-01	9148305	118630	10294	0	5	0	0	0	0	0	0	0	0	1	7	0	0	0	0	26	0	0	1	0	1	0	0	0	0	0	0	0	0	0	0	0	0
Sci Rep	2022-07-01	9148315	158364	11414	0	17	0	4	0	0	0	0	0	0	2	1	0	0	0	0	18	0	0	0	0	0	15	0	0	0	0	0	0	0	0	0	0	0
Sci Rep	2022-07-01	9156790	116997	10363	1	4	0	4	0	0	3	1	0	0	13	1	0	0	0	0	46	0	0	5	0	0	2	0	0	0	0	0	1	0	0	0	0	0
Sci Rep	2022-07-01	9160274	6560	521	0	0	0	0	0	0	0	0	0	0	0	0	0	0	0	0	3	0	0	0	0	0	0	0	0	0	0	0	0	0	0	0	0	0
Sci Rep	2022-07-01	9156685	85015	7525	0	1	0	0	0	0	2	3	0	0	4	3	0	0	0	0	50	0	0	0	0	0	0	0	0	0	0	0	0	0	0	0	0	0
Sci Rep	2022-07-01	9160001	170597	14585	0	16	0	3	0	1	3	0	0	2	0	3	0	0	2	0	40	0	0	1	0	0	1	0	1	0	0	0	0	1	0	0	0	0
Sci Rep	2022-07-01	9160284	138573	9039	0	0	0	0	0	0	0	6	0	0	0	1	0	0	3	0	27	0	1	3	0	0	0	0	0	0	0	0	0	0	0	0	0	0
Sci Rep	2022-07-01	9160011	111667	9441	0	14	0	8	0	0	0	11	0	0	1	1	0	0	1	0	62	0	0	1	0	0	0	0	0	0	0	0	0	0	0	0	0	0
Sci Rep	2022-07-01	9148302	128303	11565	0	9	0	3	0	0	1	1	0	0	3	15	0	0	2	0	18	0	0	1	0	0	0	0	0	0	0	0	0	0	0	0	0	0
Sci Rep	2022-07-01	9156707	84446	7457	0	2	0	1	0	0	0	1	0	0	2	1	0	0	1	0	63	0	0	1	0	0	0	0	0	0	0	0	0	0	0	0	0	0
Sci Rep	2022-07-01	9159988	94898	8153	0	5	0	1	0	0	0	4	0	0	0	1	0	0	1	0	42	0	0	0	0	0	0	0	0	0	0	0	0	0	0	0	0	0
Sci Rep	2022-07-01	9156690	59274	5366	0	6	0	0	0	0	0	0	0	0	9	0	0	0	1	0	43	0	0	0	0	0	0	0	0	0	0	0	0	0	0	0	0	0
Sci Rep	2022-07-01	9160252	79234	7025	0	2	0	0	0	0	1	1	0	0	0	0	0	0	0	0	7	0	0	0	0	0	0	0	0	0	0	0	0	0	0	0	0	0
Sci Rep	2022-07-01	9156664	74275	7784	0	1	0	2	0	0	0	0	0	2	2	0	0	0	0	0	15	0	0	0	0	0	0	1	0	0	0	0	0	0	0	0	0	0
Sci Rep	2022-07-01	9160070	121652	10347	0	6	0	0	0	0	1	1	0	0	5	1	0	0	0	0	21	0	0	2	0	0	0	0	0	0	0	0	0	0	0	0	0	0
Sci Rep	2022-07-01	9156753	65433	6523	0	8	0	0	0	0	0	0	0	0	0	0	0	0	0	0	31	0	0	0	0	0	0	0	0	0	0	0	0	0	0	0	0	1
Sci Rep	2022-07-01	9148909	117077	11865	0	8	0	1	0	0	0	0	0	0	0	7	0	0	0	0	17	0	0	1	0	0	0	1	0	0	0	0	0	0	0	0	0	0
Sci Rep	2022-07-01	9148312	101205	8562	0	5	0	1	0	0	0	0	0	1	1	5	0	0	0	0	47	0	0	0	0	0	0	1	0	0	0	0	0	0	0	0	0	0
Sci Rep	2022-07-01	9160056	79721	6584	0	2	0	1	0	0	0	1	0	0	0	0	0	0	1	0	4	0	0	0	0	0	0	0	0	0	0	0	0	0	0	0	0	0
Sci Rep	2022-07-01	9156757	97736	8214	0	3	0	1	0	0	0	0	0	4	4	1	0	0	0	0	38	0	0	1	0	0	0	0	0	0	0	0	0	3	0	0	0	0
Sci Rep	2022-07-01	9160066	99563	10021	0	7	0	14	0	0	1	1	0	0	1	6	0	0	0	0	33	0	0	5	0	0	0	0	0	0	0	0	0	0	0	0	0	0
Sci Rep	2022-07-01	9160042	174542	11903	0	6	0	2	0	0	0	0	0	0	4	0	0	0	1	0	2	0	0	1	0	0	0	0	0	0	0	0	0	0	0	0	0	0
Sci Rep	2022-07-01	9148301	95514	8919	0	9	0	0	0	0	1	0	0	1	3	2	0	0	2	0	7	0	0	3	0	0	1	0	0	0	0	0	0	1	0	0	0	0
Sci Rep	2022-07-01	9142785	76411	6739	0	3	2	0	0	0	0	1	0	0	1	0	0	0	0	0	6	0	0	0	0	0	0	0	0	0	0	0	0	1	0	0	0	0
Sci Rep	2022-07-01	9156740	107886	10152	0	5	2	2	1	0	3	0	0	0	12	9	0	0	0	0	21	0	0	1	0	0	2	1	1	0	0	0	0	1	0	0	0	0
Sci Rep	2022-07-01	9177832	81041	8328	0	4	0	0	0	0	0	2	0	0	0	5	0	0	0	0	8	0	1	1	0	0	0	1	0	0	0	0	0	0	0	0	0	0
Sci Rep	2022-07-01	9177830	65716	6282	0	2	0	9	0	0	0	3	0	0	0	1	0	0	0	0	38	0	0	0	0	0	2	0	0	0	0	0	0	0	0	0	0	0
Sci Rep	2022-07-01	9177568	86515	8933	0	11	0	0	0	0	0	4	0	2	10	7	0	0	0	0	29	0	0	2	0	0	2	0	0	0	0	0	0	0	0	0	0	0
Sci Rep	2022-07-01	9177589	120922	10176	0	4	0	1	0	0	0	3	0	0	2	20	0	0	0	0	44	0	0	0	0	0	2	0	0	0	0	0	1	0	0	0	0	0
Sci Rep	2022-07-01	9174282	80558	7187	0	2	0	1	0	0	0	0	0	0	0	3	0	0	0	0	28	0	0	1	0	0	0	0	0	0	0	0	0	0	0	0	0	0
Sci Rep	2022-07-01	9177616	74265	6893	0	9	0	1	0	0	1	0	0	0	2	3	0	0	0	0	40	0	0	0	0	0	0	0	0	0	0	0	0	0	0	0	0	0
Sci Rep	2022-07-01	9177863	124054	8618	0	2	0	1	0	0	0	0	0	0	1	1	0	3	0	0	3	0	0	0	0	0	0	0	0	0	0	0	0	0	0	0	0	0
Sci Rep	2022-07-01	9174483	66591	7162	0	3	0	2	0	0	0	0	0	0	0	0	0	0	1	0	22	0	0	2	0	0	1	0	0	0	0	0	0	0	0	0	0	0
Sci Rep	2022-07-01	9177758	42882	4149	0	0	0	0	0	0	2	0	0	3	0	0	0	0	0	0	6	0	0	0	0	0	0	0	0	0	0	0	0	0	0	0	0	0
Sci Rep	2022-07-01	9176163	115903	11556	0	3	1	5	0	0	4	0	0	1	4	7	0	0	3	0	19	0	0	1	0	0	11	0	1	0	0	0	0	0	0	0	0	0
Sci Rep	2022-07-01	9175532	97267	8672	0	2	0	0	1	0	2	0	0	0	1	9	0	0	1	0	19	0	4	0	0	0	0	0	0	0	0	0	0	0	0	0	0	0
Sci Rep	2022-07-01	9174247	173768	11406	0	9	2	0	0	0	1	0	0	0	2	2	0	0	0	0	8	0	0	2	0	0	0	1	0	0	1	0	0	0	0	0	0	0
Sci Rep	2022-07-01	9172605	68032	5911	0	7	0	1	0	0	0	0	0	0	1	2	0	0	0	0	8	0	0	0	0	0	0	0	0	0	0	0	0	0	0	0	0	0
Sci Rep	2022-07-01	9177672	132791	10658	0	10	1	0	0	1	0	4	0	0	2	3	0	0	0	0	31	0	0	1	0	0	0	0	0	0	0	0	0	0	0	0	0	0
Sci Rep	2022-07-01	9177842	339009	12424	0	0	0	0	0	0	0	0	0	0	0	1	0	0	0	0	9	0	0	0	0	0	0	0	0	0	0	0	0	0	0	0	0	0
Sci Rep	2022-07-01	9178047	88291	7663	0	6	0	1	0	0	0	0	0	0	1	1	0	1	0	0	21	0	1	0	0	0	0	0	0	0	0	0	0	0	0	0	0	0
Sci Rep	2022-07-01	9178030	79507	5716	0	0	0	0	0	0	0	2	0	0	0	0	0	0	0	0	1	0	0	0	0	0	0	12	0	0	0	0	0	0	0	0	0	0
Sci Rep	2022-07-01	9177605	61571	6153	0	2	0	0	0	0	0	1	0	0	5	1	0	0	0	0	9	0	0	0	0	0	0	0	0	0	0	0	0	0	0	0	0	0
Sci Rep	2022-07-01	9177723	109535	10017	0	8	0	0	0	1	2	0	0	1	5	0	0	0	1	0	8	0	0	1	0	0	0	0	0	0	0	0	0	0	0	0	0	0
Sci Rep	2022-07-01	9177729	208811	8824	0	3	2	0	0	0	2	0	0	0	0	5	0	0	0	0	12	0	0	1	0	0	0	0	0	0	0	0	0	0	0	0	0	0
Sci Rep	2022-07-01	9172093	79464	7628	0	8	0	1	0	0	0	0	0	0	1	3	0	0	0	0	21	0	0	0	0	0	0	1	0	0	0	0	0	0	0	0	0	0
Sci Rep	2022-07-01	9174267	139506	11630	0	4	0	0	0	0	0	0	0	0	0	2	0	0	1	0	45	0	0	0	0	0	0	0	0	0	0	0	1	4	1	0	0	0
Sci Rep	2022-07-01	9174294	258359	12331	0	7	0	0	0	0	3	0	0	0	0	0	0	0	0	2	16	0	0	0	0	0	0	0	0	0	0	0	0	1	0	0	0	0
Sci Rep	2022-07-01	9177606	90081	8269	0	5	0	0	0	0	1	1	0	0	1	2	0	0	0	0	37	0	0	0	0	0	0	0	1	0	0	0	0	0	0	0	0	0
Sci Rep	2022-07-01	9177663	97360	9017	0	7	0	2	0	0	0	0	0	3	0	0	0	0	0	0	21	0	0	1	0	0	0	0	1	0	0	0	0	0	0	0	0	0
Sci Rep	2022-07-01	9198612	64605	6060	0	6	1	4	0	0	0	1	0	0	2	3	0	0	0	0	23	0	0	1	0	0	0	0	0	0	0	0	0	0	0	0	0	0
Sci Rep	2022-07-01	9200861	80844	7740	0	16	0	0	0	0	3	4	0	2	3	3	0	0	0	0	16	0	0	2	0	0	0	0	0	0	0	0	0	0	0	0	0	0
Sci Rep	2022-07-01	9200846	71169	6842	0	3	0	0	0	0	0	0	0	0	1	0	0	0	1	0	15	0	0	0	0	0	0	0	0	0	0	0	0	0	0	0	0	0
Sci Rep	2022-07-01	9200733	102411	8687	0	6	2	2	0	0	1	0	0	0	1	0	0	2	0	0	9	0	0	1	0	0	0	1	0	0	0	0	0	0	0	0	0	0
Sci Rep	2022-07-01	9200859	143138	13282	0	12	0	1	0	0	0	1	0	0	0	3	0	0	0	0	10	0	0	0	0	0	0	0	0	0	0	0	0	0	0	0	0	0
Sci Rep	2022-07-01	9200770	90223	8305	0	9	0	0	0	0	2	3	0	0	2	0	0	0	0	0	23	0	0	0	0	0	0	0	0	0	0	0	0	0	0	0	0	0
Sci Rep	2022-07-01	9200745	99159	9154	0	3	0	3	0	0	4	0	0	0	3	2	0	0	0	0	29	0	0	1	0	0	0	2	0	0	0	0	0	0	0	0	0	0
Sci Rep	2022-07-01	9200794	352241	20863	0	5	0	2	0	0	0	0	0	0	2	1	0	0	0	0	31	0	0	3	0	0	0	0	0	0	0	0	2	0	0	0	0	0
Sci Rep	2022-07-01	9200978	60673	6225	0	10	0	0	0	0	0	3	0	0	0	1	0	0	0	0	26	0	0	0	0	0	0	0	0	0	0	0	0	0	0	0	0	0
Sci Rep	2022-07-01	9200739	105747	9019	0	14	0	0	0	0	2	0	0	0	0	6	0	0	0	0	15	0	0	2	0	0	0	0	0	0	0	0	0	0	0	0	0	0
Sci Rep	2022-07-01	9200717	86902	8372	0	3	1	1	0	0	0	2	0	0	1	1	0	0	0	0	66	0	0	0	0	0	0	0	0	0	0	0	0	0	0	0	0	0
Sci Rep	2022-07-01	9200751	66222	6856	0	2	0	0	0	0	0	0	0	1	2	9	0	1	1	0	7	0	0	0	0	0	0	3	0	0	0	0	0	0	0	0	0	1
Sci Rep	2022-07-01	9200715	146619	13433	0	23	0	1	0	0	0	0	0	8	0	1	0	0	0	0	29	0	0	0	0	0	0	0	0	0	0	0	0	0	0	0	0	0
Sci Rep	2022-07-01	9200772	138478	10608	0	3	0	1	0	0	0	1	0	0	0	1	0	0	1	0	15	0	0	1	0	0	0	0	0	0	0	0	0	0	0	0	0	0
Sci Rep	2022-07-01	9200843	77833	7798	0	3	0	7	0	0	4	2	0	0	1	0	0	0	1	0	34	0	0	0	0	0	0	0	0	0	0	0	0	0	0	0	0	0
Sci Rep	2022-07-01	9200788	91071	8057	0	8	1	0	0	0	3	1	0	3	2	2	0	0	0	0	40	0	0	0	0	0	0	0	0	0	0	0	0	0	0	0	0	0
Sci Rep	2022-07-01	9200800	68985	6354	0	15	0	4	0	0	0	2	0	0	1	6	0	0	0	0	53	0	0	0	0	0	2	0	0	0	0	0	1	0	0	2	0	0
Sci Rep	2022-07-01	9200773	117751	10441	0	5	0	0	0	2	2	6	0	1	1	5	0	0	1	0	28	0	0	0	0	0	1	0	0	0	0	0	1	0	0	0	0	0
Sci Rep	2022-07-01	9200867	94264	9231	0	10	0	1	0	0	1	1	0	0	1	1	0	1	1	0	28	0	0	0	0	0	0	0	1	0	0	0	0	0	0	0	0	0
Sci Rep	2022-07-01	9200842	79019	7536	0	16	1	0	0	0	13	0	0	0	2	2	0	0	0	0	26	0	0	3	0	1	0	0	0	0	0	0	0	0	0	0	0	0
Sci Rep	2022-07-01	9200863	130508	12345	0	7	1	0	0	0	2	0	0	1	2	0	0	0	0	0	37	0	0	5	0	0	0	0	0	0	0	0	1	0	0	0	0	0
Sci Rep	2022-07-01	9200756	96233	9510	0	6	0	0	0	0	0	6	0	3	1	0	0	0	0	0	26	0	0	0	0	0	0	0	0	0	0	0	0	0	1	0	0	0
Sci Rep	2022-07-01	9200724	135992	12041	0	17	0	2	0	0	0	1	0	0	0	1	0	0	0	0	47	0	0	0	0	1	0	0	0	0	0	0	0	0	0	0	0	0
Sci Rep	2022-07-01	9200216	94130	8963	0	7	1	1	0	0	1	2	0	0	0	3	0	0	0	0	46	0	0	1	0	0	0	0	0	0	0	0	0	0	0	0	0	0
Sci Rep	2022-07-01	9200853	75237	6675	0	2	0	2	0	0	0	0	0	0	5	4	0	0	0	0	39	0	0	0	0	0	1	1	0	0	0	0	0	0	0	0	0	0
Sci Rep	2022-07-01	9218116	167602	15131	0	6	0	2	1	4	0	2	0	0	0	6	0	0	0	0	73	0	0	0	0	0	0	0	0	0	0	0	0	0	0	0	0	0
Sci Rep	2022-07-01	9217937	96172	7546	0	4	0	0	0	0	12	0	0	0	7	6	0	0	0	0	12	0	0	0	0	0	0	0	0	0	0	0	0	0	0	0	0	0
Sci Rep	2022-07-01	9217826	170603	8672	0	5	0	0	0	0	1	3	0	0	0	1	0	0	0	0	14	0	0	1	0	0	0	0	1	0	0	0	1	0	0	0	0	0
Sci Rep	2022-07-01	9217914	89118	8199	0	4	0	0	0	0	0	1	0	0	0	4	0	0	3	0	81	0	5	0	0	0	1	0	0	0	0	0	0	0	0	0	0	0
Sci Rep	2022-07-01	9216294	89132	9169	0	9	0	0	0	0	0	3	0	0	2	1	0	0	1	0	17	0	0	1	0	0	1	0	0	0	0	0	1	0	0	0	0	0
Sci Rep	2022-07-01	9218082	59056	5839	0	4	0	0	0	0	1	2	0	0	0	2	0	0	0	0	14	0	0	1	0	0	0	0	0	0	0	0	0	0	0	0	0	0
Sci Rep	2022-07-01	9217945	103282	9983	0	11	0	0	0	0	1	5	0	0	2	2	0	0	0	0	11	0	0	1	0	0	0	1	1	0	0	0	0	0	0	0	0	0
Sci Rep	2022-07-01	9217923	87836	6160	1	9	1	0	0	0	3	1	0	0	2	1	0	0	0	0	8	0	0	0	0	0	0	0	0	0	0	0	0	0	0	3	0	0
Sci Rep	2022-07-01	9217849	87910	8056	0	5	0	3	0	0	0	0	0	0	3	2	0	0	0	0	17	0	0	0	0	0	0	0	0	0	0	0	0	0	0	0	0	0
Sci Rep	2022-07-01	9218093	89777	9345	0	3	0	2	0	0	1	1	0	0	0	0	0	1	1	0	58	0	0	4	0	0	0	0	0	0	0	0	0	1	0	0	0	0
Sci Rep	2022-07-01	9217932	132619	10507	0	14	2	0	0	0	0	2	0	0	0	3	0	0	0	0	22	0	0	4	0	0	0	0	0	0	0	0	0	0	0	0	0	0
Sci Rep	2022-07-01	9217960	50467	4794	0	4	0	0	0	0	0	0	0	0	2	4	0	0	0	0	33	0	0	0	0	0	0	0	0	0	0	0	0	0	0	0	0	0
Sci Rep	2022-07-01	9217947	83823	8370	0	3	0	0	0	0	0	0	0	4	1	4	0	0	0	0	41	0	0	0	0	0	0	0	0	0	0	0	0	0	0	0	0	0
Sci Rep	2022-07-01	9217976	91206	8486	1	2	1	7	0	0	0	0	0	0	0	2	0	0	1	0	15	0	0	1	0	0	0	0	0	0	0	0	0	0	0	1	0	0
Sci Rep	2022-07-01	9217921	103608	8144	0	10	1	0	0	0	0	0	0	0	1	0	0	0	0	0	16	0	0	2	0	1	1	1	0	0	0	0	0	0	0	0	0	0
Sci Rep	2022-07-01	9217801	122177	9824	0	2	1	2	0	0	2	1	0	0	1	0	0	0	0	0	28	0	0	1	0	0	0	0	0	0	0	0	0	1	0	0	0	0
Sci Rep	2022-07-01	9218134	78169	7893	0	1	0	2	0	0	0	0	0	1	0	9	0	0	0	0	29	0	0	0	0	0	0	0	0	0	0	0	0	0	0	0	0	0
Sci Rep	2022-07-01	9218118	74321	7227	0	4	0	0	0	0	2	0	0	1	0	1	0	0	0	0	27	0	0	0	0	0	0	0	0	0	0	0	0	0	0	0	0	0
Sci Rep	2022-07-01	9217788	79897	8234	0	8	0	1	0	0	0	1	0	0	13	4	0	0	0	0	36	0	0	1	0	0	1	0	0	0	0	0	0	0	0	0	0	0
Sci Rep	2022-07-01	9216298	112958	9897	0	13	0	1	0	0	9	6	0	0	5	2	0	0	0	0	58	0	0	1	0	0	3	0	0	0	0	0	0	0	0	1	0	0
Sci Rep	2022-07-01	9217967	104450	9262	1	1	1	0	0	0	0	0	0	1	1	2	0	0	0	0	6	0	0	0	0	0	0	0	0	0	0	0	0	1	0	0	0	0
Sci Rep	2022-07-01	9217121	145066	12851	0	14	0	2	0	0	0	0	0	0	10	2	0	0	0	0	14	0	0	2	0	0	0	0	0	0	0	0	0	0	0	0	0	0
Sci Rep	2022-07-01	9217911	41688	4105	0	13	1	1	0	1	0	0	0	0	0	0	0	0	0	0	23	0	0	0	0	0	3	0	0	0	0	0	0	0	0	0	0	0
Sci Rep	2022-07-01	9217977	98599	9036	0	14	0	0	0	0	0	1	0	0	0	1	0	0	1	0	29	0	0	1	0	0	0	0	0	0	0	0	0	0	0	0	0	0
Sci Rep	2022-07-01	9217917	76744	6733	0	21	0	1	0	0	12	1	0	0	3	4	0	0	0	0	11	0	0	0	0	0	0	0	0	0	0	0	0	0	0	0	0	0
Sci Rep	2022-07-01	9249886	281449	17346	0	2	0	3	1	0	2	7	0	0	9	1	0	0	0	0	35	0	0	1	0	0	0	0	0	0	0	0	1	1	0	0	0	1
Sci Rep	2022-07-01	9247892	55545	5527	0	2	0	1	0	0	0	0	0	6	0	2	0	0	0	0	4	0	0	1	0	0	0	0	0	0	0	0	0	0	0	0	0	0
Sci Rep	2022-07-01	9247937	154384	14343	0	9	0	2	0	0	2	4	0	0	3	4	0	0	0	0	28	0	0	0	0	0	0	1	0	0	0	0	1	0	0	0	0	0
Sci Rep	2022-07-01	9249802	71704	7033	0	14	0	1	0	0	1	1	0	0	0	1	0	0	0	0	20	0	1	0	0	0	0	0	0	0	0	0	0	0	0	0	0	0
Sci Rep	2022-07-01	9249763	135352	15031	0	16	0	7	0	0	0	1	0	0	6	1	0	0	0	0	28	0	0	0	0	0	0	0	0	0	0	0	0	1	0	0	0	0
Sci Rep	2022-07-01	9249780	117082	9841	0	5	0	3	0	0	3	0	0	0	1	1	0	2	0	0	20	0	0	0	0	0	0	1	0	0	0	0	0	1	0	0	0	0
Sci Rep	2022-07-01	9247915	109384	8482	0	8	0	0	0	0	1	0	0	0	1	3	0	0	0	0	31	0	0	0	0	0	1	0	0	0	0	0	0	0	0	0	0	0
Sci Rep	2022-07-01	9249762	75305	6935	0	5	2	6	0	0	0	0	0	0	0	12	0	0	0	0	26	0	0	0	0	0	0	0	0	0	0	0	0	0	0	0	0	0
Sci Rep	2022-07-01	9249895	75987	6888	0	3	0	4	0	0	0	0	0	0	0	2	0	0	0	0	19	0	0	2	0	0	0	0	0	0	0	0	0	0	0	0	0	0
Sci Rep	2022-07-01	9249789	79279	7910	0	7	0	1	0	1	1	1	0	0	0	4	0	1	0	0	4	0	0	1	0	0	0	0	0	0	0	0	0	0	0	0	0	0
Sci Rep	2022-07-01	9249924	239289	14808	0	3	1	0	0	0	0	0	0	1	14	7	0	0	3	0	16	0	0	0	0	0	1	0	0	0	0	0	1	1	0	0	0	0
Sci Rep	2022-07-01	9249837	117961	10993	0	12	0	5	0	0	0	2	0	0	4	6	0	0	1	0	20	0	0	1	0	0	0	0	0	0	0	0	0	0	0	0	0	0
Sci Rep	2022-07-01	9247061	122740	10951	0	6	0	2	0	0	2	0	0	0	1	1	0	0	0	0	23	0	0	2	0	0	0	0	0	0	0	0	0	0	0	0	0	0
Sci Rep	2022-07-01	9249795	63612	5868	0	3	0	0	0	0	1	0	0	0	0	0	0	0	2	0	11	0	0	0	0	0	0	0	0	0	0	0	0	0	0	0	0	0
Sci Rep	2022-07-01	9247941	35689	3679	0	2	1	1	0	0	1	1	0	0	0	0	0	0	0	0	9	0	0	0	0	0	0	0	0	0	0	0	0	0	0	0	0	0
Sci Rep	2022-07-01	9249782	154328	12547	0	4	1	0	0	0	4	3	0	1	0	4	0	0	0	0	28	0	0	4	0	0	0	0	0	0	0	0	0	0	0	0	0	0
Sci Rep	2022-07-01	9249808	150189	14724	0	11	1	10	0	0	0	8	0	26	0	1	0	0	0	0	8	0	0	1	0	0	0	0	0	0	0	0	0	0	0	0	0	0
Sci Rep	2022-07-01	9249836	52786	5176	0	3	0	1	0	0	1	0	0	0	0	4	0	0	1	0	8	0	0	0	0	0	0	0	0	0	0	0	0	0	0	0	0	0
Sci Rep	2022-07-01	9247931	79464	7779	0	3	0	3	0	0	1	0	0	1	5	6	0	0	1	0	47	0	0	0	0	0	0	0	0	0	0	0	0	0	0	0	0	0
Sci Rep	2022-07-01	9249757	72356	6000	0	6	0	0	0	0	0	1	0	0	0	2	0	0	0	0	73	0	0	0	0	1	2	0	0	0	0	0	0	0	0	0	0	0
Sci Rep	2022-07-01	9249891	86860	8959	0	2	0	2	0	0	0	2	0	2	0	1	0	0	0	0	9	0	0	1	0	2	1	3	0	0	0	0	0	0	0	1	0	0
Sci Rep	2022-07-01	9249737	90224	8588	0	13	0	1	0	0	1	4	0	0	12	4	0	0	0	0	33	0	0	1	0	0	0	0	0	0	0	0	0	0	0	0	0	0
Sci Rep	2022-07-01	9249742	110585	10067	0	5	0	4	0	1	1	0	0	0	4	0	0	0	0	0	5	0	0	0	0	0	0	1	0	0	0	0	0	0	0	0	0	0
Sci Rep	2022-07-01	9249914	70009	6463	0	6	1	1	0	0	0	2	0	0	1	1	0	0	1	0	32	0	0	2	0	0	0	0	0	0	0	0	0	0	0	0	0	0
Sci Rep	2022-07-01	9249882	153058	14253	0	39	0	1	0	0	0	4	0	4	1	3	0	0	0	0	15	0	0	1	0	0	1	0	0	0	0	0	0	0	0	0	0	1
