journal	date	pmc_id	Nchars	Nwords	delve	analyse	acknowledge	assess	appraise	dissect	explore	examine	extricate	expose	estimate	investigate	inquire	inspect	interpret	scrutinise	study	unearth	uncover	understand	ponder	research	reason	retrieve	avoid	discount	disregard	dismiss	ignore	neglect	overlook	omit	skip	reject
Sci Adv	2022-01-01	11323785	26271	2152	0	3	0	1	0	0	1	1	0	0	0	1	0	0	1	0	6	0	0	0	0	0	1	0	0	0	0	0	0	0	0	0	0	1
Sci Adv	2022-01-01	8500519	179070	15035	0	0	0	0	0	0	6	4	0	0	0	3	0	0	1	0	17	0	0	0	0	0	1	0	0	0	0	0	0	0	0	0	0	0
Sci Adv	2022-01-01	8500508	157855	13979	0	8	0	3	0	0	0	1	0	4	12	0	0	0	0	0	20	0	0	0	0	0	1	0	0	0	0	0	0	0	0	0	0	0
Sci Adv	2022-01-01	8494436	146979	11089	0	12	0	0	0	0	0	1	0	0	1	0	0	0	1	0	10	0	0	1	0	0	0	0	0	0	0	0	0	0	0	0	0	0
Sci Adv	2022-01-01	8500511	163050	10891	0	2	4	0	0	0	1	0	0	0	13	1	0	0	0	0	28	0	0	0	0	0	1	2	0	0	0	0	0	0	0	0	0	0
Sci Adv	2022-01-01	8494294	194437	12760	0	1	1	0	0	0	3	0	0	0	11	6	0	0	3	1	25	0	1	1	0	0	0	0	0	0	0	0	0	0	0	0	0	0
Sci Adv	2022-01-01	8500522	204326	15626	0	22	0	0	0	0	0	5	0	2	0	8	0	0	1	0	19	0	0	0	0	0	0	0	0	0	0	0	0	0	0	0	0	0
Sci Adv	2022-01-01	8494443	149796	12711	0	17	2	3	0	0	1	7	0	1	0	0	0	0	0	0	11	0	0	0	0	0	0	0	0	0	0	0	0	0	0	0	0	0
Sci Adv	2022-01-01	8500506	192555	16095	0	5	0	0	0	0	0	26	0	0	0	4	0	0	1	0	59	0	0	4	0	0	1	2	0	0	0	0	0	0	0	0	0	0
Sci Adv	2022-01-01	8500513	140832	10798	0	24	0	5	0	0	0	7	0	0	0	0	0	0	0	0	13	0	0	0	0	0	0	0	0	0	0	0	0	0	0	0	0	0
Sci Adv	2022-01-01	8494296	147846	12756	0	1	1	1	0	0	1	6	0	0	6	1	0	0	5	0	22	0	0	7	0	0	0	0	1	0	0	0	0	0	0	0	0	0
Sci Adv	2022-01-01	8494445	118539	9146	0	9	0	0	0	0	2	1	0	0	9	0	0	0	0	0	12	0	1	1	0	0	0	0	0	0	0	0	0	0	0	0	0	0
Sci Adv	2022-01-01	8500518	182363	12682	0	3	0	1	0	0	2	9	0	0	0	3	0	0	2	0	8	0	0	1	0	0	0	0	0	0	0	0	0	0	0	0	0	0
Sci Adv	2022-01-01	8500514	172165	13608	0	14	0	1	0	3	0	9	0	0	0	8	0	0	0	0	12	0	0	0	0	0	0	0	1	0	0	0	0	0	0	0	0	0
Sci Adv	2022-01-01	8494446	151768	15907	0	23	1	1	0	0	3	18	0	0	14	3	0	0	2	0	11	0	0	2	0	0	0	0	0	0	0	0	0	0	0	0	0	0
Sci Adv	2022-01-01	8500517	97831	7893	0	5	1	0	0	0	1	2	0	1	1	4	0	0	0	0	5	0	0	0	0	0	0	0	0	0	0	0	0	0	0	0	0	0
Sci Adv	2022-01-01	8500510	127707	8375	0	1	7	0	0	0	0	0	0	0	0	1	0	0	0	0	8	0	0	0	0	0	0	0	1	0	0	0	0	0	0	0	0	0
Sci Adv	2022-01-01	8494441	134337	8815	0	9	1	3	0	0	0	0	0	1	0	1	0	0	0	0	5	0	0	0	0	0	0	0	0	0	0	0	0	0	0	0	0	0
Sci Adv	2022-01-01	8500507	157844	11783	0	4	4	2	0	0	1	1	0	0	50	0	0	0	0	0	7	0	0	3	0	0	0	0	0	0	0	0	1	1	1	1	0	0
Sci Adv	2022-01-01	8494438	172510	13628	0	3	1	0	0	0	7	5	0	0	16	0	0	1	1	0	3	0	1	0	0	0	0	0	0	0	0	0	0	0	0	0	0	0
Sci Adv	2022-01-01	8494447	144217	10194	0	23	0	1	0	0	1	5	0	0	0	5	0	0	0	0	6	0	0	2	0	0	0	2	0	0	0	0	0	0	0	0	0	0
Sci Adv	2022-01-01	8500516	258802	16658	0	4	2	1	0	0	4	0	0	18	11	6	0	0	0	0	13	0	2	3	0	0	1	0	2	0	2	0	0	1	0	0	0	0
Sci Adv	2022-01-01	8494442	169642	13544	0	10	0	8	0	0	0	0	0	1	0	1	0	0	2	0	19	0	0	0	0	0	0	0	0	0	0	0	0	0	0	0	1	0
Sci Adv	2022-01-01	8500512	263082	17024	0	9	0	6	0	0	0	3	0	0	3	5	0	0	0	0	44	0	0	0	0	0	0	0	0	0	0	0	0	0	0	0	0	0
Sci Adv	2022-01-01	8494295	185492	14667	0	9	0	1	0	0	5	7	0	2	0	10	0	0	0	0	16	0	0	1	0	0	0	0	0	0	0	0	0	0	0	0	0	0
Sci Adv	2022-01-01	8519575	138431	9998	0	3	2	3	0	0	13	1	0	0	5	7	0	0	1	0	16	0	1	4	0	0	1	1	0	0	0	0	0	0	0	0	0	0
Sci Adv	2022-01-01	8514094	173800	12319	0	15	1	1	0	0	5	1	0	0	15	0	0	0	0	0	5	0	0	5	0	0	0	0	0	0	0	0	0	0	2	1	0	0
Sci Adv	2022-01-01	8519561	140080	10794	0	9	0	2	0	0	1	0	0	0	38	0	0	0	0	0	19	0	0	1	0	0	1	0	0	0	0	0	0	0	0	0	0	0
Sci Adv	2022-01-01	8514103	165558	12341	0	6	0	2	0	0	0	0	0	2	0	1	0	0	1	0	8	0	0	0	0	0	0	0	0	0	0	0	0	0	0	0	0	0
Sci Adv	2022-01-01	11095630	168710	12149	0	3	2	0	0	0	0	2	0	0	2	8	0	0	0	0	10	0	0	2	0	0	1	0	0	0	0	0	0	1	0	0	0	0
Sci Adv	2022-01-01	8519577	166927	12999	0	9	0	6	0	0	0	0	0	0	1	0	0	1	0	0	6	0	2	0	0	0	1	0	0	0	0	0	0	0	0	0	0	0
Sci Adv	2022-01-01	8519560	100852	7254	0	1	0	0	0	0	1	0	0	0	6	1	0	0	1	0	14	0	0	0	0	0	0	2	0	0	0	0	0	0	0	0	0	0
Sci Adv	2022-01-01	8514093	153321	9952	0	14	0	0	0	1	1	0	0	0	0	1	0	0	0	0	23	0	0	4	0	0	0	0	0	0	0	0	0	0	0	0	0	0
Sci Adv	2022-01-01	8519567	128985	9783	0	8	0	0	0	0	0	0	0	2	0	1	0	0	0	0	4	0	0	0	0	0	0	0	0	0	0	0	0	0	0	0	0	0
Sci Adv	2022-01-01	8519569	210657	16964	0	9	1	0	0	0	1	1	0	3	0	2	0	0	0	0	9	0	0	1	0	0	0	0	0	0	0	0	0	0	0	0	0	0
Sci Adv	2022-01-01	8519562	90262	6756	0	0	0	1	0	0	0	0	0	1	1	0	0	0	2	0	2	0	1	1	0	0	0	0	0	0	0	0	0	0	0	0	0	0
Sci Adv	2022-01-01	11559552	270274	15142	0	2	0	4	0	0	3	0	0	0	114	1	0	0	1	0	51	0	0	0	0	0	0	0	0	0	0	0	0	0	1	1	0	0
Sci Adv	2022-01-01	8514086	111055	9929	0	10	0	4	0	0	0	2	0	1	6	0	0	0	1	0	16	0	0	0	0	0	0	0	0	0	0	0	0	0	0	1	0	0
Sci Adv	2022-01-01	8519573	180125	13474	0	13	0	1	0	0	3	0	0	0	0	0	0	0	0	0	6	0	0	0	0	0	0	0	0	0	0	0	0	0	0	0	0	0
Sci Adv	2022-01-01	8514102	156935	12778	0	19	0	1	0	3	0	6	0	0	1	1	0	0	1	0	8	0	0	1	0	0	1	0	0	0	0	0	0	0	0	0	0	0
Sci Adv	2022-01-01	8519572	138903	8055	0	1	0	0	0	0	0	0	0	0	0	0	0	0	0	0	0	0	0	0	0	0	0	0	1	0	0	0	0	1	0	0	0	0
Sci Adv	2022-01-01	8519574	211398	14694	1	3	0	2	0	0	1	2	0	1	1	1	0	0	0	0	19	0	0	0	0	0	0	0	0	0	0	0	0	0	0	0	0	0
Sci Adv	2022-01-01	10763888	146369	11531	0	7	0	0	0	0	1	0	0	2	0	6	0	0	0	0	7	0	0	2	0	3	0	0	0	0	0	0	0	0	0	0	0	0
Sci Adv	2022-01-01	8514097	129117	11174	0	0	2	0	0	0	1	1	0	0	3	2	0	0	0	0	6	0	0	0	0	0	2	0	1	0	0	0	2	0	0	0	0	0
Sci Adv	2022-01-01	8514090	201773	17777	0	6	2	1	0	1	6	0	0	0	0	0	0	0	1	0	7	0	1	3	0	0	0	0	2	0	0	0	0	0	0	1	0	0
Sci Adv	2022-01-01	8514096	221699	15809	0	11	0	0	0	1	1	2	0	0	0	3	0	0	1	0	8	0	0	0	0	0	0	0	0	0	0	0	0	0	0	0	0	0
Sci Adv	2022-01-01	8514099	137074	11073	0	0	0	0	0	0	2	0	0	1	6	3	0	1	1	0	1	0	0	3	0	0	0	0	0	0	0	0	0	0	0	0	0	0
Sci Adv	2022-01-01	8519570	224824	17890	0	6	1	5	0	0	0	2	0	1	1	0	0	0	0	0	22	0	0	0	0	0	0	0	1	0	0	0	0	0	0	0	0	0
Sci Adv	2022-01-01	8519565	105144	8872	0	1	6	0	0	0	2	1	0	0	0	0	0	0	0	0	6	0	0	0	0	0	0	0	0	0	0	0	1	0	0	0	0	0
Sci Adv	2022-01-01	8514101	100858	8783	0	1	0	0	0	0	0	1	0	0	2	1	0	0	1	0	3	0	0	0	0	0	1	0	0	0	0	0	0	0	0	0	0	0
Sci Adv	2022-01-01	8528416	166322	11821	0	6	1	3	0	0	0	6	0	1	0	1	0	0	0	0	5	0	0	0	0	0	0	1	0	0	0	0	0	0	0	0	0	0
Sci Adv	2022-01-01	8528430	167994	12632	0	16	0	5	0	0	3	1	0	5	1	3	0	0	0	0	13	0	0	0	0	0	0	0	0	0	0	0	0	0	0	0	0	0
Sci Adv	2022-01-01	8535852	182020	14769	0	10	0	0	0	0	1	5	0	1	2	1	0	0	2	0	24	0	0	2	0	0	0	0	0	0	0	1	0	0	0	0	0	0
Sci Adv	2022-01-01	8535814	211520	16442	0	18	0	13	0	0	2	1	0	10	0	2	0	0	0	0	15	0	0	2	0	0	0	0	0	0	0	0	0	0	0	0	0	0
Sci Adv	2022-01-01	8528429	236157	16877	0	9	2	11	0	0	1	0	0	0	0	2	0	0	0	0	22	0	0	0	0	0	0	2	0	0	0	0	0	0	0	1	0	0
Sci Adv	2022-01-01	8528428	267903	17812	0	12	1	4	0	0	1	1	0	14	0	4	0	0	2	0	18	0	2	3	0	0	1	0	0	0	0	0	0	1	0	0	0	0
Sci Adv	2022-01-01	8535790	165014	9911	0	5	1	0	0	0	2	0	0	0	1	1	0	0	0	0	9	0	0	0	0	0	0	0	0	0	0	0	0	0	0	0	0	0
Sci Adv	2022-01-01	8535828	162331	11030	0	8	0	3	0	0	0	5	0	1	1	3	0	0	0	0	19	0	0	0	0	0	0	0	0	0	0	0	0	0	0	0	0	0
Sci Adv	2022-01-01	8528411	149811	10932	0	11	0	0	0	0	1	0	0	0	34	2	0	0	3	0	7	0	0	2	0	0	0	0	0	0	0	0	0	0	1	0	0	0
Sci Adv	2022-01-01	8535830	126280	10705	0	2	0	6	1	0	0	3	0	0	7	2	0	0	0	0	175	0	0	1	0	0	2	3	0	0	0	0	0	0	0	0	0	0
Sci Adv	2022-01-01	8528419	171276	11321	0	1	0	0	0	0	1	8	0	0	2	0	0	0	0	0	10	0	0	0	0	0	1	0	0	0	0	0	0	0	0	0	0	0
Sci Adv	2022-01-01	8528418	66936	4745	0	1	0	0	0	0	1	0	0	3	0	0	0	0	0	0	2	0	0	0	0	0	0	0	0	0	0	0	0	0	0	0	0	0
Sci Adv	2022-01-01	8528423	153208	12430	0	3	2	1	0	0	0	0	0	2	6	0	0	0	3	0	16	0	0	1	0	0	0	0	0	0	0	0	0	0	0	0	0	0
Sci Adv	2022-01-01	8535798	153797	11665	0	5	0	0	0	0	0	11	0	1	1	0	0	0	1	0	16	0	0	0	0	0	0	0	0	0	0	0	0	0	0	0	0	0
Sci Adv	2022-01-01	8528425	210554	15342	0	5	0	0	0	0	0	4	0	2	0	1	0	0	0	0	13	0	0	3	0	0	0	0	0	0	0	0	0	0	0	0	0	0
Sci Adv	2022-01-01	8535796	91335	5635	0	2	2	0	0	0	0	0	0	0	1	0	0	0	0	0	0	0	0	0	0	0	0	0	0	0	0	0	0	0	0	0	0	0
Sci Adv	2022-01-01	8528412	107540	8638	0	0	0	0	0	0	0	0	0	0	1	0	0	0	0	0	9	0	0	0	0	0	0	1	0	0	0	0	0	0	0	0	0	0
Sci Adv	2022-01-01	10763760	222350	19698	0	8	0	1	0	0	0	1	0	1	2	20	0	0	0	0	7	0	4	3	0	0	1	0	0	0	0	0	0	0	0	0	0	0
Sci Adv	2022-01-01	8528417	152656	12006	0	3	0	0	0	0	2	0	0	0	8	6	0	0	2	0	6	0	0	0	0	0	0	0	0	0	0	0	0	0	0	0	0	0
Sci Adv	2022-01-01	8528414	125329	9778	0	4	0	1	0	1	1	1	0	1	0	0	0	0	0	0	15	0	0	2	0	0	0	0	0	0	0	0	0	0	0	0	0	0
Sci Adv	2022-01-01	8528420	168743	11361	0	1	0	0	0	0	2	1	0	0	2	4	0	0	0	0	6	0	0	1	0	1	0	0	0	0	0	0	0	0	0	0	0	0
Sci Adv	2022-01-01	8528421	214465	17188	0	10	0	3	0	0	2	1	0	0	0	6	0	0	0	0	31	0	0	4	0	0	1	0	0	0	0	0	0	0	1	5	0	0
Sci Adv	2022-01-01	8528427	126315	9396	0	2	0	0	0	0	0	1	0	0	4	2	0	0	1	0	6	0	0	0	0	0	0	0	1	0	0	0	0	0	0	0	0	0
Sci Adv	2022-01-01	8528413	117433	7784	0	2	0	0	0	0	0	0	0	0	0	3	0	0	0	0	1	0	0	0	0	0	0	0	0	0	0	0	0	0	0	0	0	0
Sci Adv	2022-01-01	8535823	80265	6592	0	10	0	0	0	0	0	4	0	21	2	0	0	0	0	0	25	0	0	3	0	0	1	0	0	0	0	0	0	0	0	0	0	0
Sci Adv	2022-01-01	8550235	183692	14681	0	18	0	2	0	0	0	1	0	0	3	3	0	0	1	0	13	0	1	0	0	0	0	0	0	0	0	0	0	0	1	0	0	0
Sci Adv	2022-01-01	8550237	167626	12440	0	10	0	1	0	0	2	1	0	1	3	0	0	0	0	0	7	0	0	1	0	0	0	0	0	0	0	0	0	0	0	0	0	0
Sci Adv	2022-01-01	8555904	101994	7731	0	11	0	0	0	0	0	1	0	3	6	1	0	0	0	0	2	0	0	0	0	0	1	0	1	0	0	0	0	0	0	0	0	0
Sci Adv	2022-01-01	8555896	250763	12290	0	7	1	13	0	0	1	1	0	0	0	5	0	0	0	0	8	0	0	0	0	0	0	0	1	0	0	0	0	1	0	0	0	0
Sci Adv	2022-01-01	8555903	126600	10263	0	1	0	0	0	0	0	19	0	0	0	0	0	0	0	0	4	0	0	0	0	0	0	0	0	0	0	0	0	0	0	0	0	0
Sci Adv	2022-01-01	8555897	196079	14899	0	8	0	1	0	0	1	0	0	1	0	0	0	0	0	0	22	0	0	4	0	0	2	1	1	0	0	0	0	0	0	0	0	0
Sci Adv	2022-01-01	8550225	116826	9029	0	18	0	1	0	0	0	0	0	0	7	1	0	0	1	0	21	0	1	0	0	0	0	0	0	0	0	0	0	0	0	0	0	0
Sci Adv	2022-01-01	8555892	171915	13579	0	19	1	2	0	1	1	0	0	0	6	1	0	0	4	0	8	0	0	1	0	0	0	0	0	0	0	0	0	0	0	0	0	0
Sci Adv	2022-01-01	8550246	102743	7867	0	22	1	4	0	0	0	0	0	0	37	5	0	0	1	0	30	1	0	0	0	0	0	0	1	0	0	0	0	0	0	0	0	0
Sci Adv	2022-01-01	8550243	155692	11797	0	1	0	0	0	0	0	0	0	0	0	2	0	0	0	0	8	0	0	1	0	1	0	0	0	0	0	0	0	0	0	0	0	0
Sci Adv	2022-01-01	8550250	169553	11221	0	9	0	0	0	1	1	3	0	0	1	4	0	0	0	0	14	0	1	0	0	0	0	0	0	0	0	0	0	0	0	0	0	0
Sci Adv	2022-01-01	8555895	114042	8253	0	3	0	1	0	0	1	0	0	5	1	2	0	0	0	0	4	0	0	2	0	0	0	0	1	0	0	0	0	0	0	0	0	0
Sci Adv	2022-01-01	8555890	122427	7423	0	1	0	0	0	0	1	0	0	0	0	0	0	0	1	0	12	0	0	0	0	0	0	0	6	0	0	0	0	0	0	0	0	0
Sci Adv	2022-01-01	8550226	93000	6800	0	1	0	0	0	0	0	0	0	0	1	3	0	0	0	0	3	0	0	0	0	0	0	0	0	0	0	0	0	0	0	0	0	0
Sci Adv	2022-01-01	8550245	163873	10649	0	9	0	3	0	0	0	0	0	0	0	0	0	0	0	0	15	0	0	0	0	0	0	0	0	0	0	0	0	0	0	0	0	0
Sci Adv	2022-01-01	8555893	416343	30224	0	11	1	3	0	0	12	0	0	14	1	0	0	0	0	0	36	0	0	1	0	0	0	0	3	0	0	0	0	0	2	0	0	0
Sci Adv	2022-01-01	8550236	174959	14541	0	37	0	5	0	0	2	13	0	0	0	1	0	0	0	0	10	0	0	1	0	0	3	0	0	0	0	0	0	0	0	0	0	0
Sci Adv	2022-01-01	8555899	121076	9688	0	9	2	0	0	0	6	0	0	0	4	4	0	0	3	0	15	0	0	2	0	0	3	0	1	0	0	0	0	1	0	0	0	0
Sci Adv	2022-01-01	8550239	136724	8544	0	2	5	0	0	0	2	0	0	0	4	1	0	0	0	0	3	0	1	4	0	0	0	0	0	0	0	0	1	0	1	0	0	0
Sci Adv	2022-01-01	8550249	167590	12788	0	7	1	0	0	1	1	2	0	1	0	0	0	0	0	0	26	0	0	0	0	0	0	0	0	0	0	0	0	0	0	0	0	0
Sci Adv	2022-01-01	8555889	90067	7126	0	2	2	0	0	0	0	1	0	0	0	1	0	0	0	0	7	0	0	0	0	0	0	0	0	0	0	0	0	0	0	0	0	1
Sci Adv	2022-01-01	8555898	112425	7016	0	3	3	0	0	0	0	0	0	0	1	0	0	0	0	0	2	0	0	0	0	0	0	0	0	0	0	0	0	0	0	0	0	0
Sci Adv	2022-01-01	8550231	210803	18248	0	10	2	0	0	1	1	1	0	10	8	6	0	0	0	0	12	0	0	3	0	0	0	0	1	0	0	0	0	0	0	0	0	0
Sci Adv	2022-01-01	8555907	148360	13517	0	6	0	3	0	0	3	0	0	1	1	4	0	0	1	0	12	0	0	0	0	0	0	0	1	0	0	0	0	0	1	0	0	0
Sci Adv	2022-01-01	8555901	128047	7610	0	2	1	0	0	0	0	0	0	0	3	0	0	0	1	0	1	0	0	0	0	0	0	0	0	0	0	0	0	0	0	0	0	0
Sci Adv	2022-01-01	8565904	144760	10811	0	2	0	1	0	0	0	2	0	2	0	2	0	0	0	0	22	0	0	2	0	0	0	0	0	0	0	0	0	0	1	0	0	0
Sci Adv	2022-01-01	8565845	155343	11324	0	9	0	0	0	0	1	2	0	0	9	2	0	0	1	2	19	0	0	3	0	0	0	0	0	0	0	0	0	0	0	0	0	0
Sci Adv	2022-01-01	8570599	130415	10504	0	1	0	1	0	0	0	2	0	0	2	1	0	0	0	0	10	1	1	3	0	0	0	0	0	0	1	0	0	0	0	0	0	0
Sci Adv	2022-01-01	8570596	147558	10785	0	2	2	0	0	0	4	2	0	2	4	2	0	0	0	0	8	0	0	2	0	0	0	0	0	0	0	0	0	1	0	1	0	0
Sci Adv	2022-01-01	8565846	150097	11452	0	9	0	3	0	0	0	3	0	1	1	1	0	0	0	0	10	0	1	0	0	0	0	0	1	0	0	0	0	0	0	0	0	0
Sci Adv	2022-01-01	8570594	163977	12512	0	5	0	2	0	7	1	0	0	1	0	3	0	0	0	0	8	0	2	0	0	0	0	0	0	0	0	0	0	0	0	0	0	0
Sci Adv	2022-01-01	8565911	187065	14469	0	19	4	1	0	0	2	9	0	0	1	6	0	0	1	0	11	0	1	2	0	0	0	1	0	0	0	0	0	0	3	0	0	0
Sci Adv	2022-01-01	8565900	162060	10503	0	1	4	0	0	0	2	0	0	0	1	3	0	0	1	0	2	0	0	2	0	0	0	0	0	0	0	0	0	0	0	0	0	0
Sci Adv	2022-01-01	8565907	216028	14131	0	19	0	3	0	0	1	0	0	1	0	7	0	0	3	0	18	0	1	0	0	0	0	0	0	0	0	0	0	0	0	0	0	0
Sci Adv	2022-01-01	8570602	203838	16062	0	11	0	0	0	0	3	10	0	0	0	8	0	0	0	0	24	0	0	0	0	0	0	0	0	0	0	0	0	0	0	0	0	0
Sci Adv	2022-01-01	8565847	187673	15487	0	4	0	0	0	0	0	0	0	1	6	2	0	0	0	0	8	0	0	1	0	1	0	0	1	0	0	0	0	0	0	0	0	0
Sci Adv	2022-01-01	8565844	134152	8289	0	2	0	0	0	0	0	0	0	0	0	2	0	0	0	0	1	0	0	1	0	0	0	0	0	0	0	0	0	0	0	0	0	0
Sci Adv	2022-01-01	8570608	221256	12203	0	10	0	1	0	0	0	9	0	6	7	3	0	0	0	0	28	0	0	1	0	0	0	0	0	0	0	0	0	0	0	0	0	0
Sci Adv	2022-01-01	8565910	212245	16284	0	7	0	4	0	0	1	0	0	0	4	1	0	0	0	0	22	0	0	2	0	0	1	0	1	0	0	0	1	0	0	0	0	0
Sci Adv	2022-01-01	8565901	115164	7309	0	0	1	0	0	0	1	0	0	0	1	1	0	0	0	0	5	0	0	0	0	0	0	0	2	0	0	0	0	0	0	0	0	0
Sci Adv	2022-01-01	8570605	164126	10306	0	3	2	0	0	0	0	0	0	1	1	1	0	0	0	0	12	0	0	0	0	0	0	0	0	0	0	0	0	0	0	0	0	0
Sci Adv	2022-01-01	8565842	149918	10924	0	0	1	0	0	1	0	0	0	1	4	1	0	0	0	0	12	0	0	7	0	0	0	0	0	0	0	0	0	0	0	0	0	0
Sci Adv	2022-01-01	8565905	125203	8242	0	2	0	0	0	1	0	0	0	2	2	2	0	0	0	0	8	0	0	2	0	0	0	0	0	0	0	0	0	0	0	0	0	0
Sci Adv	2022-01-01	8565913	277543	17689	0	42	0	8	0	1	1	1	0	0	2	6	0	0	1	0	27	0	0	1	0	0	0	0	0	0	0	0	0	0	0	0	0	0
Sci Adv	2022-01-01	8570603	172131	14560	0	4	0	4	0	0	1	3	0	0	3	8	0	0	0	0	31	0	0	2	0	1	1	1	12	0	1	0	0	0	0	0	0	0
Sci Adv	2022-01-01	8570610	198087	14647	0	4	2	5	0	0	1	5	0	1	0	3	0	0	0	0	18	0	0	1	0	0	0	0	0	0	0	0	0	0	0	0	0	0
Sci Adv	2022-01-01	8565841	140494	8753	0	2	0	0	0	0	2	0	0	1	0	1	0	0	0	0	11	0	1	2	0	0	0	0	1	0	0	0	0	1	0	0	0	0
Sci Adv	2022-01-01	8565908	126516	9705	0	8	0	1	0	0	2	0	0	0	0	5	0	0	1	0	23	0	0	0	0	0	1	0	0	0	0	0	0	0	0	0	0	0
Sci Adv	2022-01-01	8570600	160755	13312	0	4	0	4	0	2	7	5	0	3	0	6	0	1	0	0	3	0	0	0	0	0	0	0	0	0	0	0	0	0	0	3	0	0
Sci Adv	2022-01-01	8570595	186728	13183	0	5	1	20	0	0	1	1	0	0	3	3	0	0	0	0	23	0	0	2	0	0	0	0	0	0	0	0	0	0	0	0	0	0
Sci Adv	2022-01-01	8580305	138416	9642	0	5	1	2	0	1	1	1	0	0	7	1	0	0	1	0	11	0	0	0	0	0	0	0	0	0	0	0	0	0	0	1	0	0
Sci Adv	2022-01-01	8580320	106418	8248	0	2	0	0	0	0	0	0	0	0	2	1	0	0	0	0	2	0	0	2	0	0	0	0	0	0	0	0	0	0	0	0	0	0
Sci Adv	2022-01-01	8589317	133449	11776	0	6	1	6	0	0	0	10	0	0	0	3	0	0	0	0	9	0	0	1	0	0	0	0	0	0	0	0	0	0	0	0	0	0
Sci Adv	2022-01-01	8580303	192350	15807	0	24	0	8	0	0	0	4	0	2	2	8	0	0	0	0	5	0	2	0	0	0	0	0	1	0	0	0	0	0	0	0	0	0
Sci Adv	2022-01-01	8589315	83463	5851	0	0	0	0	0	0	2	0	0	0	1	0	0	0	1	0	2	0	0	0	0	0	0	0	0	0	0	0	1	0	0	0	0	0
Sci Adv	2022-01-01	8580309	157912	13499	0	0	1	2	0	0	8	0	0	0	1	5	0	0	2	0	18	0	0	0	0	0	0	0	0	0	0	0	0	0	0	0	0	0
Sci Adv	2022-01-01	8580314	217186	14387	0	5	0	1	0	0	0	1	0	0	113	3	0	0	0	0	16	0	0	1	0	0	1	0	1	0	0	0	0	0	0	0	0	0
Sci Adv	2022-01-01	8589318	229900	17077	0	19	0	3	0	0	0	4	0	0	0	4	0	0	1	0	12	0	1	0	0	0	0	0	0	0	0	0	0	0	0	0	0	0
Sci Adv	2022-01-01	8589306	124198	9747	0	2	1	0	0	0	0	0	0	3	3	1	0	0	0	0	1	0	0	0	0	0	0	1	0	0	0	0	0	0	0	0	0	0
Sci Adv	2022-01-01	8589319	250597	20844	0	16	0	6	0	0	1	0	0	1	2	6	0	0	0	0	38	0	0	0	0	0	0	0	1	0	0	0	0	0	0	0	0	0
Sci Adv	2022-01-01	8580323	143506	8600	0	1	2	0	0	0	0	0	0	0	4	1	0	0	0	0	2	0	0	0	0	0	0	0	2	0	0	0	0	0	0	0	0	0
Sci Adv	2022-01-01	8580308	153512	11979	0	3	0	0	0	0	2	0	0	1	3	2	0	0	0	0	8	0	0	0	0	0	0	0	0	0	0	0	0	0	0	2	0	0
Sci Adv	2022-01-01	8580307	189166	14527	0	13	1	1	0	0	4	8	0	1	0	5	0	0	0	0	16	0	0	0	0	0	0	0	0	0	0	0	0	0	0	0	0	0
Sci Adv	2022-01-01	8580299	112968	8170	0	3	0	0	0	2	1	4	0	0	0	1	0	0	0	0	8	0	0	1	0	0	0	0	0	0	0	0	0	0	0	0	1	0
Sci Adv	2022-01-01	8580302	129624	9440	0	12	1	0	0	0	2	1	0	1	4	0	0	0	0	0	3	0	0	0	0	0	0	0	0	0	0	0	0	0	0	0	0	0
Sci Adv	2022-01-01	8580312	73235	4660	0	1	2	1	0	0	2	0	0	0	1	1	0	0	0	0	5	0	1	0	0	0	2	0	0	0	0	0	0	0	1	0	0	0
Sci Adv	2022-01-01	8580310	503628	27908	0	40	0	10	0	0	1	9	0	0	2	0	0	0	2	0	91	0	0	2	0	0	0	0	0	0	0	0	0	0	0	0	0	0
Sci Adv	2022-01-01	8580318	302757	16270	0	12	1	2	0	0	0	9	0	0	1	1	0	0	0	0	42	0	1	0	0	0	2	0	0	0	0	0	0	0	0	0	0	0
Sci Adv	2022-01-01	8589309	196143	13736	0	5	0	3	0	0	1	5	0	3	37	0	0	0	3	0	20	0	0	0	0	0	1	0	0	0	0	0	0	0	0	0	0	0
Sci Adv	2022-01-01	8580317	176903	13776	0	9	0	1	0	0	2	0	0	0	0	4	0	0	1	0	12	0	0	2	0	0	0	0	1	0	0	0	0	0	0	0	0	0
Sci Adv	2022-01-01	8589311	135598	9790	0	1	1	0	0	0	0	0	0	3	0	1	0	0	0	0	13	0	0	5	0	0	0	0	0	0	0	0	0	0	0	0	0	0
Sci Adv	2022-01-01	8589313	122566	10433	0	14	0	0	0	0	0	2	0	1	1	3	0	0	0	0	7	0	0	2	0	0	0	0	0	0	0	0	0	1	0	0	0	0
Sci Adv	2022-01-01	8580316	142303	9042	0	3	0	1	0	0	3	0	0	0	1	6	0	0	0	0	9	0	0	1	0	0	1	0	0	0	0	0	0	0	0	0	0	0
Sci Adv	2022-01-01	8589304	114546	7888	0	0	3	0	0	0	0	0	0	0	5	0	0	0	1	0	0	0	0	0	0	0	1	0	0	0	0	0	0	0	0	1	0	0
Sci Adv	2022-01-01	8580313	148956	11265	0	11	1	3	0	3	0	6	0	0	15	4	0	0	1	0	17	0	1	2	0	0	0	0	0	0	0	0	0	0	0	0	0	0
Sci Adv	2022-01-01	8598004	196179	12116	0	1	1	0	0	0	0	3	0	0	46	0	0	0	0	0	0	0	0	0	0	0	1	0	0	0	0	0	1	2	0	0	0	0
Sci Adv	2022-01-01	8598000	279442	17499	0	2	0	1	0	2	0	0	0	0	3	6	0	0	1	0	33	0	1	1	0	0	0	5	0	0	0	0	0	0	0	0	0	0
Sci Adv	2022-01-01	8604398	109273	7048	0	2	0	0	0	0	1	0	0	0	4	1	0	0	0	0	0	0	0	2	0	0	0	0	0	0	0	0	0	0	0	0	0	0
Sci Adv	2022-01-01	8597991	125672	8175	0	0	0	0	0	0	0	3	0	2	0	0	0	0	2	0	12	0	0	0	0	0	0	0	0	0	0	0	0	1	0	0	0	0
Sci Adv	2022-01-01	8604417	182059	14207	0	3	0	1	0	0	2	2	0	4	0	2	0	0	0	0	10	0	0	1	0	0	2	0	0	0	0	0	1	0	0	0	0	0
Sci Adv	2022-01-01	8604412	183766	16750	0	5	3	2	0	0	0	0	0	0	4	11	0	0	0	0	17	0	1	1	0	0	1	0	0	0	0	0	0	0	0	0	0	0
Sci Adv	2022-01-01	8597994	147532	11912	0	10	0	1	0	1	0	3	0	0	0	2	0	0	0	0	4	0	0	0	0	0	0	0	0	0	0	0	0	0	0	0	0	0
Sci Adv	2022-01-01	8604415	183871	15728	0	13	0	4	0	0	4	8	0	4	1	2	0	1	1	0	26	0	0	0	0	0	0	0	0	0	0	0	0	0	0	0	0	0
Sci Adv	2022-01-01	8604409	120120	12087	0	7	0	0	0	0	2	2	0	0	5	2	0	0	0	0	13	0	0	0	0	0	0	0	0	0	0	0	14	1	0	0	0	0
Sci Adv	2022-01-01	8604404	200430	16175	0	21	0	0	0	0	2	0	0	0	5	1	0	0	0	0	11	0	0	0	0	0	0	0	0	0	0	1	0	0	0	0	0	0
Sci Adv	2022-01-01	8604410	125786	7927	0	7	0	1	0	0	2	1	0	0	0	4	0	0	1	0	12	0	0	1	0	0	0	0	0	0	0	0	0	0	0	0	0	0
Sci Adv	2022-01-01	8604403	161008	10488	0	11	1	1	0	0	0	3	0	2	0	11	0	0	1	0	7	0	0	0	0	0	0	0	0	0	0	0	0	0	0	0	0	0
Sci Adv	2022-01-01	8597998	353628	19791	0	14	0	0	0	0	11	0	0	0	15	1	0	2	2	0	17	0	0	0	0	0	1	0	0	0	0	0	0	0	0	0	0	6
Sci Adv	2022-01-01	8598002	154911	9831	0	0	0	0	0	0	1	2	0	0	4	1	0	0	1	0	4	0	0	0	0	0	0	0	0	0	0	0	0	0	0	0	0	0
Sci Adv	2022-01-01	8598006	207641	14416	0	12	0	3	0	1	1	0	0	0	1	0	0	0	0	0	21	0	0	0	0	0	0	0	0	0	0	0	0	0	0	0	0	0
Sci Adv	2022-01-01	8598008	259368	16912	0	15	0	3	0	0	0	0	0	1	0	1	0	0	0	0	13	0	0	0	0	0	0	0	0	0	0	0	0	0	0	0	0	0
Sci Adv	2022-01-01	8604405	114698	9198	0	0	0	0	0	5	0	4	0	0	0	0	0	0	0	0	4	0	0	1	0	0	0	0	0	0	0	0	0	0	0	0	0	0
Sci Adv	2022-01-01	8598001	135747	9283	0	1	2	0	0	0	2	0	0	0	10	1	0	0	0	0	11	0	0	0	0	0	0	0	0	0	0	0	0	1	0	0	0	0
Sci Adv	2022-01-01	8597999	176792	14507	0	6	1	3	0	0	0	5	0	4	1	0	0	0	1	0	27	0	0	0	0	0	0	0	0	0	0	0	0	0	0	0	0	0
Sci Adv	2022-01-01	8598003	198943	14728	0	3	1	14	0	0	1	0	0	0	9	7	0	0	1	0	18	0	1	3	0	0	0	0	0	0	0	0	1	0	0	0	0	2
Sci Adv	2022-01-01	8604401	165947	11098	0	1	8	2	0	0	0	1	0	6	0	1	0	0	0	0	10	0	0	1	0	0	0	0	0	0	0	0	0	0	0	0	0	0
Sci Adv	2022-01-01	8604411	117210	7166	0	1	0	0	0	0	4	0	0	0	0	3	0	1	1	0	0	0	0	1	0	0	0	0	0	0	0	0	0	0	0	0	0	0
Sci Adv	2022-01-01	10927295	4098	277	0	0	0	0	0	0	0	0	0	0	0	0	0	0	0	0	0	0	0	0	0	0	0	0	0	0	0	0	0	0	0	0	0	0
Sci Adv	2022-01-01	8604400	182857	13164	0	7	2	1	0	0	0	0	0	0	2	1	0	1	0	0	15	0	0	1	0	0	0	0	1	0	0	0	0	0	0	0	0	0
Sci Adv	2022-01-01	8597995	179037	11766	0	2	2	0	0	1	4	0	0	0	0	0	0	0	0	0	11	0	1	1	0	0	0	0	0	0	0	0	0	0	0	1	0	0
Sci Adv	2022-01-01	8635435	136339	9471	0	3	0	13	0	0	0	2	0	0	0	0	0	0	0	0	15	0	0	0	0	0	1	0	0	0	0	0	0	0	0	0	0	0
Sci Adv	2022-01-01	8626076	172172	12368	0	4	1	0	0	0	1	1	0	0	0	4	0	1	0	0	15	0	1	3	0	0	3	0	0	0	0	0	0	0	0	0	0	0
Sci Adv	2022-01-01	8612532	108249	9255	0	2	0	0	0	0	0	0	0	0	1	0	0	0	0	0	1	0	0	0	0	0	0	0	0	0	0	0	0	0	0	0	0	0
Sci Adv	2022-01-01	8635444	112454	9437	0	4	1	0	0	0	0	1	0	0	1	0	0	0	0	0	2	0	0	2	0	0	0	0	0	0	0	0	0	0	0	0	0	0
Sci Adv	2022-01-01	8612677	115452	9405	0	1	1	0	0	0	0	0	0	1	5	5	0	0	0	0	1	0	0	0	0	0	0	0	0	0	0	0	0	0	0	0	0	0
Sci Adv	2022-01-01	8626078	117159	8628	0	6	0	3	0	0	1	1	0	0	0	4	0	0	1	0	6	0	0	1	0	0	0	0	0	0	0	0	0	0	0	0	0	0
Sci Adv	2022-01-01	8612682	111275	8470	0	1	1	0	0	0	0	0	0	1	0	1	0	0	0	0	0	0	0	1	0	0	0	0	0	0	0	0	0	0	0	0	0	0
Sci Adv	2022-01-01	8635437	165301	11752	0	4	1	4	0	2	0	0	0	0	0	3	0	0	1	0	18	0	0	0	0	0	0	0	0	0	0	0	0	0	0	0	0	0
Sci Adv	2022-01-01	8626070	145981	11189	0	8	0	1	0	0	0	1	0	1	1	1	0	0	0	0	18	0	0	0	0	0	1	0	0	0	0	0	0	0	0	0	0	0
Sci Adv	2022-01-01	8635421	136523	11334	0	2	0	2	0	0	0	0	0	2	5	3	0	0	0	1	15	0	1	5	0	0	1	0	0	0	0	0	0	0	0	0	0	0
Sci Adv	2022-01-01	8612679	134110	9627	0	2	0	0	0	0	0	0	0	1	2	0	0	0	0	0	8	0	0	0	0	0	2	0	0	0	0	0	0	0	0	0	0	0
Sci Adv	2022-01-01	8612681	121882	10507	0	2	1	0	0	0	0	0	0	0	1	0	0	0	0	0	2	0	0	1	0	0	0	0	0	0	0	0	0	0	0	0	0	0
Sci Adv	2022-01-01	8612674	86383	5866	0	0	0	0	0	0	0	0	0	1	2	0	0	0	0	0	1	0	0	0	0	0	0	0	0	0	0	0	0	0	0	0	0	0
Sci Adv	2022-01-01	8626077	114571	7476	0	0	2	0	0	0	2	0	0	0	0	1	0	0	0	0	13	0	0	1	0	0	0	0	0	0	0	0	0	0	0	0	0	0
Sci Adv	2022-01-01	8635426	200602	13542	0	11	0	1	0	0	0	4	0	0	1	11	0	2	0	0	21	0	1	1	0	0	0	0	0	0	0	0	0	0	0	0	0	1
Sci Adv	2022-01-01	8635441	182495	11331	0	24	0	0	0	0	2	0	0	0	16	0	0	0	0	0	23	0	2	2	0	0	0	0	1	0	0	0	0	0	0	0	0	0
Sci Adv	2022-01-01	8635442	175014	13007	0	3	0	0	0	1	1	2	0	2	3	0	0	0	0	0	6	0	1	0	0	0	0	0	1	0	0	0	0	0	0	0	0	0
Sci Adv	2022-01-01	8612686	247907	15902	0	6	0	3	0	0	0	4	0	1	1	1	0	0	0	0	7	0	0	1	0	0	2	0	0	0	0	0	0	0	0	0	0	0
Sci Adv	2022-01-01	8635427	136404	8160	0	1	0	0	0	0	0	0	0	3	0	1	0	0	0	0	3	0	0	1	0	0	0	0	0	0	0	0	0	0	0	0	0	0
Sci Adv	2022-01-01	8626079	185157	14204	0	2	0	9	0	0	1	0	0	1	0	1	0	0	0	1	9	0	0	1	0	0	0	0	0	0	0	0	0	0	0	0	0	0
Sci Adv	2022-01-01	8626075	107273	7836	0	1	1	0	0	0	0	0	0	0	2	2	0	0	2	0	10	0	0	0	0	0	0	0	0	0	0	0	0	0	0	0	0	0
Sci Adv	2022-01-01	8635431	123438	8680	0	0	2	0	0	0	3	8	0	0	2	5	0	0	0	0	3	0	0	0	0	0	0	0	0	0	0	0	0	0	0	0	0	0
Sci Adv	2022-01-01	8612688	164020	9580	0	5	1	0	0	0	1	0	0	0	1	2	0	0	0	0	4	0	0	0	0	0	0	0	0	0	0	0	0	0	0	0	0	0
Sci Adv	2022-01-01	8635445	146664	9016	0	0	0	0	0	0	0	1	0	0	2	0	0	0	1	0	5	0	0	0	0	0	0	1	3	0	0	0	0	1	0	0	0	0
Sci Adv	2022-01-01	8612527	126570	8283	0	5	0	1	0	0	0	0	0	5	0	5	0	0	0	0	13	0	0	0	0	0	0	0	0	0	0	0	0	0	0	0	0	0
Sci Adv	2022-01-01	8654294	166786	11743	0	3	0	3	0	1	0	3	0	0	0	1	0	0	0	0	19	0	2	0	0	0	0	0	0	0	0	0	0	0	0	0	0	0
Sci Adv	2022-01-01	8641932	96217	7336	0	8	0	0	0	0	1	5	0	1	1	0	0	0	0	0	9	0	0	0	0	0	0	0	0	0	0	0	0	0	0	0	0	0
Sci Adv	2022-01-01	8635440	290487	21029	0	7	2	3	0	0	1	5	0	1	2	1	0	0	0	0	21	0	1	2	0	0	0	0	0	0	0	0	0	0	0	0	0	0
Sci Adv	2022-01-01	8641937	216719	18472	0	8	0	0	0	0	1	1	0	0	12	3	0	0	0	0	24	0	0	1	0	0	0	0	0	0	0	0	1	0	0	0	0	0
Sci Adv	2022-01-01	8635430	156224	9521	0	1	0	3	0	0	0	1	0	0	2	0	0	0	0	0	18	0	0	0	0	0	0	0	0	0	0	0	0	0	0	0	0	0
Sci Adv	2022-01-01	8654291	171693	11163	0	4	0	2	0	0	0	1	0	2	0	3	0	0	0	0	23	0	0	2	0	0	0	0	0	0	0	0	0	0	0	0	0	0
Sci Adv	2022-01-01	8635429	177243	14964	0	12	0	0	0	0	0	4	0	0	1	5	0	0	0	0	30	0	0	2	0	1	1	0	0	0	0	0	0	0	0	1	0	0
Sci Adv	2022-01-01	8654303	188071	15880	0	15	0	4	0	4	2	0	0	0	0	0	0	0	1	0	9	0	2	1	0	0	0	0	0	0	0	0	0	0	0	3	0	0
Sci Adv	2022-01-01	8635438	149530	10783	0	2	2	0	0	0	1	2	0	1	0	1	0	0	0	0	1	0	0	0	0	0	0	0	1	0	0	0	0	0	0	0	0	1
Sci Adv	2022-01-01	8654285	249496	12494	0	2	12	1	0	0	0	4	0	0	13	6	0	0	2	1	22	0	0	1	0	0	0	0	0	0	0	0	0	0	1	0	0	0
Sci Adv	2022-01-01	8641938	258683	13803	0	1	0	5	0	1	0	4	0	1	1	1	0	0	0	0	26	0	0	0	0	0	0	0	0	0	0	0	0	0	0	0	0	0
Sci Adv	2022-01-01	8654299	160596	11151	0	9	0	2	0	0	1	2	0	0	2	1	0	0	0	0	1	0	0	1	0	0	0	0	0	0	0	0	0	0	0	0	0	0
Sci Adv	2022-01-01	8635436	104779	8540	0	1	0	0	0	0	0	1	0	0	0	0	0	1	0	0	9	0	0	3	0	0	0	0	1	0	0	0	0	0	0	0	0	0
Sci Adv	2022-01-01	8641929	154446	11560	0	2	3	0	0	0	3	1	0	0	1	1	0	0	1	0	12	0	0	0	0	1	0	0	0	0	0	0	0	0	0	1	0	0
Sci Adv	2022-01-01	8641930	164889	14365	0	53	0	4	0	0	0	12	0	2	0	5	0	1	0	0	12	0	1	0	0	0	0	0	0	0	0	0	0	0	0	0	0	0
Sci Adv	2022-01-01	8641933	245883	18646	0	21	0	7	0	0	0	0	0	1	5	2	0	0	5	0	6	0	0	0	0	0	1	1	0	0	0	0	0	0	0	0	0	0
Sci Adv	2022-01-01	8654289	147282	11463	0	8	0	1	0	0	0	2	0	1	3	10	0	0	0	0	26	0	0	0	0	0	1	0	0	0	0	0	0	0	0	0	0	0
Sci Adv	2022-01-01	8635443	160190	12877	0	2	1	3	0	5	0	0	0	0	3	0	0	0	0	0	19	0	0	0	0	0	0	0	0	0	0	0	0	0	0	0	0	2
Sci Adv	2022-01-01	8635439	158969	13570	0	8	0	0	0	1	3	2	0	0	3	3	0	0	0	0	12	0	0	2	0	0	0	0	0	3	0	0	1	0	0	0	0	0
Sci Adv	2022-01-01	8654296	194892	14264	0	9	1	2	0	0	0	1	0	1	1	1	0	0	2	0	21	0	1	2	0	0	0	0	0	0	0	0	0	0	0	0	0	0
Sci Adv	2022-01-01	8654295	112927	7122	0	2	0	0	0	0	1	0	0	0	1	4	0	0	0	0	4	0	0	0	0	0	0	0	0	0	0	0	4	0	0	0	0	0
Sci Adv	2022-01-01	8673766	193120	14980	0	20	0	5	0	5	0	4	0	0	0	2	0	0	0	0	2	0	0	0	0	0	0	0	0	0	0	0	0	0	0	1	0	0
Sci Adv	2022-01-01	8654297	157300	10011	0	1	0	0	0	0	0	0	0	0	0	0	0	0	0	0	11	0	0	0	0	0	0	0	1	0	0	0	0	0	0	0	0	0
Sci Adv	2022-01-01	8654292	158673	12233	0	13	2	0	0	0	12	5	0	0	7	4	0	0	2	0	34	0	0	10	0	0	0	0	0	0	0	0	1	0	0	0	0	0
Sci Adv	2022-01-01	8664261	216812	17286	0	18	0	1	0	1	2	7	0	0	0	6	0	0	1	0	45	0	0	1	0	0	0	0	0	0	0	0	0	0	0	0	0	0
Sci Adv	2022-01-01	8664266	141704	11768	0	3	1	1	0	0	5	4	0	1	1	2	0	1	0	0	38	0	0	0	0	0	2	0	2	0	0	0	0	0	0	0	0	4
Sci Adv	2022-01-01	8673760	153647	10596	0	0	1	0	0	0	0	1	0	0	0	6	0	0	1	0	36	0	0	1	0	0	0	0	0	0	0	0	0	0	0	0	0	0
Sci Adv	2022-01-01	8673763	170777	12883	0	5	3	0	0	0	0	0	0	3	24	2	0	0	3	0	15	0	0	0	0	0	2	1	0	0	0	0	2	2	0	0	0	4
Sci Adv	2022-01-01	8654305	169694	14188	0	3	1	0	0	0	0	3	0	4	3	1	0	0	1	0	8	0	0	1	0	0	2	1	0	0	0	0	0	0	0	0	0	0
Sci Adv	2022-01-01	8654307	92178	6242	0	3	0	0	0	0	1	0	0	0	0	0	0	0	0	0	2	0	0	0	0	0	0	0	0	0	0	0	0	0	0	0	0	0
Sci Adv	2022-01-01	8654288	202262	15511	0	11	2	5	0	0	0	1	0	0	6	6	0	0	0	0	15	0	0	0	0	0	3	0	0	0	0	0	0	0	0	0	0	0
Sci Adv	2022-01-01	8654286	263504	18750	0	6	0	0	0	0	0	1	0	0	2	5	0	1	0	0	9	0	1	0	0	0	2	1	0	0	0	0	0	0	0	0	0	0
Sci Adv	2022-01-01	8654300	118760	8326	0	2	0	0	0	0	0	3	0	0	0	2	0	0	0	0	5	0	0	0	0	0	0	0	0	0	0	0	0	0	0	1	0	0
Sci Adv	2022-01-01	11578287	2693	176	0	0	0	0	0	0	0	0	0	0	0	0	0	0	0	0	0	0	0	0	0	0	0	0	0	0	0	0	0	0	0	0	0	0
Sci Adv	2022-01-01	8664269	126375	8141	0	1	0	0	0	0	1	1	0	2	3	0	0	0	0	0	6	0	0	0	0	0	0	0	0	0	0	0	0	0	0	0	0	0
Sci Adv	2022-01-01	8673767	236587	11052	0	26	0	0	0	0	0	0	0	0	12	1	0	0	0	0	30	0	0	5	0	0	0	0	0	0	0	0	0	0	0	0	0	0
Sci Adv	2022-01-01	8673758	186083	15954	0	32	0	1	0	0	0	15	0	0	33	4	0	0	0	0	11	0	0	2	0	0	0	0	1	0	0	0	1	0	0	0	0	2
Sci Adv	2022-01-01	8654298	249740	15597	0	9	1	16	0	0	1	4	0	0	1	7	0	0	0	0	18	0	0	0	0	0	0	0	0	0	0	0	0	0	0	0	0	0
Sci Adv	2022-01-01	8664253	153410	11830	0	1	0	3	0	0	0	0	0	0	6	2	0	0	0	0	1	0	0	0	0	0	0	0	0	0	0	0	0	1	0	0	0	0
Sci Adv	2022-01-01	11323782	223849	17127	0	8	1	6	0	0	1	7	0	0	1	4	0	1	1	0	6	0	0	2	0	0	1	0	0	0	0	0	0	0	0	0	1	0
Sci Adv	2022-01-01	8654287	106058	9730	0	11	0	3	0	0	1	4	0	1	0	3	0	0	0	0	20	0	0	0	0	0	1	0	0	0	0	0	0	1	0	0	0	0
Sci Adv	2022-01-01	8673762	197648	13705	0	10	0	1	0	0	0	1	0	3	0	1	0	0	0	0	4	0	2	0	0	0	1	0	0	0	0	0	0	0	0	2	0	0
Sci Adv	2022-01-01	8694623	162454	12522	0	3	1	0	0	0	0	0	0	1	1	1	0	0	0	0	4	0	0	0	0	0	0	0	1	0	0	0	0	0	0	0	0	0
Sci Adv	2022-01-01	8694615	153965	12134	0	6	0	0	0	0	0	0	0	0	6	1	0	0	1	0	26	0	0	2	0	0	0	0	0	0	0	0	0	1	0	1	0	0
Sci Adv	2022-01-01	8694624	165354	13332	0	18	0	0	0	0	0	1	0	0	50	3	0	0	2	0	33	0	0	4	0	0	1	0	0	0	0	0	1	0	0	0	0	0
Sci Adv	2022-01-01	8673776	94162	6775	0	1	1	0	0	0	0	0	0	1	0	2	0	0	0	0	1	0	0	0	0	0	0	0	0	0	0	0	0	0	1	0	0	0
Sci Adv	2022-01-01	8694591	91201	8065	0	3	0	0	0	0	0	0	0	4	2	2	0	0	0	0	5	0	0	0	0	0	0	0	0	0	0	0	0	0	0	0	0	0
Sci Adv	2022-01-01	8682991	170748	12153	0	3	0	9	0	0	0	3	0	0	1	0	0	0	0	0	6	0	0	1	0	0	2	0	0	0	0	0	0	0	0	0	0	0
Sci Adv	2022-01-01	8694607	111377	8369	0	2	0	0	0	1	0	1	0	2	0	3	0	0	0	0	25	0	0	1	0	0	0	0	0	0	0	0	0	0	0	0	0	0
Sci Adv	2022-01-01	8694597	104390	7468	0	0	1	0	0	0	0	0	0	0	2	0	0	0	0	0	0	0	0	0	0	0	1	0	1	0	0	0	0	0	0	0	0	0
Sci Adv	2022-01-01	8694613	108492	8217	0	2	1	0	0	0	0	0	0	2	0	2	0	0	0	0	4	0	0	0	0	0	0	0	0	0	0	0	0	0	0	0	0	0
Sci Adv	2022-01-01	8694608	156099	9454	0	4	1	0	0	0	0	1	0	0	2	5	0	0	4	0	10	0	0	0	0	0	1	0	0	0	0	0	0	0	0	0	0	0
Sci Adv	2022-01-01	8694593	148012	10736	0	8	0	2	0	0	0	10	0	0	18	0	0	0	2	0	19	0	0	1	0	0	1	0	0	0	0	0	0	0	0	7	0	0
Sci Adv	2022-01-01	8682989	242406	18800	0	7	0	8	0	1	1	2	0	0	1	2	0	0	0	0	24	0	6	1	0	0	3	0	0	0	0	0	0	0	0	0	0	0
Sci Adv	2022-01-01	8694606	141504	9743	0	1	0	1	0	0	0	0	0	3	1	0	0	0	0	0	14	0	0	1	0	0	0	0	0	0	0	0	0	0	0	0	0	0
Sci Adv	2022-01-01	8694421	124840	7592	0	1	1	0	0	0	0	0	0	0	4	1	0	0	0	0	0	0	0	0	0	0	0	0	2	0	0	0	0	0	0	0	0	0
Sci Adv	2022-01-01	8673764	183809	15915	0	9	0	0	0	0	0	0	0	1	3	0	0	0	0	0	28	0	0	0	0	0	0	0	0	0	0	0	0	0	0	1	0	0
Sci Adv	2022-01-01	8694583	136057	9141	0	0	0	1	0	0	0	0	0	0	2	3	0	0	0	0	2	0	0	0	0	0	0	0	1	0	0	0	0	0	0	0	0	0
Sci Adv	2022-01-01	8682986	235434	14922	0	6	1	3	0	0	4	11	0	0	3	0	0	0	1	0	41	0	0	4	0	0	1	0	2	0	0	0	0	0	0	0	0	0
Sci Adv	2022-01-01	8673765	159634	11834	0	4	1	7	0	0	0	0	0	0	4	0	0	0	0	0	26	0	0	6	0	0	0	1	0	0	0	0	0	1	1	1	0	0
Sci Adv	2022-01-01	8694612	140013	9614	0	0	2	0	0	0	2	1	0	0	1	1	0	0	0	0	15	0	2	6	0	0	0	0	0	0	0	0	1	0	0	0	0	0
Sci Adv	2022-01-01	8694629	161303	9902	0	4	0	1	0	0	0	0	0	5	6	2	0	3	0	0	4	0	0	3	0	0	0	0	0	0	0	0	0	0	0	0	0	0
Sci Adv	2022-01-01	8694590	222224	18485	0	21	0	0	0	3	1	1	0	2	0	2	0	0	0	0	7	0	1	2	0	0	0	0	0	0	0	0	0	0	0	0	0	0
Sci Adv	2022-01-01	8694595	119004	8426	0	3	3	0	0	0	0	0	0	0	1	1	0	0	0	0	16	0	0	1	0	0	0	1	0	0	0	0	0	0	0	0	0	0
Sci Adv	2022-01-01	8673777	225751	17040	0	9	3	19	0	0	1	1	0	4	0	4	0	0	1	0	36	0	0	1	0	0	0	0	0	0	0	0	0	0	0	0	0	0
Sci Adv	2022-01-01	8694600	227988	17135	0	13	3	3	0	0	1	1	0	0	0	2	0	0	1	0	25	0	0	0	0	0	0	0	0	0	0	0	0	0	0	0	0	0
Sci Adv	2022-01-01	8694594	221560	15186	0	22	1	0	0	1	2	4	0	0	2	0	0	0	1	0	29	0	0	0	0	0	1	0	0	0	0	0	0	0	0	0	0	0
Sci Adv	2022-01-01	8694609	106108	9766	0	13	1	0	0	0	0	0	0	0	31	1	0	0	0	0	9	0	0	2	0	0	1	0	0	0	0	0	1	0	0	0	0	0
Sci Adv	2022-01-01	8694626	103924	7876	0	0	0	0	0	0	4	0	0	0	1	2	0	0	1	0	5	0	0	1	0	0	1	0	0	0	0	0	0	0	0	0	0	0
Sci Adv	2022-01-01	8694604	124851	7923	0	0	0	0	0	0	2	0	0	0	6	1	0	0	0	0	5	0	0	0	0	0	0	0	0	0	0	0	0	0	0	0	0	0
Sci Adv	2022-01-01	8694598	174997	13440	0	2	1	1	0	0	0	1	0	6	0	5	0	0	1	0	12	0	0	3	0	0	0	0	0	0	0	0	0	0	0	0	0	0
Sci Adv	2022-01-01	8694601	149635	10602	0	1	0	0	0	0	1	2	0	0	2	2	0	1	1	0	6	0	1	1	0	0	0	0	0	0	0	0	0	2	0	0	0	0
Sci Adv	2022-01-01	8694588	133738	8274	0	0	1	0	0	0	0	0	0	0	0	0	0	0	3	0	2	0	0	0	0	0	0	0	0	0	0	0	0	0	0	1	0	0
Sci Adv	2022-01-01	8694599	210147	11843	0	0	0	1	0	0	0	3	0	0	7	1	0	0	0	0	18	0	0	1	0	0	0	2	0	0	0	0	0	0	0	0	0	0
Sci Adv	2022-01-01	8694584	120491	10450	0	0	0	0	0	0	6	0	0	0	7	0	0	0	0	0	1	0	0	0	0	0	0	0	0	0	0	0	0	0	0	0	0	0
Sci Adv	2022-01-01	8694616	151706	11659	0	5	1	0	0	3	0	0	0	1	0	1	0	1	0	0	3	0	1	0	0	0	0	0	0	0	0	0	0	1	0	0	0	0
Sci Adv	2022-01-01	8694586	147737	11713	0	4	0	2	0	0	2	2	0	1	28	4	0	0	2	0	27	0	1	6	0	0	0	1	3	0	0	0	0	2	0	0	0	0
Sci Adv	2022-01-01	8694619	97289	8239	0	1	2	0	0	0	0	0	0	0	1	1	0	0	0	0	2	0	0	2	0	0	0	0	0	0	0	0	0	0	0	0	0	0
