journal	date	pmc_id	Nchars	Nwords	delve	analyse	acknowledge	assess	appraise	dissect	explore	examine	extricate	expose	estimate	investigate	inquire	inspect	interpret	scrutinise	study	unearth	uncover	understand	ponder	research	reason	retrieve	avoid	discount	disregard	dismiss	ignore	neglect	overlook	omit	skip	reject
Sci Rep	2023-07-01	10082766	103364	8361	0	4	0	0	0	0	0	1	0	0	4	9	0	0	0	0	13	0	0	2	0	0	0	0	0	0	0	0	0	0	0	0	0	0
Sci Rep	2023-07-01	10082076	129989	7867	0	6	0	0	0	0	2	2	0	0	3	1	0	0	0	0	7	0	0	3	0	0	0	0	0	0	0	0	0	0	0	0	0	0
Sci Rep	2023-07-01	10082688	182403	10229	0	1	1	1	0	0	0	0	0	1	11	4	0	0	1	0	19	0	1	1	0	0	1	0	0	0	0	0	0	0	0	0	0	0
Sci Rep	2023-07-01	10082838	104530	7462	0	1	0	0	0	0	0	2	0	0	0	1	0	0	0	0	7	0	0	0	0	0	1	0	0	0	0	0	0	1	0	1	0	0
Sci Rep	2023-07-01	10082218	177033	11152	0	3	0	1	0	0	5	0	0	0	0	1	0	0	0	0	17	0	0	0	0	0	0	0	0	0	0	0	0	0	0	0	0	0
Sci Rep	2023-07-01	10082839	95411	7529	0	9	0	0	0	0	0	0	0	0	0	4	0	0	1	0	50	0	0	0	0	0	0	0	0	0	0	0	0	0	0	0	0	0
Sci Rep	2023-07-01	10082789	108816	9181	0	3	0	6	0	0	4	13	0	1	4	3	0	0	1	0	69	0	0	2	0	0	0	1	0	0	0	0	0	0	1	0	0	0
Sci Rep	2023-07-01	10082793	72525	6309	0	4	0	0	0	0	1	0	0	3	1	1	0	0	0	0	10	0	0	0	0	0	0	0	0	0	0	0	0	0	0	0	0	0
Sci Rep	2023-07-01	10082028	95893	9401	0	12	0	0	0	0	0	0	0	0	12	0	0	0	0	0	9	0	0	0	0	0	0	0	0	0	0	0	0	0	0	0	0	0
Sci Rep	2023-07-01	10082788	109437	10386	0	12	0	3	1	0	3	1	0	0	0	11	0	0	2	0	40	0	0	5	0	0	1	0	0	0	0	0	0	0	1	0	0	2
Sci Rep	2023-07-01	10081332	117714	7966	0	2	0	1	0	0	2	0	0	0	14	1	0	0	0	0	28	0	0	0	0	0	0	0	0	0	0	0	0	0	0	0	0	0
Sci Rep	2023-07-01	10080504	64148	6493	0	2	0	0	0	0	0	4	0	0	0	0	0	0	0	0	27	0	0	0	0	0	0	0	0	0	0	0	0	0	0	0	0	0
Sci Rep	2023-07-01	10082775	144942	13673	0	4	1	0	0	0	0	0	0	0	2	0	0	0	1	0	4	0	0	0	0	0	0	0	0	0	0	0	0	1	0	0	0	0
Sci Rep	2023-07-01	10082193	160794	13739	0	8	0	0	0	0	0	0	0	0	11	4	0	0	0	0	16	0	0	0	0	0	1	0	0	0	0	0	0	1	0	0	0	0
Sci Rep	2023-07-01	10082777	125251	11736	0	7	0	4	0	0	1	0	0	4	1	5	0	0	1	0	12	0	0	0	0	0	1	0	0	0	0	0	0	0	0	0	0	0
Sci Rep	2023-07-01	10081818	92447	8907	0	9	0	1	0	0	2	0	0	0	0	0	0	0	0	0	4	0	0	0	0	0	0	0	1	0	0	0	1	0	0	0	0	0
Sci Rep	2023-07-01	10082824	89703	6509	0	1	0	0	0	0	0	0	0	0	0	0	0	0	0	0	2	0	0	0	0	0	0	0	0	0	0	0	0	0	0	0	0	1
Sci Rep	2023-07-01	10082853	104088	9265	0	18	0	0	0	0	5	1	0	1	2	1	0	0	0	0	36	0	0	0	0	0	0	0	0	0	0	0	0	0	0	0	0	0
Sci Rep	2023-07-01	10082797	63687	5676	0	9	1	0	0	0	4	0	0	0	1	1	0	0	0	0	35	0	0	0	0	0	1	0	0	0	0	0	0	0	0	0	0	0
Sci Rep	2023-07-01	10082844	70102	5748	0	3	0	1	0	0	0	0	0	0	3	0	0	0	0	0	22	0	0	0	0	0	0	0	1	0	0	0	0	0	0	0	0	0
Sci Rep	2023-07-01	10082769	101202	9621	0	6	1	0	0	0	0	2	0	0	0	3	0	0	0	0	17	0	0	1	0	0	0	0	0	0	0	0	0	0	0	0	0	0
Sci Rep	2023-07-01	10082003	107362	8009	0	0	0	0	0	0	2	0	0	0	0	1	0	0	0	0	13	0	0	0	0	0	0	0	0	0	0	0	0	0	0	0	0	0
Sci Rep	2023-07-01	10082026	84688	7473	0	10	1	0	0	0	11	2	0	0	3	1	0	0	0	0	29	0	1	0	0	2	0	0	0	0	0	0	0	0	0	0	0	0
Sci Rep	2023-07-01	10081997	118126	10789	0	5	0	0	0	0	3	0	0	0	1	1	0	0	0	0	10	0	0	4	0	0	0	2	1	0	0	0	0	0	0	0	0	0
Sci Rep	2023-07-01	10082827	94426	8868	0	1	0	1	0	0	2	0	0	8	31	0	0	0	0	0	4	0	0	4	0	0	0	0	0	0	0	0	0	0	0	0	0	0
Sci Rep	2023-07-01	10105747	71205	6121	0	2	0	0	0	0	1	0	0	0	3	0	0	0	1	0	9	0	0	0	0	0	0	0	0	0	0	0	0	0	0	0	0	0
Sci Rep	2023-07-01	10105757	85707	7925	0	0	0	1	0	0	1	0	0	0	4	1	0	0	0	0	8	0	0	1	0	0	0	0	0	0	0	0	0	0	0	0	0	0
Sci Rep	2023-07-01	10105759	83049	7918	0	9	1	2	0	0	0	0	0	0	12	0	1	0	1	0	50	0	0	0	0	0	2	0	0	0	0	0	0	0	0	0	0	0
Sci Rep	2023-07-01	10105763	121609	9493	0	7	0	2	0	0	0	1	0	0	4	1	0	0	1	0	26	0	0	0	0	0	1	0	1	0	0	0	0	0	0	0	0	0
Sci Rep	2023-07-01	10105697	75825	6718	0	9	1	3	0	0	1	1	0	0	0	4	0	0	0	0	32	0	1	1	0	0	0	0	0	0	0	0	0	0	0	0	0	0
Sci Rep	2023-07-01	10102020	137122	10070	0	1	0	0	0	0	0	0	0	0	4	7	0	0	0	0	11	0	0	0	0	1	0	0	0	0	0	0	0	0	0	0	0	0
Sci Rep	2023-07-01	10103033	75226	6839	0	11	1	3	0	0	0	0	0	0	3	2	0	0	2	0	50	0	0	0	0	0	0	1	0	0	0	0	0	1	0	0	0	0
Sci Rep	2023-07-01	10105698	56201	4869	0	2	0	1	0	0	0	0	0	0	2	1	0	0	0	0	13	0	0	0	0	0	0	0	0	0	0	0	0	0	0	0	0	0
Sci Rep	2023-07-01	10102157	54427	5124	0	4	0	1	0	0	0	2	0	0	0	6	0	0	0	0	23	0	0	0	0	0	2	0	0	0	0	0	0	0	0	0	0	0
Sci Rep	2023-07-01	10101985	98481	7061	0	4	0	0	0	0	0	0	0	0	0	4	0	0	0	0	3	0	0	0	0	0	0	0	0	0	0	0	0	0	0	0	0	0
Sci Rep	2023-07-01	10105760	193154	12112	0	5	0	2	0	0	2	1	0	0	0	1	0	0	0	0	17	0	0	0	0	0	1	0	0	0	0	0	3	0	0	0	0	0
Sci Rep	2023-07-01	10105745	105763	10325	0	9	0	3	0	0	2	5	0	0	0	0	0	0	0	0	25	0	0	1	0	1	1	0	0	0	0	0	0	0	0	0	0	0
Sci Rep	2023-07-01	10104867	71592	7008	0	6	1	2	0	1	0	0	0	0	3	4	0	0	1	0	19	0	0	0	0	0	0	0	0	0	0	1	0	0	0	0	0	0
Sci Rep	2023-07-01	10105771	100007	8855	0	5	0	3	0	0	1	0	0	0	0	4	0	0	1	0	30	0	0	0	0	0	0	0	0	0	0	0	0	1	0	0	0	0
Sci Rep	2023-07-01	10104823	104848	9028	0	8	0	3	0	0	1	0	0	1	3	3	0	0	0	0	28	0	0	0	0	0	0	0	0	0	0	0	0	0	0	0	0	0
Sci Rep	2023-07-01	10105536	85189	8522	0	3	0	0	0	0	0	3	0	0	0	5	0	0	0	0	8	0	0	0	0	0	0	0	0	0	0	0	0	0	0	1	0	0
Sci Rep	2023-07-01	10105744	55054	5483	0	0	3	0	0	0	0	4	0	0	0	1	0	0	1	0	7	0	0	3	0	0	0	0	0	0	0	0	0	0	0	0	0	0
Sci Rep	2023-07-01	10104865	73099	6909	0	4	0	7	0	0	0	0	0	0	0	0	0	0	1	0	26	0	0	0	0	0	1	0	0	0	0	0	0	0	0	0	0	0
Sci Rep	2023-07-01	10102182	107407	9854	0	7	1	2	0	0	1	16	0	0	2	2	0	0	0	0	74	0	0	0	0	0	1	0	0	0	0	0	0	0	0	0	0	0
Sci Rep	2023-07-01	10105689	41330	4284	0	0	0	1	0	0	1	0	0	0	5	0	0	0	1	0	16	0	0	0	0	0	1	0	0	0	0	0	0	0	0	0	0	0
Sci Rep	2023-07-01	10105710	150038	14579	0	5	0	4	0	0	0	1	0	7	1	1	0	1	2	0	13	0	0	2	0	0	0	0	1	0	0	0	0	0	1	0	0	0
Sci Rep	2023-07-01	10105748	127836	7542	0	1	0	1	0	0	1	0	0	0	1	3	0	0	0	0	5	0	0	0	0	1	0	0	0	0	0	0	0	0	0	0	0	0
Sci Rep	2023-07-01	10105733	137196	12373	0	11	0	3	0	0	4	13	0	0	16	0	0	0	1	0	3	0	0	0	0	0	4	0	0	0	0	0	2	0	0	0	0	0
Sci Rep	2023-07-01	10101972	84606	7974	0	2	0	0	0	0	1	2	0	0	0	2	0	0	0	0	6	0	0	1	0	0	0	0	0	0	0	0	1	0	0	0	0	0
Sci Rep	2023-07-01	10102076	66918	6560	0	2	0	0	0	0	0	0	0	0	0	0	0	0	0	0	13	0	0	0	0	0	0	1	0	0	0	0	0	0	0	0	0	0
Sci Rep	2023-07-01	10122646	80318	7119	0	3	1	0	0	0	0	0	0	0	2	0	0	0	1	0	2	0	0	0	0	0	0	6	0	0	0	0	0	0	0	1	0	0
Sci Rep	2023-07-01	10121586	9659	708	0	0	0	0	0	0	0	0	0	0	0	0	0	0	0	0	0	0	0	0	0	0	0	0	0	0	0	0	0	0	0	0	0	0
Sci Rep	2023-07-01	10121668	111741	10045	0	3	0	0	0	0	0	3	0	0	3	2	0	0	0	0	19	0	0	1	0	1	1	0	0	0	0	0	0	0	0	0	0	0
Sci Rep	2023-07-01	10121695	133796	13128	0	29	1	2	0	2	0	0	0	0	0	13	0	0	1	0	19	0	0	0	0	0	1	0	0	0	0	0	0	0	0	0	0	0
Sci Rep	2023-07-01	10121686	148844	9611	0	4	0	1	0	0	0	1	0	1	8	6	0	0	2	0	30	0	0	4	0	0	0	0	0	0	0	0	0	0	0	0	0	0
Sci Rep	2023-07-01	10119518	118264	9328	0	2	0	1	0	0	0	1	0	3	5	2	0	0	0	0	62	0	0	1	0	0	0	0	0	0	0	0	0	0	0	0	0	0
Sci Rep	2023-07-01	10121655	110984	10148	0	7	0	2	0	0	0	4	0	0	0	0	0	0	1	0	62	0	0	0	0	0	1	0	0	0	0	0	0	0	0	0	0	0
Sci Rep	2023-07-01	10121587	269480	19909	0	12	0	0	0	0	0	16	0	1	0	0	0	0	0	0	24	0	0	5	0	0	0	7	0	0	0	0	0	0	0	0	0	0
Sci Rep	2023-07-01	10121674	98067	8287	0	15	0	2	0	0	0	3	0	0	0	1	0	0	1	0	25	0	0	0	0	0	0	0	0	0	0	0	0	0	0	0	0	0
Sci Rep	2023-07-01	10121670	175106	14270	0	8	0	1	0	0	0	0	0	8	27	2	0	0	0	0	51	0	0	1	0	0	0	0	0	0	0	0	0	0	0	0	0	0
Sci Rep	2023-07-01	10121699	146104	13693	0	19	0	1	0	0	0	1	0	4	0	1	0	0	0	0	31	0	0	0	0	0	0	0	0	0	0	0	0	0	0	0	0	0
Sci Rep	2023-07-01	10121710	241046	9166	0	1	0	0	0	0	0	0	0	0	0	0	0	0	0	0	3	0	0	0	0	0	0	0	0	0	0	0	0	0	0	0	0	0
Sci Rep	2023-07-01	10121646	70717	6757	0	3	0	0	0	0	0	3	0	0	4	5	0	0	1	0	29	0	0	2	0	0	0	0	0	0	0	0	0	0	0	1	0	0
Sci Rep	2023-07-01	10119839	79928	5752	0	10	0	0	0	0	0	2	0	0	3	3	0	0	0	0	14	0	0	0	0	0	0	0	0	0	0	0	0	0	0	0	0	0
Sci Rep	2023-07-01	10119831	82425	7940	0	2	1	12	0	0	1	6	0	0	0	1	0	0	2	0	46	0	0	0	0	0	0	0	0	0	0	0	0	0	0	1	0	0
Sci Rep	2023-07-01	10121592	88709	8679	0	17	0	0	0	1	4	6	0	1	0	3	0	0	0	0	25	0	0	0	0	0	0	0	0	0	0	0	0	0	0	0	0	0
Sci Rep	2023-07-01	10121672	116086	10204	0	8	0	0	0	0	1	4	0	0	10	2	0	0	1	0	22	0	0	0	0	1	0	0	0	0	0	0	0	0	0	0	0	0
Sci Rep	2023-07-01	10121720	100397	9602	0	4	0	4	0	0	0	0	0	0	0	3	0	0	0	0	43	0	0	3	0	0	0	0	0	0	0	0	0	0	0	0	0	0
Sci Rep	2023-07-01	10121657	93565	8707	0	3	0	1	0	0	2	2	0	4	5	1	0	0	0	0	43	0	0	4	0	0	0	1	0	0	0	0	0	0	0	0	0	0
Sci Rep	2023-07-01	10121562	163629	13419	0	2	0	0	0	0	0	1	0	1	3	2	0	0	0	0	19	0	0	0	0	0	2	0	1	0	0	0	0	0	0	0	0	0
Sci Rep	2023-07-01	10121717	109448	9472	0	8	1	0	0	0	0	8	0	0	0	2	0	0	1	0	64	0	0	2	0	0	0	0	0	0	0	0	0	0	0	0	0	0
Sci Rep	2023-07-01	10122677	283689	14520	0	4	0	1	0	0	0	2	0	0	4	0	0	0	2	0	5	0	0	0	0	0	0	0	3	0	0	0	2	0	0	0	0	0
Sci Rep	2023-07-01	10121713	5988	444	0	0	0	0	0	0	0	0	0	0	0	0	0	0	0	0	0	0	0	0	0	0	0	0	0	0	0	0	0	0	0	0	0	0
Sci Rep	2023-07-01	10121693	279774	13082	0	2	0	0	0	0	3	0	0	0	8	3	0	0	0	0	19	0	0	3	0	0	0	0	0	0	0	0	0	1	0	0	0	0
Sci Rep	2023-07-01	10119516	98802	9665	0	10	0	2	0	1	3	1	0	10	1	5	0	0	0	0	16	0	0	0	0	0	0	0	0	0	0	0	0	0	0	0	0	0
Sci Rep	2023-07-01	10130164	131159	11291	0	1	0	1	0	0	0	0	0	2	0	0	0	0	0	0	19	0	0	0	0	1	1	0	0	0	0	0	0	0	0	0	0	0
Sci Rep	2023-07-01	10130102	66759	6656	0	15	0	2	0	0	0	0	0	0	0	1	0	0	3	0	29	0	0	1	0	0	0	0	0	0	0	0	0	0	0	0	0	0
Sci Rep	2023-07-01	10130152	51085	4450	0	3	1	0	0	0	0	0	0	0	0	0	0	0	0	0	20	0	0	0	0	0	0	0	0	0	0	0	0	0	0	0	0	0
Sci Rep	2023-07-01	10133260	83431	7667	0	5	0	0	0	0	2	0	0	0	6	3	0	0	0	0	29	0	0	1	0	0	0	0	0	0	0	0	0	0	0	0	0	0
Sci Rep	2023-07-01	10130147	74491	7251	0	8	0	2	0	0	0	0	0	0	0	5	0	0	2	0	21	0	0	2	0	0	0	0	0	0	0	0	0	0	0	0	0	0
Sci Rep	2023-07-01	10130097	106380	9369	0	6	0	2	0	0	0	0	0	0	2	3	0	0	0	0	29	0	2	2	0	0	0	0	0	0	0	0	0	0	0	0	0	0
Sci Rep	2023-07-01	10127188	182584	14859	0	6	2	2	0	0	3	0	0	2	8	0	0	0	1	0	36	0	0	1	0	0	1	0	1	0	0	0	0	0	0	0	0	0
Sci Rep	2023-07-01	10130168	105672	6811	0	0	0	0	0	0	0	0	0	0	0	0	0	0	0	0	13	0	0	0	0	0	0	0	0	0	0	0	0	0	0	0	0	0
Sci Rep	2023-07-01	10151316	49342	4572	0	8	0	0	0	0	0	2	0	0	0	5	0	0	0	0	4	0	0	0	0	0	0	0	0	0	0	0	0	0	0	0	0	0
Sci Rep	2023-07-01	10126553	177501	12856	0	2	0	1	0	0	2	3	0	1	2	1	0	0	1	0	16	0	0	4	0	2	2	0	0	0	0	0	0	0	2	0	0	0
Sci Rep	2023-07-01	10130158	90646	9239	0	5	1	3	1	0	2	1	0	1	2	0	0	0	0	0	27	0	0	6	0	0	1	0	0	0	0	0	0	0	0	0	0	0
Sci Rep	2023-07-01	10130036	137146	11360	0	15	0	1	0	0	0	1	0	0	7	0	0	0	1	0	37	0	1	1	0	0	0	1	0	0	0	0	0	0	0	0	1	0
Sci Rep	2023-07-01	10130183	345012	16050	0	3	4	0	0	0	0	0	0	0	3	1	0	0	0	0	25	0	0	2	0	0	1	0	0	0	0	0	0	0	0	0	0	0
Sci Rep	2023-07-01	10130082	154730	13709	0	24	0	4	0	0	0	2	0	0	3	2	0	0	0	0	56	0	0	0	0	0	0	0	0	0	0	0	0	0	0	1	0	0
Sci Rep	2023-07-01	10130091	105746	8682	0	7	0	2	0	0	0	1	0	3	17	0	0	0	1	0	10	0	0	0	0	0	3	9	0	0	0	0	0	1	1	0	0	0
Sci Rep	2023-07-01	10127179	113008	9637	0	3	0	9	0	0	0	0	0	0	6	0	0	0	0	0	69	0	0	2	0	0	0	0	0	0	0	0	0	0	0	0	0	0
Sci Rep	2023-07-01	10130032	144588	9767	0	2	0	1	0	0	0	0	0	11	2	4	0	0	0	0	16	0	0	0	0	0	0	0	0	0	0	0	0	0	0	0	0	0
Sci Rep	2023-07-01	10130019	75824	6995	0	3	1	0	0	0	0	0	0	0	1	6	1	0	0	0	60	0	0	1	0	0	1	0	0	0	0	0	1	0	0	0	0	0
Sci Rep	2023-07-01	10130155	83313	8177	0	12	0	1	0	0	0	3	0	1	0	1	0	0	0	0	27	0	0	0	0	0	0	0	0	0	0	0	0	0	0	0	0	0
Sci Rep	2023-07-01	10130182	123597	11161	0	14	0	2	0	0	1	0	0	0	6	3	0	0	0	0	19	0	0	2	0	0	0	0	0	0	0	0	0	0	0	0	0	0
Sci Rep	2023-07-01	10126541	190124	15465	0	16	0	11	0	0	1	0	0	2	7	0	0	0	0	0	139	0	0	3	0	0	0	2	0	0	0	0	0	0	0	1	0	0
Sci Rep	2023-07-01	10130135	88869	8466	0	2	0	2	0	0	0	0	0	7	0	6	0	0	0	0	12	0	0	0	0	0	0	0	0	0	0	0	0	0	0	0	0	0
Sci Rep	2023-07-01	10130089	104439	9894	0	6	0	3	0	1	0	1	0	0	9	1	0	0	1	0	40	0	0	0	0	0	1	0	0	0	0	0	0	0	0	0	0	0
Sci Rep	2023-07-01	10130044	181859	11240	0	2	0	0	0	0	0	2	0	1	3	1	0	0	0	0	9	0	0	0	0	0	1	0	0	0	0	0	0	0	0	1	0	0
Sci Rep	2023-07-01	10130045	122801	10768	0	8	1	4	0	0	0	2	0	1	4	12	0	0	0	0	19	0	0	8	0	0	1	0	0	0	0	0	0	0	0	0	0	0
Sci Rep	2023-07-01	10164170	63762	6145	0	8	0	0	0	0	0	2	0	0	2	0	0	0	0	0	20	0	0	3	0	1	0	0	0	0	0	0	0	0	0	0	0	0
Sci Rep	2023-07-01	10167255	64748	4962	0	5	0	0	0	0	0	0	0	1	2	2	0	0	0	0	9	0	0	2	0	0	0	0	0	0	0	0	0	0	0	0	0	0
Sci Rep	2023-07-01	10167306	142181	11376	0	6	0	3	0	0	1	1	0	0	1	6	0	0	0	0	59	0	0	2	0	0	1	0	0	0	0	0	0	0	0	0	3	0
Sci Rep	2023-07-01	10167333	106219	10384	0	12	0	1	0	0	0	11	0	6	13	0	0	0	1	0	12	0	0	2	0	0	0	0	0	0	0	0	0	0	0	0	0	0
Sci Rep	2023-07-01	10167340	63893	6594	0	3	0	0	0	0	0	0	0	0	0	0	0	0	0	0	5	0	0	0	0	0	0	0	0	0	0	0	0	0	0	0	1	0
Sci Rep	2023-07-01	10165292	57142	5939	0	4	0	3	0	0	1	0	0	0	6	2	0	0	0	0	19	0	0	1	0	0	0	0	0	1	0	0	0	0	0	1	0	0
Sci Rep	2023-07-01	10167203	90805	8115	0	3	1	0	0	0	0	0	0	3	3	0	0	0	2	0	34	0	0	0	0	0	1	0	0	0	0	0	0	1	0	0	0	0
Sci Rep	2023-07-01	10164160	57937	5727	0	4	0	3	0	0	0	0	0	0	5	3	0	0	1	0	39	0	0	2	0	0	1	0	0	0	0	0	0	0	0	0	0	0
Sci Rep	2023-07-01	10164159	110305	9883	0	1	0	0	0	0	1	5	0	1	6	8	0	0	0	0	16	0	0	0	0	0	0	0	0	0	0	0	0	0	0	0	0	0
Sci Rep	2023-07-01	10164187	184760	16907	0	7	0	2	0	0	3	1	0	1	2	0	0	0	0	0	32	0	0	1	0	0	2	0	2	0	0	0	0	0	0	0	0	0
Sci Rep	2023-07-01	10164742	143671	10183	0	6	0	1	0	0	0	0	0	0	5	1	0	0	1	0	26	0	0	0	0	0	0	0	0	0	0	0	0	0	0	0	0	0
Sci Rep	2023-07-01	10167221	6732	559	0	0	0	0	0	0	0	0	0	0	0	0	0	0	0	0	0	0	0	0	0	0	0	0	0	0	0	0	0	0	0	0	0	0
Sci Rep	2023-07-01	10164158	99969	8193	0	1	1	0	0	0	0	0	0	0	0	1	0	0	0	0	5	0	0	1	0	0	1	0	0	0	0	0	1	0	0	1	0	0
Sci Rep	2023-07-01	10167207	82954	6899	0	0	1	0	0	0	0	4	0	1	0	0	0	0	0	0	6	0	0	0	0	0	0	0	0	0	0	0	0	0	0	0	0	0
Sci Rep	2023-07-01	10166034	6507	483	0	1	0	0	0	0	0	0	0	0	0	0	0	0	0	0	0	0	0	0	0	0	0	0	0	0	0	0	0	0	0	0	0	0
Sci Rep	2023-07-01	10167313	73337	6834	0	17	0	1	0	0	2	1	0	0	14	0	0	0	0	0	57	0	0	0	0	0	0	0	1	0	0	0	0	0	0	0	0	0
Sci Rep	2023-07-01	10164162	72463	6091	0	2	0	0	0	0	0	3	0	0	1	4	0	0	0	0	61	0	0	0	0	0	0	0	0	0	0	0	0	0	0	0	0	0
Sci Rep	2023-07-01	10164175	128645	11883	0	0	2	0	0	0	0	1	0	3	0	1	0	0	0	0	17	0	0	1	0	0	0	0	0	0	0	0	0	0	0	0	0	0
Sci Rep	2023-07-01	10167204	82994	7766	0	3	0	2	0	0	0	2	0	0	1	4	0	0	0	0	32	0	0	0	0	0	0	0	0	0	0	0	0	0	0	0	0	0
Sci Rep	2023-07-01	10167353	187396	15792	0	23	0	1	0	0	1	4	0	0	13	5	0	0	0	0	32	0	2	1	0	0	0	0	0	0	0	0	0	0	0	0	0	0
Sci Rep	2023-07-01	10164141	97405	7788	0	6	0	1	0	0	0	1	0	0	1	1	0	0	0	0	20	0	0	1	0	0	0	0	0	0	0	0	0	0	0	0	0	0
Sci Rep	2023-07-01	10167360	120272	9748	1	9	0	2	0	0	3	3	0	0	0	3	0	0	0	0	32	0	0	1	0	0	0	0	0	0	0	0	0	1	1	0	0	0
Sci Rep	2023-07-01	10164155	103435	9280	0	5	0	1	0	0	2	1	0	0	0	0	0	0	1	0	20	0	0	2	0	0	0	0	1	0	0	0	0	0	0	0	0	0
Sci Rep	2023-07-01	10164739	73480	6650	0	1	0	2	0	0	1	1	0	0	1	1	0	0	1	0	6	0	0	0	0	0	1	0	0	0	1	0	0	0	0	1	0	0
Sci Rep	2023-07-01	10164190	131800	9513	0	4	0	1	0	0	2	2	0	1	1	3	0	0	0	0	26	0	0	1	0	0	0	0	0	0	0	0	0	0	0	0	0	0
Sci Rep	2023-07-01	10185695	110253	11487	0	0	0	0	0	0	0	1	0	0	9	0	0	0	2	0	20	0	0	0	0	0	0	0	0	0	0	0	0	0	0	0	0	1
Sci Rep	2023-07-01	10183023	119952	10034	0	5	1	0	0	0	1	0	0	3	2	1	0	0	0	0	50	0	0	0	0	0	0	0	0	0	0	0	0	0	0	0	0	1
Sci Rep	2023-07-01	10182976	77738	6865	0	3	1	0	0	0	5	0	0	0	0	0	0	0	1	0	44	0	0	1	0	0	1	0	0	0	0	0	0	0	0	0	0	0
Sci Rep	2023-07-01	10182994	84219	8837	0	9	0	2	0	0	0	0	0	0	0	0	0	0	1	0	35	0	0	0	0	0	1	0	1	0	0	0	1	0	0	0	0	1
Sci Rep	2023-07-01	10182986	135057	11319	0	5	1	0	0	0	2	1	0	0	1	2	0	0	0	0	22	0	0	2	0	0	15	0	0	0	0	0	0	0	0	0	0	0
Sci Rep	2023-07-01	10184099	7796	669	0	0	0	0	0	0	0	0	0	0	0	0	0	0	0	0	3	0	0	0	0	0	0	0	0	0	0	0	0	0	0	0	0	0
Sci Rep	2023-07-01	10185507	148693	14088	0	2	0	9	0	2	0	7	0	4	0	1	0	0	0	0	15	0	0	0	0	0	1	0	1	0	0	0	0	0	0	0	0	0
Sci Rep	2023-07-01	10185528	116359	12213	0	5	0	1	0	0	1	0	0	2	3	0	0	1	0	0	37	0	0	2	0	0	0	1	0	0	0	0	0	0	0	0	0	0
Sci Rep	2023-07-01	10185680	182285	11585	0	2	0	0	0	0	0	1	0	0	0	10	0	0	0	0	34	0	0	0	0	0	0	0	0	0	0	0	0	1	0	0	0	0
Sci Rep	2023-07-01	10183471	473506	22184	0	14	1	0	0	0	2	11	0	0	0	12	0	0	0	0	22	0	0	3	0	0	0	0	0	0	0	0	0	0	0	0	0	0
Sci Rep	2023-07-01	10185579	36825	3641	0	3	0	0	0	0	0	0	0	0	0	6	0	0	0	0	15	0	0	0	0	0	0	0	0	0	0	0	0	0	0	0	0	0
Sci Rep	2023-07-01	10185657	104259	8547	0	4	1	3	0	0	0	0	0	0	0	3	0	0	0	0	75	0	0	3	0	0	2	0	0	0	0	0	0	0	0	0	0	0
Sci Rep	2023-07-01	10185527	220773	12065	0	3	1	0	0	0	0	1	0	0	0	1	0	0	0	0	12	0	0	0	0	2	1	0	0	0	0	0	0	0	0	0	0	0
Sci Rep	2023-07-01	10183462	126338	10112	0	3	2	0	0	0	5	0	0	1	2	5	0	0	0	0	14	0	0	2	0	0	0	0	0	0	0	0	2	0	0	0	0	0
Sci Rep	2023-07-01	10185549	125638	10756	0	2	0	0	0	0	1	0	0	0	20	0	0	0	0	0	18	0	0	2	0	0	0	0	0	0	0	0	0	0	0	0	0	0
Sci Rep	2023-07-01	10185498	97459	7534	0	4	0	0	0	0	0	0	0	0	3	0	0	0	0	0	8	0	0	0	0	0	0	0	0	0	0	0	0	0	0	0	0	0
Sci Rep	2023-07-01	10183001	64386	5396	0	5	0	1	0	0	0	0	0	0	0	1	0	0	0	0	33	0	0	0	0	0	0	0	0	0	0	0	0	0	0	0	0	0
Sci Rep	2023-07-01	10185529	126201	9957	0	3	0	4	0	0	0	1	0	0	8	0	0	0	0	0	33	0	0	10	0	1	0	0	0	0	0	0	0	0	0	0	0	0
Sci Rep	2023-07-01	10185676	134487	11873	0	9	0	0	0	0	3	0	0	0	0	3	0	0	0	0	61	0	0	0	0	0	0	1	0	0	0	0	0	0	0	0	0	0
Sci Rep	2023-07-01	10185683	66487	5648	0	3	0	1	0	0	0	3	0	0	0	1	0	0	0	0	32	0	0	0	0	0	0	0	0	0	0	0	0	0	0	0	0	0
Sci Rep	2023-07-01	10185533	163739	11757	0	6	0	1	0	0	0	0	0	0	0	4	0	0	0	0	17	0	0	0	0	0	1	2	0	0	0	0	0	0	0	0	0	0
Sci Rep	2023-07-01	10185681	62464	5732	0	7	6	0	0	0	0	1	0	0	0	0	0	0	0	0	24	0	0	2	0	0	0	0	0	0	0	0	0	0	0	0	0	0
Sci Rep	2023-07-01	10185518	212980	18308	0	14	0	3	0	0	0	0	0	0	0	1	0	0	0	0	43	0	0	1	0	0	0	0	0	0	0	0	0	0	0	0	0	0
Sci Rep	2023-07-01	10185696	141912	12332	0	5	1	1	0	1	0	0	0	0	0	0	0	0	0	0	37	0	0	0	0	0	0	0	4	0	0	0	0	0	0	0	0	0
Sci Rep	2023-07-01	10185691	96610	8521	0	5	2	6	0	0	1	1	0	0	3	4	1	0	2	0	33	0	0	1	0	0	1	0	0	0	0	0	0	0	0	0	0	0
Sci Rep	2023-07-01	10202054	73989	6988	0	9	1	7	0	0	2	3	0	0	6	0	0	0	0	0	67	0	0	0	0	0	1	6	1	0	0	0	0	0	0	0	0	0
Sci Rep	2023-07-01	10203141	63101	5791	0	6	0	2	0	0	0	0	0	0	0	2	0	0	0	0	33	0	0	1	0	0	0	0	0	0	0	0	0	0	0	0	0	0
Sci Rep	2023-07-01	10203101	97934	8832	0	5	0	2	0	0	2	0	0	1	1	7	0	0	0	0	3	0	0	0	0	0	0	0	0	0	0	0	0	0	0	0	0	0
Sci Rep	2023-07-01	10202905	63521	5877	0	1	0	0	0	0	1	0	0	0	1	1	0	0	1	0	12	0	0	0	0	0	0	0	0	0	0	0	0	0	0	0	0	0
Sci Rep	2023-07-01	10202356	86018	8144	0	5	5	7	0	0	2	0	0	0	1	0	0	0	0	0	54	0	0	0	0	0	1	0	0	0	0	0	0	0	0	0	0	0
Sci Rep	2023-07-01	10203251	135452	12662	0	5	0	19	0	0	1	11	0	0	1	1	0	0	0	1	19	0	0	1	0	0	1	0	0	1	0	0	0	1	0	0	0	0
Sci Rep	2023-07-01	10202365	423635	23054	0	1	0	0	0	0	1	2	0	0	8	5	0	0	0	0	24	0	0	1	0	0	1	0	0	0	0	0	1	0	0	0	1	0
Sci Rep	2023-07-01	10203309	115735	10860	0	10	1	2	0	0	12	0	0	2	0	2	0	0	0	0	38	0	1	1	0	0	0	0	0	0	0	0	0	0	0	0	0	0
Sci Rep	2023-07-01	10202953	192211	15861	0	6	1	0	0	0	1	6	0	0	5	17	0	0	0	0	16	0	0	1	0	1	0	0	0	0	0	0	2	0	0	0	0	0
Sci Rep	2023-07-01	10202921	53736	4977	0	3	0	0	0	0	0	0	0	0	1	4	0	0	0	0	41	0	0	0	0	0	0	0	0	0	0	0	0	0	0	0	0	0
Sci Rep	2023-07-01	10202937	97767	7907	0	5	0	0	0	0	0	1	0	0	7	1	0	0	0	0	45	0	0	0	0	0	0	0	0	0	0	0	0	0	0	0	0	0
Sci Rep	2023-07-01	10203346	72252	6961	0	2	0	1	0	0	0	0	0	0	1	0	0	0	0	0	24	0	0	0	0	0	0	0	0	0	0	0	0	0	0	0	0	0
Sci Rep	2023-07-01	10203362	137835	10939	0	12	0	1	0	0	0	2	0	0	3	1	0	0	0	0	35	0	0	0	0	0	1	0	1	0	0	0	0	0	0	0	0	0
Sci Rep	2023-07-01	10201474	116062	10543	0	2	0	9	0	0	3	0	0	0	1	4	0	0	2	0	33	0	0	0	0	0	0	0	0	0	0	0	0	0	0	0	0	0
Sci Rep	2023-07-01	10203349	5789	463	0	0	0	0	0	0	0	0	0	0	0	0	0	0	0	0	0	0	0	0	0	0	0	0	0	0	0	0	0	0	0	0	0	0
Sci Rep	2023-07-01	10203124	91563	9342	0	0	0	0	0	0	3	0	0	3	1	0	0	0	3	0	0	0	0	0	0	0	0	0	1	0	0	0	0	0	0	0	0	0
Sci Rep	2023-07-01	10202917	60903	5313	0	2	0	1	0	0	0	0	0	0	5	2	0	0	0	0	29	0	0	0	0	0	0	0	0	0	0	0	0	0	0	0	0	0
Sci Rep	2023-07-01	10203284	63639	6418	0	3	0	3	0	0	0	2	0	0	1	1	0	0	1	0	10	0	0	1	0	0	1	0	0	0	0	0	1	0	0	4	0	0
Sci Rep	2023-07-01	10200792	104717	8328	0	4	0	0	0	0	2	4	0	0	1	4	0	0	0	11	20	0	0	0	0	1	0	0	0	0	0	0	0	0	0	0	0	0
Sci Rep	2023-07-01	10203338	120625	10508	0	1	0	1	0	0	0	0	0	1	0	3	0	0	0	0	30	0	0	3	0	0	1	0	1	0	0	0	0	0	0	0	0	0
Sci Rep	2023-07-01	10201520	119347	8112	0	1	1	1	0	0	1	0	0	0	4	0	0	0	0	0	1	0	0	0	0	0	0	0	0	0	0	0	0	0	0	0	0	0
Sci Rep	2023-07-01	10201046	127619	11408	0	5	2	6	0	0	4	0	0	0	1	13	0	0	0	0	33	0	0	0	0	1	4	0	1	0	0	0	0	0	0	0	0	0
Sci Rep	2023-07-01	10202930	115531	9510	0	4	0	0	0	0	1	2	0	0	0	5	0	0	0	0	10	0	0	0	0	0	0	0	0	0	0	0	0	0	0	0	0	0
Sci Rep	2023-07-01	10203369	379527	16014	0	3	0	0	0	0	5	3	0	0	0	4	0	0	0	0	14	0	0	2	0	0	0	0	0	0	0	0	0	0	0	0	0	0
Sci Rep	2023-07-01	10203283	19307	1724	0	0	0	0	0	0	0	0	0	0	1	0	0	0	0	0	1	0	0	0	0	0	0	0	0	0	0	0	0	0	0	0	0	0
Sci Rep	2023-07-01	10235068	117238	10102	0	3	0	1	0	1	0	3	0	1	1	1	0	0	0	0	25	0	0	1	0	0	0	0	0	0	0	0	0	0	0	0	0	0
Sci Rep	2023-07-01	10235128	92392	8122	0	2	0	0	0	0	1	2	0	0	4	4	0	0	0	0	50	0	0	0	0	1	2	0	0	0	0	0	0	0	0	0	0	0
Sci Rep	2023-07-01	10232495	125928	9631	0	1	0	3	0	0	2	1	0	0	16	2	0	0	1	0	12	0	0	0	0	0	0	0	0	0	0	0	0	0	0	0	0	0
Sci Rep	2023-07-01	10233187	63499	5983	0	3	0	1	0	0	0	0	0	6	0	3	0	0	0	0	18	0	0	0	0	0	1	0	0	0	0	0	0	0	0	0	0	0
Sci Rep	2023-07-01	10235056	89609	7991	0	4	0	3	0	0	2	0	0	0	3	0	0	0	0	0	52	0	1	0	0	0	1	0	0	0	0	0	0	0	0	0	0	0
Sci Rep	2023-07-01	10235016	5931	455	0	1	0	0	0	0	0	0	0	0	0	0	0	0	0	0	0	0	0	0	0	0	0	0	0	0	0	0	0	0	0	1	0	0
Sci Rep	2023-07-01	10235090	127703	12246	0	10	0	2	0	3	3	2	0	12	3	0	0	0	2	0	24	0	0	2	0	1	0	0	1	0	0	0	1	1	2	0	0	1
Sci Rep	2023-07-01	10232543	74149	7114	0	13	1	1	0	0	0	3	0	0	1	1	0	0	2	0	43	0	0	0	0	0	0	0	0	0	0	0	0	0	0	0	0	0
Sci Rep	2023-07-01	10235100	102468	8443	0	4	2	0	0	0	0	0	0	0	4	0	0	0	0	0	21	0	0	0	0	0	0	0	0	0	0	0	0	0	0	0	0	0
Sci Rep	2023-07-01	10235044	119195	11611	0	9	1	1	0	1	1	0	0	4	1	0	0	0	0	0	25	0	0	0	0	0	0	0	0	0	0	0	0	0	0	0	0	0
Sci Rep	2023-07-01	10235052	139253	13102	0	4	0	0	0	3	0	3	0	0	20	0	0	0	3	0	46	0	0	2	0	0	0	0	0	0	0	0	0	0	0	0	0	0
Sci Rep	2023-07-01	10232407	120544	10308	0	6	0	0	0	0	0	4	0	0	1	0	0	0	0	0	7	0	0	0	0	0	0	0	0	0	0	0	0	0	0	0	0	0
Sci Rep	2023-07-01	10235421	174677	15009	0	1	2	0	0	0	4	16	0	0	0	7	0	0	1	0	4	0	0	3	0	0	0	0	0	0	0	0	0	0	1	0	0	0
Sci Rep	2023-07-01	10232529	89792	8797	0	9	0	6	0	0	2	2	0	0	4	2	0	0	1	0	19	0	0	1	0	0	0	1	0	0	0	0	0	0	0	1	0	1
Sci Rep	2023-07-01	10235077	76492	5952	0	8	0	0	0	0	0	0	0	1	0	1	0	0	0	0	19	0	0	0	0	0	0	0	0	0	0	0	0	0	0	0	0	0
Sci Rep	2023-07-01	10232444	85571	8299	0	4	1	1	0	0	0	1	0	0	3	1	0	0	0	0	23	0	0	2	0	0	0	0	0	0	0	0	1	0	0	0	0	0
Sci Rep	2023-07-01	10234245	82516	7470	0	7	0	3	0	0	0	0	0	0	1	4	0	0	0	0	13	0	0	3	0	0	0	0	0	0	0	0	0	0	0	0	0	0
Sci Rep	2023-07-01	10235053	69629	6301	0	2	0	2	0	0	5	1	0	0	4	2	0	0	1	0	55	0	0	1	0	0	0	2	0	0	0	0	0	0	0	0	0	0
Sci Rep	2023-07-01	10235054	122660	13179	0	11	0	1	0	0	1	1	0	3	0	1	0	0	0	0	12	0	0	0	0	0	1	1	0	0	0	0	0	0	0	1	0	0
Sci Rep	2023-07-01	10232421	62442	6578	0	10	0	2	0	0	0	7	0	0	4	0	0	0	0	0	36	0	0	3	0	0	0	0	0	0	0	0	0	0	0	0	0	0
Sci Rep	2023-07-01	10232413	135642	10981	0	4	0	3	0	0	1	0	0	1	0	0	0	0	0	0	11	0	0	1	0	0	1	0	0	0	0	0	0	0	0	0	0	0
Sci Rep	2023-07-01	10230471	77289	6736	0	10	1	4	0	0	0	0	0	1	7	4	0	0	0	0	72	0	0	1	0	0	0	1	0	0	0	0	0	0	0	0	0	0
Sci Rep	2023-07-01	10235129	140281	11460	0	0	1	1	0	0	4	0	0	0	0	0	0	0	0	0	20	0	0	1	0	0	1	0	0	0	0	0	0	0	0	0	0	0
Sci Rep	2023-07-01	10235127	90571	9222	0	2	0	0	0	0	0	0	0	0	0	0	0	0	1	0	7	0	0	0	0	0	0	0	1	0	0	0	0	0	0	0	0	0
Sci Rep	2023-07-01	10232473	117840	11132	0	6	1	1	0	0	1	1	0	0	1	1	0	0	0	0	16	0	0	1	0	0	0	0	0	0	0	0	0	0	0	0	0	0
Sci Rep	2023-07-01	10250434	151861	12053	0	7	0	0	0	0	0	0	0	0	2	0	0	0	0	0	37	0	0	1	0	0	0	0	0	0	0	0	3	0	0	0	0	0
Sci Rep	2023-07-01	10250308	92072	10125	0	11	0	5	0	0	0	4	0	32	0	8	0	0	0	0	28	0	0	4	0	0	0	0	0	0	0	0	0	0	0	0	0	0
Sci Rep	2023-07-01	10250340	91191	7503	0	8	0	0	0	0	1	0	0	0	0	0	0	0	0	0	1	0	0	0	0	0	0	0	1	0	0	0	0	0	0	0	0	0
Sci Rep	2023-07-01	10250403	74925	6872	0	3	0	0	0	0	0	0	0	0	0	1	0	0	0	0	13	0	0	0	0	0	0	0	0	0	0	0	0	0	0	0	0	0
Sci Rep	2023-07-01	10250404	86755	8666	0	10	3	8	1	0	2	0	0	4	4	5	0	0	0	0	30	0	0	2	0	0	0	0	0	0	0	0	0	0	0	0	0	0
Sci Rep	2023-07-01	10250401	6460	483	0	0	0	0	0	0	0	0	0	0	0	0	0	0	0	0	0	0	0	0	0	0	0	0	0	0	0	0	0	0	0	0	0	0
Sci Rep	2023-07-01	10250367	62080	6117	0	3	0	0	0	0	1	4	0	0	0	0	0	0	0	0	14	0	0	0	0	0	0	0	1	0	0	0	0	0	0	0	0	0
Sci Rep	2023-07-01	10247798	111698	10182	0	5	0	4	0	0	0	1	0	0	0	0	0	0	0	0	21	0	0	0	0	0	0	0	0	0	0	0	0	0	0	0	0	1
Sci Rep	2023-07-01	10250526	62021	5657	0	2	0	1	0	0	1	1	0	0	1	3	0	0	0	0	22	0	0	0	0	0	0	0	0	0	0	0	0	0	0	0	0	0
Sci Rep	2023-07-01	10247721	83889	6709	0	6	1	0	0	0	0	1	0	0	0	2	0	0	1	0	10	0	0	0	0	0	0	0	0	0	0	0	0	0	0	0	0	0
Sci Rep	2023-07-01	10250347	142565	6879	0	1	0	0	0	0	1	2	0	0	0	1	0	0	0	0	4	0	0	0	0	0	0	0	0	0	0	0	1	0	0	0	0	0
Sci Rep	2023-07-01	10247705	91847	9560	0	9	2	4	0	0	0	3	0	0	3	2	0	1	0	0	29	0	0	0	0	0	0	0	0	0	0	0	0	0	0	0	0	0
Sci Rep	2023-07-01	10247751	77266	7677	0	13	0	3	0	0	0	0	0	0	0	1	0	0	0	0	22	0	0	0	0	0	1	0	0	0	0	0	0	0	0	0	0	0
Sci Rep	2023-07-01	10246541	101938	9011	0	2	0	1	0	0	0	3	0	0	0	8	0	0	1	0	35	0	0	0	0	0	0	0	0	0	0	0	0	0	0	0	0	0
Sci Rep	2023-07-01	10247748	114857	9480	0	4	0	0	0	0	0	2	0	1	1	3	0	0	0	0	24	0	0	0	0	3	0	0	0	0	0	0	0	0	0	0	0	0
Sci Rep	2023-07-01	10250534	82856	8614	0	1	0	0	0	0	10	0	0	0	3	0	0	0	3	0	13	0	0	0	0	0	1	0	0	0	0	0	0	0	0	0	0	0
Sci Rep	2023-07-01	10250467	75424	7509	0	8	0	2	0	0	0	2	0	0	28	0	0	0	0	0	25	0	0	0	0	0	0	0	0	0	0	0	0	0	0	0	0	0
Sci Rep	2023-07-01	10250448	98238	9469	0	6	0	1	0	0	0	0	0	0	10	6	0	0	0	0	3	0	0	1	0	0	0	0	0	0	0	0	0	0	0	0	0	0
Sci Rep	2023-07-01	10249561	104933	10013	0	7	0	4	0	0	2	1	0	0	0	2	0	0	0	0	14	0	0	0	0	0	0	0	0	0	0	0	0	0	0	0	0	0
Sci Rep	2023-07-01	10250310	95509	8557	0	21	0	0	0	0	0	0	0	0	0	10	0	0	0	0	34	0	0	1	0	0	1	2	0	0	0	0	0	0	0	0	0	0
Sci Rep	2023-07-01	10250327	110713	10037	0	5	0	2	0	0	1	0	0	0	0	5	0	0	0	0	26	0	0	2	0	0	0	3	0	0	0	0	0	0	0	0	0	0
Sci Rep	2023-07-01	10247785	49651	4853	0	3	0	0	0	0	0	0	0	0	1	0	0	0	0	0	24	0	0	0	0	0	0	0	0	0	0	0	0	0	0	0	0	0
Sci Rep	2023-07-01	10250323	131968	10839	0	7	0	0	0	0	3	3	0	0	5	2	0	0	0	0	19	0	0	0	0	0	0	0	0	0	0	0	0	0	0	0	0	0
Sci Rep	2023-07-01	10250545	117396	10655	0	5	0	5	0	0	1	2	0	0	1	0	0	0	0	0	36	0	0	0	0	0	0	0	0	0	0	0	0	0	0	0	0	0
Sci Rep	2023-07-01	10249940	87758	8039	0	2	0	0	0	0	4	7	0	0	3	6	0	0	0	0	31	0	0	1	0	0	0	0	0	0	0	0	1	0	0	0	0	0
Sci Rep	2023-07-01	10272144	90963	8120	0	6	0	7	0	0	0	2	0	0	0	0	0	0	1	0	68	0	0	0	0	0	1	0	0	0	0	0	0	0	0	0	0	0
Sci Rep	2023-07-01	10272202	107135	8810	0	3	1	7	0	0	0	5	0	0	4	3	0	0	0	0	8	0	0	1	0	0	0	0	0	0	0	0	0	0	0	0	0	0
Sci Rep	2023-07-01	10267180	84734	9313	1	10	0	4	0	0	11	1	0	0	0	1	0	0	0	0	31	0	0	0	0	0	0	0	0	0	0	0	0	0	0	0	0	0
Sci Rep	2023-07-01	10267217	76305	7422	0	1	0	0	0	0	0	0	0	0	24	0	0	0	0	0	28	0	0	0	0	0	1	0	0	0	0	0	0	0	0	2	0	0
Sci Rep	2023-07-01	10267173	131059	13138	0	13	0	8	0	0	1	1	0	0	2	3	0	0	0	0	97	0	0	2	0	1	0	0	0	0	0	0	0	0	0	0	0	0
Sci Rep	2023-07-01	10272240	107888	10580	0	11	0	1	0	0	10	0	0	0	0	3	0	0	38	0	42	0	0	2	0	0	1	0	0	0	0	0	0	0	0	1	0	0
Sci Rep	2023-07-01	10267201	78614	6771	0	3	0	0	0	0	0	3	0	0	0	5	0	0	0	0	5	0	0	1	0	0	0	0	0	0	0	0	0	0	0	0	0	0
Sci Rep	2023-07-01	10272225	172659	15505	0	10	0	27	0	0	4	0	0	0	0	0	0	0	1	1	89	0	0	1	0	0	1	0	0	0	0	0	0	0	0	0	0	0
Sci Rep	2023-07-01	10272214	91705	7707	0	4	0	0	0	0	0	0	0	3	0	0	0	0	0	0	4	0	0	0	0	0	0	0	0	0	0	0	0	0	0	0	0	0
Sci Rep	2023-07-01	10267124	146708	11639	0	6	1	1	0	0	5	1	0	0	0	3	0	0	0	0	49	0	0	6	0	0	0	2	0	0	0	0	0	0	0	0	0	0
Sci Rep	2023-07-01	10267165	166514	13057	0	5	1	2	0	0	0	3	0	0	2	0	0	0	0	0	30	0	0	1	0	0	0	0	0	0	0	0	0	0	0	0	0	0
Sci Rep	2023-07-01	10272204	99146	9762	0	5	0	1	0	0	1	3	0	30	0	1	0	0	0	0	49	0	0	0	0	0	0	0	0	0	0	0	0	0	0	0	0	0
Sci Rep	2023-07-01	10272155	94759	7323	0	3	0	0	0	0	0	0	0	0	4	2	0	0	0	0	4	0	0	1	0	0	1	0	0	0	0	0	0	0	0	0	0	0
Sci Rep	2023-07-01	10267204	77094	7276	0	10	0	2	0	0	3	1	0	0	0	5	0	0	0	0	13	0	0	0	0	0	0	0	0	0	0	0	0	0	0	0	0	0
Sci Rep	2023-07-01	10272206	90372	8580	0	4	0	0	0	0	1	0	0	0	0	1	0	0	0	0	6	0	0	0	0	0	0	0	0	0	0	0	0	0	0	0	0	0
Sci Rep	2023-07-01	10272146	114002	9925	0	6	0	1	0	0	2	13	0	0	5	1	0	0	0	0	48	0	1	1	0	0	0	1	1	0	0	0	0	0	0	0	0	0
Sci Rep	2023-07-01	10272195	95003	8683	0	16	1	2	0	0	0	2	0	0	0	7	0	0	1	0	46	0	0	1	0	0	2	0	0	0	0	0	0	0	0	0	0	0
Sci Rep	2023-07-01	10272227	97685	8760	0	6	0	2	0	0	4	1	0	1	0	1	0	0	0	0	33	0	0	0	0	0	0	0	0	0	0	0	0	0	0	0	0	0
Sci Rep	2023-07-01	10267172	86262	6875	0	4	0	0	0	0	0	1	0	0	5	3	0	0	1	0	29	0	0	0	0	0	0	0	0	0	0	0	0	0	0	0	0	0
Sci Rep	2023-07-01	10267129	86970	8671	0	2	0	2	0	0	0	5	0	1	0	3	0	0	2	0	20	0	0	0	0	0	0	0	0	0	0	0	0	0	0	0	0	0
Sci Rep	2023-07-01	10267116	93203	9406	0	4	0	1	0	0	0	0	0	1	3	3	0	0	0	0	9	0	0	0	0	0	0	0	0	0	0	1	0	0	0	0	0	0
Sci Rep	2023-07-01	10272216	123899	11055	0	3	0	5	0	0	3	5	0	0	12	3	0	0	0	0	34	0	0	2	0	0	0	0	0	1	0	0	0	0	1	0	0	0
Sci Rep	2023-07-01	10272129	81416	8274	0	5	2	1	0	0	0	1	0	0	13	0	0	0	2	0	22	0	0	1	0	0	0	3	0	0	0	0	0	0	0	0	0	0
Sci Rep	2023-07-01	10267120	6830	507	0	0	0	0	0	0	0	0	0	0	0	0	0	0	0	0	0	0	0	0	0	0	0	0	0	0	0	0	0	0	0	0	0	0
Sci Rep	2023-07-01	10272114	128763	12630	0	8	0	0	0	0	0	1	0	0	4	0	0	0	0	0	26	0	0	0	0	0	1	0	0	0	0	0	0	2	0	0	0	0
Sci Rep	2023-07-01	10287754	109031	9713	0	2	0	0	0	0	0	9	0	2	4	0	0	0	0	0	9	0	0	0	0	0	0	0	0	0	0	0	0	0	0	0	0	0
Sci Rep	2023-07-01	10287662	51012	4459	0	3	1	1	0	0	0	0	0	0	0	0	0	0	0	0	16	0	0	0	0	0	0	0	0	0	0	0	0	1	0	0	0	0
Sci Rep	2023-07-01	10287677	64004	5782	0	2	0	1	0	0	0	0	0	0	0	0	0	0	0	0	22	0	0	0	0	0	3	0	0	0	0	0	0	0	0	0	0	0
Sci Rep	2023-07-01	10284814	88644	8576	0	2	1	4	0	0	0	0	0	0	4	0	0	0	0	0	9	0	0	0	0	0	0	0	0	0	0	0	0	0	0	0	0	0
Sci Rep	2023-07-01	10287641	80684	6972	0	1	0	2	0	0	0	0	0	0	0	1	0	0	0	0	58	0	0	1	0	0	0	0	0	0	0	0	0	0	0	0	0	0
Sci Rep	2023-07-01	10287697	96302	8107	0	5	0	0	0	0	0	1	0	1	0	3	0	0	0	0	27	0	0	0	0	0	1	0	0	0	0	0	0	0	0	0	0	0
Sci Rep	2023-07-01	10287657	134832	12399	0	10	0	1	0	0	3	2	0	3	10	2	0	0	0	0	11	0	0	1	0	0	0	0	0	0	0	0	0	0	0	0	0	0
Sci Rep	2023-07-01	10284857	111989	9732	0	2	1	5	0	0	0	4	0	0	20	3	0	0	0	0	22	0	0	1	0	3	1	0	3	0	0	0	0	0	0	0	0	0
Sci Rep	2023-07-01	10287683	75760	6752	0	9	0	0	0	0	1	1	0	2	2	2	0	0	0	0	16	0	0	2	0	0	0	0	0	0	0	0	0	0	0	0	0	0
Sci Rep	2023-07-01	10287746	146083	12650	0	5	0	18	0	0	0	2	0	0	0	5	0	0	0	0	54	0	0	1	0	0	0	0	1	0	0	0	0	0	0	0	0	0
Sci Rep	2023-07-01	10287751	7160	504	0	0	0	0	0	0	0	0	0	0	0	0	0	0	0	0	0	0	0	0	0	0	0	0	0	0	0	0	0	0	0	1	0	0
Sci Rep	2023-07-01	10284881	86650	7305	0	6	1	0	0	0	1	0	0	0	1	6	0	0	0	0	25	0	0	0	0	0	0	0	0	0	0	0	0	0	0	0	0	0
Sci Rep	2023-07-01	10284836	95476	9806	0	8	1	0	0	0	2	2	0	14	5	4	0	0	0	0	21	0	0	0	0	0	1	0	2	0	0	0	0	0	0	1	0	0
Sci Rep	2023-07-01	10287669	115145	9600	0	2	0	1	0	0	2	3	0	1	1	0	0	0	2	0	45	0	0	0	0	0	0	0	0	0	0	0	0	0	0	0	0	0
Sci Rep	2023-07-01	10287726	59079	5720	0	1	0	0	0	0	0	1	0	0	3	0	0	0	0	0	13	0	0	0	0	0	0	0	0	0	0	0	0	8	0	0	0	0
Sci Rep	2023-07-01	10284927	113188	11238	0	2	0	0	0	0	4	0	0	0	0	3	0	0	0	0	47	0	0	1	0	0	0	0	0	0	0	0	0	0	0	0	0	0
Sci Rep	2023-07-01	10287649	205394	11356	0	2	0	0	0	0	0	0	0	0	16	3	0	0	0	0	7	0	0	0	0	0	0	0	0	0	0	0	2	0	0	0	0	0
Sci Rep	2023-07-01	10287670	90688	8837	0	2	1	5	0	0	0	0	0	0	0	0	0	0	0	0	7	0	0	0	0	0	0	0	0	0	0	0	0	0	0	0	0	0
Sci Rep	2023-07-01	10287648	65977	6415	0	6	1	0	0	0	3	0	0	0	1	4	0	0	0	0	12	0	0	2	0	0	0	2	0	0	0	1	0	0	0	0	0	0
Sci Rep	2023-07-01	10287759	82477	7070	0	3	0	0	0	0	0	0	0	0	4	0	0	0	0	0	17	1	0	1	0	1	0	0	1	0	0	0	0	0	0	0	0	0
Sci Rep	2023-07-01	10284818	6468	491	0	0	0	0	0	0	0	0	0	0	0	0	0	0	0	0	0	0	0	0	0	0	0	0	0	0	0	0	0	0	0	0	0	0
Sci Rep	2023-07-01	10284812	118920	9523	0	3	0	0	0	0	1	1	0	1	0	0	0	0	0	0	46	0	0	1	0	2	0	0	0	0	0	0	0	0	0	0	0	0
Sci Rep	2023-07-01	10287758	102090	9151	0	3	2	2	0	0	1	2	0	0	1	0	0	0	2	0	48	0	0	0	0	0	0	0	0	0	0	0	0	0	0	0	0	0
Sci Rep	2023-07-01	10287755	110919	9800	0	2	0	0	0	0	0	1	0	0	0	8	0	0	0	0	12	0	0	0	0	0	0	0	0	0	0	0	0	0	0	0	0	0
Sci Rep	2023-07-01	10284798	107193	10530	0	3	0	0	0	0	5	2	0	3	2	5	0	0	3	0	25	0	0	2	0	1	0	0	0	0	0	0	0	0	0	0	0	0
Sci Rep	2023-07-01	10313775	53748	4870	0	1	0	0	0	0	0	0	0	1	0	0	0	0	0	0	20	0	0	0	0	0	0	0	0	0	0	0	0	0	0	0	0	0
Sci Rep	2023-07-01	10313814	7925	539	0	0	0	0	0	0	0	0	0	0	0	0	0	0	0	0	0	0	0	0	0	0	0	0	0	0	0	0	0	0	0	0	0	0
Sci Rep	2023-07-01	10314904	66893	6577	0	15	0	5	0	0	0	0	0	0	0	1	0	0	0	0	36	0	24	1	0	0	0	0	0	0	0	0	0	0	0	1	0	0
Sci Rep	2023-07-01	10313825	154010	13814	0	1	0	2	0	0	3	1	0	0	5	8	0	0	0	0	49	0	0	0	0	1	1	0	0	0	0	0	0	0	0	0	0	0
Sci Rep	2023-07-01	10313797	5834	429	0	0	0	0	0	0	0	0	0	0	0	0	0	0	0	0	0	0	0	0	0	0	0	0	0	0	0	0	0	0	0	0	0	0
Sci Rep	2023-07-01	10314898	62346	5874	0	4	0	3	0	0	2	1	0	0	1	1	0	0	0	0	34	0	0	0	0	0	0	0	0	0	0	0	0	0	0	0	0	0
Sci Rep	2023-07-01	10313650	90288	8051	0	1	0	2	0	0	1	0	0	0	3	0	0	0	1	0	45	0	0	1	0	1	0	0	1	0	0	0	0	0	0	0	0	0
Sci Rep	2023-07-01	10313720	76552	7433	0	1	1	2	0	0	0	0	0	0	4	6	0	0	0	0	30	0	0	0	0	0	1	0	0	0	0	0	0	0	0	0	0	0
Sci Rep	2023-07-01	10314893	76269	6058	0	1	0	0	0	0	0	6	0	0	0	3	0	0	0	0	36	0	0	0	0	0	0	0	0	0	0	0	0	0	0	0	0	0
Sci Rep	2023-07-01	10313774	90926	8930	0	18	0	2	0	0	0	4	0	0	3	2	0	1	0	0	30	0	0	0	0	0	1	0	0	0	0	0	0	0	0	0	0	0
Sci Rep	2023-07-01	10313830	85253	7699	0	4	0	0	0	0	0	3	0	0	4	11	0	0	1	0	27	0	0	3	0	0	1	0	0	0	0	0	0	0	0	0	0	0
Sci Rep	2023-07-01	10313809	54275	4927	0	3	0	6	0	0	1	0	0	0	1	1	0	0	0	0	42	0	0	0	0	1	1	0	0	0	0	0	1	0	0	0	0	0
Sci Rep	2023-07-01	10313676	113472	10198	0	4	2	0	0	0	3	2	0	1	0	6	0	0	0	0	6	0	0	2	0	0	0	0	0	0	0	0	0	0	0	0	0	0
Sci Rep	2023-07-01	10313732	112553	10331	0	6	0	0	0	0	0	0	0	1	0	1	0	0	0	0	42	0	1	1	0	0	0	0	0	0	0	0	0	0	0	0	0	0
Sci Rep	2023-07-01	10313821	88496	8261	0	13	0	7	0	0	0	1	0	0	1	3	0	0	1	0	50	0	0	0	0	0	0	0	0	0	0	0	0	0	0	0	0	0
Sci Rep	2023-07-01	10313665	99260	8682	0	5	2	2	0	0	1	2	0	0	4	4	0	0	1	0	35	0	0	2	0	0	0	0	0	0	0	0	0	0	0	0	0	0
Sci Rep	2023-07-01	10314908	79837	7525	0	17	1	0	0	0	0	0	0	0	1	1	0	0	0	0	27	0	0	0	0	1	0	0	0	0	0	0	0	0	0	0	0	0
Sci Rep	2023-07-01	10313808	126776	12208	0	18	0	1	0	1	0	0	0	0	0	0	0	0	0	0	51	0	0	1	0	0	1	0	0	0	0	0	0	0	0	0	0	0
Sci Rep	2023-07-01	10313685	88405	8886	0	4	1	0	0	0	1	2	0	0	0	0	0	0	0	0	5	0	0	1	0	0	1	0	0	0	0	0	2	0	0	0	0	0
Sci Rep	2023-07-01	10313719	212678	17684	0	4	0	6	0	0	1	6	0	13	9	5	0	0	0	0	79	0	0	1	0	1	0	1	0	0	0	0	0	0	0	0	0	0
Sci Rep	2023-07-01	10313656	121601	12287	0	18	0	7	0	0	0	2	0	0	5	0	0	0	3	0	23	0	0	2	0	0	0	0	0	0	0	0	0	0	0	0	0	0
Sci Rep	2023-07-01	10313686	109392	9266	0	8	0	3	0	0	5	5	0	0	5	2	0	0	0	0	16	0	0	0	0	0	0	0	1	0	0	0	0	0	0	0	0	0
Sci Rep	2023-07-01	10314933	274466	12749	0	3	0	0	0	0	1	1	0	0	0	4	0	0	0	0	14	0	0	0	0	0	0	0	1	0	0	0	0	0	0	0	0	0
Sci Rep	2023-07-01	10314939	78375	7050	0	6	0	0	0	0	1	0	0	0	0	0	0	0	1	0	0	0	0	0	0	0	0	0	0	0	0	0	0	0	0	0	0	0
Sci Rep	2023-07-01	10313733	118781	11074	0	3	0	3	0	0	0	1	0	1	2	4	0	0	0	0	25	0	0	0	0	2	0	0	1	0	0	0	0	0	0	0	0	0
