journal	date	pmc_id	Nchars	Nwords	delve	analyse	acknowledge	assess	appraise	dissect	explore	examine	extricate	expose	estimate	investigate	inquire	inspect	interpret	scrutinise	study	unearth	uncover	understand	ponder	research	reason	retrieve	avoid	discount	disregard	dismiss	ignore	neglect	overlook	omit	skip	reject
Sci Rep	2022-10-01	9270463	99780	8554	0	4	0	3	0	0	0	3	0	0	10	0	0	0	0	0	16	0	0	1	0	0	0	0	1	0	0	0	0	0	0	0	0	0
Sci Rep	2022-10-01	9270432	121863	10585	0	11	0	1	0	0	1	6	0	3	0	0	0	0	0	0	11	0	0	3	0	0	0	0	0	0	0	0	0	0	0	0	0	0
Sci Rep	2022-10-01	9270321	103296	8927	0	10	0	3	0	0	2	1	0	0	7	3	0	0	3	0	60	0	0	2	0	0	0	0	0	0	0	0	0	0	0	0	0	0
Sci Rep	2022-10-01	9270356	30850	1728	0	0	0	0	0	0	0	0	0	0	0	0	0	0	0	0	3	0	0	0	0	0	0	0	0	0	0	0	0	0	0	0	0	0
Sci Rep	2022-10-01	9270492	76878	7082	0	2	0	1	0	0	0	0	0	3	0	1	0	0	0	0	24	0	0	0	0	0	0	0	0	0	0	0	0	0	0	0	0	0
Sci Rep	2022-10-01	9270484	87621	7272	0	2	0	0	0	0	0	0	0	0	0	0	0	0	0	0	15	0	0	1	0	0	0	0	0	0	0	0	0	0	0	0	0	0
Sci Rep	2022-10-01	9270416	142691	12783	0	2	0	1	0	0	15	2	0	0	21	0	0	0	3	0	72	0	0	4	0	0	2	0	0	0	0	0	0	0	0	0	0	0
Sci Rep	2022-10-01	9270400	138593	9572	0	2	0	1	0	0	0	0	0	0	4	3	0	0	0	0	9	0	0	2	0	3	0	0	0	0	0	0	1	0	0	0	0	0
Sci Rep	2022-10-01	9270365	229767	14895	0	1	0	1	0	0	1	0	0	4	6	4	0	0	0	0	8	0	0	3	0	0	0	0	0	0	0	0	1	0	0	0	0	0
Sci Rep	2022-10-01	9266094	100244	9267	0	10	0	1	0	0	0	1	0	2	2	1	0	0	0	0	20	0	0	0	0	0	0	1	1	0	0	0	0	0	0	0	0	0
Sci Rep	2022-10-01	9270440	409670	16292	0	1	0	0	0	0	0	0	0	0	0	1	0	0	0	0	13	0	0	1	0	0	0	0	1	0	0	0	1	0	0	0	0	0
Sci Rep	2022-10-01	9270394	89684	8340	0	4	0	2	0	0	0	0	0	0	0	3	0	0	1	0	39	0	0	0	0	0	1	0	0	0	0	0	0	0	0	0	0	0
Sci Rep	2022-10-01	9270480	47198	4899	0	5	2	0	0	0	1	0	0	0	1	0	0	0	0	0	18	0	0	0	0	0	0	0	0	0	0	0	0	0	0	0	0	0
Sci Rep	2022-10-01	9270443	153395	10028	0	1	0	0	0	0	1	1	0	0	0	1	0	0	0	0	8	0	0	0	0	0	0	0	0	0	0	0	0	0	0	1	0	0
Sci Rep	2022-10-01	9270408	265891	11447	0	0	0	0	0	0	0	2	0	0	0	3	0	1	0	0	3	0	0	4	0	1	0	0	0	0	0	0	0	0	0	0	0	0
Sci Rep	2022-10-01	9270411	490010	19869	0	13	1	0	1	0	4	4	0	12	2	2	0	0	0	0	39	0	0	3	0	2	0	0	1	0	0	0	0	1	0	0	0	0
Sci Rep	2022-10-01	9270358	269911	13657	0	3	0	0	0	0	1	3	0	2	0	9	0	0	0	1	24	0	0	0	0	0	0	0	0	0	0	0	0	0	0	0	0	0
Sci Rep	2022-10-01	9270346	59189	4604	0	5	0	0	0	0	0	0	0	0	0	9	0	0	0	0	6	0	0	1	0	0	0	0	0	0	0	0	0	0	0	0	0	0
Sci Rep	2022-10-01	9270409	68961	6370	0	7	0	0	0	0	4	1	0	0	0	0	0	0	0	0	23	0	0	0	0	0	1	0	0	0	0	0	0	0	0	0	0	0
Sci Rep	2022-10-01	9270373	75361	7013	0	7	0	0	0	0	0	1	0	0	0	1	0	0	1	0	10	0	0	0	0	0	1	0	0	0	0	0	0	0	0	0	0	0
Sci Rep	2022-10-01	9270465	103486	8428	0	8	0	3	0	0	0	2	0	0	2	2	0	0	0	0	52	0	0	0	0	0	0	0	0	0	0	0	0	0	0	0	0	0
Sci Rep	2022-10-01	9270387	130245	11522	0	5	0	0	0	0	0	0	0	1	6	1	0	0	0	0	23	0	0	0	0	0	1	0	0	0	0	0	0	0	0	0	0	0
Sci Rep	2022-10-01	9270483	56280	5477	0	6	0	0	0	0	1	2	0	0	0	0	0	0	0	0	14	0	0	1	0	0	0	3	0	0	0	0	0	0	0	0	0	0
Sci Rep	2022-10-01	9270370	77323	8720	0	7	0	1	0	0	3	0	0	1	1	0	0	0	1	0	15	0	0	0	0	0	0	0	1	0	0	0	0	0	0	0	0	0
Sci Rep	2022-10-01	9270388	85848	7057	0	3	0	0	0	0	0	0	0	0	0	8	0	0	0	0	9	0	0	0	0	0	0	0	0	0	0	0	0	0	0	0	0	0
Sci Rep	2022-10-01	9287405	124895	11710	0	16	0	0	0	0	2	10	0	12	0	0	0	0	0	0	35	0	0	2	0	0	0	0	1	0	0	0	0	0	0	0	0	0
Sci Rep	2022-10-01	9287414	130302	11967	0	2	1	0	0	0	0	0	0	0	0	7	0	1	0	0	15	0	0	1	0	0	0	0	0	0	0	0	0	0	0	0	0	0
Sci Rep	2022-10-01	9283434	107758	9714	0	14	0	0	0	0	3	0	0	0	0	0	0	0	0	0	14	0	0	0	0	0	0	1	0	0	0	0	0	0	0	0	0	0
Sci Rep	2022-10-01	9287387	140531	8545	0	0	0	1	0	0	0	1	0	0	21	0	0	0	0	0	20	0	0	0	0	0	0	0	0	0	0	0	0	0	0	1	0	0
Sci Rep	2022-10-01	9283390	98717	8504	0	10	1	0	0	0	1	11	0	0	3	4	0	0	1	0	24	0	0	4	0	0	0	0	0	0	0	0	0	0	0	0	0	0
Sci Rep	2022-10-01	9287347	137071	12495	0	7	0	1	1	1	0	0	0	5	0	3	0	0	1	0	24	0	0	1	0	0	0	0	1	0	0	0	0	0	0	0	0	0
Sci Rep	2022-10-01	9287332	67294	7004	0	2	1	0	0	0	0	2	0	0	0	11	0	0	0	0	2	0	0	0	0	0	0	0	0	0	0	0	0	0	0	0	0	0
Sci Rep	2022-10-01	9287547	132042	12821	0	4	0	7	0	0	6	1	0	3	1	1	0	1	1	1	41	0	0	6	0	0	4	0	0	0	0	0	0	0	0	0	0	0
Sci Rep	2022-10-01	9287378	91872	8976	0	9	0	0	0	0	5	2	0	1	0	4	0	0	0	0	21	0	1	3	0	0	0	0	0	0	0	0	0	0	0	0	0	0
Sci Rep	2022-10-01	9287293	30503	2728	0	3	1	0	0	0	0	0	0	1	0	0	0	0	0	0	2	0	0	0	0	0	0	0	0	0	0	1	0	0	0	0	0	0
Sci Rep	2022-10-01	9287549	89179	8710	0	4	0	0	0	0	0	0	0	0	0	0	0	0	0	0	19	0	0	1	0	1	0	0	0	0	0	0	1	0	0	1	0	0
Sci Rep	2022-10-01	9284494	132238	9960	0	14	1	2	0	0	1	0	0	0	0	6	0	0	0	0	28	0	0	1	0	0	0	0	0	0	0	0	0	0	0	0	0	0
Sci Rep	2022-10-01	9287292	108655	10634	0	1	0	0	0	0	0	0	0	0	5	4	0	0	0	0	47	0	0	0	0	0	1	0	0	0	0	0	0	0	0	0	0	0
Sci Rep	2022-10-01	9287411	188767	12820	0	7	0	3	0	0	0	1	0	7	0	7	0	0	1	0	11	0	0	2	0	0	0	0	0	0	0	0	0	0	0	0	0	0
Sci Rep	2022-10-01	9287565	283486	13153	0	0	0	0	0	0	0	0	0	0	3	1	0	0	0	0	1	0	0	0	0	0	0	0	5	0	0	0	0	0	0	0	0	0
Sci Rep	2022-10-01	9287306	113823	11336	0	8	0	0	0	0	1	0	0	0	5	0	0	0	0	0	8	0	1	0	0	0	0	0	1	0	0	0	0	0	0	0	3	0
Sci Rep	2022-10-01	9287440	155602	14493	0	27	0	2	0	0	0	0	0	1	2	0	0	0	0	0	59	0	0	0	0	0	0	0	0	0	0	0	0	0	0	0	0	0
Sci Rep	2022-10-01	9287346	66507	6840	0	2	0	0	0	0	0	0	0	0	3	0	0	0	0	0	5	0	0	0	0	0	0	0	0	0	0	0	2	0	0	2	0	0
Sci Rep	2022-10-01	9287564	106697	6269	0	0	0	0	0	0	1	0	0	0	16	0	0	0	0	0	7	0	0	0	0	0	0	0	1	0	0	0	0	0	0	0	0	0
Sci Rep	2022-10-01	9287543	62198	5220	0	3	0	2	0	0	0	1	0	1	0	1	0	0	0	0	17	0	0	0	0	0	0	0	0	0	0	0	0	0	0	0	0	0
Sci Rep	2022-10-01	9287451	105259	9419	0	8	0	0	0	0	1	0	0	2	0	7	0	0	0	0	6	0	0	2	0	0	0	0	0	0	0	0	0	0	0	1	0	0
Sci Rep	2022-10-01	9287447	80188	5624	0	2	0	0	0	0	0	2	0	0	1	2	0	0	1	0	6	0	0	0	0	0	0	0	0	0	0	0	0	0	0	1	0	0
Sci Rep	2022-10-01	9287548	71722	6523	0	27	0	0	0	0	4	0	0	0	1	3	0	0	1	0	23	0	0	1	0	0	0	0	0	0	0	0	0	0	0	0	0	0
Sci Rep	2022-10-01	9284966	92591	8995	0	8	1	2	0	0	1	0	0	0	1	0	0	0	0	0	9	0	0	1	0	2	1	0	0	0	0	0	0	0	0	0	0	0
Sci Rep	2022-10-01	9287372	150076	9296	0	1	0	0	0	0	3	0	0	0	5	0	0	0	0	0	1	0	0	0	0	0	0	0	2	0	0	0	0	0	0	0	0	0
Sci Rep	2022-10-01	9307639	111592	9955	0	11	1	6	0	0	2	0	0	0	12	1	0	0	3	0	18	0	0	2	0	0	0	0	0	0	0	0	0	0	0	0	0	0
Sci Rep	2022-10-01	9307121	130730	11932	0	3	3	0	0	0	3	0	0	3	1	2	0	0	2	0	15	0	0	1	0	0	0	0	1	0	0	0	1	1	0	1	0	1
Sci Rep	2022-10-01	9307591	70276	6685	0	3	1	0	0	0	0	0	0	0	0	0	0	0	0	0	9	0	0	0	0	0	0	0	0	0	0	0	0	0	0	0	0	0
Sci Rep	2022-10-01	9307861	96941	9569	0	0	0	2	0	0	1	0	0	0	9	5	0	0	1	0	45	0	0	2	0	0	0	0	0	0	0	0	0	0	0	0	1	0
Sci Rep	2022-10-01	9307647	148576	11207	0	3	1	5	0	0	1	1	0	0	3	5	0	0	0	0	18	0	0	0	0	0	0	1	0	0	0	0	0	0	0	0	0	0
Sci Rep	2022-10-01	9307570	67399	6399	0	3	0	0	0	0	1	0	0	0	0	4	0	0	1	0	42	0	0	0	0	0	0	0	0	0	0	0	0	0	0	0	0	0
Sci Rep	2022-10-01	9307771	33984	2849	0	9	1	0	0	0	1	0	0	0	0	1	0	0	0	0	11	0	0	0	0	0	1	0	0	0	0	0	0	0	1	0	0	0
Sci Rep	2022-10-01	9307629	101789	9388	0	6	0	0	0	0	0	0	0	1	0	0	0	0	0	0	1	0	0	0	0	0	0	0	0	0	0	0	5	0	0	0	0	0
Sci Rep	2022-10-01	9305042	62266	6029	0	3	1	7	0	0	3	0	0	0	2	0	0	0	0	0	42	0	0	1	0	0	0	0	0	0	0	0	0	0	0	0	0	0
Sci Rep	2022-10-01	9307575	63169	6109	0	7	0	4	0	0	1	0	0	1	0	0	0	0	0	0	20	0	0	0	0	0	0	0	0	0	0	0	0	0	0	0	0	0
Sci Rep	2022-10-01	9307833	101462	8195	0	2	0	0	0	0	0	2	0	0	1	4	0	0	0	0	7	0	0	0	0	0	0	0	0	0	0	0	0	0	0	0	0	0
Sci Rep	2022-10-01	9307759	92557	8938	0	12	0	0	0	0	0	0	0	0	0	0	0	0	0	0	31	0	0	1	0	0	0	1	0	0	0	0	0	0	0	0	0	0
Sci Rep	2022-10-01	9307754	82609	7868	0	4	1	0	0	0	0	0	0	5	0	5	0	0	0	0	2	0	0	0	0	0	0	0	0	0	0	0	0	0	0	0	0	0
Sci Rep	2022-10-01	9307644	134977	13130	0	18	0	3	0	0	1	1	0	6	0	5	0	0	0	0	5	0	0	1	0	0	0	0	1	0	0	0	0	0	0	0	0	0
Sci Rep	2022-10-01	9307509	107230	10049	0	9	0	5	0	0	0	11	0	1	1	2	0	0	1	0	43	0	0	0	0	0	0	0	0	0	0	0	4	0	0	0	0	0
Sci Rep	2022-10-01	9307804	114207	10553	0	2	0	0	0	0	0	6	0	0	2	4	0	0	0	0	55	0	0	2	0	0	2	0	0	0	0	0	0	0	0	0	0	0
Sci Rep	2022-10-01	9305055	94053	7902	0	7	0	1	0	0	0	0	0	0	0	6	0	0	0	0	17	0	0	0	0	0	0	0	0	0	0	0	0	0	0	0	0	0
Sci Rep	2022-10-01	9306252	169825	12474	0	26	2	7	0	0	0	1	0	0	3	0	0	0	0	0	28	0	0	0	0	0	0	0	1	0	0	0	0	0	0	0	0	0
Sci Rep	2022-10-01	9307646	81322	7206	0	2	0	2	0	0	0	0	0	0	0	1	0	0	0	0	8	0	0	0	0	0	0	0	0	0	0	0	0	0	0	0	0	0
Sci Rep	2022-10-01	9307809	103030	9242	0	13	1	0	0	0	1	0	0	0	4	2	0	0	3	0	40	0	0	1	0	0	0	0	0	0	0	0	0	0	0	0	0	0
Sci Rep	2022-10-01	9307856	93347	8301	0	6	0	1	0	0	0	0	0	0	5	0	0	0	0	0	41	0	0	0	0	0	0	0	1	0	0	0	0	0	0	0	0	0
Sci Rep	2022-10-01	9307848	41368	4327	0	3	0	0	0	0	0	1	0	0	0	2	0	0	0	0	6	0	0	0	0	2	0	0	0	0	0	0	0	0	0	0	0	0
Sci Rep	2022-10-01	9307606	121389	11526	0	2	0	8	0	0	0	0	0	0	1	4	0	0	0	0	8	0	0	1	0	0	0	0	0	0	0	0	0	0	0	0	0	0
Sci Rep	2022-10-01	9307752	70010	6167	0	4	0	0	0	0	4	4	0	0	0	1	0	0	0	0	31	0	0	0	0	1	1	0	0	0	0	0	0	0	0	0	0	0
Sci Rep	2022-10-01	9307612	76161	7687	0	3	3	2	0	0	0	1	0	0	15	1	0	0	0	0	22	0	0	0	0	0	0	2	0	0	0	0	0	0	0	0	0	0
Sci Rep	2022-10-01	9343422	108226	9412	0	7	0	1	0	0	0	7	0	0	0	5	0	0	1	0	22	0	0	0	0	0	0	0	0	0	0	0	0	0	0	0	0	0
Sci Rep	2022-10-01	9338961	175440	17185	0	19	0	6	0	0	0	0	0	0	0	0	0	0	0	0	17	0	1	0	0	0	0	0	1	0	0	1	0	0	0	1	0	0
Sci Rep	2022-10-01	9343418	84038	8726	0	2	0	0	0	0	2	1	0	0	8	2	0	0	1	0	15	0	0	2	0	0	0	0	1	0	0	0	0	0	0	0	0	0
Sci Rep	2022-10-01	9338960	81070	9004	0	1	0	0	0	0	0	0	0	2	0	0	0	0	0	0	18	0	0	2	0	0	0	0	1	0	0	0	0	0	0	0	0	0
Sci Rep	2022-10-01	9343407	155512	9746	0	3	0	0	0	0	2	0	0	0	1	8	0	0	1	0	22	0	0	1	0	0	0	0	0	0	0	0	0	1	0	0	1	0
Sci Rep	2022-10-01	9341414	87345	8966	0	9	0	7	2	0	0	1	0	0	2	4	0	0	2	0	140	0	0	0	0	0	1	1	0	0	0	0	0	0	0	0	0	0
Sci Rep	2022-10-01	9343658	128060	11235	0	18	0	1	0	0	1	0	0	0	4	3	0	0	0	0	26	0	0	0	0	0	0	0	0	0	0	0	0	0	0	0	0	0
Sci Rep	2022-10-01	9343364	98849	9459	0	2	0	4	0	0	1	0	0	0	0	4	0	0	0	0	32	0	0	3	0	0	0	0	0	0	0	0	0	0	0	0	0	0
Sci Rep	2022-10-01	9338986	67755	6265	0	2	0	0	0	0	0	0	0	0	0	3	0	0	0	0	7	0	0	0	0	0	0	1	0	0	0	0	1	0	0	0	0	0
Sci Rep	2022-10-01	9338994	89100	8043	0	2	0	0	0	0	0	0	0	1	0	8	0	0	0	0	8	0	0	1	0	0	0	0	0	0	0	0	0	0	0	0	0	0
Sci Rep	2022-10-01	9343386	84465	9803	0	2	0	1	0	3	1	10	0	0	4	1	0	0	0	0	27	0	1	1	0	0	0	0	0	0	0	0	0	0	0	0	0	0
Sci Rep	2022-10-01	9343649	170063	14809	0	5	0	7	0	0	3	2	0	0	3	1	0	0	0	0	48	0	0	0	0	0	0	0	0	0	0	0	0	0	0	0	0	5
Sci Rep	2022-10-01	9338985	115021	10885	0	24	1	0	0	0	1	1	0	0	6	7	0	0	0	0	33	0	0	2	0	0	1	0	0	0	0	0	0	0	0	1	0	0
Sci Rep	2022-10-01	9338927	104097	10286	0	20	1	0	0	0	0	4	0	0	1	23	0	0	1	0	44	0	0	2	0	0	0	0	0	0	0	0	0	0	0	0	0	0
Sci Rep	2022-10-01	9341149	100722	9486	0	14	0	0	0	0	0	0	0	0	26	7	0	0	0	0	31	0	0	1	0	0	5	0	0	0	0	0	0	0	0	0	0	0
Sci Rep	2022-10-01	9338980	208252	15009	0	6	0	0	0	0	3	1	0	0	1	0	0	0	0	0	11	0	0	1	0	0	0	0	0	0	0	0	0	0	0	0	0	0
Sci Rep	2022-10-01	9338978	92607	8356	1	5	0	1	0	0	3	1	0	0	3	3	0	0	1	0	35	0	0	2	0	0	0	0	1	0	0	0	0	0	0	1	0	0
Sci Rep	2022-10-01	9343421	91492	9052	0	4	3	3	0	0	1	0	0	5	1	4	0	0	0	0	11	0	0	2	0	0	0	0	0	0	0	0	0	0	0	0	0	0
Sci Rep	2022-10-01	9342835	88165	8689	0	6	0	14	0	0	2	1	0	0	2	0	0	0	0	0	44	0	0	1	0	0	0	0	0	0	0	0	0	0	0	0	0	0
Sci Rep	2022-10-01	9343640	78187	6540	0	7	0	6	0	0	0	1	0	0	3	4	0	0	0	0	51	0	0	0	0	0	0	0	0	0	0	0	0	0	0	0	0	0
Sci Rep	2022-10-01	9343365	109072	9221	0	4	0	12	0	0	1	0	0	0	1	3	0	0	0	0	42	0	0	1	0	0	0	0	0	0	0	0	0	0	0	0	0	0
Sci Rep	2022-10-01	9339544	69931	6097	0	8	0	1	0	0	2	0	0	0	1	0	0	0	0	0	11	0	0	1	0	0	0	0	0	0	0	0	0	0	0	0	0	0
Sci Rep	2022-10-01	9343641	75023	6369	0	9	0	2	0	0	1	2	0	2	2	5	0	0	0	0	26	0	0	0	0	0	0	0	0	0	0	0	0	0	0	0	0	0
Sci Rep	2022-10-01	9338939	94592	8813	0	2	0	0	0	0	0	0	0	0	0	0	0	0	0	0	6	0	0	0	0	0	1	0	0	1	0	0	0	0	0	0	0	0
Sci Rep	2022-10-01	9343356	62864	6404	0	5	0	1	0	0	1	3	0	0	3	1	0	0	0	0	12	0	0	0	0	0	0	0	0	0	0	0	0	0	0	0	0	0
Sci Rep	2022-10-01	9356010	82628	7334	0	1	0	1	0	0	0	0	0	1	3	0	0	0	0	0	49	0	0	0	0	1	0	0	0	0	0	0	0	0	0	0	0	0
Sci Rep	2022-10-01	9357046	84656	7883	0	4	0	4	0	0	8	8	0	0	1	9	0	0	0	0	21	0	0	0	0	0	0	1	0	0	0	0	0	0	0	0	0	0
Sci Rep	2022-10-01	9357010	84386	7520	0	3	0	1	0	0	0	0	0	1	1	0	0	0	0	0	22	0	0	3	0	0	0	0	0	0	0	0	0	0	0	0	0	0
Sci Rep	2022-10-01	9359999	119421	10739	0	2	1	4	0	0	6	0	0	0	4	1	0	0	0	0	18	0	0	1	0	0	0	0	0	0	0	0	0	0	0	0	0	0
Sci Rep	2022-10-01	9356041	52960	4721	0	1	0	0	0	0	1	1	0	0	0	2	0	0	0	0	34	0	0	0	0	0	0	0	0	0	0	0	0	0	0	0	0	0
Sci Rep	2022-10-01	9360043	71285	6923	0	1	0	0	0	0	0	0	0	2	0	0	0	0	0	0	7	0	0	0	0	0	2	0	1	0	0	0	0	0	0	0	0	0
Sci Rep	2022-10-01	9355948	106333	10216	0	4	0	0	0	0	0	0	0	0	1	2	0	0	1	0	9	0	0	0	0	0	0	0	0	0	0	0	0	0	0	0	0	0
Sci Rep	2022-10-01	9355977	71953	7242	0	19	1	0	0	0	3	3	0	0	0	4	0	0	0	0	19	0	0	5	0	0	0	0	0	0	0	0	0	0	0	0	0	0
Sci Rep	2022-10-01	9360038	122822	11130	0	20	0	1	0	0	0	0	0	0	2	1	0	0	1	0	21	0	0	1	0	0	0	0	0	0	0	0	0	1	0	0	0	0
Sci Rep	2022-10-01	9357077	81407	7573	0	5	0	1	0	0	1	6	0	1	0	8	0	0	0	0	10	0	0	3	0	0	0	0	0	0	0	0	0	0	0	0	0	0
Sci Rep	2022-10-01	9360010	111202	10824	0	4	0	0	0	0	0	2	0	1	0	2	0	0	0	0	18	0	0	1	0	0	1	0	0	0	0	0	0	0	0	0	0	0
Sci Rep	2022-10-01	9357087	156509	12775	0	6	0	1	0	1	1	1	0	0	0	5	0	0	0	0	32	0	0	4	0	0	0	0	0	0	0	0	0	2	0	0	0	0
Sci Rep	2022-10-01	9356065	134824	12261	0	3	1	1	0	0	3	0	0	0	2	1	0	0	0	0	14	0	0	0	0	0	0	2	0	0	0	0	0	0	0	0	0	0
Sci Rep	2022-10-01	9360022	72445	7784	0	5	0	3	0	1	1	0	0	2	1	1	0	0	0	0	8	0	0	3	0	0	0	0	0	0	0	0	0	0	0	0	0	0
Sci Rep	2022-10-01	9356044	96779	9834	0	0	0	0	0	0	0	2	0	0	0	0	0	0	0	0	33	0	0	0	0	0	2	0	1	0	0	0	0	0	0	1	0	0
Sci Rep	2022-10-01	9355968	88354	7527	0	3	0	1	0	1	0	0	0	1	1	3	0	1	0	0	30	0	0	0	0	0	0	0	0	0	0	0	0	0	0	0	0	0
Sci Rep	2022-10-01	9360019	114012	10332	0	8	0	4	0	0	0	6	0	1	4	2	0	0	0	0	80	0	0	1	0	0	2	0	0	0	0	0	0	0	0	0	0	0
Sci Rep	2022-10-01	9360411	66177	6137	0	3	0	0	0	0	2	2	0	0	0	1	0	0	0	0	12	0	0	0	0	0	0	1	0	0	0	0	0	0	0	0	0	0
Sci Rep	2022-10-01	9358385	119608	9925	0	4	0	3	0	0	1	6	0	0	5	3	0	0	1	0	50	0	0	2	0	0	2	0	0	0	0	0	0	2	0	0	0	0
Sci Rep	2022-10-01	9356053	78703	7816	0	2	0	2	0	0	1	0	0	0	1	4	0	0	0	0	9	0	0	1	0	0	1	0	0	0	0	0	0	0	0	0	0	0
Sci Rep	2022-10-01	9359985	100857	8982	0	5	0	12	0	0	0	0	0	0	13	0	0	0	0	0	28	0	0	1	0	0	0	0	1	0	0	0	0	0	0	0	0	0
Sci Rep	2022-10-01	9360399	97410	9011	0	1	1	2	0	0	4	0	0	0	0	0	0	0	0	0	13	0	0	2	0	0	0	0	0	0	0	0	0	0	0	0	1	0
Sci Rep	2022-10-01	9356014	47464	5257	0	4	0	2	0	0	1	2	0	0	1	2	0	0	0	0	19	0	0	0	0	0	0	0	0	0	0	0	0	0	0	0	0	0
Sci Rep	2022-10-01	9360398	73064	7581	0	15	0	3	0	0	3	1	0	0	1	3	0	0	0	0	21	0	0	0	0	0	1	0	0	0	0	0	0	0	0	0	0	0
Sci Rep	2022-10-01	9356060	151859	11796	0	16	0	1	0	0	0	3	0	3	12	1	0	0	0	0	46	0	0	2	0	0	0	0	0	0	0	0	0	0	0	0	0	0
Sci Rep	2022-10-01	9378686	105865	10403	0	7	0	6	0	1	1	9	0	2	0	7	0	0	0	0	29	0	0	1	0	0	0	0	0	0	0	0	0	0	0	0	0	0
Sci Rep	2022-10-01	9374300	157396	10862	0	5	0	2	0	0	1	0	0	0	0	0	0	0	0	0	6	0	0	2	0	0	2	3	0	0	0	0	0	1	0	0	0	0
Sci Rep	2022-10-01	9378659	138541	12118	0	5	0	0	0	0	2	2	0	0	1	3	0	0	0	0	27	0	0	0	0	0	0	0	0	0	0	0	0	0	0	0	0	0
Sci Rep	2022-10-01	9374750	93578	9000	0	2	1	0	0	0	0	0	0	2	12	2	0	0	0	0	24	0	0	1	0	0	2	0	0	0	0	0	0	0	0	0	0	0
Sci Rep	2022-10-01	9374660	87502	7203	0	7	0	1	0	0	2	3	0	1	4	0	0	0	0	0	50	0	0	0	0	0	0	0	1	0	0	0	0	0	0	0	0	0
Sci Rep	2022-10-01	9376082	80946	6894	0	1	0	14	0	0	0	0	0	0	17	1	0	0	0	0	17	0	0	0	0	0	0	0	1	0	0	0	0	0	0	0	0	0
Sci Rep	2022-10-01	9378653	84547	7294	0	3	0	2	0	0	0	0	0	0	0	2	0	0	0	0	29	0	0	0	0	0	0	0	0	0	0	0	0	0	0	0	0	0
Sci Rep	2022-10-01	9374656	64652	5585	0	2	0	0	0	0	1	0	0	0	0	2	0	0	0	0	9	0	0	0	0	0	0	0	0	0	0	0	0	0	0	0	0	0
Sci Rep	2022-10-01	9374712	55733	6453	0	1	0	0	0	0	0	0	0	0	0	5	0	0	0	0	17	0	0	5	0	0	2	0	0	0	0	0	0	0	0	0	0	0
Sci Rep	2022-10-01	9378790	138294	10521	0	6	0	0	0	0	0	5	0	0	1	1	0	0	0	0	25	0	0	0	0	0	0	0	0	0	0	0	0	0	0	0	0	0
Sci Rep	2022-10-01	9374747	152354	14917	0	17	0	2	0	0	0	1	0	0	4	2	0	0	0	0	29	0	0	6	0	0	0	4	0	0	0	0	0	0	0	0	0	0
Sci Rep	2022-10-01	9378773	125488	11698	0	9	0	1	0	0	1	9	0	0	18	0	0	0	0	0	3	0	0	4	0	0	1	0	3	1	0	0	0	0	0	1	0	0
Sci Rep	2022-10-01	9374745	76208	6934	0	6	0	0	0	0	1	0	0	0	2	0	0	0	0	0	32	0	0	1	0	0	0	1	0	0	0	0	0	0	0	0	0	0
Sci Rep	2022-10-01	9374716	62332	6139	0	2	0	0	0	0	0	1	0	0	0	4	0	0	0	0	4	0	0	0	0	0	0	0	0	0	0	0	0	0	0	0	0	0
Sci Rep	2022-10-01	9374739	75631	6622	0	0	0	0	0	0	0	1	0	0	6	7	0	0	0	0	6	0	0	2	0	0	0	0	0	0	0	0	0	0	0	0	0	0
Sci Rep	2022-10-01	9374724	97479	8618	0	16	0	3	0	0	0	11	0	0	2	5	0	0	0	0	39	0	0	0	0	0	1	0	0	0	0	0	0	0	0	0	0	0
Sci Rep	2022-10-01	9378649	108032	9636	0	7	0	1	0	0	1	1	0	1	1	12	0	0	2	0	29	0	1	0	0	0	2	1	0	0	0	0	0	0	0	0	0	0
Sci Rep	2022-10-01	9374782	84349	6890	0	9	0	1	0	0	0	1	0	0	1	4	0	0	0	0	10	0	0	0	0	0	0	1	1	0	0	0	0	0	0	0	0	0
Sci Rep	2022-10-01	9378698	55515	5181	0	1	0	0	0	0	0	0	0	0	0	1	0	0	2	0	26	0	0	0	0	0	0	0	0	0	0	0	0	0	0	0	0	0
Sci Rep	2022-10-01	9378707	131806	12400	0	12	0	5	0	0	2	0	0	0	2	2	0	0	2	0	43	0	0	1	0	0	0	0	1	0	0	0	0	0	0	0	1	0
Sci Rep	2022-10-01	9378616	90699	7790	0	3	0	2	0	0	0	2	0	0	0	1	0	0	0	0	24	0	0	0	0	0	0	2	0	0	0	0	0	0	0	0	0	0
Sci Rep	2022-10-01	9374767	93334	8795	0	11	1	6	0	0	0	4	0	0	4	4	0	0	0	0	54	0	0	1	0	0	2	0	0	0	0	0	1	0	0	0	0	0
Sci Rep	2022-10-01	9378763	159813	12516	0	4	0	0	0	0	2	0	0	0	10	1	0	0	0	0	28	0	0	1	0	0	0	0	0	0	0	0	0	0	0	0	0	0
Sci Rep	2022-10-01	9374778	162673	10923	0	3	0	0	0	0	1	0	0	0	9	6	0	0	0	0	27	0	0	0	0	0	0	0	0	0	0	0	1	0	0	0	0	0
Sci Rep	2022-10-01	9374704	67386	6172	0	5	0	4	0	0	8	0	0	0	1	3	0	0	0	0	11	0	0	0	0	0	0	0	0	0	0	0	0	0	0	0	0	0
Sci Rep	2022-10-01	9395330	159483	14990	0	11	1	1	0	0	0	2	0	0	40	3	0	0	0	0	88	0	0	5	0	0	1	4	1	0	0	0	0	0	0	0	0	0
Sci Rep	2022-10-01	9395522	108855	8653	0	4	0	0	0	0	1	0	0	0	2	0	0	0	0	0	23	0	0	0	0	0	4	0	1	0	0	0	0	0	0	0	0	0
Sci Rep	2022-10-01	9395356	75919	6859	0	2	0	5	0	0	0	0	0	1	1	1	0	0	1	0	59	0	0	0	0	0	0	0	0	0	0	0	0	0	0	0	0	0
Sci Rep	2022-10-01	9395426	182553	16314	0	15	0	3	0	0	2	10	0	0	7	7	0	0	1	0	110	0	0	3	0	0	1	0	0	1	0	0	0	0	0	0	0	0
Sci Rep	2022-10-01	9395357	122144	11612	0	33	0	4	0	0	0	2	0	0	4	1	0	0	0	1	20	0	0	3	0	0	0	0	0	0	0	0	0	0	0	0	0	0
Sci Rep	2022-10-01	9395346	130759	11051	0	10	0	1	0	1	1	0	0	0	2	0	0	0	0	0	26	0	0	5	0	0	0	1	0	0	0	0	0	0	0	0	0	0
Sci Rep	2022-10-01	9395371	131939	10439	0	5	0	0	0	0	0	9	0	0	6	4	0	0	0	0	24	0	0	1	0	0	1	0	0	0	0	0	0	0	0	0	0	0
Sci Rep	2022-10-01	9395332	106044	9807	0	5	0	0	0	1	0	0	0	7	2	1	0	0	0	0	12	0	0	0	0	0	0	0	0	0	0	0	0	0	0	0	0	0
Sci Rep	2022-10-01	9395348	148339	9432	0	3	1	2	0	0	0	0	0	0	0	11	0	0	3	0	10	0	0	4	0	0	0	0	0	0	0	0	0	0	0	0	0	0
Sci Rep	2022-10-01	9395420	232408	14030	0	0	1	0	0	0	0	3	0	0	8	10	0	0	0	0	47	0	0	0	0	3	4	0	1	0	0	0	0	0	0	0	0	0
Sci Rep	2022-10-01	9395533	68254	6480	0	5	0	0	0	0	0	0	0	0	17	4	0	0	0	0	44	0	0	0	0	0	0	0	0	0	0	0	0	0	0	0	0	0
Sci Rep	2022-10-01	9395511	125440	11304	0	8	0	3	0	0	2	1	0	2	1	1	0	0	0	0	18	0	0	0	0	0	1	0	0	0	0	0	0	0	0	0	0	0
Sci Rep	2022-10-01	9395535	65966	7005	0	3	0	0	0	0	4	0	0	0	0	7	0	0	0	0	11	0	0	1	0	0	0	0	0	0	0	0	1	0	0	0	0	0
Sci Rep	2022-10-01	9393165	99022	9068	0	2	0	3	0	0	1	0	0	0	3	0	0	0	0	0	41	0	0	0	0	0	3	0	1	0	0	0	0	0	0	0	0	0
Sci Rep	2022-10-01	9395415	79025	7112	0	10	0	1	0	0	0	1	0	1	1	1	0	0	0	0	33	0	0	0	0	0	3	0	0	0	0	0	0	0	0	0	0	0
Sci Rep	2022-10-01	9395396	272858	22054	0	8	0	14	0	0	5	3	0	0	4	4	0	0	1	0	32	0	1	3	0	0	0	0	0	0	0	0	0	0	0	0	0	0
Sci Rep	2022-10-01	9395347	149335	12836	0	3	0	3	0	0	0	2	0	0	0	1	0	0	0	0	14	0	0	0	0	0	0	1	0	0	0	0	0	0	0	0	0	0
Sci Rep	2022-10-01	9395334	80513	7843	0	9	0	0	0	0	0	3	0	0	2	6	0	0	0	0	14	0	1	5	0	0	1	1	0	0	0	0	0	0	0	0	0	0
Sci Rep	2022-10-01	9395394	99299	10555	0	3	1	3	0	0	1	1	0	13	2	7	0	0	1	0	30	0	0	2	0	0	1	0	0	0	0	0	1	0	0	0	0	0
Sci Rep	2022-10-01	9395538	148784	8888	0	6	0	0	0	0	2	0	0	0	1	2	0	0	0	0	3	0	0	0	0	0	0	0	0	0	0	0	1	0	0	0	0	0
Sci Rep	2022-10-01	9395405	212954	10502	0	2	0	0	0	0	0	0	0	0	0	1	0	0	0	0	18	0	1	0	0	0	0	0	0	0	0	0	0	0	0	0	0	0
Sci Rep	2022-10-01	9395529	125662	10117	0	5	2	2	0	0	1	5	0	1	2	8	0	0	0	0	19	0	0	1	0	0	0	0	0	0	0	0	0	0	0	0	0	0
Sci Rep	2022-10-01	9395385	112657	8820	0	4	0	1	0	0	1	0	0	0	7	0	0	0	1	0	28	0	0	1	0	0	0	0	0	0	0	0	0	0	0	0	0	0
Sci Rep	2022-10-01	9395327	65076	7826	0	8	0	0	0	0	0	0	0	0	0	1	0	0	0	0	8	0	0	0	0	0	1	0	3	0	0	0	0	0	0	0	0	0
Sci Rep	2022-10-01	9395542	121543	11602	0	11	0	1	0	0	8	6	0	1	4	5	0	0	1	0	102	0	0	4	0	0	1	0	0	0	0	0	0	0	0	0	0	0
Sci Rep	2022-10-01	9437000	95116	8991	0	1	0	1	0	0	0	1	0	0	2	2	0	0	0	0	18	0	0	1	0	0	1	0	0	0	0	0	0	0	0	0	0	0
Sci Rep	2022-10-01	9436166	107841	9373	0	6	2	0	0	0	0	0	0	0	0	3	0	0	0	0	61	0	0	0	0	1	2	0	0	0	0	0	0	0	0	0	0	0
Sci Rep	2022-10-01	9437090	303532	13154	0	4	0	0	0	0	1	1	0	0	0	2	0	0	0	0	7	0	0	0	0	0	0	0	0	0	0	0	0	0	0	0	0	0
Sci Rep	2022-10-01	9437086	69456	7378	0	5	0	4	0	0	0	1	0	0	1	3	0	0	0	0	44	0	0	0	0	0	0	0	0	0	0	0	0	0	0	0	0	0
Sci Rep	2022-10-01	9437040	382983	16360	0	1	1	0	0	0	0	1	0	0	0	10	0	0	0	0	17	0	0	0	0	3	1	0	0	0	0	0	0	0	0	0	0	0
Sci Rep	2022-10-01	9436976	123232	11346	0	2	1	1	0	0	2	0	0	0	0	8	0	0	0	0	61	0	0	0	0	0	0	0	0	0	0	0	0	0	0	0	0	0
Sci Rep	2022-10-01	9437009	48032	5487	0	0	0	0	0	0	0	0	0	0	3	0	0	0	0	0	3	0	0	0	0	0	0	0	0	0	0	0	1	0	0	0	0	0
Sci Rep	2022-10-01	9437041	148346	14506	0	8	1	0	0	0	0	0	0	0	0	0	0	0	1	0	41	0	0	3	0	0	0	0	0	0	0	0	0	0	0	0	0	1
Sci Rep	2022-10-01	9436933	92256	7003	0	2	0	0	0	0	4	0	0	1	0	0	0	0	0	0	3	0	1	1	0	0	0	0	0	0	0	0	0	0	0	0	0	0
Sci Rep	2022-10-01	9436959	104872	9268	0	3	0	1	0	0	0	1	0	0	5	1	0	0	1	0	24	0	0	0	0	0	2	0	0	1	0	0	0	2	0	0	0	0
Sci Rep	2022-10-01	9437027	67422	6493	0	8	0	0	0	0	0	0	0	0	5	2	0	0	0	0	27	0	0	0	0	0	2	0	0	0	0	0	0	0	0	0	0	0
Sci Rep	2022-10-01	9436939	101953	8136	0	6	0	2	0	0	0	9	0	0	13	5	0	0	1	0	50	0	0	0	0	0	0	0	0	0	0	0	0	1	0	0	0	0
Sci Rep	2022-10-01	9437085	81434	8123	0	0	1	1	0	0	0	0	0	3	6	0	0	0	1	0	116	0	0	1	0	0	0	0	0	0	0	0	0	0	0	0	0	0
Sci Rep	2022-10-01	9437017	97940	8873	0	0	0	5	0	0	1	0	0	0	1	1	0	0	1	0	48	0	0	1	0	0	1	0	0	0	0	0	1	0	0	0	0	0
Sci Rep	2022-10-01	9437070	89772	7281	0	2	1	1	0	0	0	3	0	0	0	1	0	0	0	0	29	0	0	0	0	0	0	0	0	0	0	0	1	0	0	0	0	0
Sci Rep	2022-10-01	9437016	79600	7466	0	13	0	0	0	0	0	0	0	0	0	1	0	0	3	0	47	0	0	2	0	0	0	1	0	0	0	0	0	0	0	0	0	0
Sci Rep	2022-10-01	9436993	155004	12596	0	8	0	1	0	0	1	1	0	0	2	5	0	0	0	0	31	0	0	2	0	0	0	2	1	0	0	0	0	0	0	0	0	0
Sci Rep	2022-10-01	9437094	81651	8076	0	3	0	0	0	0	0	0	0	0	1	2	0	0	0	0	30	0	0	0	0	0	0	0	0	0	0	0	0	0	0	0	0	0
Sci Rep	2022-10-01	9436948	55913	4915	0	5	0	1	0	0	0	0	0	0	1	1	0	0	0	0	38	0	0	0	0	0	0	0	0	0	0	0	0	0	0	0	0	0
Sci Rep	2022-10-01	9434536	95325	8293	0	10	0	1	0	0	0	1	0	0	1	1	0	0	0	0	22	0	0	1	0	1	0	0	0	0	0	0	0	0	0	0	0	0
Sci Rep	2022-10-01	9435431	166540	15786	0	4	0	0	0	0	6	2	0	2	0	0	0	0	0	0	11	0	0	0	0	0	0	0	0	0	0	0	0	0	0	0	0	0
Sci Rep	2022-10-01	9437107	204304	13547	0	1	0	0	0	0	0	0	0	0	1	15	0	0	0	0	26	0	0	1	0	0	0	0	0	0	0	0	0	0	0	0	0	0
Sci Rep	2022-10-01	9437056	85619	8424	0	8	0	2	0	1	0	5	0	1	0	1	0	0	0	0	22	0	0	2	0	0	0	0	0	0	0	0	0	0	0	0	0	0
Sci Rep	2022-10-01	9437072	82055	7677	0	4	0	0	0	0	0	3	0	0	1	3	0	0	0	0	28	0	0	2	0	0	1	0	0	0	0	0	0	0	0	0	0	0
Sci Rep	2022-10-01	9436922	71931	5851	0	7	0	1	0	0	0	0	0	0	0	3	0	0	1	0	29	0	0	0	0	0	0	0	0	0	0	0	0	0	0	0	0	0
Sci Rep	2022-10-01	9452493	70518	5714	0	2	0	0	0	0	0	2	0	0	0	10	0	0	0	0	12	0	0	0	0	0	0	0	0	0	0	0	0	0	0	0	0	0
Sci Rep	2022-10-01	9452533	152493	14313	0	4	0	1	0	0	1	4	0	1	0	6	0	0	0	0	20	0	0	0	0	1	0	0	0	0	0	0	0	0	0	0	0	0
Sci Rep	2022-10-01	9452584	131318	13097	0	8	1	5	0	0	0	3	0	0	6	2	0	0	1	0	42	0	0	1	0	0	1	0	0	0	0	0	0	0	0	0	0	0
Sci Rep	2022-10-01	9452590	582299	23274	0	7	0	0	0	0	0	0	0	0	12	4	0	0	0	0	17	0	0	3	0	0	0	0	0	0	0	0	1	0	0	0	0	0
Sci Rep	2022-10-01	9452490	7654	550	0	0	0	0	0	0	0	0	0	0	0	0	0	0	0	0	0	0	0	0	0	0	0	0	0	0	0	0	0	0	0	1	0	0
Sci Rep	2022-10-01	9452570	101472	7652	0	1	0	2	0	0	1	0	0	0	7	0	0	0	1	0	31	0	0	2	0	0	1	1	0	0	0	0	0	0	0	0	0	0
Sci Rep	2022-10-01	9458740	56944	5391	0	4	1	2	0	0	0	2	0	0	9	1	0	0	0	0	50	0	0	0	0	0	1	0	0	0	0	0	0	0	0	0	0	0
Sci Rep	2022-10-01	9452525	94064	9342	0	8	0	0	0	0	1	1	0	1	2	2	0	0	0	0	10	0	0	1	0	0	0	0	0	0	0	0	0	0	0	1	0	0
Sci Rep	2022-10-01	9458651	84681	7695	0	12	0	10	0	0	0	1	0	0	5	1	0	0	1	0	24	0	0	0	0	0	1	0	2	0	0	0	0	0	0	0	0	0
Sci Rep	2022-10-01	9449937	92800	8680	0	6	0	3	0	0	1	0	0	1	1	5	0	0	0	0	42	0	0	1	0	0	0	0	0	0	0	0	0	0	1	0	0	0
Sci Rep	2022-10-01	9458652	121566	11636	0	4	0	1	0	0	1	1	0	0	30	2	0	0	0	0	28	0	0	1	0	0	0	0	0	0	0	0	0	1	0	0	0	0
Sci Rep	2022-10-01	9452558	80608	7265	0	7	0	1	0	0	0	3	0	2	0	3	0	0	1	0	32	0	0	0	0	0	0	0	0	0	0	0	0	0	0	0	0	0
Sci Rep	2022-10-01	9452557	118453	10181	0	4	1	1	0	0	0	0	0	0	21	1	0	0	0	0	31	0	0	2	0	0	0	5	0	0	0	0	0	0	0	0	0	0
Sci Rep	2022-10-01	9452575	111746	10850	0	9	0	0	0	0	2	1	0	1	0	0	0	0	1	0	19	0	0	0	0	0	0	0	0	0	0	0	0	0	0	0	0	0
Sci Rep	2022-10-01	9452550	110984	8928	0	1	0	0	0	0	1	0	0	0	4	0	0	0	0	0	9	0	0	1	0	0	0	0	0	0	0	0	0	0	0	0	0	0
Sci Rep	2022-10-01	9458712	90761	7682	0	5	0	6	0	0	0	13	0	0	0	6	0	0	0	0	26	0	0	0	0	0	0	0	0	0	0	0	0	0	0	0	0	0
Sci Rep	2022-10-01	9452492	79991	7563	0	8	0	0	0	0	0	0	0	1	0	2	0	0	0	0	16	0	0	1	0	0	0	0	0	0	0	0	0	0	0	0	0	0
Sci Rep	2022-10-01	9452674	38046	3581	0	5	0	0	0	0	0	0	0	0	0	0	0	0	1	0	24	0	0	0	0	0	1	0	0	0	0	0	0	0	0	0	0	0
Sci Rep	2022-10-01	9458640	101015	8592	0	7	0	1	0	0	0	0	0	19	2	2	0	0	0	0	56	0	0	0	0	0	1	0	0	0	0	0	0	0	0	0	0	0
Sci Rep	2022-10-01	9458733	96195	7913	0	5	0	0	0	0	0	7	0	0	0	1	0	0	1	0	37	0	0	0	0	0	0	0	0	0	0	0	0	0	0	0	0	0
Sci Rep	2022-10-01	9452531	85452	8430	0	1	3	0	0	0	0	1	0	0	3	2	0	0	0	0	19	0	0	4	0	0	1	0	0	0	0	0	0	1	0	0	0	0
Sci Rep	2022-10-01	9452574	94451	8651	0	15	0	0	0	0	2	0	0	0	3	14	0	0	1	0	21	0	0	1	0	0	0	0	0	0	0	0	0	0	0	0	0	1
Sci Rep	2022-10-01	9452549	75163	7703	0	2	0	1	0	0	0	11	0	0	0	1	0	0	1	0	13	0	0	0	0	0	1	0	0	0	0	0	0	0	0	0	0	0
Sci Rep	2022-10-01	9451121	96384	8159	0	4	0	0	0	0	1	0	0	0	4	1	0	0	0	0	17	0	0	0	0	0	0	0	0	0	0	0	0	0	0	0	0	0
Sci Rep	2022-10-01	9452567	131552	12845	0	37	0	8	0	0	8	4	0	0	1	2	0	0	0	0	41	0	0	2	0	0	0	0	0	0	0	0	0	0	0	0	0	0
Sci Rep	2022-10-01	9478116	83507	6982	0	8	0	0	0	0	3	0	0	0	0	1	0	0	0	0	28	0	0	0	0	0	1	0	0	0	0	0	0	0	0	0	0	0
Sci Rep	2022-10-01	9477803	97003	9824	0	8	0	0	0	0	0	0	0	1	1	1	0	0	0	0	16	0	0	3	0	0	1	0	0	0	0	0	1	0	0	0	0	0
Sci Rep	2022-10-01	9474452	86763	6967	0	8	1	4	0	0	0	2	0	0	0	1	0	0	0	0	9	0	0	1	0	0	0	0	0	0	0	0	0	0	0	0	0	0
Sci Rep	2022-10-01	9474473	98855	8716	0	6	0	2	0	0	0	0	0	1	1	0	0	0	0	0	20	0	0	0	0	0	0	0	0	0	0	0	0	0	0	0	0	0
Sci Rep	2022-10-01	9477878	91106	8795	0	3	0	0	0	0	7	2	0	1	0	3	0	0	1	0	59	0	0	3	0	0	2	0	10	0	0	0	0	0	0	0	0	0
Sci Rep	2022-10-01	9474865	108450	9906	0	3	0	2	0	0	0	0	0	0	1	11	0	0	0	0	31	0	0	1	0	0	0	0	0	0	0	0	0	0	0	0	0	0
Sci Rep	2022-10-01	9478138	84064	8225	0	3	0	2	0	0	0	1	0	1	6	5	0	0	0	0	77	0	0	0	0	0	0	0	0	0	0	0	0	0	0	0	0	0
Sci Rep	2022-10-01	9477873	115720	9683	0	1	0	0	0	0	1	2	0	0	2	10	0	0	0	0	9	0	0	0	0	0	0	0	0	0	0	0	0	0	0	0	0	0
Sci Rep	2022-10-01	9477823	94913	8252	0	3	0	0	0	0	0	1	0	0	0	1	0	0	0	0	10	0	0	0	0	0	1	0	1	0	0	0	0	0	0	0	0	0
Sci Rep	2022-10-01	9475042	81766	7694	0	8	0	0	0	0	0	0	0	0	0	0	0	0	1	0	9	0	0	0	0	0	0	0	0	0	0	0	0	0	0	0	0	0
Sci Rep	2022-10-01	9477842	8996	643	0	0	0	0	0	0	0	0	0	0	0	0	0	0	0	0	0	0	0	0	0	0	0	0	0	0	0	0	0	0	0	0	0	0
Sci Rep	2022-10-01	9477846	109668	9889	0	12	0	2	0	0	3	24	0	0	5	0	0	0	1	0	54	0	0	3	0	0	2	3	0	0	0	0	0	0	0	0	0	0
Sci Rep	2022-10-01	9477857	156421	8760	0	3	0	0	0	0	5	0	0	0	4	1	0	0	0	0	6	0	0	0	0	0	0	0	0	0	0	0	0	0	0	0	0	0
Sci Rep	2022-10-01	9477822	147614	12484	0	8	2	4	0	0	0	0	0	0	0	0	0	0	0	0	15	0	0	0	0	0	0	2	0	0	0	0	0	0	0	0	0	0
Sci Rep	2022-10-01	9477886	104530	8165	0	3	0	0	0	0	0	0	0	0	0	0	0	0	0	0	9	0	0	0	0	0	3	0	1	0	0	0	1	0	0	0	0	0
Sci Rep	2022-10-01	9474811	68701	6295	0	2	0	1	0	0	0	0	0	6	0	0	0	0	0	0	30	0	0	0	0	0	1	0	2	0	0	0	0	0	0	0	0	0
Sci Rep	2022-10-01	9477874	77800	7353	0	4	1	0	0	0	1	0	0	0	2	3	0	0	0	0	17	0	0	3	0	0	0	0	1	0	0	0	0	0	0	0	0	0
Sci Rep	2022-10-01	9478144	249169	9976	0	1	0	0	0	0	0	0	0	0	1	0	0	0	0	0	6	0	0	1	0	0	0	0	0	0	0	0	0	0	0	0	0	0
Sci Rep	2022-10-01	9478148	105705	9290	0	3	0	0	0	0	2	1	0	0	2	4	0	0	0	1	27	0	0	1	0	0	0	0	0	0	0	0	0	0	0	0	0	0
Sci Rep	2022-10-01	9474814	80198	7347	0	7	0	4	0	1	0	0	0	0	0	4	0	0	0	0	15	0	0	0	0	0	0	0	0	0	0	0	0	0	0	0	0	0
Sci Rep	2022-10-01	9477875	79793	7235	0	5	1	1	0	0	0	7	0	0	1	1	0	0	1	0	25	0	0	0	0	0	1	0	0	0	1	0	1	0	0	0	0	0
Sci Rep	2022-10-01	9478087	126062	12247	0	6	0	1	0	0	2	2	0	1	2	1	0	0	1	0	18	0	0	3	0	0	0	0	0	0	0	0	0	0	0	0	0	0
Sci Rep	2022-10-01	9474871	64392	6833	0	9	0	0	0	0	0	0	0	0	0	3	0	0	0	0	36	0	0	0	0	0	0	0	0	0	0	0	0	0	0	0	0	0
Sci Rep	2022-10-01	9477809	97461	7727	0	7	0	0	0	0	0	1	0	2	0	1	0	0	0	0	15	0	0	0	0	0	0	0	0	0	0	0	0	0	0	0	0	0
Sci Rep	2022-10-01	9474556	84020	8033	0	2	0	3	0	0	0	1	0	0	1	0	0	0	0	0	11	0	0	0	0	0	0	0	0	0	1	0	0	0	0	0	0	0
Sci Rep	2022-10-01	9492714	7572	617	0	0	0	0	0	0	0	0	0	0	0	0	0	0	0	0	0	0	0	0	0	0	0	0	0	0	0	0	0	0	0	0	0	0
Sci Rep	2022-10-01	9500054	69798	5991	0	6	0	0	0	0	0	0	0	0	3	1	0	0	1	0	14	0	0	0	0	0	0	0	0	0	0	0	0	0	0	0	0	0
Sci Rep	2022-10-01	9492733	96554	8903	0	17	1	2	0	0	0	1	0	0	2	3	0	0	2	0	25	0	0	0	0	0	0	0	0	0	0	0	0	0	0	0	0	0
Sci Rep	2022-10-01	9492719	165949	13186	0	12	0	1	0	0	0	0	0	0	1	3	0	0	0	0	27	0	0	1	0	0	0	0	0	0	0	0	0	0	0	0	0	0
Sci Rep	2022-10-01	9500069	124060	10537	0	37	0	1	0	0	2	2	0	0	2	2	0	0	0	0	36	0	0	5	0	0	0	2	0	0	0	0	0	1	0	0	0	0
Sci Rep	2022-10-01	9492700	80340	7487	0	4	0	0	0	0	0	0	0	0	0	0	0	0	0	0	1	0	0	0	0	0	0	0	0	0	0	0	0	0	0	0	0	0
Sci Rep	2022-10-01	9499949	107668	9034	0	19	0	0	0	0	2	0	0	0	2	2	0	0	1	0	45	0	0	6	0	1	0	1	0	0	1	0	0	0	1	0	0	0
Sci Rep	2022-10-01	9492901	113162	10105	0	7	0	3	0	0	0	0	0	1	0	0	0	0	0	0	23	0	0	1	0	0	0	0	0	0	0	0	0	0	0	0	0	0
Sci Rep	2022-10-01	9499961	96154	8967	0	7	0	4	0	0	2	4	0	0	1	2	0	0	0	0	19	0	0	1	0	0	0	0	0	0	0	0	0	0	0	0	0	0
Sci Rep	2022-10-01	9492730	146607	12792	0	7	0	9	0	0	2	3	0	1	0	11	0	0	2	0	123	0	0	1	0	0	0	0	0	0	0	0	0	2	0	0	0	0
Sci Rep	2022-10-01	9500003	96344	8616	0	4	0	0	0	0	3	4	0	0	0	2	0	0	0	0	37	0	0	2	0	0	0	0	0	0	0	0	0	0	0	0	0	0
Sci Rep	2022-10-01	9492770	97504	9536	0	7	0	0	0	0	0	2	0	0	0	1	0	0	1	0	27	0	0	3	0	0	1	0	0	0	0	0	0	0	0	0	0	0
Sci Rep	2022-10-01	9492762	56684	5670	0	1	1	2	0	0	1	1	0	0	0	0	0	0	0	0	51	0	0	2	0	0	1	0	0	0	0	0	0	1	0	0	0	1
Sci Rep	2022-10-01	9492725	62271	5935	0	10	0	0	0	0	1	0	0	0	0	1	0	0	0	0	10	0	0	1	0	0	0	0	0	0	0	0	0	0	0	0	0	0
Sci Rep	2022-10-01	9500060	127374	8904	0	6	1	0	0	0	0	0	0	0	0	0	0	0	0	0	13	0	0	0	0	0	0	0	0	0	0	0	0	0	0	0	0	0
Sci Rep	2022-10-01	9493162	94900	8793	0	4	0	2	0	0	1	1	0	0	2	1	2	0	4	0	38	0	0	0	0	0	0	0	0	0	0	0	0	0	0	0	0	0
Sci Rep	2022-10-01	9499926	57650	5690	0	0	1	0	0	0	1	0	0	3	0	0	0	0	1	0	11	0	0	0	0	0	1	0	1	0	0	0	0	0	0	0	0	0
Sci Rep	2022-10-01	9493155	91092	9105	0	8	1	0	0	0	0	2	0	0	4	2	0	0	0	0	23	0	0	0	0	0	0	0	0	0	0	0	0	0	0	0	0	0
Sci Rep	2022-10-01	9500025	59956	5134	0	1	2	0	0	0	1	0	0	0	0	4	0	0	0	0	12	0	0	0	0	0	0	0	0	0	0	0	0	0	0	0	0	0
Sci Rep	2022-10-01	9499974	76289	7679	0	10	0	0	0	0	0	1	0	0	0	3	0	0	0	0	30	0	0	1	0	0	0	0	0	0	0	0	0	0	0	0	0	0
Sci Rep	2022-10-01	9499925	150203	11067	0	7	0	0	0	0	0	1	0	0	0	1	0	0	1	0	58	0	0	0	0	0	0	4	0	0	0	0	0	0	0	0	0	0
Sci Rep	2022-10-01	9500066	98145	8659	0	2	0	0	0	6	1	6	0	0	0	1	0	0	0	0	10	0	0	0	0	0	1	0	0	0	0	0	0	1	0	1	0	0
Sci Rep	2022-10-01	9492691	178046	10785	0	0	0	0	0	0	0	0	0	0	0	0	0	0	0	0	1	0	0	0	0	0	0	0	0	0	0	0	1	0	0	0	0	0
Sci Rep	2022-10-01	9500062	230934	9166	0	1	1	0	0	0	0	1	0	1	0	2	0	0	0	0	6	0	0	0	0	0	0	0	0	0	0	0	0	0	0	0	0	0
Sci Rep	2022-10-01	9492711	127796	9431	0	1	0	0	0	0	0	0	0	0	0	0	0	0	0	0	3	0	0	0	0	1	1	0	1	0	0	0	0	2	0	0	0	0
Sci Rep	2022-10-01	9526735	65706	6386	0	3	0	3	0	0	0	1	0	0	2	0	0	0	0	0	35	0	0	0	0	0	0	0	0	0	0	0	0	0	0	0	0	0
Sci Rep	2022-10-01	9526737	93263	8193	0	6	0	2	0	0	1	3	0	0	2	0	0	0	1	0	15	0	0	0	0	0	0	0	0	0	0	0	3	0	0	0	0	0
Sci Rep	2022-10-01	9525600	80391	7860	0	13	0	0	0	0	0	3	0	0	0	2	0	0	0	0	12	0	0	0	0	0	0	0	0	0	0	0	0	0	0	0	0	0
Sci Rep	2022-10-01	9526202	73477	7278	0	7	0	1	0	0	0	0	0	0	3	1	0	0	0	0	21	0	0	0	0	0	0	0	0	0	0	0	0	0	0	0	0	1
Sci Rep	2022-10-01	9525572	67706	6118	0	2	0	4	0	0	0	1	0	0	0	0	0	0	0	0	34	0	0	0	0	0	0	22	0	0	0	0	0	0	0	0	0	0
Sci Rep	2022-10-01	9525675	45908	4131	0	5	0	0	0	0	0	0	0	0	0	1	0	0	2	0	10	0	0	0	0	0	0	0	0	0	0	0	0	0	0	0	0	0
Sci Rep	2022-10-01	9526214	96398	8401	0	7	0	1	0	0	2	0	0	0	4	0	0	1	0	0	29	0	0	0	0	0	0	0	0	0	0	0	0	0	0	0	0	0
Sci Rep	2022-10-01	9526715	56811	5819	0	7	0	1	0	0	0	0	0	0	2	0	0	0	1	0	28	0	0	0	0	0	0	0	0	0	0	0	3	0	0	0	0	0
Sci Rep	2022-10-01	9525674	87040	8655	0	9	0	0	0	0	2	2	0	1	0	21	0	0	1	0	14	1	0	0	0	0	0	0	0	0	0	0	0	0	0	0	0	0
Sci Rep	2022-10-01	9525704	165437	11697	0	0	1	0	0	0	0	2	0	0	3	2	0	0	1	0	27	0	0	2	0	0	0	0	0	0	0	0	0	0	0	0	0	0
Sci Rep	2022-10-01	9525712	69690	6305	0	2	0	3	0	0	0	0	0	0	1	3	0	0	0	0	34	0	0	0	0	0	0	0	1	0	0	0	0	0	0	0	0	0
Sci Rep	2022-10-01	9526750	92147	8316	0	2	0	1	0	0	0	2	0	27	2	0	0	0	0	0	14	0	0	1	0	0	0	0	0	0	0	0	0	0	0	0	0	0
Sci Rep	2022-10-01	9526709	49959	4742	0	5	0	7	0	0	2	0	0	0	1	2	0	0	0	0	25	0	0	0	0	0	0	0	0	0	0	0	0	0	1	0	0	0
Sci Rep	2022-10-01	9526714	108141	8860	0	4	0	0	0	0	0	2	0	0	1	2	0	0	0	0	15	0	0	0	0	0	0	2	0	0	0	0	0	0	0	0	0	0
Sci Rep	2022-10-01	9525609	127686	11864	0	6	1	1	0	0	2	0	0	1	2	0	0	0	0	0	14	0	0	1	0	0	0	0	0	0	0	0	0	0	0	1	0	0
Sci Rep	2022-10-01	9525603	139559	14414	0	1	0	8	0	0	0	2	0	0	2	0	0	0	1	0	32	0	0	0	0	0	0	0	0	0	0	0	0	0	0	0	0	0
Sci Rep	2022-10-01	9526752	62932	5405	0	7	0	0	0	0	0	0	0	0	0	0	0	0	0	0	4	0	0	0	0	0	0	1	0	0	0	0	0	0	0	0	0	0
Sci Rep	2022-10-01	9525267	159569	13976	0	30	0	1	0	0	0	0	0	0	14	0	0	1	1	0	33	0	0	0	0	0	1	0	0	0	0	0	0	0	0	0	0	0
Sci Rep	2022-10-01	9525256	136855	13023	0	14	1	2	0	0	1	0	0	0	1	2	0	0	0	0	65	0	0	4	0	0	0	0	0	0	0	0	0	0	0	0	0	0
Sci Rep	2022-10-01	9525277	104134	9212	0	4	0	0	0	0	1	0	0	1	2	0	0	0	0	0	8	0	0	1	0	0	2	0	3	0	0	0	0	0	0	0	0	0
Sci Rep	2022-10-01	9526719	118688	9733	0	1	0	0	0	0	1	0	0	0	0	0	0	0	0	0	8	0	0	0	0	0	0	0	0	0	0	0	0	0	0	0	0	0
Sci Rep	2022-10-01	9525252	72150	6385	0	7	0	0	0	0	0	2	0	0	0	0	0	0	0	0	22	0	0	0	0	0	0	0	0	0	0	0	0	0	0	0	0	0
Sci Rep	2022-10-01	9526724	84016	7402	0	7	0	1	0	0	2	1	0	0	3	1	0	0	0	0	40	0	0	0	0	0	0	0	0	0	0	0	1	0	0	0	0	0
Sci Rep	2022-10-01	9525266	76547	7853	0	1	1	0	0	0	0	0	0	0	8	1	0	0	0	0	4	0	0	0	0	0	0	0	0	0	0	0	0	0	0	0	0	0
Sci Rep	2022-10-01	9525680	131436	12184	0	8	0	1	0	0	0	8	0	0	0	1	0	0	0	0	50	0	0	2	0	0	1	0	0	0	0	0	0	0	0	0	0	0
