journal	date	pmc_id	Nchars	Nwords	delve	analyse	acknowledge	assess	appraise	dissect	explore	examine	extricate	expose	estimate	investigate	inquire	inspect	interpret	scrutinise	study	unearth	uncover	understand	ponder	research	reason	retrieve	avoid	discount	disregard	dismiss	ignore	neglect	overlook	omit	skip	reject
Sci Adv	2023-04-01	9812384	185263	15436	0	9	0	8	0	5	0	4	0	2	2	10	0	0	0	0	19	0	0	0	0	0	1	0	0	0	0	0	0	0	0	0	0	0
Sci Adv	2023-04-01	9821868	271289	14634	0	15	0	7	0	0	0	5	0	0	0	3	0	0	1	0	21	0	0	2	0	0	0	0	0	0	0	0	0	0	0	0	0	0
Sci Adv	2023-04-01	9812373	225259	12344	0	12	2	2	0	0	1	0	0	0	1	1	0	0	0	0	28	0	0	0	0	0	0	0	0	0	0	0	0	0	0	0	0	0
Sci Adv	2023-04-01	9821865	148376	11250	0	15	0	0	0	0	2	1	0	0	0	0	0	0	1	0	5	0	0	0	0	0	0	0	0	0	0	0	0	0	0	0	0	0
Sci Adv	2023-04-01	9821859	132650	9670	0	5	2	0	0	0	2	5	0	1	1	2	0	0	0	0	17	0	0	0	0	0	0	0	0	0	0	0	0	0	0	0	0	0
Sci Adv	2023-04-01	9821938	156281	10799	0	5	3	0	0	0	0	0	0	0	4	1	0	0	5	0	4	0	0	1	0	0	0	0	1	0	0	0	0	0	0	0	0	0
Sci Adv	2023-04-01	9821867	217240	15600	0	22	0	1	0	0	1	9	0	0	6	1	0	0	1	0	13	0	0	0	0	0	1	0	0	0	0	0	0	0	0	0	0	0
Sci Adv	2023-04-01	9812395	94279	6327	0	0	1	0	0	0	0	0	0	0	2	0	0	0	0	0	1	0	0	0	0	0	0	0	0	0	0	0	0	0	0	0	0	0
Sci Adv	2023-04-01	9812380	137185	9996	0	2	0	0	0	0	3	0	0	0	0	1	0	1	0	0	6	0	1	1	0	0	0	0	0	0	0	0	0	0	0	0	0	0
Sci Adv	2023-04-01	9812374	160358	11788	0	4	0	1	0	0	3	5	0	0	1	5	0	0	0	0	10	0	0	1	0	0	0	0	0	0	0	0	0	0	0	0	0	0
Sci Adv	2023-04-01	9812390	187485	9272	0	2	0	0	0	0	2	0	0	0	0	0	0	0	0	0	5	0	0	0	0	0	0	0	0	0	0	0	0	1	0	1	2	0
Sci Adv	2023-04-01	9812392	126811	10005	0	7	0	4	0	0	3	0	0	2	0	1	0	0	0	0	11	0	1	1	0	0	0	0	0	0	0	0	0	0	0	1	0	0
Sci Adv	2023-04-01	9812393	248166	17222	0	17	0	1	0	0	2	3	0	0	0	6	0	0	0	0	14	0	0	4	0	0	0	0	0	0	0	0	0	0	0	0	0	0
Sci Adv	2023-04-01	9812389	212399	15374	0	11	0	1	0	0	5	2	0	1	1	4	0	0	0	0	37	0	0	0	0	0	0	0	0	0	0	0	0	0	0	0	0	0
Sci Adv	2023-04-01	9821940	124184	6514	0	2	2	0	0	0	0	0	0	0	2	0	0	0	0	0	3	0	0	0	0	0	0	0	0	0	0	0	0	2	0	0	0	0
Sci Adv	2023-04-01	9821876	226821	18816	0	15	0	11	0	0	1	0	0	4	0	0	0	0	0	0	33	0	0	1	0	1	0	0	0	0	0	0	0	0	0	0	0	0
Sci Adv	2023-04-01	9821931	87375	5307	0	3	0	0	0	0	0	1	0	0	41	1	0	0	0	0	8	0	0	1	0	0	0	0	1	0	0	0	0	0	0	0	0	0
Sci Adv	2023-04-01	9812379	171017	13246	0	5	0	0	0	0	4	1	0	0	5	2	0	0	0	0	15	0	0	2	0	0	2	0	0	0	0	0	0	0	0	0	0	2
Sci Adv	2023-04-01	9821848	131220	8058	0	2	0	0	0	0	4	0	0	0	3	1	0	0	0	0	9	0	0	0	0	0	0	0	0	0	0	0	4	0	0	0	0	0
Sci Adv	2023-04-01	9821864	286434	13571	0	0	0	0	0	0	0	0	0	0	1	0	0	0	0	0	7	0	0	1	0	0	1	0	0	0	0	0	0	0	0	0	0	0
Sci Adv	2023-04-01	9821854	144438	9937	0	1	5	0	0	0	0	6	0	0	1	3	0	0	0	0	4	0	0	0	0	0	0	0	0	0	0	0	0	0	0	0	0	0
Sci Adv	2023-04-01	9812371	117479	9184	0	4	3	0	0	0	0	0	0	0	3	2	0	0	0	0	4	0	0	13	0	0	0	0	0	0	0	0	0	0	0	0	0	0
Sci Adv	2023-04-01	9812397	167031	13093	0	53	0	0	0	1	0	2	0	0	1	0	0	0	8	0	15	0	1	0	0	0	0	0	0	0	0	0	3	0	0	0	0	0
Sci Adv	2023-04-01	9812385	212437	13907	0	8	0	5	0	1	0	2	0	0	4	3	0	1	0	0	25	0	2	3	0	0	0	0	0	0	0	0	0	0	0	0	0	0
Sci Adv	2023-04-01	9821858	133387	11842	0	8	0	0	0	0	5	2	0	4	1	12	0	0	1	0	27	0	0	3	0	0	0	0	0	0	0	0	0	0	0	0	0	0
Sci Adv	2023-04-01	9833658	173671	13148	0	17	1	2	0	0	0	2	0	0	8	1	0	0	0	1	24	0	0	4	0	0	0	0	0	0	1	0	0	0	1	0	0	0
Sci Adv	2023-04-01	9839329	196252	15441	0	15	0	2	0	2	4	1	0	0	2	4	0	2	1	0	12	0	0	0	0	0	5	0	0	0	0	0	0	0	0	0	0	0
Sci Adv	2023-04-01	9833671	212774	16559	0	45	0	3	0	1	0	2	0	9	0	1	0	0	0	0	32	0	0	0	0	0	0	0	0	0	0	0	0	0	0	0	0	0
Sci Adv	2023-04-01	9839328	89189	6411	0	0	1	0	0	0	6	0	0	0	0	0	0	0	0	0	4	0	0	0	0	0	0	0	0	0	0	0	0	0	0	0	0	0
Sci Adv	2023-04-01	9833662	232386	17998	0	9	1	1	0	3	2	2	0	9	1	1	0	0	0	0	13	0	1	2	0	0	0	0	0	0	0	0	0	0	0	0	0	0
Sci Adv	2023-04-01	9839335	200773	13954	0	3	0	3	0	0	2	0	0	0	14	5	0	1	0	0	13	0	0	5	0	0	1	0	0	0	0	0	0	0	0	0	0	0
Sci Adv	2023-04-01	9839334	217451	14817	0	21	0	4	0	1	1	1	0	0	0	1	0	0	0	0	25	0	0	1	0	0	0	1	0	0	0	0	0	1	0	0	0	0
Sci Adv	2023-04-01	9833661	161117	12139	0	6	0	1	0	1	2	2	0	1	0	0	0	0	0	0	10	0	0	2	0	0	1	1	0	0	0	0	0	0	0	0	0	0
Sci Adv	2023-04-01	9839319	134563	9019	0	0	0	0	0	0	3	0	0	0	0	0	0	0	0	0	13	0	0	2	0	0	0	0	0	0	0	0	0	0	0	0	0	0
Sci Adv	2023-04-01	9833655	143323	9226	0	8	0	0	0	1	0	0	0	0	0	2	0	0	0	0	8	0	0	2	0	0	0	0	0	0	0	0	0	0	0	0	0	0
Sci Adv	2023-04-01	11706249	124140	8470	0	4	0	0	0	0	0	0	0	0	4	2	0	0	0	0	4	0	0	2	0	0	0	0	1	0	0	0	0	0	0	0	0	0
Sci Adv	2023-04-01	9833664	223203	17740	0	8	0	0	0	0	0	8	0	3	0	6	0	0	0	0	10	0	0	1	0	0	0	0	0	0	0	0	0	0	0	0	0	0
Sci Adv	2023-04-01	9833675	145378	13350	0	25	0	0	0	0	0	0	0	0	0	2	0	0	0	0	16	0	0	0	0	0	0	0	0	0	0	0	0	0	0	0	0	0
Sci Adv	2023-04-01	9833654	166923	11384	0	6	4	1	0	0	2	1	0	0	0	5	0	0	0	0	11	0	0	1	0	0	0	0	0	0	0	0	0	0	0	0	0	0
Sci Adv	2023-04-01	9833669	145499	10787	0	16	0	1	0	0	1	1	0	1	0	2	0	0	0	0	6	0	0	1	0	0	0	0	0	0	0	0	0	0	0	0	0	0
Sci Adv	2023-04-01	9833663	177822	11316	0	10	7	4	0	0	0	0	0	0	68	0	0	0	0	0	0	0	0	5	0	0	0	0	0	0	0	0	0	0	0	0	0	2
Sci Adv	2023-04-01	9833667	194291	14582	0	35	0	2	0	0	4	0	0	0	0	1	0	0	1	0	2	0	0	0	0	0	1	0	0	0	0	0	0	0	0	0	0	0
Sci Adv	2023-04-01	10957100	142897	8481	0	15	0	4	0	0	2	10	0	0	0	1	0	0	0	0	20	0	0	3	0	0	0	0	0	0	0	0	0	0	1	0	0	0
Sci Adv	2023-04-01	9833652	111491	8440	0	0	0	0	0	0	3	0	0	0	0	5	0	0	0	0	11	0	0	0	0	0	0	0	0	0	0	0	0	0	0	0	0	0
Sci Adv	2023-04-01	9839320	131608	10067	0	1	0	0	0	0	0	1	0	0	4	0	0	0	0	0	6	0	0	2	0	0	0	0	1	0	0	0	0	0	0	0	0	0
Sci Adv	2023-04-01	9833653	97327	7046	0	2	1	3	0	0	0	2	0	3	0	0	0	0	0	0	0	0	0	1	0	0	0	0	0	0	0	0	0	0	0	0	0	0
Sci Adv	2023-04-01	9833677	138391	11204	0	19	0	5	0	0	0	5	0	0	9	3	0	0	0	0	22	0	2	0	0	0	0	1	1	0	0	0	0	0	0	0	0	0
Sci Adv	2023-04-01	9833665	206971	18821	0	12	0	8	0	3	3	1	0	4	0	5	0	3	2	0	7	0	0	0	0	0	0	0	1	0	0	0	0	0	0	1	0	1
Sci Adv	2023-04-01	9833674	168814	11243	0	1	3	2	0	0	2	1	0	0	0	3	0	0	0	0	5	0	0	2	0	0	0	0	2	0	0	0	0	0	0	0	0	0
Sci Adv	2023-04-01	9833656	132811	10879	0	2	2	0	0	2	0	0	0	0	1	8	0	0	0	0	20	0	0	1	0	0	0	0	0	0	0	0	0	0	0	0	0	0
Sci Adv	2023-04-01	9858498	117229	8815	0	3	0	1	0	0	0	1	0	1	1	0	0	1	0	0	13	0	0	2	0	0	1	0	0	0	0	0	0	0	0	0	0	0
Sci Adv	2023-04-01	9858501	181795	13932	0	8	0	5	0	0	3	6	0	0	4	1	0	0	1	0	15	0	0	4	0	0	1	0	0	0	0	0	0	0	0	0	0	0
Sci Adv	2023-04-01	9848275	129666	8724	0	1	0	1	0	0	3	0	0	0	1	1	0	0	0	0	3	0	0	3	0	0	0	0	1	0	0	0	0	0	1	0	0	0
Sci Adv	2023-04-01	9848424	100243	10852	0	2	0	0	0	0	3	7	0	0	3	2	0	0	0	0	99	0	0	1	0	0	2	0	1	0	0	0	0	0	0	0	1	0
Sci Adv	2023-04-01	9848478	234044	18022	0	18	0	0	0	4	3	1	0	0	0	3	0	0	0	0	12	0	1	0	0	0	1	0	0	0	0	0	0	0	0	0	0	1
Sci Adv	2023-04-01	9858493	140612	11633	0	2	0	4	0	1	0	1	0	10	2	0	0	0	0	0	13	0	0	8	0	0	0	0	0	0	0	0	0	0	0	0	0	0
Sci Adv	2023-04-01	9858585	202762	16792	0	8	4	2	0	0	0	3	0	15	8	2	0	0	0	0	7	0	0	1	0	0	1	0	0	0	0	0	1	0	1	0	0	0
Sci Adv	2023-04-01	9848639	148373	11044	0	2	1	1	0	0	0	0	0	0	4	0	0	0	0	0	13	0	0	3	0	0	2	0	0	0	0	0	1	0	0	1	0	0
Sci Adv	2023-04-01	9848476	146785	10948	0	11	0	5	0	0	3	6	0	19	0	2	0	0	0	0	9	0	0	1	0	0	0	0	0	0	0	0	0	0	0	0	0	0
Sci Adv	2023-04-01	9858514	148494	13168	0	2	0	5	0	0	0	24	0	1	9	0	0	0	0	0	16	0	0	1	0	0	1	0	0	0	0	0	0	0	0	0	0	0
Sci Adv	2023-04-01	9848273	239154	18010	0	4	0	1	0	0	15	0	0	0	12	3	0	0	4	0	24	0	0	0	0	0	1	1	1	0	0	0	0	0	0	0	0	0
Sci Adv	2023-04-01	9858505	267790	13960	0	5	0	0	0	0	4	2	0	0	0	5	0	0	0	0	18	0	0	3	0	0	0	1	0	0	0	0	0	0	0	0	0	0
Sci Adv	2023-04-01	9858504	118532	8750	0	7	0	0	0	0	1	0	0	1	5	2	0	0	0	0	6	0	1	3	0	0	1	0	0	0	0	0	0	0	0	1	0	0
Sci Adv	2023-04-01	9848640	156610	9994	0	12	0	1	0	0	0	0	0	0	5	1	0	0	0	0	12	1	0	2	0	0	0	1	0	0	0	0	0	0	1	0	0	0
Sci Adv	2023-04-01	9858492	194467	15223	0	5	1	3	0	0	4	1	0	0	1	0	0	0	1	0	17	0	0	4	0	0	0	0	1	0	0	0	0	0	0	0	0	0
Sci Adv	2023-04-01	9848426	113527	9311	0	6	0	0	0	0	0	0	0	0	4	0	0	0	3	0	6	0	0	2	0	0	1	0	0	0	0	0	0	0	0	0	0	0
Sci Adv	2023-04-01	9858512	202642	13934	0	8	0	0	0	0	0	1	0	0	0	4	0	0	0	0	27	0	0	0	0	0	0	0	0	0	0	0	0	0	0	0	0	0
Sci Adv	2023-04-01	9848278	184732	12149	0	4	1	1	0	0	0	0	0	0	24	0	0	0	0	0	9	0	0	2	0	0	0	1	0	0	0	0	1	0	0	0	0	0
Sci Adv	2023-04-01	9848472	97618	7366	0	1	0	0	0	0	4	1	0	1	0	0	0	0	0	0	3	0	0	1	0	0	0	0	0	0	0	0	0	0	0	0	0	0
Sci Adv	2023-04-01	10957099	119462	8194	0	6	0	0	0	1	0	1	0	0	0	2	0	0	0	0	8	0	0	1	0	0	0	0	0	0	0	0	0	0	0	0	0	0
Sci Adv	2023-04-01	9858502	113793	8782	0	8	0	2	0	1	0	1	0	0	0	0	0	0	0	0	2	0	0	0	0	0	0	0	0	0	0	0	0	1	0	0	2	0
Sci Adv	2023-04-01	9848427	228756	11500	0	1	1	0	0	0	3	0	0	0	3	1	0	0	0	0	24	0	0	1	0	0	1	0	0	0	0	0	1	0	0	0	0	0
Sci Adv	2023-04-01	9858510	137377	10756	0	8	0	2	0	0	0	0	0	1	2	0	0	0	0	0	28	0	0	0	0	0	0	0	0	0	0	0	0	0	0	0	0	0
Sci Adv	2023-04-01	9858517	129509	10257	0	10	0	0	0	0	1	1	0	0	0	1	0	0	0	0	1	0	2	2	0	0	1	0	0	0	0	0	0	0	0	0	0	0
Sci Adv	2023-04-01	9858519	150423	12578	0	13	0	1	0	0	0	16	0	0	0	3	0	0	0	0	10	0	0	0	0	1	0	0	0	0	0	0	0	0	0	0	0	0
Sci Adv	2023-04-01	9891684	29195	1985	0	1	0	1	0	0	0	0	0	0	0	0	0	0	0	0	5	0	0	0	0	0	0	0	0	0	0	0	0	0	0	0	0	0
Sci Adv	2023-04-01	9891703	266604	17722	0	15	0	7	0	0	0	9	0	0	40	1	0	1	0	0	23	0	0	1	0	0	0	1	1	0	0	0	1	1	0	0	0	0
Sci Adv	2023-04-01	9882972	164253	14470	0	13	0	2	0	0	3	4	0	2	3	5	0	0	0	0	24	0	1	1	0	0	0	0	0	0	2	0	0	0	1	0	0	0
Sci Adv	2023-04-01	9891699	144968	8290	0	1	0	0	0	0	2	0	0	1	3	2	0	0	0	0	3	0	0	1	0	0	0	0	0	0	0	0	0	0	0	0	0	0
Sci Adv	2023-04-01	9891690	143425	10268	0	3	0	1	0	2	0	4	0	3	0	6	0	0	0	0	14	0	0	1	0	0	0	0	0	0	0	0	0	0	0	0	0	0
Sci Adv	2023-04-01	9876549	139236	9130	0	8	0	0	0	0	0	0	0	0	0	0	0	0	2	0	13	0	1	1	0	0	0	0	0	0	0	0	0	1	0	0	0	0
Sci Adv	2023-04-01	9876548	181140	14123	0	10	0	1	0	1	4	3	0	2	1	5	0	0	0	0	10	0	1	0	0	0	0	0	0	0	0	0	0	0	0	0	0	0
Sci Adv	2023-04-01	9876556	162308	12181	0	1	0	7	0	1	1	1	0	21	1	6	0	0	0	0	26	0	0	5	0	0	0	0	0	0	0	0	0	0	0	0	0	0
Sci Adv	2023-04-01	9876546	205452	16429	0	29	0	6	0	1	3	3	0	0	6	7	0	0	0	0	64	0	0	1	0	0	3	0	0	0	0	0	0	0	0	0	0	0
Sci Adv	2023-04-01	9882982	144171	11272	0	6	0	1	0	0	0	1	0	0	0	3	0	0	0	0	12	0	0	0	0	0	0	0	0	0	0	0	0	0	0	0	0	0
Sci Adv	2023-04-01	9882983	149238	10695	0	0	2	0	0	0	0	2	0	0	3	1	0	0	0	0	11	0	0	1	0	0	0	0	0	0	0	0	0	0	0	0	0	0
Sci Adv	2023-04-01	9891695	223278	16650	0	5	0	7	0	1	2	2	0	0	0	0	0	0	0	0	14	0	0	0	0	0	0	0	0	0	0	0	0	0	0	0	0	0
Sci Adv	2023-04-01	9891686	104768	7700	0	2	0	0	0	0	0	2	0	0	2	1	0	0	0	0	0	0	0	0	0	0	0	0	0	0	0	0	0	0	0	0	0	0
Sci Adv	2023-04-01	9891689	132848	8123	0	1	0	0	0	0	1	1	0	1	0	1	0	0	0	0	1	0	0	0	0	0	0	0	0	0	0	0	0	0	0	0	0	0
Sci Adv	2023-04-01	9891696	186973	15242	0	6	1	0	0	0	3	0	0	0	0	2	0	0	0	0	24	0	0	4	0	0	0	0	0	0	0	0	0	0	0	0	0	0
Sci Adv	2023-04-01	9882977	105154	8285	0	2	0	1	0	3	0	2	0	0	0	1	0	0	0	0	10	0	1	0	0	0	0	0	0	0	0	0	0	0	0	0	0	0
Sci Adv	2023-04-01	9882979	136278	11202	0	11	0	0	0	0	2	2	0	0	0	0	0	0	0	0	19	0	0	1	0	0	2	0	0	0	0	0	0	0	0	0	0	0
Sci Adv	2023-04-01	9876554	193996	13660	0	8	0	0	0	0	7	6	0	1	0	2	0	0	0	0	18	0	0	0	0	0	0	0	1	0	0	0	0	0	0	0	0	0
Sci Adv	2023-04-01	9883050	154555	7766	0	1	1	0	0	0	2	0	0	0	0	0	0	0	0	0	0	0	0	0	0	0	0	1	1	0	0	0	0	0	0	0	0	0
Sci Adv	2023-04-01	9891701	203657	13573	0	3	0	1	0	0	3	4	0	1	0	1	0	0	0	0	13	0	0	0	0	0	0	2	0	0	0	0	0	0	0	0	0	0
Sci Adv	2023-04-01	9891687	84681	7187	0	0	0	0	0	0	1	0	0	2	1	0	0	0	3	0	19	0	0	0	0	0	0	0	0	0	0	0	0	0	1	0	0	1
Sci Adv	2023-04-01	9891702	212784	16167	0	25	0	9	0	0	4	1	0	0	24	12	0	0	3	0	13	0	4	3	0	0	0	0	0	0	0	0	0	0	0	2	0	0
Sci Adv	2023-04-01	9876540	182638	14981	0	15	0	0	0	0	1	0	0	0	6	0	0	0	0	0	32	0	0	0	0	0	1	0	0	0	0	0	0	0	0	0	0	0
Sci Adv	2023-04-01	9882973	174210	12680	0	2	0	0	0	0	0	1	0	0	1	2	0	0	0	0	9	0	0	0	0	0	0	0	0	0	0	0	0	0	0	0	0	0
Sci Adv	2023-04-01	9883051	181844	15820	0	5	0	11	0	4	1	10	0	8	1	1	0	0	0	0	21	0	0	2	0	0	0	0	1	0	0	0	0	0	0	0	0	0
Sci Adv	2023-04-01	9908021	119216	9500	0	5	0	0	0	0	0	1	0	12	0	2	0	0	0	0	14	0	0	0	0	0	0	0	0	0	0	0	0	0	0	0	0	0
Sci Adv	2023-04-01	9891697	121673	9442	0	2	2	2	0	0	0	1	0	1	3	2	0	0	8	0	5	0	0	1	0	0	0	0	0	0	0	0	0	0	0	0	0	0
Sci Adv	2023-04-01	9908026	159809	11862	0	2	0	2	0	0	1	0	0	2	0	0	0	0	0	0	5	0	0	0	0	0	1	0	1	0	0	0	0	0	0	0	0	0
Sci Adv	2023-04-01	9891694	203209	14535	0	3	0	1	0	0	0	1	0	0	2	2	0	0	5	0	14	0	0	2	0	0	0	1	1	0	0	0	0	0	0	0	0	0
Sci Adv	2023-04-01	9908019	150624	10691	0	0	2	0	0	0	2	0	0	1	4	0	0	0	0	0	7	0	0	1	0	0	0	0	0	0	0	0	0	0	0	0	0	0
Sci Adv	2023-04-01	9897665	199557	16450	0	6	0	1	0	0	1	0	0	1	1	3	0	0	1	0	10	0	1	0	0	0	1	0	0	0	0	0	0	0	0	0	0	0
Sci Adv	2023-04-01	9891705	155975	10315	0	3	0	3	0	0	2	0	0	0	0	0	0	0	0	0	13	0	0	1	0	0	0	0	0	0	0	0	0	0	0	0	0	0
Sci Adv	2023-04-01	9897670	173490	11072	0	9	0	6	0	0	0	2	0	0	1	1	0	0	0	0	21	0	2	0	0	0	0	0	0	0	0	0	0	0	0	1	0	0
Sci Adv	2023-04-01	9897668	200632	14478	0	9	1	0	0	0	0	0	0	0	5	0	0	0	2	0	10	0	1	1	0	0	0	0	0	0	0	0	0	0	0	1	1	0
Sci Adv	2023-04-01	9891691	190693	15266	0	9	0	1	0	0	3	9	0	3	1	7	0	0	0	0	9	0	0	2	0	0	0	0	0	0	0	0	0	0	0	0	0	0
Sci Adv	2023-04-01	9897659	131499	8073	0	7	0	0	0	0	0	0	0	0	0	1	0	0	0	0	4	0	0	1	0	0	0	0	0	0	0	0	0	0	0	0	0	0
Sci Adv	2023-04-01	9908025	208235	15642	0	12	0	3	0	0	2	2	0	4	0	3	0	0	0	0	34	0	0	0	0	0	1	0	0	0	0	0	0	0	0	0	0	0
Sci Adv	2023-04-01	9897671	170304	12068	0	8	0	0	0	0	6	4	0	0	0	2	0	0	0	0	19	0	0	1	0	0	0	0	0	0	0	0	0	0	0	0	0	0
Sci Adv	2023-04-01	9891688	125040	8571	0	0	0	0	0	0	0	0	0	1	3	3	0	0	2	0	4	0	0	1	0	0	0	0	0	0	1	0	2	1	0	0	0	0
Sci Adv	2023-04-01	9891692	122904	8640	0	2	0	0	0	0	5	4	0	0	1	1	0	0	0	0	6	0	0	0	0	0	0	0	0	0	0	0	0	0	0	0	0	0
Sci Adv	2023-04-01	9908029	235330	17124	0	13	0	3	0	2	0	1	0	15	0	3	0	0	0	0	20	0	4	1	0	0	0	0	0	0	0	0	0	0	0	0	0	0
Sci Adv	2023-04-01	9897662	118222	8992	0	0	0	0	0	0	1	0	0	0	2	0	0	0	0	0	7	0	0	0	0	0	1	0	2	0	0	0	0	0	0	0	0	0
Sci Adv	2023-04-01	9897672	224901	17826	0	9	0	7	0	4	2	9	0	0	1	2	0	0	0	0	11	0	0	0	0	0	0	0	1	0	0	0	0	0	0	0	2	0
Sci Adv	2023-04-01	9891704	148208	13595	0	8	2	1	0	1	0	2	0	1	13	2	0	0	3	1	36	0	6	3	0	0	1	3	0	0	1	0	0	0	0	0	0	0
Sci Adv	2023-04-01	9916990	199599	14850	0	0	2	1	0	0	2	0	0	2	5	0	0	0	0	0	14	0	0	7	0	0	1	0	1	0	0	0	0	0	1	3	0	0
Sci Adv	2023-04-01	9916983	120409	8214	0	1	1	0	0	0	1	0	0	2	1	1	0	0	1	0	6	0	0	1	0	0	0	0	0	0	0	0	0	0	0	0	0	0
Sci Adv	2023-04-01	9916982	116811	8666	0	4	1	0	0	0	0	1	0	1	1	3	0	0	0	0	3	0	0	2	0	0	0	0	0	0	0	0	0	0	0	0	0	0
Sci Adv	2023-04-01	9916987	141429	9114	0	5	4	0	0	0	0	1	0	1	0	1	0	0	0	0	5	0	1	3	0	0	0	0	0	0	0	0	0	1	0	0	0	0
Sci Adv	2023-04-01	9908024	172234	15449	0	20	0	3	0	0	2	2	0	1	0	4	0	0	0	0	26	0	0	0	0	0	1	0	0	0	0	0	0	0	0	0	0	0
Sci Adv	2023-04-01	9917021	378380	21821	0	0	0	0	0	0	3	1	0	4	1	1	0	0	0	0	10	0	0	3	0	0	1	0	4	0	0	0	0	0	0	0	0	0
Sci Adv	2023-04-01	9931217	188705	14649	0	15	0	4	0	2	8	9	0	0	0	3	0	0	0	0	28	0	2	3	0	0	0	0	0	0	0	0	0	0	0	0	0	0
Sci Adv	2023-04-01	9917012	162253	13073	0	2	0	4	0	0	1	0	0	4	0	5	0	0	0	0	19	0	0	0	0	0	0	0	1	0	0	0	0	0	0	0	0	0
Sci Adv	2023-04-01	9916992	202094	15311	0	17	0	4	0	0	0	2	0	0	0	1	1	0	0	0	9	0	2	0	0	0	0	2	0	0	0	0	0	0	0	2	0	0
Sci Adv	2023-04-01	9931204	119712	8354	0	2	0	0	0	0	0	0	0	0	0	0	0	0	0	0	0	0	0	0	0	0	0	0	0	0	0	0	0	0	0	0	0	0
Sci Adv	2023-04-01	9908023	168219	11366	0	1	0	0	0	0	0	1	0	0	2	1	0	0	1	0	0	0	0	0	0	0	1	0	0	0	0	0	0	0	1	1	0	0
Sci Adv	2023-04-01	9931216	211426	14300	0	6	0	3	0	0	0	17	0	1	12	14	0	0	0	0	35	0	2	5	0	0	0	0	1	0	0	0	0	0	0	0	0	0
Sci Adv	2023-04-01	9931220	198508	13407	0	3	2	0	0	0	1	1	0	0	1	3	0	1	0	0	16	0	0	2	0	0	0	0	0	0	0	0	0	0	0	0	0	0
Sci Adv	2023-04-01	11005854	2567	163	0	0	0	0	0	0	0	0	0	0	0	0	0	0	0	0	0	0	0	0	0	0	0	0	0	0	0	0	0	0	0	0	0	0
Sci Adv	2023-04-01	9908020	110701	8683	0	1	0	0	0	0	0	5	0	0	1	3	0	0	0	0	9	0	0	0	0	0	0	0	0	0	0	0	0	0	0	1	0	0
Sci Adv	2023-04-01	9931229	170210	11561	0	8	0	0	0	0	3	2	0	2	0	3	0	0	0	0	8	0	0	0	0	0	0	2	0	0	0	0	0	0	0	0	0	0
Sci Adv	2023-04-01	9931212	302598	15767	0	0	0	1	0	0	0	0	0	0	2	0	0	0	1	0	12	0	0	1	0	0	0	0	0	0	0	0	0	0	0	0	0	0
Sci Adv	2023-04-01	9916981	152443	13208	0	9	0	1	0	0	12	0	0	0	10	0	0	0	2	0	27	0	1	3	0	0	0	0	1	0	0	0	2	0	0	0	0	0
Sci Adv	2023-04-01	9916999	161989	11947	0	3	0	5	0	0	2	3	0	0	0	5	0	0	0	0	18	0	0	0	0	0	2	3	0	0	0	0	0	0	0	0	0	0
Sci Adv	2023-04-01	9931207	195123	13991	0	3	0	3	0	0	0	1	0	0	12	7	0	0	0	0	20	0	0	0	0	0	1	1	0	0	0	0	0	0	0	1	0	0
Sci Adv	2023-04-01	9908012	109392	6828	0	5	0	2	0	0	0	0	0	0	2	0	0	0	0	0	12	0	0	2	0	0	0	0	0	0	0	0	0	0	0	0	0	0
Sci Adv	2023-04-01	9931219	171278	10069	0	5	0	0	0	0	2	0	0	0	24	0	0	0	2	0	17	0	0	1	0	0	0	0	0	0	0	0	0	0	0	0	0	0
Sci Adv	2023-04-01	9908014	124618	10546	0	3	1	3	0	0	0	2	0	0	0	2	0	0	0	0	24	0	0	2	0	0	2	0	1	1	0	0	0	0	0	1	0	0
Sci Adv	2023-04-01	9908016	81727	7831	0	9	1	0	0	1	1	2	0	0	1	2	0	0	1	0	16	0	0	0	0	0	3	0	1	0	0	0	0	0	0	0	0	0
Sci Adv	2023-04-01	9946337	26805	1947	0	1	0	0	0	0	0	1	0	0	0	0	0	0	0	0	4	0	0	0	0	0	0	0	0	0	0	0	0	0	0	0	0	0
Sci Adv	2023-04-01	9946343	113003	7055	0	1	0	0	0	0	0	0	0	0	1	0	0	0	0	0	4	0	0	2	0	0	0	2	0	0	0	0	0	0	0	0	0	0
Sci Adv	2023-04-01	9946342	235586	11954	0	0	4	0	0	0	0	0	0	0	1	3	0	0	1	0	5	0	0	0	0	0	3	9	0	0	0	0	0	0	0	0	0	0
Sci Adv	2023-04-01	9946363	178850	14097	0	22	0	7	0	0	1	13	0	0	1	6	0	0	0	0	5	0	0	0	0	0	0	0	2	0	0	0	0	0	0	0	0	0
Sci Adv	2023-04-01	9946352	178626	12624	0	3	3	0	0	0	2	1	0	0	0	3	0	0	0	0	21	0	0	1	0	0	0	0	0	0	0	0	0	0	0	0	0	0
Sci Adv	2023-04-01	9937580	270113	21077	0	8	0	1	0	2	2	9	0	1	1	5	0	0	0	0	22	0	10	4	0	0	0	0	0	0	0	0	0	0	0	0	0	0
Sci Adv	2023-04-01	9946350	175833	13201	0	11	0	5	0	0	2	6	0	0	0	2	0	0	1	0	11	0	2	2	0	0	0	0	0	0	0	0	0	0	0	0	0	0
Sci Adv	2023-04-01	9946360	176023	13779	0	18	0	0	0	1	0	9	0	2	0	0	0	0	0	0	5	0	2	1	0	0	0	0	0	0	0	0	0	0	0	0	0	0
Sci Adv	2023-04-01	9937581	264432	20036	0	16	0	2	0	0	1	11	0	0	1	1	0	0	1	0	32	0	0	1	0	0	0	0	0	0	0	0	2	0	0	0	0	0
Sci Adv	2023-04-01	9946359	165351	11954	0	0	5	2	0	0	0	1	0	2	2	4	0	0	1	0	21	0	0	1	0	0	1	0	1	0	0	0	0	0	0	0	0	0
Sci Adv	2023-04-01	9937568	142206	9579	0	1	1	0	0	0	0	0	0	1	2	1	0	0	1	0	1	0	0	1	0	0	0	0	0	0	0	0	0	0	0	0	0	0
Sci Adv	2023-04-01	9937569	155879	13812	0	8	0	4	0	2	0	1	0	0	1	0	0	0	0	0	13	0	1	0	0	0	0	0	0	0	0	0	0	0	0	0	0	0
Sci Adv	2023-04-01	9937574	159906	11880	1	2	0	2	0	0	0	1	0	0	1	2	0	0	0	1	4	0	0	0	0	0	1	0	0	0	0	0	0	0	0	0	0	0
Sci Adv	2023-04-01	9946346	140636	8636	0	4	0	0	0	0	3	1	0	5	0	0	0	0	0	0	5	0	0	0	0	0	1	0	1	0	0	0	0	0	0	0	0	0
Sci Adv	2023-04-01	9946355	243908	19441	0	17	0	0	0	0	2	3	0	14	0	1	0	0	0	0	8	0	0	0	0	0	0	0	0	0	0	0	0	0	0	0	0	0
Sci Adv	2023-04-01	9937579	421507	19571	0	33	0	5	0	0	1	6	0	0	4	2	0	0	0	0	51	0	0	1	0	0	1	0	0	0	0	0	0	0	0	1	0	0
Sci Adv	2023-04-01	9937571	125603	8640	0	2	0	0	0	4	1	6	0	0	0	1	0	0	2	0	4	0	1	0	0	0	2	0	0	0	0	0	0	0	1	0	1	0
Sci Adv	2023-04-01	9946345	117840	9776	0	10	0	1	0	0	0	0	0	0	0	0	0	0	1	0	24	0	0	2	0	0	0	0	0	0	0	0	1	1	1	0	0	0
Sci Adv	2023-04-01	9946347	174236	11353	0	7	0	0	0	0	1	2	0	3	5	0	0	0	2	2	17	0	0	2	0	0	0	0	0	0	0	0	1	0	0	0	0	0
Sci Adv	2023-04-01	9937573	94614	6591	0	1	0	0	0	0	1	0	0	1	1	3	0	0	0	0	2	0	0	1	0	0	0	0	0	0	0	0	0	0	0	0	0	0
Sci Adv	2023-04-01	9937570	163305	9139	0	1	0	0	0	0	0	0	0	0	1	0	0	0	0	0	1	0	0	0	0	0	0	0	0	0	0	0	0	0	0	1	0	0
Sci Adv	2023-04-01	9937577	191031	13127	0	15	1	0	0	0	0	1	0	0	0	2	0	0	1	0	16	0	0	1	0	0	0	0	0	0	0	0	0	0	0	0	0	0
Sci Adv	2023-04-01	9946353	177575	13682	0	3	0	0	0	0	1	4	0	0	4	0	0	0	0	0	10	0	0	0	0	0	1	0	0	0	0	0	0	0	0	0	0	0
Sci Adv	2023-04-01	9946341	119097	8568	0	3	2	0	0	0	0	0	0	2	0	3	0	0	0	0	9	0	0	0	0	0	0	0	0	0	0	0	0	0	0	0	0	0
Sci Adv	2023-04-01	9946358	165838	12474	0	3	0	0	0	0	0	0	0	1	0	2	0	0	0	0	13	0	0	0	0	0	0	0	1	0	0	0	0	0	0	0	0	0
Sci Adv	2023-04-01	9977174	158036	11455	0	3	0	3	0	0	4	5	0	0	7	1	0	0	0	0	7	0	0	1	0	0	1	0	0	0	0	0	0	0	0	0	0	0
Sci Adv	2023-04-01	9977179	181850	13669	0	5	0	0	0	0	0	4	0	0	0	0	0	0	0	0	16	0	0	4	0	0	0	0	0	0	0	0	0	0	0	0	0	0
Sci Adv	2023-04-01	9956118	198860	11128	0	10	0	3	0	0	4	3	0	2	0	0	0	1	0	0	18	0	0	3	0	0	0	1	0	0	0	0	0	0	0	0	0	0
Sci Adv	2023-04-01	9956119	93652	6314	0	7	1	0	0	0	0	2	0	0	6	1	0	0	0	0	11	0	0	3	0	0	0	0	0	0	0	0	0	0	0	0	0	0
Sci Adv	2023-04-01	9956113	172202	13114	0	8	0	5	0	1	3	3	0	0	0	4	0	0	0	0	5	0	0	1	0	0	0	0	0	0	0	0	0	0	0	0	0	0
Sci Adv	2023-04-01	9956132	179858	12726	0	15	6	0	0	0	0	8	0	10	3	1	0	0	0	0	6	0	0	0	0	0	0	0	0	0	0	0	0	0	0	0	0	0
Sci Adv	2023-04-01	9956117	162665	9862	0	0	0	0	0	0	0	0	0	0	1	0	0	0	1	0	30	0	0	0	0	0	0	0	0	0	0	0	0	0	0	0	0	0
Sci Adv	2023-04-01	9977185	179563	14019	0	5	0	0	0	2	2	2	0	2	4	0	0	0	0	0	14	0	2	1	0	0	1	0	1	0	0	0	0	0	0	1	0	0
Sci Adv	2023-04-01	9956116	161544	13441	0	6	0	3	0	0	6	0	0	1	0	8	0	0	0	0	14	0	0	0	0	0	1	0	0	0	0	0	0	0	1	0	0	0
Sci Adv	2023-04-01	9956115	180100	13077	0	11	2	3	0	0	0	12	0	1	0	1	0	0	0	0	20	0	0	1	0	0	0	0	0	0	0	0	0	0	0	0	0	0
Sci Adv	2023-04-01	9977176	144613	11982	0	4	0	0	0	0	1	1	0	4	25	2	0	0	1	0	7	0	0	1	0	0	2	0	0	0	0	0	0	0	0	1	0	0
Sci Adv	2023-04-01	9956121	237187	18721	0	10	1	0	0	0	4	1	0	1	0	5	0	0	1	0	18	0	0	0	0	0	1	0	0	0	0	0	0	0	0	0	0	0
Sci Adv	2023-04-01	9956122	174337	14979	0	2	0	12	0	1	0	0	0	11	0	2	0	0	0	0	7	0	0	1	0	0	1	0	0	0	0	0	0	0	0	0	0	0
Sci Adv	2023-04-01	9977178	135289	11058	0	2	0	0	0	0	2	4	0	1	0	1	0	0	0	0	3	0	0	1	0	0	0	0	1	0	0	0	0	0	0	0	0	0
Sci Adv	2023-04-01	9977186	341002	24656	0	3	2	1	0	0	21	6	0	0	22	5	0	0	0	0	22	0	0	0	0	0	0	0	1	0	0	0	0	1	0	1	0	0
Sci Adv	2023-04-01	9977175	149150	13181	0	22	0	2	0	0	0	0	0	1	0	1	0	0	1	0	25	0	6	0	0	0	0	0	0	0	0	0	0	0	0	1	0	0
Sci Adv	2023-04-01	9956130	185117	14527	0	11	0	0	0	4	0	18	0	0	1	4	0	0	0	0	55	0	0	1	0	0	0	0	0	0	0	0	0	0	0	0	0	0
Sci Adv	2023-04-01	9977188	249635	16633	0	17	0	3	0	0	1	3	0	0	0	3	0	1	0	0	19	0	0	1	0	0	0	0	0	0	0	0	0	0	0	0	0	0
Sci Adv	2023-04-01	9977173	176685	13129	0	10	0	1	0	0	2	0	0	0	0	3	0	0	0	0	5	0	0	0	0	0	0	0	0	0	0	0	0	0	0	0	0	0
Sci Adv	2023-04-01	9977172	89013	7573	0	10	0	2	0	0	0	1	0	0	0	0	0	0	0	0	7	0	0	0	0	0	0	0	0	0	0	0	0	1	0	0	0	0
Sci Adv	2023-04-01	9977181	122302	10449	0	9	0	0	0	0	0	6	0	0	1	0	0	0	0	0	9	0	0	0	0	0	1	0	0	0	0	0	0	0	0	0	0	0
Sci Adv	2023-04-01	9956111	127330	7196	0	1	1	0	0	0	4	0	0	0	1	1	0	0	1	0	2	0	0	1	0	0	0	0	0	0	0	0	0	0	0	0	0	0
Sci Adv	2023-04-01	9956120	111428	7321	0	1	0	0	0	0	0	0	0	0	4	0	0	0	0	0	0	0	0	0	0	0	0	0	0	0	0	0	0	1	0	0	0	0
Sci Adv	2023-04-01	9977183	129683	9999	0	11	0	1	0	0	5	2	0	0	5	1	0	0	0	0	12	0	0	1	0	0	1	1	0	0	0	0	0	0	0	0	0	0
Sci Adv	2023-04-01	9977171	65860	5436	0	0	1	1	0	0	0	0	0	1	11	0	0	1	0	0	4	0	0	2	0	0	0	0	0	0	0	0	0	0	0	0	0	0
Sci Adv	2023-04-01	9995073	186176	12772	0	6	0	5	0	0	0	4	0	1	1	1	0	0	1	0	27	0	0	3	0	0	1	0	0	0	0	0	0	0	0	0	0	0
Sci Adv	2023-04-01	9984170	129328	12689	0	5	1	1	0	0	5	2	0	0	9	0	0	0	0	0	7	0	1	1	0	0	0	1	0	0	0	0	4	0	0	1	0	0
Sci Adv	2023-04-01	9995029	35700	2635	0	0	0	0	0	0	1	0	0	1	0	4	0	0	0	0	1	0	0	1	0	0	0	0	0	0	0	0	0	0	0	0	0	0
Sci Adv	2023-04-01	10954216	240621	15692	0	4	1	3	0	0	1	3	0	0	1	2	0	0	1	0	20	0	0	3	0	0	0	0	1	0	0	0	0	0	0	0	0	0
Sci Adv	2023-04-01	9995035	131736	10253	0	5	1	0	0	0	2	0	0	0	0	3	0	0	1	0	6	0	1	0	0	0	0	0	0	0	0	0	0	0	0	0	0	0
Sci Adv	2023-04-01	9984180	136774	10471	0	2	3	0	0	0	0	0	0	0	1	3	0	0	1	0	7	0	0	1	0	0	0	0	0	0	0	0	0	0	0	0	0	0
Sci Adv	2023-04-01	9995081	224675	14118	0	8	1	0	0	1	0	2	0	2	0	2	0	0	0	0	12	0	0	1	0	0	1	0	0	0	0	0	0	0	0	0	0	0
Sci Adv	2023-04-01	9995075	138033	10379	0	6	0	0	0	1	4	0	0	2	6	10	0	0	0	0	13	0	0	1	0	0	0	0	0	0	0	0	0	0	0	0	0	0
Sci Adv	2023-04-01	9995068	151873	13008	0	3	1	0	0	0	5	0	0	1	1	3	0	0	0	0	19	0	0	5	0	0	0	0	0	0	0	0	0	0	0	0	0	0
Sci Adv	2023-04-01	9984184	225021	17516	0	33	0	4	0	1	3	2	0	1	0	1	0	1	0	0	20	0	2	3	0	0	0	1	0	0	1	0	0	0	1	0	0	0
Sci Adv	2023-04-01	9995037	139042	9658	0	5	0	0	0	0	0	9	0	0	13	1	0	0	1	0	14	0	0	3	0	0	0	1	0	0	0	0	1	0	0	0	0	0
Sci Adv	2023-04-01	9984175	169782	12770	0	11	0	2	0	0	0	1	0	0	23	2	0	0	0	1	26	0	0	2	0	0	0	0	0	0	0	0	0	0	0	1	0	0
Sci Adv	2023-04-01	9995036	116307	9589	0	1	1	0	0	0	2	0	0	0	0	1	0	0	0	0	4	0	0	0	0	0	0	0	1	0	0	0	0	0	0	0	0	0
Sci Adv	2023-04-01	9984172	150270	13515	0	11	1	0	0	0	0	4	0	4	8	6	0	0	0	0	29	0	0	2	0	0	0	0	0	0	0	0	0	0	0	1	0	0
Sci Adv	2023-04-01	9995072	211872	19130	0	9	1	18	0	2	0	20	0	0	3	5	0	0	0	0	70	0	0	5	0	0	0	0	0	0	0	0	0	0	0	0	0	0
Sci Adv	2023-04-01	9995030	111382	7482	0	2	2	0	0	0	0	0	0	0	0	0	0	0	0	0	1	0	1	2	0	0	0	0	1	0	0	0	0	1	0	0	0	0
Sci Adv	2023-04-01	9995077	177356	13649	0	6	0	3	0	0	0	14	0	0	0	5	0	0	0	0	6	0	0	2	0	0	1	0	0	0	0	0	0	0	0	0	0	0
Sci Adv	2023-04-01	9984173	106156	9434	0	2	0	0	0	0	1	1	0	0	14	0	0	0	1	1	10	0	2	0	0	0	0	0	0	0	0	0	0	0	0	0	0	0
Sci Adv	2023-04-01	9995034	112502	8856	0	8	0	0	0	0	0	0	0	1	0	0	0	0	0	0	12	0	0	0	0	0	0	0	0	0	0	0	0	0	0	0	0	1
Sci Adv	2023-04-01	9984179	138335	9622	0	3	0	0	0	0	0	0	0	1	0	0	0	0	0	0	0	0	0	0	0	0	0	0	0	0	0	0	1	0	0	0	0	0
Sci Adv	2023-04-01	9995078	116572	9221	0	13	0	7	0	0	2	2	0	0	0	1	0	0	1	0	12	0	0	9	0	0	0	0	0	0	0	0	1	0	0	0	0	0
Sci Adv	2023-04-01	9995069	166369	12694	0	16	0	3	0	0	3	2	0	1	0	4	0	0	0	0	7	0	0	1	0	0	0	0	0	0	0	0	0	0	0	0	0	0
Sci Adv	2023-04-01	9984176	179280	13834	0	6	1	2	0	1	0	0	0	2	1	0	0	0	0	0	20	0	0	5	0	0	0	0	0	0	0	0	0	0	0	1	0	0
Sci Adv	2023-04-01	9984168	25489	2096	0	0	1	0	0	0	0	0	0	0	0	0	0	0	0	0	2	0	0	1	0	0	1	1	0	0	0	0	0	0	0	0	0	0
Sci Adv	2023-04-01	9995074	220918	16850	0	6	0	0	0	0	0	14	0	0	2	1	0	0	0	0	36	0	0	1	0	0	0	0	0	0	0	0	0	0	0	0	0	0
Sci Adv	2023-04-01	10005178	200655	19372	0	9	0	0	0	0	2	15	0	2	0	0	0	1	0	0	9	0	0	1	0	0	1	0	0	0	0	0	0	0	0	3	0	0
Sci Adv	2023-04-01	10022894	179743	12882	0	15	0	0	0	0	0	13	0	0	1	0	0	0	0	0	15	0	0	4	0	0	1	0	0	0	0	0	0	0	0	0	0	0
Sci Adv	2023-04-01	10005277	208567	15370	0	12	1	1	0	1	1	0	0	1	4	8	0	0	0	0	15	0	0	0	0	0	0	0	0	0	0	0	0	0	0	0	0	0
Sci Adv	2023-04-01	9995033	140681	12898	0	8	1	0	0	0	3	0	0	0	8	2	0	0	0	0	5	0	0	1	0	0	0	0	0	0	0	0	0	0	0	0	0	1
Sci Adv	2023-04-01	11006000	2546	159	0	0	0	0	0	0	0	0	0	0	0	0	0	0	0	0	0	0	0	0	0	0	0	0	0	0	0	0	0	0	0	0	0	0
Sci Adv	2023-04-01	10022906	160007	10348	0	7	0	2	0	1	3	1	0	0	0	2	0	0	3	0	23	0	0	2	0	0	1	0	0	0	0	0	0	0	0	1	0	0
Sci Adv	2023-04-01	10005186	141165	10614	0	8	1	1	0	0	2	1	0	0	1	0	0	0	0	0	6	0	0	3	0	0	0	0	0	0	0	0	0	0	0	0	0	0
Sci Adv	2023-04-01	10005179	300189	18221	0	11	0	4	0	2	1	1	0	1	0	1	0	0	0	0	34	0	0	1	0	0	0	1	0	0	0	0	0	0	0	0	0	0
Sci Adv	2023-04-01	10017048	125881	7603	0	0	0	0	0	0	0	0	0	0	2	4	0	0	0	0	4	0	0	2	0	2	0	1	0	0	0	0	0	0	0	0	0	0
Sci Adv	2023-04-01	10017039	132289	11223	0	1	0	1	0	0	1	0	0	0	0	4	0	0	0	0	1	0	0	0	0	0	1	0	0	0	0	0	1	0	0	0	0	0
Sci Adv	2023-04-01	10017052	150545	8094	0	6	0	0	0	0	1	0	0	2	1	5	0	0	0	0	9	0	0	3	0	0	0	2	0	0	0	0	0	0	0	0	0	0
Sci Adv	2023-04-01	10022893	123286	10035	0	4	0	7	0	0	3	4	0	5	0	4	0	0	1	0	7	0	0	0	0	0	0	0	1	0	0	0	0	0	0	0	0	0
Sci Adv	2023-04-01	10022901	332488	19111	0	15	1	2	0	0	0	5	0	0	19	5	0	0	0	0	26	1	0	1	0	0	0	0	0	0	0	0	0	0	0	0	0	1
Sci Adv	2023-04-01	10022896	185832	10044	0	1	0	0	0	0	0	0	0	0	1	1	0	0	0	0	16	0	0	6	0	0	0	0	0	0	0	0	0	0	0	0	0	0
Sci Adv	2023-04-01	10017038	91009	5360	0	0	0	0	0	0	2	0	0	0	0	0	0	0	0	0	2	0	0	0	0	0	0	0	0	0	0	0	0	0	0	0	0	0
Sci Adv	2023-04-01	9995031	133932	9196	0	2	0	2	0	0	1	1	0	0	0	1	0	0	0	0	28	0	0	0	0	0	0	0	0	0	0	0	0	0	0	0	0	0
Sci Adv	2023-04-01	9995080	151133	10802	0	0	0	0	0	0	0	1	0	1	1	4	0	0	0	0	11	0	0	0	0	0	0	1	2	0	0	0	0	0	0	0	0	0
Sci Adv	2023-04-01	10005168	161868	11467	0	1	8	0	0	0	3	0	0	0	8	2	0	0	0	0	8	0	0	1	0	0	0	0	0	0	0	0	0	0	0	0	0	0
Sci Adv	2023-04-01	10017050	342632	23912	0	22	1	4	0	0	3	0	0	13	7	1	0	1	8	0	25	0	0	0	0	0	2	0	0	0	0	0	0	0	0	0	0	1
Sci Adv	2023-04-01	10022905	218765	15050	0	5	2	0	0	0	1	0	0	0	35	2	0	0	0	0	18	0	0	2	0	0	0	0	0	0	0	0	0	0	0	0	0	0
Sci Adv	2023-04-01	10005167	109814	7296	0	1	0	0	0	0	2	0	0	0	2	1	0	0	0	0	3	0	0	3	0	1	0	0	0	0	0	0	0	0	0	0	0	0
Sci Adv	2023-04-01	10032604	188700	13093	0	14	0	2	0	0	0	0	0	0	3	1	0	0	0	0	12	0	1	2	0	0	1	0	0	0	0	0	0	0	0	0	0	0
Sci Adv	2023-04-01	10032598	140242	11978	0	3	2	2	0	0	1	0	0	3	1	0	0	0	0	0	7	0	0	2	0	0	0	0	0	0	0	0	0	0	0	0	0	0
Sci Adv	2023-04-01	10032590	65089	5358	0	1	0	0	0	0	0	0	0	0	0	0	0	0	0	0	5	0	0	0	0	0	1	0	0	0	0	0	0	0	0	0	0	0
Sci Adv	2023-04-01	10032596	113088	6391	0	0	1	0	0	0	3	0	0	0	0	1	0	0	0	0	2	0	0	0	0	0	0	0	0	0	0	0	0	0	0	0	0	0
Sci Adv	2023-04-01	10032595	137093	10813	0	11	0	2	0	0	0	0	0	0	0	3	0	0	0	0	6	0	0	2	0	0	0	0	0	0	0	0	0	0	0	0	0	0
Sci Adv	2023-04-01	10017034	119862	8057	0	0	1	0	0	0	3	1	0	0	0	1	0	0	0	0	1	0	0	0	0	0	0	0	1	0	0	0	0	0	0	0	0	0
Sci Adv	2023-04-01	7614626	185031	15181	0	4	0	0	0	0	1	1	0	0	0	3	0	0	0	0	16	0	0	1	0	0	0	0	0	0	0	0	0	1	0	0	0	0
Sci Adv	2023-04-01	10017046	147443	10276	0	3	0	0	0	0	0	0	0	0	0	0	0	0	0	0	10	0	0	6	0	0	0	0	0	0	0	0	0	0	0	0	0	0
Sci Adv	2023-04-01	10017036	138024	9419	0	1	3	0	0	0	3	0	0	0	3	1	0	0	0	0	11	0	1	1	0	0	0	0	0	0	0	0	0	0	0	0	0	0
Sci Adv	2023-04-01	10032593	80908	6426	0	1	1	0	0	0	0	3	0	0	2	3	0	0	0	0	5	0	0	2	0	0	0	0	0	0	0	0	0	0	0	0	0	0
Sci Adv	2023-04-01	10017040	183848	13841	0	1	0	4	0	0	0	0	0	2	4	6	0	0	1	0	33	0	0	7	0	0	1	0	0	0	0	0	0	0	0	0	0	0
Sci Adv	2023-04-01	10032594	122522	9165	0	13	0	1	0	0	3	0	0	0	8	6	0	0	2	0	12	0	1	2	0	0	0	6	0	0	0	0	0	0	0	0	0	0
Sci Adv	2023-04-01	10032605	121882	8268	0	0	2	0	0	0	1	0	0	0	0	1	0	0	0	0	7	0	0	0	0	0	0	1	0	0	0	0	0	2	0	0	0	0
Sci Adv	2023-04-01	10032600	165388	12020	0	2	5	7	0	0	3	1	0	2	1	1	0	0	0	0	13	0	0	2	0	0	0	0	0	0	0	0	0	0	0	0	0	0
Sci Adv	2023-04-01	10017037	150073	11065	0	1	2	0	0	0	1	1	0	0	2	1	0	0	0	0	7	0	0	3	0	0	1	0	0	0	0	0	0	0	0	0	0	0
Sci Adv	2023-04-01	10017035	134108	9817	0	4	0	0	0	0	1	1	0	1	1	2	0	0	0	0	3	0	0	0	0	0	0	0	0	0	0	0	0	0	0	0	0	0
Sci Adv	2023-04-01	10017032	158851	9791	0	2	0	1	0	0	0	0	0	0	29	0	0	0	0	0	0	0	0	2	0	0	0	0	0	0	0	0	0	0	0	0	0	0
Sci Adv	2023-04-01	10032607	209869	14891	0	17	2	10	0	0	0	2	0	0	24	5	0	0	0	0	17	0	0	3	0	0	1	0	0	0	0	0	0	0	0	0	0	0
Sci Adv	2023-04-01	10032601	168745	14849	0	9	0	1	0	2	0	5	0	5	0	1	0	0	0	0	16	0	0	0	0	0	0	0	0	0	0	0	0	0	0	0	0	0
Sci Adv	2023-04-01	10032608	255174	20215	0	14	0	2	0	7	1	0	0	2	1	3	0	0	0	0	5	0	0	1	0	0	0	0	1	0	0	0	0	0	1	1	0	0
Sci Adv	2023-04-01	10032592	110604	10006	0	6	0	0	0	0	0	0	0	2	1	0	0	0	0	0	5	0	0	0	0	0	0	0	0	0	0	0	0	0	0	0	0	0
Sci Adv	2023-04-01	10017047	218729	14623	0	9	0	3	0	0	6	0	0	0	1	2	0	0	0	0	10	0	0	1	0	0	1	2	0	0	0	0	0	0	0	0	0	0
Sci Adv	2023-04-01	10017045	125233	8386	0	0	1	0	0	0	0	1	0	0	1	2	0	0	0	0	1	0	0	1	0	0	0	0	0	0	0	0	0	0	0	0	0	0
Sci Adv	2023-04-01	10017041	157294	11753	0	5	0	0	0	0	0	0	0	1	2	2	0	0	0	0	14	0	0	2	0	0	0	0	0	0	0	0	0	0	0	0	0	0
Sci Adv	2023-04-01	10065445	205220	19304	0	23	1	0	0	0	23	22	0	0	5	5	0	0	1	0	38	0	1	17	0	0	2	0	1	0	0	0	0	0	0	0	0	4
Sci Adv	2023-04-01	10058311	241050	16596	0	16	0	0	0	0	1	5	0	3	0	0	0	0	0	0	10	0	2	0	0	0	1	0	1	0	0	0	0	0	0	0	0	0
Sci Adv	2023-04-01	10065443	130392	9117	0	0	0	0	0	0	3	0	0	0	0	8	0	0	0	0	6	0	0	0	0	0	1	0	0	0	0	0	0	0	0	0	0	0
Sci Adv	2023-04-01	10038343	128619	9453	0	1	0	0	0	0	5	3	0	1	2	6	0	0	0	0	12	0	0	0	0	0	1	0	0	0	0	0	0	1	0	0	0	0
Sci Adv	2023-04-01	10058235	137806	9885	0	12	2	1	0	0	0	0	0	7	5	2	0	0	3	0	10	0	0	1	0	0	0	1	0	0	0	0	0	0	0	0	0	0
Sci Adv	2023-04-01	10058251	209753	15861	0	10	1	1	0	0	0	2	0	0	0	9	0	0	0	0	7	0	0	2	0	0	4	0	0	0	0	0	0	0	0	0	0	0
Sci Adv	2023-04-01	10058249	216667	18280	0	2	2	2	0	0	3	1	0	8	0	7	0	0	0	0	6	0	0	2	0	0	1	0	0	0	0	0	0	0	0	0	0	0
Sci Adv	2023-04-01	10038334	127009	8723	0	3	3	1	0	0	1	1	0	3	12	4	0	0	0	0	8	0	0	1	0	0	0	0	0	0	0	0	0	0	0	0	0	0
Sci Adv	2023-04-01	10058236	116737	8621	0	0	1	2	0	0	1	0	0	5	1	2	0	0	0	0	1	0	0	0	0	0	1	0	0	0	0	0	0	0	0	0	0	0
Sci Adv	2023-04-01	10065448	201831	14524	0	12	1	2	0	1	0	1	0	4	0	0	0	0	0	0	24	0	1	2	0	0	1	0	0	0	0	0	0	0	0	0	0	1
Sci Adv	2023-04-01	10065440	111631	9011	0	5	0	0	0	0	0	0	0	0	0	3	0	0	0	0	0	0	0	1	0	0	0	0	1	0	0	0	0	0	0	0	0	0
Sci Adv	2023-04-01	10038333	105683	8945	0	1	1	0	0	0	2	0	0	3	0	0	0	0	0	0	11	0	0	2	0	0	0	0	0	0	0	2	0	0	1	0	0	0
Sci Adv	2023-04-01	10065451	388702	21450	0	1	0	0	0	0	3	0	0	0	9	2	0	0	0	0	7	0	0	0	0	0	1	0	1	0	0	0	0	0	0	0	0	0
Sci Adv	2023-04-01	10718307	201209	12885	0	4	0	1	0	0	0	1	0	0	0	4	0	0	0	0	13	0	0	3	0	0	0	0	0	0	0	0	0	0	0	0	0	0
Sci Adv	2023-04-01	10058231	139904	10310	0	6	0	2	0	0	1	4	0	0	0	2	0	0	0	0	9	0	0	0	0	0	1	0	0	0	0	0	0	0	0	0	0	0
Sci Adv	2023-04-01	10058242	167090	12041	0	0	0	0	0	0	0	0	0	0	0	1	0	0	0	0	3	0	0	0	0	0	0	0	0	0	0	0	0	0	0	0	0	0
Sci Adv	2023-04-01	10038347	188414	14059	0	1	1	6	0	0	2	2	0	1	0	0	0	0	0	0	24	0	0	0	0	0	0	0	0	0	0	0	0	0	0	0	0	0
Sci Adv	2023-04-01	10058250	293229	21652	0	31	1	1	0	0	5	3	0	0	13	6	0	0	2	0	25	0	0	3	0	0	0	0	0	0	1	0	0	0	0	0	0	0
Sci Adv	2023-04-01	10038344	181905	14659	0	14	0	11	0	3	5	7	0	3	1	1	0	0	1	0	10	0	0	1	0	0	0	0	0	0	0	0	0	0	0	0	1	0
Sci Adv	2023-04-01	10058239	123363	10394	0	12	0	0	0	0	12	0	0	0	12	0	0	0	0	0	14	0	0	2	0	0	1	0	0	0	0	0	1	0	0	0	0	0
Sci Adv	2023-04-01	10038340	139775	10906	0	4	1	0	0	0	0	0	0	0	0	0	0	0	0	0	8	0	0	1	0	0	1	0	0	0	0	0	0	0	0	2	0	0
Sci Adv	2023-04-01	10038345	153936	12624	0	3	2	1	0	0	2	0	0	0	5	0	0	0	0	0	4	0	0	0	0	0	0	0	0	0	0	0	0	0	0	0	0	0
Sci Adv	2023-04-01	10058234	154744	10895	0	6	0	2	0	0	0	1	0	0	0	1	0	0	0	0	35	0	0	0	0	0	0	0	0	0	0	0	0	0	0	0	0	0
Sci Adv	2023-04-01	10065434	106178	7954	0	6	0	1	0	0	2	3	0	1	6	0	0	0	0	0	14	0	0	0	0	0	1	0	1	0	0	0	0	0	0	0	0	0
Sci Adv	2023-04-01	10038348	257735	16392	0	5	0	1	0	0	3	0	0	1	0	0	0	0	1	0	25	0	3	1	0	0	0	0	0	0	0	0	0	0	0	0	0	0
