journal	date	pmc_id	Nchars	Nwords	delve	analyse	acknowledge	assess	appraise	dissect	explore	examine	extricate	expose	estimate	investigate	inquire	inspect	interpret	scrutinise	study	unearth	uncover	understand	ponder	research	reason	retrieve	avoid	discount	disregard	dismiss	ignore	neglect	overlook	omit	skip	reject
Sci Adv	2023-10-01	10328413	211084	19531	0	7	1	0	0	0	1	5	0	0	31	4	0	1	1	0	29	0	0	1	0	0	1	0	0	0	0	0	0	0	0	0	0	0
Sci Adv	2023-10-01	10321753	195680	14067	0	13	0	43	0	1	0	0	0	0	2	0	0	0	0	0	12	0	1	1	0	0	0	0	0	0	0	0	0	0	0	0	0	0
Sci Adv	2023-10-01	10328411	154023	11939	0	7	2	3	0	0	0	7	0	2	1	2	0	0	0	0	20	0	0	0	0	0	0	0	0	0	0	0	0	0	0	0	0	0
Sci Adv	2023-10-01	10321745	195905	11951	0	2	0	0	0	0	0	1	0	0	3	1	0	0	1	0	7	0	0	2	0	0	0	0	2	0	0	0	0	1	0	0	0	0
Sci Adv	2023-10-01	10328412	217994	14050	0	24	0	1	0	0	0	1	0	0	1	5	0	0	1	0	14	0	0	2	0	0	1	0	0	0	0	0	0	0	0	0	0	0
Sci Adv	2023-10-01	10321732	141490	12138	0	4	1	6	0	0	0	4	0	1	0	2	0	0	0	0	19	0	0	1	0	0	0	0	0	0	0	0	0	0	0	0	0	0
Sci Adv	2023-10-01	10321748	230591	15883	0	12	0	2	0	0	0	0	0	4	10	1	0	0	3	0	21	0	0	3	0	0	0	8	0	0	0	0	0	0	4	0	0	0
Sci Adv	2023-10-01	10321749	172157	10618	0	4	0	1	0	0	2	2	0	1	3	3	0	0	0	0	13	0	0	0	0	0	0	0	0	0	0	0	0	0	0	0	0	0
Sci Adv	2023-10-01	10321744	164638	8259	0	0	0	0	0	0	0	0	0	0	0	0	0	0	1	0	0	0	0	0	0	0	0	3	0	0	0	0	1	0	0	0	0	0
Sci Adv	2023-10-01	10328397	123239	7084	0	2	1	0	0	0	0	1	0	0	0	2	0	0	0	0	0	0	0	2	0	0	0	0	0	0	0	0	2	0	0	0	0	0
Sci Adv	2023-10-01	10328405	142833	9150	0	8	0	0	0	0	1	0	0	0	22	0	0	0	4	0	19	0	0	0	0	0	0	0	0	0	0	0	0	0	0	0	0	0
Sci Adv	2023-10-01	10321738	150637	9056	0	2	1	1	0	0	1	2	0	0	1	2	0	0	0	0	9	0	0	0	0	0	0	0	0	0	0	0	1	0	1	0	0	0
Sci Adv	2023-10-01	10328408	125112	8711	0	9	0	1	0	2	1	0	0	1	5	2	0	1	0	0	23	0	0	3	0	0	0	0	0	0	0	0	0	0	0	0	0	0
Sci Adv	2023-10-01	10321736	101400	6028	0	0	0	0	0	0	1	0	0	0	0	0	0	0	1	0	1	0	0	0	0	0	0	0	1	0	0	0	0	0	0	0	0	0
Sci Adv	2023-10-01	10321739	158425	9793	0	0	0	0	0	0	1	0	0	0	0	1	0	0	0	0	7	0	0	0	0	0	0	0	0	0	0	0	0	1	0	0	0	0
Sci Adv	2023-10-01	10321741	103691	6696	0	0	1	0	0	0	0	0	0	0	1	0	0	0	0	0	5	0	0	0	0	0	0	0	0	0	0	0	0	0	0	0	0	0
Sci Adv	2023-10-01	10321742	196733	13679	0	2	0	0	0	0	0	1	0	4	1	6	0	0	0	0	11	0	0	1	0	0	1	0	0	0	0	0	0	0	0	0	0	0
Sci Adv	2023-10-01	10328409	138857	11162	0	2	1	0	0	0	0	0	0	4	0	1	0	0	0	0	1	0	0	0	0	0	0	0	0	0	0	0	0	0	0	0	0	0
Sci Adv	2023-10-01	10321752	217119	14143	0	17	0	0	0	0	2	2	0	2	2	1	0	0	0	0	9	0	0	0	0	0	1	0	0	0	0	0	0	0	0	0	0	0
Sci Adv	2023-10-01	10321729	27637	2124	0	0	0	1	0	0	0	1	0	0	0	0	0	0	0	0	3	0	1	0	0	0	0	0	0	0	0	0	1	0	0	0	0	0
Sci Adv	2023-10-01	10328401	162049	12404	0	8	0	0	0	0	0	1	0	1	1	3	0	0	0	0	17	0	0	1	0	0	1	0	0	0	0	0	0	0	0	1	0	0
Sci Adv	2023-10-01	10321733	159249	11866	0	16	0	1	0	0	1	0	0	0	12	1	0	0	3	0	1	0	0	1	0	0	0	0	4	0	0	0	0	0	0	0	0	0
Sci Adv	2023-10-01	10321731	11383	1345	0	0	0	0	0	0	0	0	0	0	0	0	0	0	0	0	2	0	0	0	0	0	0	0	0	0	0	0	0	0	0	0	0	0
Sci Adv	2023-10-01	10321747	411451	21572	0	30	0	5	0	0	1	7	0	0	7	3	0	0	1	0	33	0	3	7	0	0	1	3	1	0	0	0	0	0	0	0	0	0
Sci Adv	2023-10-01	10321750	185818	16425	0	6	0	1	0	0	1	0	0	1	31	2	0	0	0	0	34	0	0	1	0	0	0	1	0	0	0	0	1	0	0	0	0	1
Sci Adv	2023-10-01	10337902	209845	15543	0	1	0	0	0	0	0	11	0	19	0	0	0	0	0	0	18	0	0	0	0	0	0	0	0	0	0	0	0	0	0	1	0	0
Sci Adv	2023-10-01	10337907	211689	13228	0	0	5	0	0	0	0	0	0	0	4	1	0	0	0	0	3	0	0	2	0	0	0	0	0	0	0	0	0	0	0	0	0	0
Sci Adv	2023-10-01	10348677	251888	13597	0	32	0	2	0	0	0	2	0	0	3	1	0	0	0	0	15	0	0	0	0	0	0	0	0	0	0	0	0	0	0	0	0	0
Sci Adv	2023-10-01	10337923	32393	2479	0	1	0	0	0	0	1	0	0	0	0	0	0	1	0	0	6	0	0	0	0	0	0	0	0	0	0	0	2	0	0	0	0	0
Sci Adv	2023-10-01	10348680	129370	10371	0	5	0	1	0	0	0	1	0	13	0	1	0	0	0	0	9	1	2	0	0	0	1	0	0	0	0	0	0	0	0	1	0	0
Sci Adv	2023-10-01	10337895	56054	4270	0	0	0	0	0	0	0	0	0	0	1	1	0	0	1	0	2	0	0	0	0	0	0	0	0	0	0	0	0	0	0	0	0	0
Sci Adv	2023-10-01	10337896	122517	9035	0	0	2	0	0	0	1	0	0	0	0	0	0	0	0	0	1	0	0	1	0	0	0	0	0	0	0	0	0	0	0	0	0	0
Sci Adv	2023-10-01	10337915	183932	13141	0	3	1	7	0	1	6	1	0	2	0	3	0	0	0	0	11	0	0	0	0	0	0	0	0	0	0	0	0	0	0	0	0	0
Sci Adv	2023-10-01	10348682	136092	10948	0	2	0	1	0	0	3	2	0	0	0	3	0	0	0	0	16	0	0	1	0	0	1	0	0	0	0	0	0	0	0	0	0	0
Sci Adv	2023-10-01	10348676	189878	14693	0	6	0	1	0	0	1	1	0	0	0	1	0	0	0	0	10	0	0	1	0	0	1	0	1	0	0	0	0	0	0	0	0	0
Sci Adv	2023-10-01	10337948	168865	12474	0	9	0	0	0	0	3	1	0	0	2	1	0	0	0	0	14	0	0	0	0	0	0	0	0	0	0	0	0	1	0	0	0	0
Sci Adv	2023-10-01	10348683	238391	15864	0	13	0	1	0	0	4	3	0	2	0	6	0	0	1	0	13	0	1	0	0	0	0	1	0	0	0	0	0	0	0	0	0	0
Sci Adv	2023-10-01	10337904	142535	11421	0	3	0	5	0	0	2	1	0	0	13	9	0	0	0	0	41	0	0	16	0	0	0	1	0	0	0	0	0	0	0	0	0	0
Sci Adv	2023-10-01	10337898	156373	10320	0	1	3	0	0	0	1	0	0	0	3	2	0	0	0	0	9	0	1	2	0	0	2	0	0	0	0	0	0	2	0	0	0	0
Sci Adv	2023-10-01	10337909	199606	15122	0	10	0	5	0	1	1	1	0	0	1	1	0	0	0	0	10	0	1	2	0	0	2	0	0	0	0	0	0	0	0	0	0	0
Sci Adv	2023-10-01	10337922	134354	10437	0	6	0	1	0	0	0	1	0	0	7	1	0	0	1	0	24	0	0	2	0	0	0	0	0	0	0	0	0	0	0	1	0	0
Sci Adv	2023-10-01	10337894	201546	16016	0	7	3	4	0	0	2	0	0	1	0	1	0	0	0	0	18	0	0	3	0	0	0	15	0	0	0	0	0	0	0	0	0	0
Sci Adv	2023-10-01	10337911	167654	10010	0	1	8	0	0	0	6	1	0	0	0	3	0	0	0	0	9	0	0	1	0	0	0	0	0	0	0	0	0	0	0	0	0	0
Sci Adv	2023-10-01	10348675	126354	8415	0	2	4	0	0	0	1	1	0	4	1	0	0	0	0	0	12	0	0	3	0	0	0	0	1	0	0	0	0	0	0	0	0	6
Sci Adv	2023-10-01	10337924	87561	6275	0	2	0	0	0	0	2	1	0	0	0	1	0	0	0	0	2	0	0	1	0	0	0	0	0	0	0	0	0	0	0	0	0	0
Sci Adv	2023-10-01	10348679	161665	9224	0	4	0	1	0	0	1	0	0	0	0	1	0	0	0	0	1	0	0	0	0	0	0	0	0	0	0	0	0	0	0	0	0	0
Sci Adv	2023-10-01	10348673	200335	15281	0	5	1	5	0	0	0	1	0	0	0	4	0	0	0	0	5	0	0	1	0	0	1	0	0	0	0	0	0	0	0	0	0	0
Sci Adv	2023-10-01	10337892	76546	6132	0	2	0	0	0	0	1	1	0	0	1	0	0	0	0	0	3	0	0	0	0	0	0	0	0	0	0	0	0	0	0	0	0	0
Sci Adv	2023-10-01	10337908	192826	13100	0	5	0	0	0	7	0	2	0	1	0	3	0	0	0	0	7	0	0	0	0	0	0	0	0	0	0	0	0	0	1	1	0	0
Sci Adv	2023-10-01	10337901	106250	7563	0	0	0	1	0	0	2	0	0	0	0	3	0	0	0	0	2	0	0	0	0	0	1	0	2	0	0	0	0	0	0	0	0	0
Sci Adv	2023-10-01	10355833	143410	11953	0	9	1	2	0	0	0	0	0	0	0	2	0	0	0	0	9	0	0	0	0	0	2	0	0	0	0	0	0	0	0	0	0	0
Sci Adv	2023-10-01	10355829	149272	11572	0	3	1	0	0	0	11	3	0	0	13	1	0	0	1	0	17	0	0	1	0	0	1	1	3	0	0	0	1	0	0	1	0	1
Sci Adv	2023-10-01	10361594	142491	10130	0	3	1	1	0	0	0	1	0	5	1	2	0	0	0	0	12	0	0	0	0	0	0	0	0	0	0	0	0	0	0	0	0	0
Sci Adv	2023-10-01	10361590	145315	9559	0	2	1	1	0	0	0	0	0	0	36	2	0	0	0	0	23	0	0	0	0	0	0	1	0	0	0	0	0	0	0	0	0	0
Sci Adv	2023-10-01	10355825	178725	10280	0	3	4	0	0	0	0	0	0	0	3	1	0	0	0	0	2	0	0	0	0	0	0	0	0	0	0	0	0	0	0	1	0	0
Sci Adv	2023-10-01	10355816	125307	9970	0	0	0	1	0	0	3	2	0	2	0	8	0	0	0	0	8	0	0	0	0	0	0	0	0	0	0	0	0	0	0	0	0	0
Sci Adv	2023-10-01	10361595	163992	9946	0	1	1	0	0	0	0	4	0	1	24	0	0	0	0	0	9	0	0	1	0	0	0	0	0	0	0	0	0	0	0	0	0	0
Sci Adv	2023-10-01	10355830	198316	15697	0	40	0	3	0	0	2	2	0	2	0	9	0	0	0	0	11	0	0	2	0	0	0	0	0	0	0	0	0	0	0	0	0	0
Sci Adv	2023-10-01	10361588	195367	14940	0	7	0	5	0	3	20	2	0	2	0	12	0	0	0	0	22	0	0	0	0	0	0	0	0	0	0	0	0	0	0	0	0	0
Sci Adv	2023-10-01	10355818	134474	10104	0	1	0	0	0	0	1	0	0	0	11	4	0	0	1	0	15	0	0	1	0	0	0	0	0	0	0	0	0	0	0	0	0	0
Sci Adv	2023-10-01	10361599	132967	11303	0	1	0	0	0	0	0	1	0	0	2	0	0	0	0	0	0	0	0	0	0	0	0	0	0	0	0	0	0	0	0	0	0	0
Sci Adv	2023-10-01	10355819	136358	8330	0	2	4	0	0	0	0	0	0	0	0	2	0	0	0	0	4	0	0	1	0	0	0	0	0	0	0	0	1	0	0	0	0	0
Sci Adv	2023-10-01	10355835	205678	13762	0	10	0	10	0	0	0	3	0	2	1	7	0	0	0	0	25	0	0	0	0	0	1	0	0	0	0	0	0	0	0	0	0	0
Sci Adv	2023-10-01	10355834	161679	12578	0	7	0	0	0	1	0	10	0	2	3	13	0	0	0	0	18	0	0	1	0	0	1	0	0	0	0	0	0	0	0	0	0	0
Sci Adv	2023-10-01	10355821	179862	16675	0	4	0	3	0	0	1	6	0	0	71	0	0	0	1	0	34	0	0	2	0	0	2	0	4	0	0	0	1	0	0	4	0	0
Sci Adv	2023-10-01	10361602	219140	17810	0	27	1	3	0	2	0	1	0	0	0	5	0	0	1	0	12	0	0	0	0	0	0	0	0	0	0	0	0	0	0	0	0	0
Sci Adv	2023-10-01	10361598	158662	12238	0	7	0	0	0	0	0	2	0	2	6	0	0	0	0	0	4	0	0	0	0	0	0	0	1	0	0	0	0	0	0	0	0	0
Sci Adv	2023-10-01	10361587	87796	4892	0	6	0	1	0	0	1	1	0	0	6	0	0	0	0	0	8	0	1	3	0	0	0	0	0	0	0	0	0	0	0	0	0	0
Sci Adv	2023-10-01	10355817	111982	6514	0	4	0	0	0	0	1	0	0	0	0	0	0	0	0	0	9	0	1	3	0	0	0	0	0	0	0	0	0	0	0	0	0	0
Sci Adv	2023-10-01	10355822	102279	7740	0	1	0	0	0	0	0	0	0	0	0	0	0	0	0	0	5	0	0	0	0	0	0	0	0	0	0	0	0	0	0	0	0	0
Sci Adv	2023-10-01	10355832	175926	13206	0	38	0	0	0	1	2	7	0	0	0	2	0	0	0	0	10	0	1	2	0	0	0	0	0	0	0	0	0	0	0	0	0	0
Sci Adv	2023-10-01	10355820	132892	9912	0	9	0	11	0	0	4	0	0	0	4	0	0	0	0	0	19	0	0	1	0	0	3	0	0	0	0	0	0	0	0	0	0	0
Sci Adv	2023-10-01	10355823	102696	7611	0	0	0	0	0	0	0	0	0	0	0	0	0	0	0	0	1	0	0	0	0	0	0	0	0	0	0	0	0	0	0	0	0	0
Sci Adv	2023-10-01	10361774	2832	179	0	0	0	0	0	0	0	0	0	0	0	0	0	0	0	0	0	0	0	0	0	0	0	0	0	0	0	0	0	0	0	0	0	0
Sci Adv	2023-10-01	10355827	138813	11233	0	8	0	2	0	0	4	9	0	0	3	7	0	0	0	0	22	0	0	1	0	0	0	0	0	0	0	0	0	1	0	0	0	0
Sci Adv	2023-10-01	10371009	95853	6036	0	0	1	0	0	0	0	0	0	0	7	0	0	0	0	0	2	0	0	0	0	0	0	0	1	0	0	0	0	0	0	0	0	0
Sci Adv	2023-10-01	10371019	108178	8832	0	7	0	1	0	0	1	1	0	0	0	2	0	0	2	0	7	0	0	1	0	0	4	0	0	0	0	0	0	1	0	0	0	0
Sci Adv	2023-10-01	10371027	230527	18308	0	17	0	3	0	1	1	4	0	1	4	8	0	0	0	0	20	0	1	0	0	0	0	2	0	0	0	0	0	0	0	0	0	0
Sci Adv	2023-10-01	10371018	118071	9286	0	4	0	0	0	0	1	1	0	3	4	3	0	0	1	0	16	0	0	4	0	0	0	0	0	0	0	0	0	0	0	0	0	0
Sci Adv	2023-10-01	10371015	115771	8708	0	1	1	0	0	0	1	1	0	0	0	0	0	0	0	0	2	0	0	0	0	0	0	0	0	0	0	0	0	0	0	0	0	0
Sci Adv	2023-10-01	10371024	235614	15343	0	13	0	0	0	0	0	1	0	0	0	3	0	0	0	0	8	0	0	1	0	0	2	0	0	0	0	0	0	0	0	0	0	0
Sci Adv	2023-10-01	11318671	295721	16776	0	26	0	1	0	1	1	0	0	0	17	5	0	0	0	0	30	0	0	1	0	0	0	0	0	0	0	0	0	0	1	0	0	1
Sci Adv	2023-10-01	10371028	77780	5335	0	1	0	0	0	0	1	0	0	0	0	0	0	0	0	0	1	0	0	0	0	0	0	0	0	0	0	0	0	0	0	0	0	0
Sci Adv	2023-10-01	10371014	121172	9380	0	0	1	0	0	0	0	0	0	0	0	0	0	0	0	0	3	0	0	0	0	0	0	0	0	0	0	0	0	0	0	0	0	0
Sci Adv	2023-10-01	11801357	196935	12620	0	8	0	0	0	0	0	1	0	0	0	2	0	0	0	0	17	0	0	3	0	0	0	0	0	0	0	0	0	0	0	0	0	0
Sci Adv	2023-10-01	10371023	209608	14065	0	8	0	3	0	0	0	0	0	0	2	0	0	0	0	0	18	0	0	0	0	0	0	0	0	0	0	0	0	0	0	1	0	0
Sci Adv	2023-10-01	10371013	133607	11237	0	3	0	0	0	0	0	0	0	1	1	3	0	0	0	0	3	0	0	3	0	0	0	0	0	0	0	0	0	0	0	0	0	0
Sci Adv	2023-10-01	10371010	144412	9584	0	13	0	1	0	0	2	0	0	2	0	3	0	0	0	0	23	11	0	3	0	1	0	0	0	0	0	0	0	0	0	0	0	0
Sci Adv	2023-10-01	10371030	123317	8496	0	2	0	0	0	0	0	3	0	0	0	6	0	0	1	0	8	0	0	2	0	0	0	0	0	0	0	0	0	0	0	0	0	0
Sci Adv	2023-10-01	10371025	227687	18981	0	13	0	6	0	2	1	0	0	0	2	1	0	0	0	0	13	0	2	0	0	0	0	3	0	0	0	0	0	0	0	0	0	0
Sci Adv	2023-10-01	10381952	240831	16162	0	7	2	3	0	0	0	1	0	0	102	2	0	0	0	0	40	0	0	2	0	0	0	6	0	0	0	0	0	2	0	0	0	0
Sci Adv	2023-10-01	10381920	122469	8080	0	0	2	0	0	0	8	2	0	0	0	1	0	0	1	0	2	0	0	0	0	0	0	1	0	0	0	0	1	0	0	0	0	0
Sci Adv	2023-10-01	10381915	85414	7262	0	1	0	1	0	0	0	0	0	0	20	1	0	0	1	0	10	0	0	8	0	0	0	1	0	0	0	0	0	1	0	0	0	0
Sci Adv	2023-10-01	10381925	81251	6198	0	0	0	0	0	0	0	1	0	0	0	0	0	0	0	0	0	0	0	0	0	0	0	0	0	0	0	0	2	0	0	0	0	0
Sci Adv	2023-10-01	10381927	90162	6796	0	4	1	0	0	0	2	0	0	0	1	0	0	0	0	0	11	0	0	3	0	0	0	0	0	0	0	0	0	0	0	0	0	0
Sci Adv	2023-10-01	10381928	176620	12183	0	15	0	5	0	0	0	0	0	0	2	0	0	0	0	0	9	0	2	4	0	0	0	0	0	0	0	0	0	0	0	0	0	0
Sci Adv	2023-10-01	10371026	188531	12635	1	0	1	0	0	0	1	1	0	2	1	2	0	0	0	0	9	0	0	6	0	0	0	0	0	0	0	0	0	0	0	0	0	0
Sci Adv	2023-10-01	10381947	117065	10438	0	5	0	2	0	0	5	2	0	0	1	3	0	0	1	0	2	0	0	1	0	0	0	0	0	0	0	0	0	0	0	0	0	0
Sci Adv	2023-10-01	10381943	112707	6821	0	0	1	0	0	0	0	0	0	0	3	2	0	0	1	0	5	0	0	1	0	0	0	0	0	0	0	0	0	0	0	0	0	0
Sci Adv	2023-10-01	10371029	164147	8696	0	6	0	2	0	0	0	1	0	0	1	1	0	0	0	0	11	0	0	0	0	0	2	0	0	0	0	0	0	0	1	0	0	0
Sci Adv	2023-10-01	10396295	245417	16307	0	14	0	2	0	1	2	0	0	1	0	4	0	0	0	0	13	0	1	0	0	0	0	1	0	0	0	0	0	0	0	0	0	0
Sci Adv	2023-10-01	10396307	188019	13422	0	7	1	3	0	0	8	21	0	0	24	5	0	0	2	0	36	0	0	1	0	0	1	0	0	0	0	0	1	1	0	0	0	0
Sci Adv	2023-10-01	10396293	130472	8404	0	19	0	0	0	0	0	2	0	3	11	2	0	0	0	0	17	0	0	2	0	0	1	0	0	0	1	0	0	0	0	0	0	0
Sci Adv	2023-10-01	10396291	98665	7408	0	2	2	0	0	0	0	0	0	0	1	4	0	0	0	0	3	0	2	1	0	0	1	1	0	0	0	0	0	3	2	0	0	0
Sci Adv	2023-10-01	10403222	254848	17004	0	11	0	3	0	0	0	5	0	0	1	5	0	0	0	0	39	0	0	2	0	0	0	0	0	0	0	0	0	0	0	0	0	0
Sci Adv	2023-10-01	10396305	211803	15520	0	20	0	0	0	0	1	3	0	0	2	7	0	0	2	0	15	0	0	1	0	0	0	0	0	0	0	0	0	0	0	0	0	0
Sci Adv	2023-10-01	10396300	158567	12249	0	18	0	0	0	0	1	0	0	0	0	3	0	0	0	0	10	0	3	1	0	0	1	0	0	0	0	0	0	0	0	1	0	0
Sci Adv	2023-10-01	10403204	166788	14550	0	11	0	4	0	0	2	2	0	6	0	7	0	0	0	0	24	0	0	0	0	0	0	0	0	0	0	0	0	0	0	0	0	0
Sci Adv	2023-10-01	10396298	185647	13419	0	14	1	2	0	1	0	3	0	0	3	2	0	1	0	0	15	0	1	2	0	0	0	0	0	0	0	0	0	0	0	0	0	0
Sci Adv	2023-10-01	10396296	183990	13389	0	11	0	1	0	0	1	2	0	0	0	12	0	0	0	0	15	0	0	0	0	0	0	1	0	0	0	0	0	0	1	0	0	0
Sci Adv	2023-10-01	10396290	176808	14505	0	8	0	0	0	0	1	0	0	2	12	2	0	4	2	0	2	0	0	3	0	0	0	0	1	0	0	0	1	0	0	0	0	0
Sci Adv	2023-10-01	10403220	251465	18803	0	15	0	5	0	0	1	0	0	0	0	4	0	0	1	0	19	0	0	4	0	0	0	3	0	0	0	0	0	0	0	0	0	0
Sci Adv	2023-10-01	10396292	149429	11686	0	6	0	0	0	1	3	5	0	1	0	3	0	0	0	0	8	0	0	0	0	0	0	0	0	0	0	0	0	0	0	0	0	0
Sci Adv	2023-10-01	10396299	119565	10157	0	0	0	0	0	0	2	0	0	2	1	6	0	0	0	0	1	0	0	0	0	0	0	0	1	0	0	0	0	0	0	0	0	0
Sci Adv	2023-10-01	10403215	197517	14501	0	8	0	3	0	0	1	8	0	2	0	1	0	0	0	0	24	0	0	0	0	0	0	0	0	0	0	0	0	0	0	0	0	0
Sci Adv	2023-10-01	10403212	168224	11844	0	4	0	1	0	1	1	3	0	7	1	2	0	0	0	0	22	0	0	2	0	0	0	0	0	0	0	0	0	0	0	0	0	0
Sci Adv	2023-10-01	10403207	139282	11118	0	7	0	0	0	0	1	2	0	0	0	1	0	0	0	0	3	0	2	0	0	0	0	1	0	0	0	0	0	0	0	0	0	0
Sci Adv	2023-10-01	10396312	197655	17407	0	8	0	4	0	0	10	9	0	0	0	9	0	0	0	0	35	0	0	0	0	0	0	0	1	0	0	0	0	0	0	0	0	0
Sci Adv	2023-10-01	10396304	166155	13448	0	7	3	0	0	0	0	0	0	0	6	0	0	0	0	0	3	0	0	2	0	0	0	0	0	0	0	0	1	0	0	0	0	0
Sci Adv	2023-10-01	10403213	168098	14741	0	4	0	0	0	0	0	7	0	0	22	3	0	0	1	0	15	0	0	0	0	0	1	0	0	0	0	0	0	1	0	0	0	1
Sci Adv	2023-10-01	10396306	153122	11729	0	11	1	0	0	1	0	0	0	0	2	2	0	0	0	0	19	0	12	2	0	0	0	0	0	0	0	0	0	0	0	1	0	0
Sci Adv	2023-10-01	10403202	232687	16283	0	14	0	3	0	0	0	3	0	0	0	3	0	0	0	0	26	0	0	3	0	0	0	0	0	0	0	0	0	0	0	0	0	0
Sci Adv	2023-10-01	10403219	216803	14516	0	21	0	2	0	0	0	10	0	1	0	5	0	0	0	0	27	0	0	0	0	0	0	0	0	0	0	0	0	0	0	0	3	0
Sci Adv	2023-10-01	10403199	143822	9284	0	5	0	0	0	0	0	2	0	0	0	4	0	0	3	0	22	0	0	4	0	0	0	0	0	0	0	0	0	0	0	0	0	0
Sci Adv	2023-10-01	10396287	26624	2218	0	0	0	0	0	0	0	0	0	0	0	0	0	0	0	0	5	0	0	1	0	0	0	0	0	0	0	0	0	0	0	0	0	0
Sci Adv	2023-10-01	10411892	128749	12451	0	5	0	2	0	0	0	8	0	0	0	5	0	0	0	0	27	0	1	0	0	0	0	0	0	1	0	0	2	0	0	0	0	0
Sci Adv	2023-10-01	10411873	143759	10041	0	4	0	8	0	0	0	1	0	0	6	1	0	0	0	0	6	0	0	2	0	0	3	0	1	0	0	0	0	4	0	4	0	0
Sci Adv	2023-10-01	10421069	239159	19749	0	15	0	0	0	0	0	21	0	0	1	9	0	0	0	0	10	0	0	2	0	0	0	0	0	0	0	0	0	0	0	0	0	0
Sci Adv	2023-10-01	10411886	177424	11404	0	5	0	2	0	0	0	6	0	0	1	0	0	0	0	0	45	0	0	1	0	0	2	0	0	0	0	0	0	0	0	0	0	0
Sci Adv	2023-10-01	10411890	118536	7881	0	2	0	0	0	0	0	1	0	0	1	0	0	0	0	0	0	0	0	0	0	0	0	0	0	0	1	0	0	0	0	0	0	0
Sci Adv	2023-10-01	10411884	123297	8773	0	2	0	0	0	0	0	0	0	0	23	2	0	0	0	0	12	1	0	2	0	0	0	1	0	0	0	0	0	0	1	1	0	0
Sci Adv	2023-10-01	10421056	163796	12440	0	2	0	0	0	0	0	1	0	0	0	4	0	0	0	0	4	0	1	0	0	0	0	0	0	0	0	0	0	0	0	0	0	1
Sci Adv	2023-10-01	10421035	122208	7547	0	3	2	0	0	0	1	0	0	0	2	4	0	0	0	0	7	0	0	0	0	0	0	0	0	0	0	0	0	0	0	0	0	0
Sci Adv	2023-10-01	10411898	171735	9905	0	4	0	3	0	0	0	2	0	1	2	0	0	0	0	0	6	0	0	1	0	0	0	0	0	0	0	0	0	0	0	0	0	0
Sci Adv	2023-10-01	10426902	151835	9881	0	0	3	0	0	0	0	0	0	0	3	5	0	0	0	0	3	0	0	0	0	0	1	0	0	0	0	0	2	0	0	0	0	0
Sci Adv	2023-10-01	10421051	245801	18511	0	14	0	24	0	0	4	0	0	1	2	1	0	0	0	0	30	0	0	0	0	2	0	0	0	0	0	0	0	0	0	0	0	0
Sci Adv	2023-10-01	10421034	164896	9372	0	2	0	0	0	0	0	0	0	0	0	2	0	0	0	0	3	0	0	0	0	0	0	0	0	0	0	0	0	0	0	0	0	0
Sci Adv	2023-10-01	10411875	110007	7033	0	10	2	0	0	0	0	0	0	0	8	0	0	0	0	0	3	0	0	1	0	0	0	4	0	0	0	0	0	0	0	0	0	0
Sci Adv	2023-10-01	10421060	241192	10270	0	2	6	0	0	0	0	0	0	0	0	1	0	0	0	0	0	0	0	2	0	0	0	0	0	0	0	0	0	1	0	0	0	0
Sci Adv	2023-10-01	10411893	133929	9498	0	6	2	8	0	0	1	2	0	1	7	4	0	0	0	0	11	0	0	3	0	0	0	1	1	0	0	0	0	0	0	0	0	0
Sci Adv	2023-10-01	10421026	135543	10334	0	3	0	1	0	0	0	6	0	0	0	2	0	0	4	0	25	0	0	1	0	0	0	0	0	0	0	0	0	0	0	0	0	0
Sci Adv	2023-10-01	10411876	99863	8333	0	2	1	2	0	0	6	2	0	1	0	0	0	0	0	0	2	0	0	0	0	0	1	0	0	0	0	0	0	0	0	0	0	0
Sci Adv	2023-10-01	10411914	577925	20078	0	5	0	1	0	0	0	1	0	0	5	3	0	0	0	0	44	0	0	2	0	0	0	0	1	0	0	0	0	0	0	0	0	0
Sci Adv	2023-10-01	10411902	305347	15864	0	7	0	1	0	0	3	1	0	0	0	0	0	1	0	0	13	0	0	1	0	0	0	0	0	0	0	0	0	0	0	0	0	0
Sci Adv	2023-10-01	11801371	126128	7965	0	2	1	0	0	0	0	0	0	0	1	0	0	0	0	0	8	0	0	2	0	0	0	0	1	0	0	0	0	1	0	0	0	0
Sci Adv	2023-10-01	10421045	116533	7863	0	0	0	0	0	0	0	0	0	0	1	0	0	0	0	0	1	0	0	0	0	0	0	0	0	0	0	0	0	0	0	0	0	0
Sci Adv	2023-10-01	10411912	225502	17968	0	18	0	0	0	0	0	4	0	0	1	1	0	2	0	0	3	0	1	0	0	0	1	0	0	0	0	0	1	0	0	0	0	0
Sci Adv	2023-10-01	10411906	201625	15443	0	18	0	1	0	0	1	2	0	1	0	5	0	0	0	0	4	0	0	0	0	0	0	0	1	0	0	0	0	0	0	0	0	0
Sci Adv	2023-10-01	10411879	201990	15991	0	16	2	1	0	0	4	1	0	0	6	5	0	0	1	0	30	0	1	4	0	0	0	0	0	0	0	0	0	0	0	0	0	0
Sci Adv	2023-10-01	10421029	165108	15661	0	12	0	3	0	0	2	0	0	0	0	0	0	0	0	0	7	0	0	1	0	0	0	0	0	0	0	0	0	0	0	5	0	0
Sci Adv	2023-10-01	10438448	125909	9928	0	2	0	0	0	0	0	1	0	0	5	2	0	0	0	0	7	0	0	2	0	0	0	0	1	0	0	0	0	0	0	0	0	0
Sci Adv	2023-10-01	10431698	172150	14926	0	6	2	1	0	0	2	4	0	1	7	0	0	0	0	0	44	0	0	4	0	0	2	1	0	0	0	0	2	1	0	0	0	0
Sci Adv	2023-10-01	10438442	156345	11033	0	1	2	2	0	0	0	0	0	0	0	8	0	0	0	0	5	0	0	1	0	0	1	0	0	0	0	0	0	1	0	0	0	0
Sci Adv	2023-10-01	10431719	117137	10613	0	2	0	1	0	0	2	1	0	2	0	3	0	0	0	0	8	0	0	1	0	0	0	0	0	0	0	0	0	0	0	0	0	0
Sci Adv	2023-10-01	10431706	190972	13592	0	0	0	1	0	0	0	0	0	0	12	1	0	0	1	0	15	0	0	1	0	0	1	0	0	0	0	0	0	0	0	0	0	0
Sci Adv	2023-10-01	10438457	188822	13597	0	10	0	1	0	0	0	2	0	3	2	8	0	0	0	0	8	0	0	0	0	0	0	0	0	0	0	0	0	0	0	0	0	0
Sci Adv	2023-10-01	10431717	167747	13260	0	4	0	1	0	0	0	3	0	0	0	2	0	0	0	0	44	0	0	3	0	0	0	0	0	0	0	0	0	0	0	0	0	0
Sci Adv	2023-10-01	10431702	134905	8033	0	1	1	0	0	0	1	1	0	0	2	1	0	0	0	0	3	0	0	2	0	0	0	0	1	0	0	0	0	0	0	0	0	0
Sci Adv	2023-10-01	10438454	194631	15495	0	10	0	0	0	0	0	2	0	1	1	7	0	0	1	0	19	0	0	2	0	0	0	0	0	0	0	0	0	0	0	0	0	0
Sci Adv	2023-10-01	10431715	132060	9712	0	4	0	3	0	0	0	4	0	12	0	1	0	0	0	0	12	0	0	0	0	0	0	0	0	0	0	0	0	0	0	0	0	0
Sci Adv	2023-10-01	10431700	126719	9155	0	3	0	0	0	0	1	1	0	1	0	7	0	0	0	0	1	0	0	0	0	0	1	0	0	0	0	0	0	0	0	0	0	0
Sci Adv	2023-10-01	10438466	193545	16463	0	21	0	2	0	1	4	4	0	1	0	5	0	0	0	0	24	0	0	2	0	0	0	0	0	0	0	0	0	0	0	0	0	0
Sci Adv	2023-10-01	10431713	176887	12846	0	4	1	0	0	0	2	1	0	0	0	8	0	0	0	0	21	0	0	11	0	0	0	0	0	0	0	0	0	0	0	0	0	0
Sci Adv	2023-10-01	10431711	184875	13633	0	10	1	0	0	0	0	1	0	0	10	5	0	0	1	0	14	0	0	6	0	0	1	0	0	0	0	0	0	0	0	0	0	0
Sci Adv	2023-10-01	11044178	221474	14105	0	16	3	5	0	0	1	2	0	0	0	1	0	0	1	0	11	0	0	1	0	0	0	0	0	0	0	0	0	0	0	0	0	2
Sci Adv	2023-10-01	10431703	130715	7822	0	2	0	0	0	0	1	0	0	0	0	0	0	0	0	0	7	0	0	5	0	0	0	0	0	0	0	0	0	0	0	0	0	0
Sci Adv	2023-10-01	10438458	143166	6996	0	0	3	0	0	0	1	0	0	0	0	2	0	0	0	0	4	0	0	0	0	0	0	0	0	0	0	0	0	1	0	0	0	0
Sci Adv	2023-10-01	10438444	189829	12068	0	0	0	0	0	0	0	0	0	0	23	0	0	0	1	0	16	0	0	1	0	0	0	0	0	0	0	0	0	0	0	0	0	0
Sci Adv	2023-10-01	10431704	119893	10209	0	10	0	3	0	0	3	15	0	0	24	2	0	0	0	0	19	0	0	1	0	0	5	0	0	0	0	0	0	1	0	0	0	0
Sci Adv	2023-10-01	10438469	161262	12106	0	0	0	0	0	0	0	0	0	0	4	1	0	0	1	0	10	0	0	0	0	0	0	0	0	0	0	0	0	0	0	0	0	0
Sci Adv	2023-10-01	10431708	149924	11811	0	12	1	0	0	0	0	0	0	0	0	3	0	0	0	0	2	0	0	0	0	0	3	0	0	0	0	0	0	0	0	0	0	0
Sci Adv	2023-10-01	10438463	185112	12103	0	2	0	5	0	0	3	3	0	0	13	1	0	1	1	0	12	0	0	7	0	0	0	0	0	0	0	0	2	0	0	0	0	0
Sci Adv	2023-10-01	10438443	147248	10798	0	3	0	3	0	1	0	1	0	0	3	0	0	0	0	0	14	0	0	0	0	0	0	0	0	0	0	0	0	0	0	0	0	0
Sci Adv	2023-10-01	11801372	170974	12228	0	9	0	5	0	0	1	3	0	0	0	4	0	0	0	0	9	0	0	3	0	0	0	0	0	0	0	0	0	0	0	1	0	0
Sci Adv	2023-10-01	10438446	125719	9626	0	7	1	0	0	0	1	2	0	0	3	0	0	0	0	0	11	0	1	2	0	0	1	0	1	0	0	0	0	0	0	0	0	0
Sci Adv	2023-10-01	10468122	142248	10703	0	5	1	0	0	0	3	0	0	0	9	5	0	0	0	0	5	0	0	2	0	0	0	0	1	0	0	0	0	0	0	1	0	0
Sci Adv	2023-10-01	10446485	161845	12850	0	14	0	0	0	0	0	13	0	1	7	7	0	0	0	0	18	0	0	1	0	0	0	0	0	0	0	0	0	0	0	0	0	0
Sci Adv	2023-10-01	10854430	202383	15743	0	17	0	5	0	3	3	0	0	0	7	1	0	1	2	0	7	0	0	2	0	0	1	1	0	0	0	0	0	0	0	0	0	0
Sci Adv	2023-10-01	10468133	180585	13393	0	10	0	0	0	0	0	1	0	0	0	4	0	0	0	0	46	0	1	2	0	0	1	0	0	0	0	0	0	0	0	1	0	0
Sci Adv	2023-10-01	10446475	137755	13534	0	6	0	0	0	0	1	6	0	0	11	0	0	0	0	0	30	0	0	2	0	0	1	0	0	1	0	0	0	0	0	0	0	9
Sci Adv	2023-10-01	10848965	288820	15890	0	4	0	3	0	1	5	0	0	1	2	12	0	0	1	0	20	0	1	8	0	0	0	0	0	0	0	0	0	0	0	0	0	0
Sci Adv	2023-10-01	11314243	131442	10355	0	16	3	2	0	0	0	0	0	0	0	4	0	0	0	0	11	0	0	2	0	0	0	1	0	0	0	0	0	0	0	0	0	0
Sci Adv	2023-10-01	10456849	136423	11483	0	8	0	0	0	0	2	0	0	4	0	1	0	0	0	0	4	0	0	0	0	0	0	0	0	0	0	0	0	0	0	0	0	0
Sci Adv	2023-10-01	10468142	136627	9972	0	8	1	0	0	1	0	2	0	0	0	5	0	0	0	0	13	0	0	0	0	0	0	1	0	0	0	0	0	0	0	0	0	0
Sci Adv	2023-10-01	10468131	115149	7267	0	2	4	0	0	0	3	0	0	0	1	0	0	0	0	0	3	0	0	0	0	0	0	2	0	0	0	0	0	0	0	0	0	0
Sci Adv	2023-10-01	10446471	83527	5797	0	0	1	0	0	0	0	0	0	0	0	0	0	0	0	0	1	0	0	3	0	0	0	0	1	0	0	0	0	0	0	0	1	0
Sci Adv	2023-10-01	10468129	172669	10144	0	1	0	1	0	0	1	0	0	0	0	1	0	0	0	0	7	0	0	0	0	0	0	0	0	0	0	0	0	0	0	0	0	0
Sci Adv	2023-10-01	10468138	194034	14408	0	9	0	5	0	1	5	1	0	0	0	1	0	0	0	0	23	0	2	0	0	0	0	0	1	0	0	0	0	0	0	0	4	0
Sci Adv	2023-10-01	10468137	225829	14354	0	9	0	2	0	0	4	4	0	0	1	2	0	0	1	0	15	0	0	0	0	0	0	0	0	0	0	0	0	0	0	0	0	0
Sci Adv	2023-10-01	11629882	136694	10587	0	10	1	9	0	2	0	0	0	11	0	0	0	0	0	0	5	0	1	2	0	0	0	0	0	0	1	0	0	0	0	0	0	0
Sci Adv	2023-10-01	10456851	195415	16849	0	17	0	4	0	0	0	4	0	1	18	3	0	2	0	0	54	0	0	0	0	0	0	0	0	0	0	0	0	0	0	2	0	0
Sci Adv	2023-10-01	10456830	42681	2828	0	5	1	0	0	0	0	0	0	0	0	0	0	0	0	0	4	0	0	0	0	0	0	0	0	0	0	0	0	0	0	0	0	0
Sci Adv	2023-10-01	10854438	158238	11047	0	9	0	1	0	2	0	7	0	0	0	1	0	0	0	0	7	0	1	2	0	0	0	0	0	0	0	0	0	0	0	0	0	0
Sci Adv	2023-10-01	10446487	125413	8597	0	3	0	0	0	0	0	0	0	1	0	2	0	0	0	0	0	0	0	0	0	0	0	0	0	0	0	0	0	0	0	0	0	0
Sci Adv	2023-10-01	10456843	141848	11022	0	0	1	0	0	0	0	0	0	2	1	0	0	0	0	0	3	0	1	0	0	0	0	0	0	0	0	0	0	0	0	0	0	0
Sci Adv	2023-10-01	10446494	189555	17713	0	4	2	1	0	0	1	0	0	1	18	0	0	0	0	2	24	0	0	6	0	0	0	0	1	2	0	2	3	2	0	2	0	0
Sci Adv	2023-10-01	10854426	163183	12542	0	29	0	3	0	0	0	3	0	0	0	2	0	0	0	0	27	0	0	0	0	0	1	0	0	0	0	0	0	0	0	0	0	0
Sci Adv	2023-10-01	10446496	157189	12761	0	5	0	0	0	0	1	5	0	0	24	0	0	0	0	0	12	0	1	1	0	0	1	0	0	0	0	0	0	0	0	0	0	0
Sci Adv	2023-10-01	10456850	274397	19131	0	7	1	1	0	2	0	1	0	2	1	3	0	0	0	0	11	0	1	2	0	0	1	0	0	0	0	0	0	0	0	0	0	0
Sci Adv	2023-10-01	10456878	235883	16488	0	23	0	0	0	4	1	2	0	0	0	3	0	0	0	0	22	0	0	1	0	0	1	0	0	0	0	0	0	0	0	0	0	0
Sci Adv	2023-10-01	10491285	165889	13188	0	7	0	5	0	0	6	1	0	1	1	2	0	0	0	0	14	0	0	0	0	0	0	1	0	0	0	0	0	0	0	0	0	0
Sci Adv	2023-10-01	10491222	146290	9118	0	0	0	0	0	0	0	1	0	0	3	3	0	0	0	0	6	0	0	0	0	0	0	0	0	0	0	0	0	1	0	0	0	0
Sci Adv	2023-10-01	10482336	150609	10055	0	6	0	0	0	0	0	1	0	2	7	6	0	0	0	0	19	0	0	3	0	0	0	0	0	0	0	0	0	0	0	0	0	0
Sci Adv	2023-10-01	10482338	179666	13209	0	4	0	3	0	8	3	7	0	1	0	8	0	3	1	0	21	0	5	2	0	0	0	0	0	0	0	0	0	0	0	0	0	0
Sci Adv	2023-10-01	10491287	145966	11397	0	9	0	0	0	0	0	0	0	0	0	5	0	0	0	0	10	0	0	2	0	0	0	1	0	0	0	0	0	0	0	0	0	0
Sci Adv	2023-10-01	10491291	118550	10467	0	4	0	0	0	0	0	0	0	2	1	0	0	0	0	0	1	0	0	0	0	0	0	0	0	0	0	0	0	0	0	0	0	0
Sci Adv	2023-10-01	10491295	358542	16537	0	2	1	0	0	0	1	0	0	0	11	0	0	0	0	0	18	0	0	4	0	0	0	0	0	0	0	0	0	1	1	0	0	0
Sci Adv	2023-10-01	10482342	178557	11138	0	13	0	1	0	0	1	0	0	1	5	1	0	0	4	0	8	0	0	0	0	0	0	0	1	0	0	0	0	0	0	0	0	0
Sci Adv	2023-10-01	10491293	133884	10994	0	0	2	0	0	0	13	2	0	1	0	0	0	0	0	0	6	0	3	2	0	0	0	0	0	0	0	0	0	0	0	0	0	0
Sci Adv	2023-10-01	10482343	170331	13374	0	9	0	1	0	1	1	5	0	1	2	0	0	0	0	0	18	0	1	1	0	0	0	0	0	0	0	0	0	0	0	0	0	0
Sci Adv	2023-10-01	10491217	132545	9301	0	1	1	1	0	0	0	0	0	0	0	0	0	0	0	0	6	0	0	0	0	0	0	1	0	0	0	0	0	0	0	0	0	0
Sci Adv	2023-10-01	10491212	119535	9752	0	2	0	0	0	1	4	0	0	0	5	1	0	0	2	0	14	0	0	0	0	0	0	0	1	0	0	0	0	0	0	0	0	0
Sci Adv	2023-10-01	10482350	237318	17148	0	18	2	1	0	1	5	1	0	1	1	4	0	0	0	0	15	0	0	0	0	0	0	0	0	0	0	0	0	0	0	0	0	0
Sci Adv	2023-10-01	10491294	204100	15038	0	33	0	9	0	0	2	12	0	0	0	1	0	0	0	0	23	0	1	1	0	0	1	0	0	0	0	0	0	0	0	0	0	0
Sci Adv	2023-10-01	10491213	151728	13413	0	0	0	0	0	0	1	1	0	0	2	6	0	0	0	0	5	0	0	2	0	0	0	0	0	0	0	0	0	2	0	0	0	0
Sci Adv	2023-10-01	10482349	210878	13221	0	6	0	0	0	0	0	0	0	4	0	7	0	0	0	0	12	0	0	2	0	0	0	0	0	0	0	0	0	0	0	0	0	0
Sci Adv	2023-10-01	10482325	113753	8675	0	1	1	0	0	0	1	0	0	0	3	1	0	0	0	0	7	0	0	1	0	0	1	0	0	0	0	0	0	0	0	0	0	0
Sci Adv	2023-10-01	10482335	166357	13046	0	5	0	0	0	0	0	1	0	0	0	6	0	0	0	0	6	0	0	1	0	0	1	0	0	0	0	0	0	0	0	1	0	0
Sci Adv	2023-10-01	10491221	110057	8313	0	2	1	0	0	0	1	0	0	0	0	5	0	0	0	0	6	0	0	0	0	0	1	0	1	0	0	0	0	0	0	0	0	0
Sci Adv	2023-10-01	10482347	167811	13129	0	22	0	0	0	2	0	8	0	2	2	6	0	0	0	1	17	0	2	2	0	0	2	2	0	0	0	0	0	0	0	0	0	0
Sci Adv	2023-10-01	10482329	109134	7537	0	1	0	0	0	0	2	0	0	0	1	1	0	0	0	0	0	0	0	0	0	0	3	0	0	0	0	0	0	0	0	0	0	0
Sci Adv	2023-10-01	10482344	203308	14484	0	10	4	1	0	0	1	0	0	0	4	0	0	0	0	0	21	0	0	0	0	0	1	0	0	1	0	0	0	0	0	2	0	0
Sci Adv	2023-10-01	10491289	157877	11131	0	8	0	0	0	0	1	0	0	3	3	3	0	0	0	0	27	0	0	2	0	0	0	3	0	0	0	0	0	0	0	0	0	0
Sci Adv	2023-10-01	10482339	197494	12330	0	2	1	0	0	0	5	3	0	0	3	0	0	0	1	0	10	0	0	2	0	0	0	0	2	0	0	0	2	1	0	0	0	0
Sci Adv	2023-10-01	10482351	124130	8372	0	9	1	0	0	0	0	1	0	0	2	0	0	0	0	0	29	0	0	0	0	0	0	0	0	0	0	0	0	2	0	0	0	0
Sci Adv	2023-10-01	10881048	85134	6297	0	2	0	0	0	0	2	0	0	0	0	0	0	0	0	0	4	0	0	0	0	0	1	0	0	0	0	0	2	0	0	0	0	0
Sci Adv	2023-10-01	10499329	219166	13581	0	1	0	4	0	0	1	1	0	4	0	1	0	0	0	0	27	0	0	0	0	0	0	0	0	0	0	0	0	0	0	1	0	0
Sci Adv	2023-10-01	10881072	146057	12379	0	3	0	0	0	0	3	0	0	0	10	12	0	0	0	0	16	0	1	3	0	0	1	0	0	0	0	0	0	0	0	0	0	0
Sci Adv	2023-10-01	10499309	58851	5409	0	10	1	0	0	0	0	4	0	0	15	2	0	0	0	0	19	0	0	0	0	0	0	0	0	0	1	0	0	0	0	0	0	0
Sci Adv	2023-10-01	10499326	214547	14983	0	13	0	5	0	0	0	1	0	0	0	0	0	0	0	0	26	0	0	1	0	0	1	0	0	0	0	0	0	0	0	0	0	0
Sci Adv	2023-10-01	10881025	125903	8592	0	3	0	1	0	0	0	2	0	2	4	2	0	0	0	0	9	0	0	2	0	0	0	0	0	0	0	0	0	0	0	0	0	0
Sci Adv	2023-10-01	10499310	74654	5197	0	1	0	0	0	0	0	0	0	0	9	0	0	0	0	0	2	0	0	1	0	0	0	0	0	0	0	0	0	0	0	0	0	0
Sci Adv	2023-10-01	10881079	182650	11820	0	2	1	9	0	0	2	2	0	1	1	1	0	0	0	0	20	0	0	14	0	0	0	0	0	0	0	0	0	0	0	0	0	0
Sci Adv	2023-10-01	10881046	119852	10867	0	15	1	4	0	0	0	0	0	7	6	3	0	0	0	0	12	0	0	0	0	0	0	0	0	0	0	0	0	4	0	0	0	0
Sci Adv	2023-10-01	10499313	236505	15521	0	13	3	2	0	0	1	6	0	2	3	1	0	1	0	0	19	0	0	0	0	0	1	0	0	0	0	0	0	0	0	0	0	0
Sci Adv	2023-10-01	10499311	152947	12089	0	5	0	4	0	0	0	0	0	1	0	10	0	0	0	0	15	0	0	3	0	0	1	0	1	0	0	0	0	1	0	0	0	0
Sci Adv	2023-10-01	10881076	236709	18313	0	9	0	8	0	0	1	0	0	1	1	7	0	0	0	0	11	0	0	3	0	0	0	1	0	0	0	0	1	0	2	0	0	0
Sci Adv	2023-10-01	10499312	117791	8835	0	3	0	0	0	0	0	0	0	0	0	0	0	0	0	0	3	0	0	0	0	0	0	0	0	0	0	0	0	0	0	0	0	0
Sci Adv	2023-10-01	10881074	147067	11526	0	15	1	3	0	0	1	1	0	0	1	4	0	0	1	0	6	0	1	0	0	0	0	0	0	0	0	0	0	0	1	0	0	0
Sci Adv	2023-10-01	10499318	322653	18973	0	9	0	7	0	0	2	3	0	1	22	1	0	0	0	0	20	0	0	9	0	0	0	0	0	0	0	0	1	0	0	0	0	0
Sci Adv	2023-10-01	10881058	206185	16877	0	14	0	1	0	0	2	0	0	1	0	4	0	0	1	0	10	0	0	0	0	0	0	0	0	0	0	0	0	0	0	0	0	0
Sci Adv	2023-10-01	10881050	113891	7263	0	2	0	1	0	0	5	3	0	1	0	3	0	0	0	0	5	0	1	0	0	1	0	0	0	0	0	0	0	1	0	0	0	0
Sci Adv	2023-10-01	10881073	177856	14548	0	2	0	3	0	0	1	5	0	1	0	3	0	0	0	0	12	0	0	2	0	0	0	0	1	0	0	0	0	0	0	0	0	0
Sci Adv	2023-10-01	10846868	194457	11382	0	5	1	0	0	0	0	1	0	0	35	3	0	0	0	0	10	0	0	1	0	0	1	0	1	0	0	0	0	0	0	2	0	0
Sci Adv	2023-10-01	10881078	226382	13399	0	5	1	0	0	0	0	3	0	0	2	3	0	0	0	0	39	0	0	8	0	0	0	1	0	0	0	0	0	1	0	0	0	0
Sci Adv	2023-10-01	10499315	125259	9556	0	2	0	1	0	0	0	1	0	0	1	4	0	0	0	0	13	0	0	1	0	0	0	0	0	0	0	0	0	0	0	0	0	0
Sci Adv	2023-10-01	10499320	119750	7923	0	2	0	0	0	0	0	0	0	0	0	0	0	0	0	0	6	0	0	0	0	0	0	0	0	0	0	0	0	0	0	0	0	0
Sci Adv	2023-10-01	10881071	178342	14318	0	17	1	1	0	0	2	0	0	1	3	5	0	1	0	0	29	0	1	2	0	0	0	1	1	0	0	1	0	0	0	0	0	1
Sci Adv	2023-10-01	10499314	221484	17582	0	15	0	1	0	0	0	2	0	1	1	0	0	0	0	0	16	0	0	0	0	0	0	0	0	0	0	0	0	0	0	0	0	0
Sci Adv	2023-10-01	10499325	241511	16476	0	11	1	4	0	0	1	14	0	0	1	5	0	0	0	0	6	0	0	1	0	0	0	0	0	0	0	0	0	0	0	0	0	0
Sci Adv	2023-10-01	10511201	180679	14454	0	14	0	0	0	0	0	1	0	0	7	2	0	0	0	0	11	0	0	2	0	0	1	0	1	7	0	0	0	0	0	0	0	0
Sci Adv	2023-10-01	10511187	199591	13766	0	21	0	1	0	0	0	13	0	0	0	5	0	0	0	0	17	0	0	2	0	0	0	0	0	0	0	0	0	0	0	0	0	0
Sci Adv	2023-10-01	10511189	154204	11270	0	17	0	1	0	0	11	1	0	0	2	1	0	0	0	0	8	0	0	2	0	0	2	0	0	0	0	0	0	1	3	0	0	0
Sci Adv	2023-10-01	10516488	162885	14845	0	5	2	6	0	0	0	0	0	8	0	2	0	0	0	0	2	0	0	0	0	0	0	0	0	0	0	0	0	0	0	0	0	0
Sci Adv	2023-10-01	10516497	138155	10390	0	1	0	0	0	0	1	6	0	6	3	11	0	0	0	0	3	0	0	0	0	0	0	0	0	0	0	0	0	0	0	0	0	0
Sci Adv	2023-10-01	10511197	114634	7691	0	0	0	0	0	0	1	1	0	0	0	1	0	0	0	0	2	0	0	0	0	0	0	0	2	0	0	0	0	0	0	0	0	0
Sci Adv	2023-10-01	10511199	166779	11233	0	16	1	0	0	0	1	0	0	0	0	3	0	0	1	0	12	0	0	0	0	0	0	1	0	0	0	0	0	0	0	0	0	0
Sci Adv	2023-10-01	10511190	114384	9836	0	0	1	0	0	0	4	0	0	0	0	3	0	0	0	0	7	0	0	0	0	0	0	0	0	0	0	0	0	0	0	0	0	0
Sci Adv	2023-10-01	10516498	335323	15225	0	8	0	2	0	0	0	1	0	0	0	5	0	0	0	0	35	0	2	2	0	0	0	0	0	0	0	0	0	0	0	0	0	0
Sci Adv	2023-10-01	10511195	172327	15549	0	20	0	9	0	0	2	6	0	0	6	0	0	0	0	2	16	0	0	1	0	0	1	1	1	0	0	0	0	0	0	1	1	0
Sci Adv	2023-10-01	10511183	114999	8577	0	0	0	0	0	0	0	0	0	0	1	0	0	0	0	0	19	0	0	0	0	0	0	0	1	0	0	0	0	0	0	0	0	0
Sci Adv	2023-10-01	10511202	171636	11856	0	3	1	0	0	0	1	1	0	1	6	3	0	0	0	0	16	0	0	2	0	0	0	0	0	0	0	0	0	0	0	0	0	0
Sci Adv	2023-10-01	10881057	137325	10486	0	5	0	4	0	0	0	0	0	0	5	0	0	0	0	0	25	0	0	3	0	0	3	0	0	0	0	0	0	0	0	0	0	0
Sci Adv	2023-10-01	11320335	207568	13978	0	15	0	1	0	0	0	1	0	0	18	1	0	0	3	0	18	0	0	1	0	0	0	0	0	0	0	0	0	0	1	0	0	0
Sci Adv	2023-10-01	10511191	166188	10596	0	3	3	0	0	0	0	1	0	3	1	5	0	0	0	0	5	0	0	0	0	0	0	0	0	0	0	0	0	0	0	0	0	0
Sci Adv	2023-10-01	10511185	119456	9130	0	8	0	1	0	0	5	1	0	96	5	0	0	0	0	0	11	0	0	3	0	0	0	0	0	0	1	0	0	0	0	0	0	0
Sci Adv	2023-10-01	10516494	179392	11303	0	0	0	3	0	0	2	5	0	0	1	4	0	0	0	0	23	0	1	0	0	0	0	0	0	0	0	0	0	1	0	0	0	0
Sci Adv	2023-10-01	10516493	174012	11914	0	3	0	3	0	0	1	4	0	1	2	0	0	0	0	0	17	0	0	1	0	0	1	0	0	0	0	0	0	0	0	0	0	0
Sci Adv	2023-10-01	10881030	131635	9673	0	5	0	0	0	1	1	1	0	0	11	4	0	0	0	0	7	0	1	0	0	0	1	0	0	0	0	0	0	0	0	0	0	0
Sci Adv	2023-10-01	10511184	140266	8097	0	16	1	1	0	0	6	0	0	0	7	1	0	0	1	0	39	0	0	2	0	0	2	1	2	0	0	0	0	0	0	0	0	0
Sci Adv	2023-10-01	10516501	239308	19456	0	45	0	7	0	0	3	0	0	1	3	2	0	0	0	0	11	0	0	3	0	0	0	0	0	0	0	0	0	0	0	0	0	0
Sci Adv	2023-10-01	10516491	147422	14137	0	1	0	0	0	0	1	0	0	5	2	1	0	0	0	0	26	0	0	0	0	0	0	0	1	0	0	0	0	0	0	0	0	0
Sci Adv	2023-10-01	10511200	137656	10401	0	13	0	0	0	0	1	1	0	16	11	8	0	0	0	0	7	0	0	0	0	0	0	0	0	0	0	0	0	0	0	0	0	0
Sci Adv	2023-10-01	10516489	144150	12363	0	2	0	0	0	0	1	2	0	0	11	3	0	1	0	0	56	0	1	1	0	0	1	0	1	0	0	0	3	0	0	0	1	0
Sci Adv	2023-10-01	10516504	166610	15084	0	4	1	3	0	0	7	0	0	1	0	3	0	0	0	0	22	0	0	0	0	0	1	0	1	0	0	0	0	0	0	0	0	0
Sci Adv	2023-10-01	10530075	133417	12022	0	20	0	5	0	0	0	4	0	4	0	3	0	0	0	1	30	0	0	1	0	0	4	1	0	0	0	0	0	0	0	0	0	0
Sci Adv	2023-10-01	10530227	151555	11444	0	0	0	1	0	0	1	0	0	0	10	1	0	0	0	0	28	0	0	3	0	0	0	1	0	0	0	0	0	0	0	0	0	0
Sci Adv	2023-10-01	10541501	176451	12771	0	8	0	2	0	1	0	2	0	0	35	0	0	0	2	0	9	0	0	2	0	0	0	0	0	0	0	0	0	0	0	0	0	0
Sci Adv	2023-10-01	10530225	180539	12819	0	3	2	2	0	0	0	0	0	2	1	1	0	0	0	0	10	0	0	3	0	0	0	0	0	0	0	0	0	0	0	0	0	0
Sci Adv	2023-10-01	10541499	102043	7197	0	2	1	0	0	0	1	0	0	0	0	1	0	0	0	0	5	0	0	0	0	0	1	0	0	0	0	0	0	0	0	0	0	0
Sci Adv	2023-10-01	10541008	121359	9004	0	1	0	1	0	0	0	0	0	0	0	4	0	0	0	0	12	0	0	0	0	0	0	1	0	0	0	0	0	1	0	0	0	0
Sci Adv	2023-10-01	11090372	227253	13577	0	1	1	0	0	0	4	0	0	0	1	2	0	0	0	0	4	0	0	0	0	0	0	0	0	0	0	0	0	1	0	0	0	0
Sci Adv	2023-10-01	10530074	231823	15720	0	12	1	1	0	0	7	16	0	0	1	0	0	0	0	0	35	0	0	2	0	0	0	0	0	0	0	0	1	0	0	0	0	0
Sci Adv	2023-10-01	10541001	4396	324	0	0	0	0	0	0	0	0	0	0	0	0	0	0	0	0	0	0	0	0	0	0	0	0	0	0	0	0	0	0	0	1	0	0
Sci Adv	2023-10-01	10530096	160542	12496	0	13	0	0	0	0	0	0	0	2	2	0	0	0	1	0	9	0	0	2	0	0	0	0	1	0	0	0	0	0	0	0	0	0
Sci Adv	2023-10-01	10530078	143446	10246	0	2	2	0	0	1	0	0	0	0	17	0	0	0	1	0	23	0	0	1	0	0	0	0	0	0	0	0	0	0	0	0	0	0
Sci Adv	2023-10-01	10541002	50612	5412	0	0	1	0	0	0	0	1	0	0	4	2	0	0	0	0	8	0	0	1	0	0	0	0	0	0	0	0	0	0	0	0	0	0
Sci Adv	2023-10-01	10541500	158849	12109	0	6	0	1	0	0	2	2	0	1	16	0	0	0	0	0	12	0	0	4	0	0	1	0	0	0	0	0	0	0	0	1	0	0
Sci Adv	2023-10-01	10541018	226887	13257	0	9	0	0	0	0	1	1	0	1	0	7	0	0	0	0	31	0	0	5	0	1	0	0	0	0	0	0	0	0	0	0	0	0
Sci Adv	2023-10-01	10530063	148558	7780	0	0	2	0	0	0	0	0	0	5	0	0	0	0	1	0	5	0	0	1	0	0	0	0	0	0	0	0	0	0	0	0	0	0
Sci Adv	2023-10-01	10530082	181337	13452	0	8	2	1	0	0	0	0	0	0	4	2	0	0	0	0	6	0	0	0	0	0	0	0	0	0	0	0	1	0	0	0	0	0
Sci Adv	2023-10-01	10530081	132170	9811	0	12	0	6	0	0	0	0	0	0	13	0	0	0	0	0	15	0	1	3	0	0	0	0	0	0	0	0	0	0	0	0	0	0
Sci Adv	2023-10-01	10541502	150754	10458	0	4	0	1	0	0	5	1	0	0	1	7	0	0	0	0	15	0	0	0	0	0	0	0	0	0	0	0	0	0	1	0	0	0
Sci Adv	2023-10-01	10541015	222966	16416	0	13	0	9	0	0	9	8	0	0	10	0	0	0	1	0	37	0	2	0	0	0	0	4	0	0	0	0	0	0	0	0	0	0
Sci Adv	2023-10-01	10541014	165976	14033	0	12	0	0	0	0	1	0	0	0	4	1	0	0	0	0	25	0	0	4	0	0	0	0	0	0	0	0	0	0	0	0	0	0
Sci Adv	2023-10-01	10530077	119587	9571	0	2	0	0	0	0	0	2	0	2	2	5	0	0	1	1	10	0	0	0	0	0	1	0	0	0	0	0	0	0	0	0	0	0
Sci Adv	2023-10-01	10541007	136447	11719	0	2	0	4	0	0	7	3	0	3	0	0	0	0	0	0	15	0	1	1	0	0	1	0	0	0	0	0	0	0	0	0	0	0
Sci Adv	2023-10-01	10541005	133244	9012	0	0	0	0	0	0	0	0	0	0	3	0	0	0	0	0	7	0	0	1	0	0	0	0	0	0	0	0	0	2	0	0	0	0
Sci Adv	2023-10-01	10541006	102122	6963	0	1	0	0	0	0	0	0	0	0	1	1	0	0	0	0	4	0	1	1	0	0	0	0	0	0	0	0	0	1	0	0	0	0
Sci Adv	2023-10-01	10541016	232824	18078	0	14	0	2	0	1	4	3	0	0	2	1	0	0	1	0	12	0	0	2	0	0	0	1	0	0	0	0	1	0	0	1	0	0
