journal	date	pmc_id	Nchars	Nwords	delve	analyse	acknowledge	assess	appraise	dissect	explore	examine	extricate	expose	estimate	investigate	inquire	inspect	interpret	scrutinise	study	unearth	uncover	understand	ponder	research	reason	retrieve	avoid	discount	disregard	dismiss	ignore	neglect	overlook	omit	skip	reject
Sci Adv	2022-10-01	9258955	160769	13064	0	2	0	0	0	0	0	2	0	4	4	0	0	0	0	0	34	0	0	2	0	0	0	0	0	0	0	0	0	0	0	0	0	0
Sci Adv	2022-10-01	9258819	118726	8809	0	0	0	0	0	0	0	1	0	0	1	0	0	0	0	0	6	0	0	0	0	0	1	0	0	0	0	0	0	0	0	0	0	0
Sci Adv	2022-10-01	9258816	119034	6675	0	0	0	0	0	0	1	0	0	0	1	0	0	0	0	0	0	0	0	1	0	0	0	0	2	0	0	0	0	0	0	0	0	0
Sci Adv	2022-10-01	9269880	195165	17013	0	8	0	0	0	0	0	1	0	0	10	2	0	0	0	0	17	0	0	2	0	0	0	0	0	0	0	0	0	0	0	0	0	0
Sci Adv	2022-10-01	9269892	114485	7057	0	0	0	0	0	0	0	0	0	0	1	0	0	0	0	0	5	0	0	0	0	0	0	0	1	0	0	0	0	0	0	0	0	0
Sci Adv	2022-10-01	9269884	93846	8038	0	1	1	0	0	0	1	0	0	3	2	0	0	0	0	0	4	0	0	4	0	0	1	0	0	0	0	0	0	0	0	0	0	0
Sci Adv	2022-10-01	9269894	142413	9990	0	3	0	3	0	0	0	6	0	0	1	5	0	0	0	0	7	0	0	0	0	0	0	0	0	0	0	0	0	0	0	0	0	0
Sci Adv	2022-10-01	9269878	127608	8084	0	5	0	0	0	0	0	1	0	0	0	1	0	0	0	0	4	0	0	0	0	0	0	0	0	0	0	0	0	0	0	0	0	0
Sci Adv	2022-10-01	9258949	122957	9915	0	9	0	1	0	0	0	8	0	0	12	4	0	0	0	0	8	0	0	1	0	0	2	0	0	0	0	0	0	0	0	0	0	0
Sci Adv	2022-10-01	9258809	218344	14360	0	2	0	4	0	0	0	0	0	2	3	0	0	0	0	0	6	0	3	1	0	0	0	0	0	0	0	0	0	0	0	0	0	0
Sci Adv	2022-10-01	9258812	155454	10220	0	1	0	1	0	0	1	0	0	1	18	3	0	0	0	0	2	0	0	2	0	0	0	1	1	0	0	0	0	1	0	0	0	0
Sci Adv	2022-10-01	9258954	168244	11585	0	6	0	0	0	0	0	0	0	1	1	0	0	0	0	0	7	0	0	1	0	0	0	0	0	0	0	0	0	0	0	1	0	0
Sci Adv	2022-10-01	9269887	104528	6465	0	1	0	0	0	0	0	0	0	0	1	4	0	0	0	0	5	0	0	0	0	0	0	0	1	0	0	0	0	0	0	0	0	0
Sci Adv	2022-10-01	9258951	143208	12830	0	1	1	1	0	1	0	2	0	2	0	1	0	0	3	0	54	0	0	4	0	0	1	1	0	0	0	0	0	0	0	0	0	0
Sci Adv	2022-10-01	9258952	173623	12794	0	4	0	3	0	0	0	0	0	3	0	0	0	0	1	0	56	0	0	0	0	0	0	0	0	0	0	0	0	0	0	0	0	0
Sci Adv	2022-10-01	9269896	164126	13345	0	6	0	1	0	0	7	1	0	0	0	2	0	0	0	0	26	0	0	0	0	0	1	0	0	0	0	0	0	0	0	0	0	0
Sci Adv	2022-10-01	9269890	110758	7896	0	3	1	0	0	0	0	0	0	3	0	0	0	0	0	0	2	0	0	0	0	0	0	0	0	0	0	0	0	0	0	0	0	0
Sci Adv	2022-10-01	9258947	115761	7403	0	2	0	0	0	0	0	0	0	0	0	0	0	0	0	0	1	0	0	1	0	0	1	0	0	0	0	0	1	0	0	0	0	0
Sci Adv	2022-10-01	9258811	131156	8771	0	1	0	0	0	0	1	1	0	0	0	1	0	0	2	0	10	0	0	1	0	0	1	0	0	0	0	0	0	1	0	0	0	0
Sci Adv	2022-10-01	9269891	116698	10578	0	3	0	0	0	0	0	1	0	0	0	3	0	0	0	0	1	0	0	0	0	0	0	1	0	0	0	0	0	0	0	0	0	0
Sci Adv	2022-10-01	9714774	107102	6746	0	5	0	0	0	0	1	0	0	0	1	0	0	0	0	0	2	0	0	0	0	0	0	4	1	0	0	0	0	0	0	0	0	0
Sci Adv	2022-10-01	9258826	203351	14970	0	24	0	0	0	0	2	7	0	0	4	6	0	0	0	0	18	0	0	1	0	0	0	0	0	0	0	0	0	1	0	0	1	0
Sci Adv	2022-10-01	9258953	189478	14277	0	10	0	3	0	0	4	0	0	0	0	1	0	0	0	0	12	0	0	0	0	0	0	0	0	0	0	0	0	0	0	0	0	0
Sci Adv	2022-10-01	9262326	233149	11241	0	4	7	1	0	0	2	0	0	0	11	1	0	0	0	0	5	0	0	0	0	0	0	0	0	0	0	0	0	0	0	0	0	0
Sci Adv	2022-10-01	9269885	229122	16067	0	23	0	0	0	0	0	0	0	1	0	5	0	0	0	0	16	0	0	0	0	0	0	0	0	0	0	0	0	0	0	0	0	0
Sci Adv	2022-10-01	10942770	114877	7844	0	0	0	0	0	0	0	0	0	0	0	3	0	0	0	0	4	0	0	0	0	0	0	0	2	0	0	0	0	0	0	0	0	0
Sci Adv	2022-10-01	9278861	107174	8535	0	1	2	0	0	0	0	3	0	0	0	0	0	0	0	0	4	0	0	0	0	0	0	0	0	0	0	0	0	0	0	0	0	0
Sci Adv	2022-10-01	9278865	268101	19112	0	16	0	3	0	0	0	2	0	1	5	2	0	0	0	0	23	0	0	0	0	0	0	0	1	0	0	0	0	0	0	0	0	0
Sci Adv	2022-10-01	9286504	120253	10585	0	3	1	0	0	0	0	3	0	0	12	0	0	0	0	0	18	0	0	0	0	0	0	0	0	0	0	0	0	0	0	0	0	0
Sci Adv	2022-10-01	9286506	312538	14567	0	2	1	0	0	0	0	1	0	0	8	0	0	0	4	0	13	0	0	1	0	0	0	2	1	0	0	0	0	1	1	0	0	0
Sci Adv	2022-10-01	9278863	155226	11932	0	6	0	1	0	1	0	0	0	9	2	4	0	0	1	0	6	0	1	2	0	0	0	0	0	0	0	0	0	0	0	2	0	0
Sci Adv	2022-10-01	9278870	145212	11312	0	2	0	1	0	2	3	1	0	0	8	4	0	0	1	0	13	0	0	1	0	0	1	0	0	0	0	0	0	0	0	0	0	0
Sci Adv	2022-10-01	9286508	133717	10318	0	2	0	0	0	0	1	1	0	0	3	6	0	0	0	0	12	0	1	2	0	0	0	0	1	0	0	0	0	0	0	0	0	0
Sci Adv	2022-10-01	11581128	129341	11588	0	4	0	0	0	0	0	0	0	11	4	5	0	0	0	0	12	0	0	0	0	0	0	0	0	0	0	0	1	0	0	0	0	0
Sci Adv	2022-10-01	9286499	117281	8285	0	3	3	0	0	0	0	0	0	0	1	2	0	0	2	0	8	0	0	3	0	0	1	0	0	0	0	0	0	0	0	0	0	0
Sci Adv	2022-10-01	9286512	210269	16144	0	11	0	11	0	0	0	3	0	0	2	5	0	0	0	0	18	0	0	2	0	0	0	0	0	0	0	0	0	0	0	0	0	0
Sci Adv	2022-10-01	9286500	144394	11410	0	19	0	4	0	0	1	6	0	1	0	6	0	0	0	0	10	0	0	4	0	0	0	0	0	0	0	0	0	0	0	0	0	0
Sci Adv	2022-10-01	9278853	150991	13417	0	16	0	5	0	0	0	1	0	2	0	0	0	0	0	0	30	0	0	0	0	0	0	0	1	0	0	0	0	0	0	0	23	0
Sci Adv	2022-10-01	11581130	137326	9559	0	4	0	0	0	0	1	2	0	0	0	2	0	0	0	0	7	0	0	0	0	0	0	0	0	0	0	0	0	0	1	0	0	0
Sci Adv	2022-10-01	9286507	178453	12830	0	16	0	1	0	0	0	16	0	1	0	2	0	0	0	0	4	0	0	1	0	0	1	0	0	0	0	0	0	0	0	0	0	0
Sci Adv	2022-10-01	9286505	165223	13018	0	10	0	4	0	0	0	2	0	0	4	5	0	2	0	0	40	0	3	3	0	0	0	0	0	0	0	0	0	0	0	0	0	0
Sci Adv	2022-10-01	9286503	156779	13520	0	6	0	0	0	0	2	0	0	0	0	4	0	0	0	0	9	0	0	4	0	0	0	0	0	0	0	0	0	0	0	0	0	0
Sci Adv	2022-10-01	9278860	313926	23049	0	19	0	1	0	1	3	0	0	3	2	7	0	1	0	2	21	0	1	0	0	0	0	0	0	0	0	0	0	0	0	0	0	0
Sci Adv	2022-10-01	9278856	125095	11915	0	5	0	1	0	0	0	5	0	2	19	0	0	0	1	0	7	0	0	1	0	0	0	0	1	0	0	0	1	0	1	1	0	0
Sci Adv	2022-10-01	9278866	256609	16366	0	11	1	5	0	0	6	0	0	13	0	8	0	0	0	0	25	0	0	2	0	0	0	0	0	0	0	0	0	0	0	0	0	0
Sci Adv	2022-10-01	9278849	102078	6633	0	4	0	0	0	0	0	0	0	0	1	0	0	0	0	0	7	0	0	0	0	0	0	0	0	0	0	0	0	0	0	0	0	0
Sci Adv	2022-10-01	9278855	134552	9750	0	2	5	0	0	0	5	4	0	0	2	1	0	0	0	0	5	0	0	2	0	0	0	0	2	0	0	0	0	0	0	0	0	0
Sci Adv	2022-10-01	9278851	131212	11559	0	2	0	2	0	2	0	9	0	0	2	5	0	0	0	0	8	0	0	0	0	0	0	0	0	0	0	0	0	0	0	0	0	0
Sci Adv	2022-10-01	9278868	130439	8592	0	1	1	0	0	0	0	1	0	0	3	1	0	0	0	0	4	0	0	2	0	0	0	0	1	0	0	0	0	0	0	0	0	0
Sci Adv	2022-10-01	9286510	152957	11318	0	6	0	2	0	0	0	2	0	4	5	2	0	1	0	0	12	0	1	0	0	0	0	0	2	0	0	0	0	0	0	0	0	0
Sci Adv	2022-10-01	9299554	128020	7509	0	1	8	0	0	0	2	0	0	0	0	0	0	0	0	0	13	0	0	3	0	0	0	0	1	0	0	0	0	1	0	0	0	0
Sci Adv	2022-10-01	9307244	111271	9408	0	3	0	0	0	2	1	1	0	1	0	9	0	0	0	0	10	0	2	2	0	0	1	0	1	0	0	0	0	0	0	0	0	0
Sci Adv	2022-10-01	9299549	130910	10729	0	4	0	1	0	0	0	2	0	0	3	6	0	0	2	0	4	0	0	1	0	0	0	0	0	0	0	0	0	0	0	0	1	0
Sci Adv	2022-10-01	9299543	189532	11535	0	4	1	0	0	0	1	0	0	3	3	8	0	0	0	0	7	0	0	1	0	0	0	0	1	0	0	0	0	0	0	0	0	0
Sci Adv	2022-10-01	9299542	235545	17407	0	4	1	1	0	0	2	4	0	3	2	2	0	0	0	0	4	0	0	1	0	0	0	0	0	0	0	0	0	0	0	0	0	0
Sci Adv	2022-10-01	9299555	197346	14132	0	1	0	0	0	0	3	4	0	0	1	1	0	0	0	0	27	0	0	6	0	0	0	0	0	0	0	0	0	0	0	0	0	0
Sci Adv	2022-10-01	9307253	190195	14448	0	30	0	0	0	0	0	0	0	0	1	8	0	0	0	0	17	0	0	0	0	0	0	0	0	0	0	0	0	0	0	0	0	0
Sci Adv	2022-10-01	9307254	195551	14977	0	18	0	1	0	0	2	3	0	2	0	7	0	0	0	0	22	0	0	0	0	0	1	10	0	0	0	0	0	0	0	0	0	9
Sci Adv	2022-10-01	9307243	206869	16059	0	11	0	1	0	0	0	1	0	2	0	1	0	0	0	0	60	0	0	6	0	0	0	0	0	0	0	0	0	0	0	0	0	0
Sci Adv	2022-10-01	9307251	145310	11094	0	7	0	8	0	0	1	2	0	0	5	2	0	0	1	0	18	0	0	4	0	0	2	0	0	0	0	0	0	0	0	0	0	0
Sci Adv	2022-10-01	9299537	246366	18265	0	12	0	4	0	5	3	8	0	0	1	8	0	0	1	0	16	0	0	1	0	0	0	0	1	0	0	0	0	0	0	0	0	0
Sci Adv	2022-10-01	9299539	231445	20220	0	20	0	0	0	5	1	6	0	1	0	8	0	0	0	0	11	0	0	0	0	0	0	0	0	0	0	0	0	0	0	0	0	0
Sci Adv	2022-10-01	11587915	209791	13797	0	9	0	1	0	0	0	1	0	0	16	0	0	0	1	0	15	0	0	3	0	0	0	0	0	0	0	0	0	0	0	0	0	0
Sci Adv	2022-10-01	9307242	130992	9816	0	10	0	1	0	0	2	4	0	0	0	0	0	0	0	0	13	0	1	0	0	0	0	1	1	0	0	0	0	0	0	0	0	0
Sci Adv	2022-10-01	9307252	186693	14454	0	11	0	1	0	0	1	4	0	0	3	4	0	0	0	0	16	0	0	1	0	0	0	0	0	0	0	0	0	0	0	0	0	0
Sci Adv	2022-10-01	9299556	171818	13400	0	5	2	1	0	0	5	0	0	0	1	1	0	0	1	0	25	0	0	4	0	0	0	0	0	0	0	0	0	1	0	0	0	0
Sci Adv	2022-10-01	9299534	116933	8420	0	0	0	0	0	0	2	0	0	0	0	2	0	0	0	0	8	0	0	0	0	0	1	0	0	0	0	0	0	0	0	0	0	0
Sci Adv	2022-10-01	9299552	159002	12369	0	10	0	1	0	1	1	0	0	0	1	3	0	0	0	0	20	0	0	0	0	0	0	0	0	0	0	0	0	0	0	0	0	0
Sci Adv	2022-10-01	9299541	112826	8847	0	5	1	0	0	1	3	1	0	1	8	6	0	0	0	0	14	0	0	2	0	0	0	0	0	0	0	0	0	0	0	0	0	0
Sci Adv	2022-10-01	9299546	125223	9073	0	3	2	2	0	0	0	0	0	0	0	0	0	0	2	0	8	0	0	0	0	0	0	1	0	0	0	0	0	0	0	0	0	0
Sci Adv	2022-10-01	9299540	168805	14764	0	5	0	1	0	2	0	1	0	0	7	0	2	0	1	0	21	0	0	1	0	0	0	0	0	0	0	0	0	0	0	0	0	0
Sci Adv	2022-10-01	9307240	142476	9150	0	4	0	0	0	0	1	0	0	0	0	1	0	0	0	0	3	0	0	1	0	0	0	0	0	0	0	0	0	0	0	0	0	0
Sci Adv	2022-10-01	9299551	196805	15138	0	13	2	1	0	0	0	0	0	0	0	0	0	0	0	0	9	0	0	2	0	0	0	0	0	0	0	0	0	0	0	0	0	0
Sci Adv	2022-10-01	9307249	163889	10902	0	2	0	0	0	0	1	1	0	0	0	2	0	0	0	0	5	0	1	2	0	0	1	2	0	0	0	0	0	1	0	0	0	0
Sci Adv	2022-10-01	9299548	148078	8907	0	2	1	0	0	0	0	0	0	0	0	3	0	0	5	0	21	0	0	0	0	0	0	1	0	0	0	0	0	0	0	0	0	0
Sci Adv	2022-10-01	9328690	191783	14817	0	15	0	2	0	2	1	4	0	2	0	1	0	0	1	0	32	0	3	1	0	0	0	0	0	0	0	0	0	0	0	0	0	0
Sci Adv	2022-10-01	9337757	161149	12882	0	5	3	1	0	0	0	1	0	0	0	1	0	0	0	0	3	0	0	2	0	0	0	0	1	0	0	0	0	0	0	0	0	0
Sci Adv	2022-10-01	9337762	175802	12536	0	10	0	1	0	2	1	6	0	0	0	3	0	0	0	0	15	0	0	2	0	0	1	0	0	0	0	0	0	0	0	0	0	0
Sci Adv	2022-10-01	9337768	197232	14427	0	3	3	0	0	0	0	0	0	4	0	0	0	0	0	0	10	0	0	0	0	0	0	0	1	0	0	0	0	0	0	0	0	0
Sci Adv	2022-10-01	9328679	153182	10667	0	2	0	0	0	0	0	0	0	1	2	2	0	0	0	0	12	0	0	1	0	0	0	0	0	0	0	0	1	0	0	0	0	0
Sci Adv	2022-10-01	9328692	182858	13582	0	2	2	2	0	0	0	0	0	0	5	3	0	0	1	0	13	0	0	1	0	0	1	0	1	0	0	0	0	0	1	0	0	0
Sci Adv	2022-10-01	9337764	110587	7995	0	1	0	0	0	0	0	4	0	2	0	3	0	0	0	0	10	0	0	1	0	0	0	0	0	0	0	0	0	0	0	0	0	0
Sci Adv	2022-10-01	9328686	131544	9361	0	2	1	0	0	0	1	1	0	0	5	3	0	0	0	0	17	0	0	0	0	0	0	0	2	0	0	0	0	0	0	0	0	0
Sci Adv	2022-10-01	9337756	113754	8373	0	5	1	0	0	0	1	0	0	0	7	0	0	0	1	0	1	0	0	0	0	0	0	0	1	0	0	0	0	0	0	0	0	0
Sci Adv	2022-10-01	9337758	149914	11760	0	5	3	0	0	0	0	0	0	0	0	5	0	0	1	0	15	0	0	3	0	0	0	0	1	0	0	0	1	0	0	0	0	0
Sci Adv	2022-10-01	9328685	104903	7672	0	2	0	0	0	0	0	1	0	0	9	1	0	0	0	0	6	0	0	1	0	0	0	0	0	0	0	0	0	0	0	0	3	0
Sci Adv	2022-10-01	9328681	110309	7302	0	0	1	0	0	0	0	0	0	1	0	0	0	0	0	0	0	0	0	2	0	0	0	0	1	0	0	0	0	0	0	0	0	0
Sci Adv	2022-10-01	11325918	12704	1571	0	0	0	0	0	0	0	0	0	0	0	0	0	0	0	0	0	0	0	1	0	0	0	0	0	0	0	0	4	0	0	0	0	3
Sci Adv	2022-10-01	9328683	182997	15968	0	2	0	3	0	2	1	0	0	10	1	1	0	0	0	0	16	0	2	0	0	0	0	0	0	0	0	0	0	0	0	0	0	0
Sci Adv	2022-10-01	9328687	243800	21207	0	11	0	0	0	4	2	0	0	0	3	1	0	0	0	0	21	0	0	3	0	0	2	0	0	0	0	0	0	0	0	0	0	0
Sci Adv	2022-10-01	9328676	149504	11095	0	1	0	0	0	0	1	2	0	1	0	0	0	0	1	0	3	0	0	0	0	0	0	0	0	0	0	0	0	0	0	0	0	0
Sci Adv	2022-10-01	9328673	116824	8965	0	0	1	1	0	0	0	1	0	0	0	0	0	0	0	0	3	0	0	1	0	0	1	0	0	0	0	0	1	1	0	0	0	0
Sci Adv	2022-10-01	9337766	135763	11040	0	11	5	1	0	0	2	0	0	2	0	4	0	0	0	0	14	0	0	0	0	0	0	0	0	0	0	0	0	0	0	0	0	0
Sci Adv	2022-10-01	9328689	213081	18950	0	10	0	0	0	0	0	1	0	1	2	0	0	0	0	0	13	0	0	1	0	0	1	0	0	0	0	0	0	0	0	0	0	0
Sci Adv	2022-10-01	9337769	186858	13269	0	9	0	0	0	1	1	0	0	0	1	1	0	0	0	0	15	0	0	1	0	0	1	0	0	0	0	0	0	0	0	1	0	0
Sci Adv	2022-10-01	9337763	152176	9286	0	1	1	0	0	0	0	0	0	0	12	3	0	0	1	0	5	0	0	1	0	0	0	0	0	0	0	0	0	0	0	0	0	0
Sci Adv	2022-10-01	9328688	144366	9078	0	1	0	0	0	0	1	0	0	4	0	0	0	0	0	0	4	0	0	0	0	0	0	0	1	0	0	0	0	0	0	0	0	0
Sci Adv	2022-10-01	9337755	128061	8119	0	1	2	0	0	0	0	0	0	0	0	0	0	0	0	0	6	0	0	1	0	0	2	0	0	0	0	0	0	0	0	0	0	0
Sci Adv	2022-10-01	9328691	137746	8986	0	2	1	0	0	0	0	2	0	0	0	6	0	0	1	0	4	0	0	0	0	1	0	0	0	0	0	0	1	0	0	0	0	0
Sci Adv	2022-10-01	9328677	178003	14635	0	9	0	0	0	0	0	1	0	2	0	2	0	0	0	0	1	0	0	0	0	0	0	0	0	0	0	0	0	0	0	0	0	0
Sci Adv	2022-10-01	9355362	168142	12294	0	4	0	0	0	0	1	2	0	0	9	1	0	0	0	0	31	0	0	0	0	0	0	0	0	0	0	0	0	0	0	1	0	0
Sci Adv	2022-10-01	9355361	121204	9031	0	1	0	0	0	0	3	0	0	0	0	0	0	0	0	0	7	0	0	0	0	0	0	2	0	0	0	0	0	0	0	0	0	0
Sci Adv	2022-10-01	9355354	119674	7348	0	0	2	0	0	0	1	0	0	0	1	2	0	0	0	0	2	0	0	0	0	0	0	0	0	0	0	0	0	0	0	0	0	1
Sci Adv	2022-10-01	9355349	154839	13834	0	4	1	0	0	0	0	4	0	0	9	1	0	0	1	0	10	0	0	1	0	0	0	0	0	0	0	0	0	0	1	0	0	0
Sci Adv	2022-10-01	9348795	189381	14796	0	6	0	1	0	5	4	3	0	4	1	3	0	0	0	0	13	0	1	1	0	0	1	0	0	0	0	0	0	0	0	0	0	0
Sci Adv	2022-10-01	9348785	129872	7621	0	1	0	0	0	0	0	0	0	0	0	0	0	0	0	0	0	0	0	0	0	0	0	0	0	0	0	0	0	0	0	0	0	0
Sci Adv	2022-10-01	9355360	120127	9255	0	2	0	0	0	0	0	0	0	1	1	3	0	0	0	0	8	0	0	1	0	0	0	0	0	0	0	0	0	0	0	0	0	0
Sci Adv	2022-10-01	9348802	221601	17971	0	14	0	6	0	0	3	1	0	0	7	1	0	0	0	0	17	0	2	2	0	0	0	0	1	0	0	0	0	0	0	0	0	0
Sci Adv	2022-10-01	9355359	129868	8384	0	0	0	0	0	0	0	0	0	0	0	2	0	0	0	0	3	0	0	0	0	0	0	0	0	0	0	0	0	0	0	0	0	0
Sci Adv	2022-10-01	9348798	236905	16778	0	8	0	1	0	0	2	2	0	0	81	0	0	0	1	0	26	0	0	3	0	0	2	2	0	0	0	0	0	0	0	1	0	0
Sci Adv	2022-10-01	9348794	158798	13170	0	5	0	0	0	0	0	0	0	0	1	0	0	0	3	0	23	0	0	1	0	0	0	0	0	0	0	0	0	0	0	0	0	0
Sci Adv	2022-10-01	9348792	170781	13830	0	12	1	0	0	0	1	0	0	1	2	5	0	0	0	0	8	0	1	2	0	0	0	1	0	0	0	0	0	0	0	0	7	0
Sci Adv	2022-10-01	9355357	137352	11145	0	3	0	0	0	0	0	2	0	9	3	1	0	0	0	0	8	0	1	3	0	0	1	0	0	0	0	0	0	0	0	0	0	0
Sci Adv	2022-10-01	9348790	113328	8790	0	0	0	0	0	0	1	1	0	0	46	2	0	0	0	0	14	0	0	2	0	0	0	0	0	0	0	0	0	0	0	2	0	0
Sci Adv	2022-10-01	9348801	217094	14118	0	18	0	0	0	0	2	2	0	0	37	8	0	0	3	0	31	0	0	1	0	0	0	0	0	0	0	0	0	0	0	0	0	0
Sci Adv	2022-10-01	9348786	117582	7470	0	1	0	0	0	0	2	0	0	0	1	1	0	0	0	0	8	0	0	0	0	0	0	0	0	0	1	0	0	0	0	0	0	0
Sci Adv	2022-10-01	9348803	210860	13457	0	8	0	2	0	0	0	0	0	0	3	2	0	0	0	0	13	0	0	0	0	0	0	1	0	0	0	0	0	0	0	0	0	0
Sci Adv	2022-10-01	9348788	131101	10108	0	5	0	0	0	0	0	1	0	0	0	2	0	0	0	0	6	0	1	2	0	0	1	0	0	0	0	0	0	0	0	0	0	0
Sci Adv	2022-10-01	9355363	175064	11077	0	0	0	1	0	1	1	0	0	0	2	2	0	0	2	0	14	0	0	7	0	0	0	0	0	0	0	0	0	3	0	0	0	0
Sci Adv	2022-10-01	9355365	169615	11354	0	6	0	1	0	0	2	2	0	0	0	4	0	0	0	0	7	0	0	1	0	0	0	0	0	0	0	0	0	0	0	0	0	0
Sci Adv	2022-10-01	9348799	214779	17562	0	11	0	9	0	0	0	0	0	0	3	3	0	0	0	0	5	0	0	0	0	0	1	0	0	0	0	0	0	0	0	0	0	0
Sci Adv	2022-10-01	9348797	174241	13163	0	6	0	1	0	0	0	1	0	0	0	2	0	0	1	0	13	0	0	1	0	0	0	0	0	0	0	0	0	0	0	0	0	0
Sci Adv	2022-10-01	9355367	299409	22844	0	8	8	5	0	0	20	0	0	0	2	2	0	0	3	0	143	0	1	20	0	1	2	0	1	0	0	0	0	0	2	0	0	0
Sci Adv	2022-10-01	9355350	211887	13085	0	0	1	5	0	0	3	0	0	0	2	2	0	0	0	1	12	0	4	9	0	0	1	0	0	0	0	0	0	0	0	0	0	0
Sci Adv	2022-10-01	9355353	102092	7417	0	3	1	1	0	0	0	0	0	0	0	0	0	0	0	0	7	0	0	0	0	0	1	0	0	0	0	0	0	0	1	0	0	0
Sci Adv	2022-10-01	9365280	205492	10942	0	0	3	0	0	0	1	3	0	0	0	1	0	0	0	0	17	0	3	0	0	0	0	0	0	0	0	0	0	0	0	0	0	0
Sci Adv	2022-10-01	9374335	193417	16611	0	42	1	2	0	0	0	0	0	1	0	2	0	0	0	0	17	0	0	0	0	0	2	0	0	0	0	0	0	0	0	0	0	0
Sci Adv	2022-10-01	9374331	124348	8589	0	1	0	0	0	0	1	0	0	2	3	6	0	0	2	0	10	0	0	0	0	0	0	0	0	0	0	0	0	0	0	0	0	0
Sci Adv	2022-10-01	9365290	133532	10261	0	18	1	0	0	0	0	0	0	4	5	1	0	0	2	0	9	0	0	1	0	0	0	0	0	0	0	0	0	0	0	0	0	0
Sci Adv	2022-10-01	9365289	172781	13801	0	31	0	8	0	0	2	1	0	1	5	11	0	1	0	0	32	0	0	1	0	0	144	0	1	0	0	0	0	0	0	0	0	0
Sci Adv	2022-10-01	9365270	142932	7772	0	0	0	0	0	0	0	0	0	0	3	0	0	0	0	0	0	0	0	0	0	0	0	0	1	0	0	0	0	0	0	0	0	0
Sci Adv	2022-10-01	9374333	187845	11017	0	1	0	0	0	0	0	1	0	0	0	0	0	0	0	0	11	0	0	3	0	0	2	0	1	0	0	0	0	1	0	0	0	0
Sci Adv	2022-10-01	9374346	197230	14264	0	11	1	0	0	0	0	1	0	0	1	1	0	0	0	0	3	0	0	1	0	0	0	0	0	0	0	0	0	0	0	0	0	0
Sci Adv	2022-10-01	9365274	160921	13370	0	5	0	0	0	0	2	2	0	0	2	4	0	0	1	0	12	0	0	3	0	0	0	0	0	0	0	0	0	0	0	0	1	0
Sci Adv	2022-10-01	9374336	142136	11939	0	16	0	2	0	0	9	3	0	0	1	1	0	1	1	0	14	0	1	4	0	0	0	0	0	0	0	0	1	0	0	0	0	0
Sci Adv	2022-10-01	11580828	143242	10901	0	6	1	1	0	0	1	5	0	3	1	4	0	0	0	0	9	0	0	2	0	0	1	0	0	0	0	0	0	0	0	0	0	0
Sci Adv	2022-10-01	9365277	188062	12295	0	13	0	1	0	5	3	3	0	0	0	7	0	0	0	0	31	0	0	1	0	0	1	0	0	0	0	0	0	0	0	0	0	0
Sci Adv	2022-10-01	9365284	387052	23510	0	8	3	4	0	0	2	2	0	0	8	0	0	0	0	0	16	0	1	4	0	0	0	0	0	0	0	0	1	0	1	0	0	0
Sci Adv	2022-10-01	9365281	101950	9044	0	1	0	0	0	0	2	0	0	0	2	2	0	0	2	0	8	0	0	0	0	0	0	0	1	0	0	0	0	1	0	2	0	0
Sci Adv	2022-10-01	9374341	131050	8909	0	1	0	11	0	0	0	0	0	0	2	0	0	0	0	0	12	0	0	0	0	0	0	0	0	0	0	0	0	0	0	0	0	0
Sci Adv	2022-10-01	9374343	137008	11989	0	3	4	2	0	0	0	0	0	0	5	1	0	0	0	0	9	0	0	1	0	0	1	0	0	0	0	0	0	0	0	0	0	0
Sci Adv	2022-10-01	9365283	187160	11859	1	1	1	1	0	0	1	1	0	0	1	1	0	1	0	0	10	0	1	1	0	0	0	1	1	0	0	0	0	0	0	0	0	0
Sci Adv	2022-10-01	9365287	148671	13512	0	12	0	1	0	0	1	7	0	0	1	1	0	0	0	0	18	0	1	0	0	0	3	0	0	0	0	0	0	0	0	0	0	0
Sci Adv	2022-10-01	9365285	155949	12254	0	9	0	1	0	0	0	2	0	1	1	0	0	0	1	0	7	0	0	1	0	0	0	1	0	0	0	0	0	0	0	0	0	0
Sci Adv	2022-10-01	9374334	130469	9025	0	0	4	0	0	0	0	2	0	0	0	0	0	0	0	0	3	0	0	0	0	0	0	0	2	0	0	0	0	1	0	0	0	0
Sci Adv	2022-10-01	9365288	187668	15476	0	16	0	2	0	0	5	3	0	0	1	5	0	0	0	0	19	0	0	1	0	0	0	0	0	0	0	0	0	0	0	0	0	0
Sci Adv	2022-10-01	9365272	117454	8371	0	1	2	0	0	0	0	0	0	1	3	1	0	0	0	0	4	0	0	1	0	0	0	0	0	0	0	0	0	0	0	0	0	0
Sci Adv	2022-10-01	9374338	135505	10816	0	3	0	3	0	1	1	0	0	1	0	1	0	0	1	0	8	0	0	0	0	0	0	0	1	0	0	0	0	0	0	0	0	0
Sci Adv	2022-10-01	9365286	171529	12974	0	17	0	0	0	0	0	4	0	0	5	2	0	0	3	0	19	0	0	3	0	0	1	0	0	0	0	0	0	0	0	0	0	0
Sci Adv	2022-10-01	9365276	126817	8871	0	1	0	0	0	0	3	0	0	0	0	2	0	0	0	0	4	0	0	0	0	0	0	0	0	0	0	0	0	0	0	0	0	0
Sci Adv	2022-10-01	9385143	164535	14579	0	6	0	0	0	0	0	0	0	0	4	0	0	0	0	0	24	0	0	1	0	0	0	0	0	0	0	0	0	0	0	0	0	0
Sci Adv	2022-10-01	9385142	175141	13437	0	22	1	0	0	0	5	9	0	0	4	2	0	0	1	0	20	0	3	3	0	0	0	0	0	0	0	0	0	0	0	0	11	0
Sci Adv	2022-10-01	9390990	132673	13668	0	8	0	2	0	0	4	0	0	0	56	10	0	0	0	0	36	0	0	3	0	0	0	0	0	0	0	0	0	0	0	1	0	0
Sci Adv	2022-10-01	9390995	157630	13697	0	15	0	6	0	0	0	1	0	0	1	1	0	0	0	0	20	0	0	0	0	0	1	0	4	0	0	0	0	0	0	0	0	0
Sci Adv	2022-10-01	9385156	310066	17072	0	0	0	0	0	0	0	1	0	1	0	3	0	0	0	0	32	0	0	2	0	0	0	0	0	0	0	0	0	0	0	0	0	0
Sci Adv	2022-10-01	9385135	218113	17031	0	12	1	0	0	2	0	4	0	0	50	0	0	0	0	0	14	0	0	2	0	0	1	1	0	0	0	0	0	0	0	0	0	0
Sci Adv	2022-10-01	9390991	174404	12170	0	6	0	0	0	0	1	1	0	1	3	2	0	0	0	0	7	0	0	2	0	0	0	0	0	0	0	0	0	0	1	0	1	0
Sci Adv	2022-10-01	9385157	146165	9933	0	1	3	0	0	0	0	1	0	1	2	4	0	0	0	0	16	0	0	1	0	0	0	0	0	0	0	0	0	0	0	0	0	0
Sci Adv	2022-10-01	9385136	127691	9734	0	0	0	1	0	0	0	1	0	0	4	2	0	0	0	0	8	0	0	4	0	0	0	0	0	0	0	0	0	0	0	0	0	0
Sci Adv	2022-10-01	9390997	198062	14691	0	1	0	0	0	0	1	1	0	0	25	2	0	0	4	0	19	0	0	1	0	0	0	0	1	0	0	0	0	0	0	2	0	0
Sci Adv	2022-10-01	9385145	115046	9883	0	16	0	1	0	1	4	2	0	2	15	2	0	0	0	0	13	0	1	2	0	0	4	0	1	0	0	1	0	0	0	2	0	0
Sci Adv	2022-10-01	9385154	118305	7185	0	1	0	0	0	0	0	0	0	0	0	3	0	0	1	0	0	0	0	0	0	0	0	0	0	0	0	0	0	0	0	0	0	0
Sci Adv	2022-10-01	9390985	191124	14858	0	8	0	1	0	0	6	0	0	0	0	0	0	0	0	0	21	0	0	0	0	0	0	6	0	0	0	0	1	0	0	0	0	0
Sci Adv	2022-10-01	9390983	139540	9360	0	1	0	0	0	0	0	1	0	1	9	1	0	0	0	0	13	0	0	0	0	0	0	0	0	0	0	0	0	0	0	0	0	0
Sci Adv	2022-10-01	9390987	266528	18417	0	17	0	1	0	2	6	9	0	0	3	2	0	0	0	0	31	0	0	0	0	0	0	0	0	0	0	0	0	0	0	0	0	0
Sci Adv	2022-10-01	9390993	159191	12885	0	19	0	4	0	0	3	3	0	0	24	0	0	0	2	0	15	0	0	3	0	0	1	0	2	0	0	0	1	0	0	1	0	0
Sci Adv	2022-10-01	9390989	136623	9312	0	1	0	1	0	0	0	2	0	1	1	0	0	0	0	0	1	0	0	0	0	0	0	0	0	0	0	0	0	0	0	0	0	0
Sci Adv	2022-10-01	9385152	131081	9090	0	5	1	0	0	0	1	0	0	4	0	4	0	0	0	0	0	0	0	4	0	0	0	0	0	0	0	0	0	0	0	0	0	0
Sci Adv	2022-10-01	9390994	215465	12997	0	9	1	6	0	0	6	2	0	0	8	1	0	0	0	0	42	0	0	2	0	0	0	0	0	0	0	0	0	0	0	0	0	0
Sci Adv	2022-10-01	9385134	26825	2296	0	0	0	0	0	0	0	0	0	0	0	0	0	0	1	0	0	0	0	2	0	0	0	0	0	0	0	0	0	0	0	0	0	0
Sci Adv	2022-10-01	9390986	179735	12178	0	20	0	1	0	1	0	15	0	0	6	5	0	0	1	0	19	0	1	2	0	0	0	0	0	0	0	0	0	0	0	0	0	0
Sci Adv	2022-10-01	9385153	141946	10537	0	12	0	0	0	0	0	2	0	0	1	0	0	0	0	0	23	0	0	0	0	0	0	0	0	0	0	0	0	0	0	0	0	0
Sci Adv	2022-10-01	9385149	344374	24564	0	29	0	9	0	1	1	5	0	0	11	6	0	0	0	0	21	0	0	3	0	0	1	1	1	0	0	0	0	0	0	0	0	0
Sci Adv	2022-10-01	9385137	133159	11643	0	1	0	0	0	0	0	5	0	0	0	0	0	0	6	0	13	0	0	0	0	0	0	0	0	0	0	0	0	0	0	0	0	0
Sci Adv	2022-10-01	9390992	133955	9248	0	0	0	0	0	0	3	0	0	0	4	1	0	0	1	0	3	0	0	1	0	0	0	0	0	0	0	0	0	0	0	1	0	0
Sci Adv	2022-10-01	9401632	155673	10652	0	1	0	0	0	0	3	0	0	0	0	0	0	0	1	0	11	0	0	2	0	0	0	0	2	0	0	0	0	2	0	0	0	0
Sci Adv	2022-10-01	9401627	191366	13471	0	29	0	9	0	0	0	8	0	0	1	5	0	0	0	0	10	0	0	2	0	0	0	0	0	0	0	0	0	0	0	0	0	0
Sci Adv	2022-10-01	9417178	175283	14034	0	19	1	4	0	0	1	1	0	5	0	8	0	0	0	0	10	0	0	0	0	0	0	0	0	0	0	0	0	0	0	0	0	0
Sci Adv	2022-10-01	9417182	163650	11085	0	13	0	4	0	0	0	1	0	0	8	3	0	0	5	0	12	0	0	4	0	0	0	0	0	0	0	0	0	0	1	1	0	0
Sci Adv	2022-10-01	9401612	220727	18146	0	13	0	2	0	0	2	14	0	4	1	1	0	0	0	0	9	0	0	3	0	0	0	0	0	0	0	0	0	0	0	1	0	0
Sci Adv	2022-10-01	9401623	127087	9812	0	2	1	3	0	0	1	1	0	1	0	2	0	0	0	0	12	0	0	2	0	0	0	0	0	0	0	0	0	0	0	0	0	0
Sci Adv	2022-10-01	9432831	95278	7213	0	1	0	1	0	0	1	0	0	2	7	1	0	0	0	0	0	0	0	0	0	0	0	0	1	0	0	0	0	0	0	0	0	0
Sci Adv	2022-10-01	9432836	84751	6380	0	0	1	0	0	0	0	0	0	2	0	0	0	0	0	0	0	0	0	0	0	0	0	0	3	0	0	0	0	0	0	0	0	0
Sci Adv	2022-10-01	9432838	238118	18194	0	6	3	2	0	0	1	7	0	0	4	2	0	0	0	0	4	0	0	1	0	0	0	1	0	0	1	0	0	0	0	0	0	0
Sci Adv	2022-10-01	9432829	171036	13660	0	7	0	2	0	0	0	0	0	0	0	3	0	0	0	0	26	0	1	0	0	0	2	0	0	0	0	0	0	0	0	1	0	0
Sci Adv	2022-10-01	9401625	136221	10848	0	4	0	0	0	0	0	0	0	3	0	2	0	0	0	0	9	0	0	0	0	0	1	0	1	0	0	0	0	0	0	0	0	0
Sci Adv	2022-10-01	9401617	192519	13981	0	26	0	1	0	0	2	0	0	1	0	2	0	0	1	0	13	0	0	0	0	0	1	0	0	0	0	0	0	0	0	0	0	0
Sci Adv	2022-10-01	9401615	147530	9377	0	6	5	1	0	0	0	0	0	0	2	2	0	0	0	0	16	0	0	0	0	0	0	1	0	0	0	0	0	0	0	0	0	0
Sci Adv	2022-10-01	9401626	228019	16280	0	7	2	1	0	0	0	3	0	0	3	0	0	0	1	0	14	0	0	0	0	0	0	0	0	0	0	0	0	0	0	1	0	0
Sci Adv	2022-10-01	10939095	170881	12810	0	2	0	0	0	0	5	0	0	0	15	0	0	0	0	0	8	0	0	0	0	0	0	0	1	0	0	0	0	0	0	0	0	0
Sci Adv	2022-10-01	9417170	147378	10672	0	2	1	0	0	0	0	2	0	0	2	1	0	0	3	0	21	0	0	0	0	1	1	1	0	0	0	0	0	0	0	0	0	0
Sci Adv	2022-10-01	9432842	185294	11981	0	13	0	0	0	0	2	2	0	0	1	1	0	0	2	0	12	0	1	1	0	0	1	0	0	0	0	0	0	0	2	0	0	0
Sci Adv	2022-10-01	9401613	187793	14697	0	10	2	5	0	4	3	8	0	1	3	4	0	0	0	0	8	0	1	0	0	0	1	0	0	0	0	0	0	0	0	0	0	0
Sci Adv	2022-10-01	9432826	169940	12371	0	13	0	6	0	1	3	7	0	0	1	2	0	0	0	0	13	0	0	0	0	0	0	0	0	0	0	0	0	0	0	0	0	0
Sci Adv	2022-10-01	9401610	106300	7443	0	4	0	0	0	0	0	1	0	2	5	0	0	0	0	0	3	0	0	0	0	0	0	0	0	0	0	0	0	0	0	0	0	0
Sci Adv	2022-10-01	9432834	122221	9868	0	4	0	0	0	0	1	1	0	0	13	0	0	0	0	0	7	0	0	0	0	0	0	0	0	0	0	0	0	0	0	0	0	0
Sci Adv	2022-10-01	9401619	189203	15026	0	11	0	5	0	0	1	8	0	3	0	5	0	0	0	0	25	0	0	0	0	0	0	7	0	0	0	0	0	0	0	0	0	4
Sci Adv	2022-10-01	9417175	182337	14003	0	11	0	2	0	0	0	0	0	0	2	11	0	0	0	0	23	0	0	2	0	0	0	1	0	0	0	0	0	0	0	0	0	1
Sci Adv	2022-10-01	9417184	165839	12368	0	14	3	4	0	0	3	0	0	2	2	5	0	0	0	0	20	0	1	11	0	0	0	0	0	0	0	0	0	0	1	0	0	0
Sci Adv	2022-10-01	9417181	222235	19923	0	13	0	3	0	3	2	5	0	1	1	14	0	3	1	0	20	0	0	1	0	0	0	0	0	0	0	0	0	0	0	0	0	0
Sci Adv	2022-10-01	10848953	169180	12403	0	14	0	1	0	0	2	2	0	1	0	2	0	1	0	0	16	0	1	1	0	0	0	3	1	0	0	0	0	0	0	0	0	0
Sci Adv	2022-10-01	9451150	73352	5892	0	0	0	0	0	0	1	0	0	0	1	0	0	0	0	0	4	0	0	0	0	0	1	0	0	0	0	0	0	0	0	0	0	0
Sci Adv	2022-10-01	11636672	135467	11543	0	13	0	0	0	0	1	2	0	0	1	1	0	0	0	0	6	0	4	1	0	0	0	2	0	0	0	0	0	0	0	0	2	1
Sci Adv	2022-10-01	9451146	220181	17775	0	38	1	4	0	0	4	12	0	0	3	1	0	2	1	0	50	0	1	4	0	0	4	0	0	0	0	0	0	0	3	0	0	0
Sci Adv	2022-10-01	9451155	163204	12550	0	12	0	1	0	0	2	3	0	0	5	2	0	0	0	0	9	0	0	1	0	0	0	0	0	0	0	0	0	0	0	0	0	0
Sci Adv	2022-10-01	9451151	279109	20561	0	18	0	7	0	1	5	2	0	0	1	0	0	0	0	0	17	0	0	1	0	0	0	0	0	0	0	0	0	1	0	0	0	0
Sci Adv	2022-10-01	9451154	106237	7347	0	3	0	0	0	0	0	0	0	0	0	0	0	0	0	0	5	0	0	0	0	0	0	1	0	0	0	0	0	0	0	0	0	0
Sci Adv	2022-10-01	9432849	206334	15586	0	14	1	0	0	0	1	12	0	0	1	5	0	1	0	0	15	0	1	2	0	0	1	0	0	0	0	0	0	0	0	0	0	0
Sci Adv	2022-10-01	9451147	118260	8834	0	3	0	2	0	0	0	0	0	1	25	0	0	0	0	0	5	0	0	5	0	0	0	0	0	0	0	0	0	0	1	0	0	0
Sci Adv	2022-10-01	9451165	150005	11945	0	15	2	2	0	0	0	0	0	11	1	3	0	0	0	0	26	0	1	0	0	0	0	0	0	0	0	0	0	0	0	0	0	0
Sci Adv	2022-10-01	9451167	151853	13230	0	10	0	1	0	0	1	2	0	1	1	1	0	0	0	0	6	0	0	2	0	0	0	0	0	0	0	0	0	0	0	0	0	0
Sci Adv	2022-10-01	10848954	108002	9532	0	0	1	0	0	0	2	0	0	3	5	2	0	0	0	0	8	0	0	3	0	0	0	0	1	0	0	0	0	0	0	0	0	0
Sci Adv	2022-10-01	10848951	194483	17838	0	2	0	8	0	1	5	15	0	4	0	0	0	0	0	0	25	0	0	4	0	0	0	0	0	0	0	0	0	0	0	0	0	0
Sci Adv	2022-10-01	9451153	289629	21925	0	19	0	1	0	4	1	0	0	0	2	3	0	0	0	0	17	0	1	2	0	0	1	0	0	0	0	0	0	0	0	1	0	0
Sci Adv	2022-10-01	9432827	172897	15774	0	8	0	4	0	0	0	13	0	0	9	2	0	0	1	0	67	0	0	2	0	0	0	0	0	0	0	0	1	0	0	0	0	1
Sci Adv	2022-10-01	9432833	201814	15097	0	6	1	2	0	0	18	2	0	3	8	3	0	0	0	0	11	0	0	0	0	0	0	0	0	0	0	0	0	0	0	0	0	0
Sci Adv	2022-10-01	9451156	183000	13452	0	7	1	1	0	0	0	7	0	1	2	1	0	0	0	0	4	0	6	3	0	0	0	0	1	0	0	0	0	0	0	0	0	0
Sci Adv	2022-10-01	9432832	143954	11009	0	6	0	0	0	0	0	0	0	2	5	8	0	1	0	0	9	0	0	0	0	0	1	0	0	0	0	0	0	0	0	0	1	0
Sci Adv	2022-10-01	10848952	176479	13417	0	5	0	0	0	5	0	6	0	3	0	5	0	0	0	0	8	0	0	0	0	0	0	0	0	0	0	0	0	0	0	0	0	0
Sci Adv	2022-10-01	10848962	159170	10999	0	2	0	2	0	0	3	3	0	0	2	0	0	0	0	0	9	0	0	0	0	0	0	0	0	0	0	0	0	0	0	0	0	0
Sci Adv	2022-10-01	9432825	206777	13399	0	1	1	2	0	0	2	0	0	0	1	3	0	0	1	0	12	0	0	6	0	0	2	0	0	0	0	0	0	0	0	0	0	0
Sci Adv	2022-10-01	9473581	211527	16274	0	6	0	0	0	0	0	1	0	4	1	2	0	0	0	0	6	0	1	1	0	1	0	0	1	0	0	0	0	0	0	0	0	0
Sci Adv	2022-10-01	9473578	141400	10507	0	8	0	0	0	0	0	0	0	0	0	9	0	0	0	0	6	0	0	0	0	0	0	0	1	0	0	0	0	0	0	0	1	0
Sci Adv	2022-10-01	9451144	114520	8901	0	1	2	0	0	0	0	0	0	0	0	2	0	0	0	0	7	0	0	1	0	0	0	0	0	0	0	0	0	0	0	0	0	0
Sci Adv	2022-10-01	9451164	19615	1894	0	0	0	0	0	0	0	0	0	0	1	0	0	0	0	0	1	0	0	0	0	0	1	0	0	0	0	0	0	0	0	0	0	0
Sci Adv	2022-10-01	9462695	167671	11685	0	2	0	1	0	0	1	1	0	0	0	2	0	0	0	0	21	0	0	2	0	0	1	0	0	0	0	0	0	0	0	0	0	0
Sci Adv	2022-10-01	9473570	120475	7593	0	0	1	0	0	0	1	0	0	0	0	1	0	0	0	0	1	0	0	0	0	0	0	0	0	0	0	0	0	0	0	0	0	0
Sci Adv	2022-10-01	9462686	110162	8582	0	0	0	0	0	0	0	0	0	0	2	2	0	0	2	0	2	0	0	0	0	0	0	0	0	0	0	0	0	0	0	0	0	0
Sci Adv	2022-10-01	9451166	214725	12932	0	15	0	2	0	0	1	0	0	35	0	3	0	0	0	0	8	0	0	1	0	0	0	0	0	0	0	0	0	0	0	0	0	0
Sci Adv	2022-10-01	9473611	98339	6735	0	0	1	0	0	0	1	6	0	0	0	0	0	0	0	0	5	0	0	0	0	0	1	0	0	0	1	0	0	1	0	0	0	0
Sci Adv	2022-10-01	9473577	25427	1854	0	0	0	0	0	0	0	0	0	0	0	0	0	0	0	0	6	0	0	1	0	0	0	0	0	0	0	0	0	0	0	0	0	0
Sci Adv	2022-10-01	9462700	127223	10304	0	2	1	1	0	0	0	0	0	0	11	2	0	0	0	0	9	0	0	0	0	0	0	1	0	0	0	0	0	0	0	0	0	0
Sci Adv	2022-10-01	9473569	99502	8066	0	4	0	0	0	0	1	1	0	0	0	1	0	0	0	0	8	0	0	2	0	0	0	0	0	0	0	0	0	1	0	0	0	0
Sci Adv	2022-10-01	9473583	160118	13747	0	6	0	0	0	3	0	0	0	0	1	1	0	0	1	0	18	0	0	0	0	0	0	0	0	0	0	0	0	0	0	2	0	0
Sci Adv	2022-10-01	9462697	88181	7747	0	14	0	0	0	0	0	3	0	4	0	1	0	0	0	0	13	0	1	1	0	0	0	0	0	0	0	0	0	0	0	0	0	0
Sci Adv	2022-10-01	9473582	216980	16429	0	4	2	0	0	0	3	4	0	1	0	5	0	0	0	0	8	0	0	2	0	0	0	0	2	0	0	0	0	1	1	0	0	0
Sci Adv	2022-10-01	9462693	95595	7129	0	0	3	0	0	0	0	1	0	1	1	0	0	0	0	0	14	0	0	0	0	0	0	0	0	0	0	0	0	0	0	0	0	0
Sci Adv	2022-10-01	9473568	208790	13670	0	6	0	9	0	0	0	0	0	0	5	5	0	0	0	0	13	0	1	0	0	0	0	0	0	0	0	0	0	0	0	0	0	0
Sci Adv	2022-10-01	9462698	144905	9897	0	1	1	0	0	0	6	1	0	0	2	0	0	0	0	0	4	0	0	1	0	0	0	0	0	0	0	0	0	0	0	0	0	0
Sci Adv	2022-10-01	9451162	209228	17592	0	7	0	0	0	0	0	0	0	4	3	2	0	0	1	0	21	0	1	4	0	0	1	0	0	0	0	0	0	0	1	0	0	0
Sci Adv	2022-10-01	9473572	155337	13082	0	6	0	6	0	0	0	0	0	0	4	0	0	0	0	0	10	0	1	0	0	0	0	0	0	0	0	0	0	0	0	0	0	0
Sci Adv	2022-10-01	9462699	197801	16620	0	7	0	0	0	1	0	1	0	0	0	4	0	0	0	0	6	0	0	0	0	0	0	0	0	0	0	0	0	0	0	0	0	0
Sci Adv	2022-10-01	9451159	143056	9333	0	7	0	2	0	0	2	1	0	0	0	1	0	0	0	0	8	0	0	0	0	0	1	0	0	0	0	0	0	0	0	0	0	0
Sci Adv	2022-10-01	9481123	142140	12689	0	1	1	3	0	0	3	0	0	3	2	4	0	0	0	0	5	0	0	1	0	0	0	0	0	0	0	0	0	0	0	0	0	0
Sci Adv	2022-10-01	9491717	130347	9481	0	7	0	1	0	11	2	1	0	0	4	0	0	0	0	0	2	0	0	0	0	0	1	0	0	0	0	0	0	0	0	0	2	0
Sci Adv	2022-10-01	9473576	200638	14280	0	12	0	2	0	0	0	0	0	0	0	3	0	0	0	0	22	0	0	0	0	0	1	0	1	0	0	0	0	0	0	0	0	0
Sci Adv	2022-10-01	9481128	133559	11751	0	10	1	1	0	0	1	1	0	0	12	2	0	0	0	0	17	0	0	0	0	0	0	0	0	0	0	0	0	0	0	0	0	0
Sci Adv	2022-10-01	9481125	140918	10716	0	20	0	0	0	0	1	3	0	1	4	0	0	0	1	0	18	0	0	0	0	0	0	0	1	0	0	0	0	0	0	0	0	0
Sci Adv	2022-10-01	9481117	158549	10401	0	1	3	0	0	0	1	4	0	0	7	3	0	0	0	0	10	0	1	2	0	0	0	0	0	0	1	0	1	0	0	0	0	0
Sci Adv	2022-10-01	9473571	100443	8450	0	3	0	2	0	0	2	1	0	0	4	3	0	0	0	0	8	0	0	0	0	0	0	0	0	0	0	0	0	0	0	0	0	0
Sci Adv	2022-10-01	9473575	135297	8874	0	0	0	0	0	0	5	0	0	3	2	1	0	0	0	0	8	0	0	0	0	0	0	0	0	0	0	0	0	0	0	0	0	0
Sci Adv	2022-10-01	9473566	102957	7362	0	4	0	0	0	0	0	0	0	0	11	0	0	0	1	0	8	0	0	0	0	0	1	0	1	0	0	0	0	0	0	0	0	0
Sci Adv	2022-10-01	9481120	140323	11136	0	9	0	0	0	0	0	0	0	0	2	2	0	0	2	0	6	0	0	0	0	0	3	0	0	0	0	0	0	0	0	0	0	0
Sci Adv	2022-10-01	9473567	235359	12205	0	0	0	0	0	0	0	0	0	11	1	0	0	0	0	0	9	0	0	0	0	0	0	0	0	0	0	0	1	0	0	1	0	0
Sci Adv	2022-10-01	9491715	184472	14403	0	14	0	6	0	0	3	2	0	0	3	2	0	0	0	0	20	0	0	2	0	0	0	0	0	0	0	0	0	0	0	0	0	0
Sci Adv	2022-10-01	9481141	169264	12628	0	2	1	0	0	0	1	0	0	1	0	1	0	0	0	0	11	0	0	1	0	0	0	0	0	0	0	0	0	0	0	0	0	0
Sci Adv	2022-10-01	9473554	114275	8048	0	3	0	0	0	0	1	0	0	0	0	1	0	0	0	0	2	0	0	3	0	0	0	0	0	0	0	0	0	0	0	0	0	0
Sci Adv	2022-10-01	9481122	144617	10780	0	18	0	0	0	0	0	1	0	0	14	0	0	0	3	0	15	0	0	0	0	0	0	0	0	0	0	0	0	0	0	0	0	0
Sci Adv	2022-10-01	9491724	204403	15063	0	13	0	5	0	0	1	3	0	0	0	4	0	0	0	0	18	0	0	2	0	0	0	0	0	0	1	0	0	0	0	0	0	0
Sci Adv	2022-10-01	9481131	170678	12808	0	12	0	0	0	0	2	3	0	4	2	1	0	0	0	0	15	0	3	3	0	0	0	0	0	0	0	0	0	0	0	0	0	0
Sci Adv	2022-10-01	9481132	241267	14504	0	13	0	0	0	0	8	0	0	0	2	2	0	0	0	0	42	0	0	8	0	0	0	0	0	0	0	0	0	0	0	0	0	0
Sci Adv	2022-10-01	9473573	78224	5383	0	1	0	0	0	0	0	6	0	0	0	0	0	0	1	0	4	0	0	0	0	0	0	0	0	0	0	0	0	0	0	0	0	0
Sci Adv	2022-10-01	9491713	200573	14201	0	24	0	0	0	0	6	0	0	0	1	1	0	0	0	0	15	0	0	2	0	0	0	0	0	0	0	0	0	0	0	0	0	0
Sci Adv	2022-10-01	9519051	173412	13735	0	7	0	0	0	1	0	4	0	5	1	2	0	1	0	0	11	0	0	5	0	0	2	0	0	0	0	0	0	0	0	0	0	0
Sci Adv	2022-10-01	9491707	131152	7576	0	1	0	0	0	0	3	1	0	0	0	2	0	0	0	0	7	0	0	0	0	0	0	0	0	0	0	0	0	0	0	0	0	0
Sci Adv	2022-10-01	9519053	128181	7807	0	0	2	0	0	0	1	0	0	0	1	0	0	0	1	0	5	0	0	2	0	0	0	0	0	0	0	0	0	1	0	0	0	0
Sci Adv	2022-10-01	9524835	210139	16856	0	8	0	4	0	0	1	5	0	6	8	2	0	1	2	0	10	0	1	3	0	0	0	0	0	0	0	0	0	0	0	0	0	0
Sci Adv	2022-10-01	9519042	113994	7688	0	2	2	1	0	0	0	0	0	2	2	0	0	0	0	0	5	0	0	1	0	0	0	0	0	0	0	0	0	0	0	0	0	0
Sci Adv	2022-10-01	9519035	132319	10259	0	3	0	0	0	0	2	0	0	16	8	1	0	0	1	0	9	0	0	2	0	0	0	0	1	0	0	0	3	0	0	0	0	1
Sci Adv	2022-10-01	9524827	156821	13615	0	13	0	0	0	1	0	0	0	3	2	7	0	0	0	0	9	0	0	2	0	0	1	1	1	0	0	0	0	0	0	0	0	0
Sci Adv	2022-10-01	9524842	247971	15623	1	28	1	4	0	0	2	5	0	0	1	0	0	0	0	0	18	0	0	1	0	0	1	0	0	0	0	0	0	0	0	0	0	0
Sci Adv	2022-10-01	9506730	161214	13531	0	6	0	1	0	0	0	1	0	1	1	3	0	0	1	0	11	0	0	0	0	0	0	0	0	0	0	0	0	0	0	0	0	0
Sci Adv	2022-10-01	9491714	262053	20324	0	18	1	5	0	0	1	0	0	1	0	1	0	0	0	0	18	0	0	1	0	0	2	0	0	0	0	0	0	0	0	1	1	0
Sci Adv	2022-10-01	9519036	140443	8224	0	10	0	0	0	0	0	2	0	0	50	0	0	0	0	0	29	0	0	4	0	0	0	0	0	0	0	0	0	0	0	0	0	0
Sci Adv	2022-10-01	9506716	192695	11302	0	8	3	5	0	0	4	1	0	0	2	1	0	1	0	0	10	0	0	2	0	0	0	3	0	0	0	0	0	0	0	0	0	0
Sci Adv	2022-10-01	9506725	150957	9957	0	2	0	0	0	0	3	1	0	0	1	0	0	0	0	0	3	0	0	2	0	0	0	0	2	0	0	0	1	0	0	0	0	0
Sci Adv	2022-10-01	9491726	173275	12553	0	14	0	3	0	0	0	3	0	11	0	11	0	0	8	0	32	0	0	1	0	0	0	0	0	0	0	0	0	0	0	0	0	0
Sci Adv	2022-10-01	9524828	165994	13075	0	1	0	0	0	0	0	2	0	3	6	1	0	0	0	0	17	0	0	1	0	0	0	0	0	0	0	0	1	0	0	0	0	0
Sci Adv	2022-10-01	9491716	222952	10168	0	1	1	0	0	0	0	0	0	0	2	5	0	0	0	0	0	0	0	1	0	0	0	0	0	0	0	0	1	0	0	0	0	0
Sci Adv	2022-10-01	9491711	177135	17246	0	2	0	0	0	0	0	0	0	0	23	6	0	0	0	0	26	0	0	6	0	0	1	0	0	0	0	0	1	0	1	0	0	0
Sci Adv	2022-10-01	9491719	302769	22215	0	48	6	3	0	0	5	1	0	1	25	2	0	1	0	0	15	0	6	6	0	0	0	0	0	0	0	0	1	0	0	0	0	0
Sci Adv	2022-10-01	9491723	218998	13561	0	14	1	1	0	0	0	3	0	0	4	3	0	0	1	1	20	0	0	3	0	0	0	0	0	0	0	0	0	0	0	0	0	0
Sci Adv	2022-10-01	9506708	137409	7667	0	2	0	0	0	0	0	0	0	0	1	1	0	0	0	0	0	0	0	0	0	0	0	0	0	0	0	0	1	0	0	0	0	0
Sci Adv	2022-10-01	9506709	143216	10892	0	1	0	1	0	0	2	1	0	0	5	0	0	0	0	0	5	0	0	3	0	0	0	0	0	0	0	0	0	0	0	0	0	0
Sci Adv	2022-10-01	9519052	226617	14945	0	6	0	7	0	0	2	0	0	0	2	6	2	0	0	0	12	0	0	0	0	0	0	0	1	0	0	0	0	0	0	0	0	0
Sci Adv	2022-10-01	9519037	190805	12553	0	2	1	5	0	0	1	0	0	1	15	2	0	0	0	0	14	0	0	1	0	0	1	0	0	0	0	0	0	0	0	0	0	0
Sci Adv	2022-10-01	9519044	110806	8380	0	2	0	0	0	0	1	0	0	3	0	2	0	0	0	0	6	0	0	0	0	0	0	0	0	0	0	0	0	0	0	0	0	0
Sci Adv	2022-10-01	9506722	146701	9482	0	3	0	0	0	0	0	0	0	1	0	1	0	0	0	0	8	0	0	0	0	0	1	0	0	0	0	0	0	0	0	0	0	0
