journal	date	pmc_id	Nchars	Nwords	delve	analyse	acknowledge	assess	appraise	dissect	explore	examine	extricate	expose	estimate	investigate	inquire	inspect	interpret	scrutinise	study	unearth	uncover	understand	ponder	research	reason	retrieve	avoid	discount	disregard	dismiss	ignore	neglect	overlook	omit	skip	reject
Sci Adv	2024-01-01	10558117	151525	14912	0	3	0	0	0	0	1	7	0	2	5	0	2	0	0	0	70	0	0	0	0	0	1	0	1	33	0	0	0	0	0	0	1	0
Sci Adv	2024-01-01	10558133	170239	12976	0	42	0	0	0	0	1	6	0	16	0	2	0	0	0	0	11	0	1	0	0	0	0	0	0	0	0	0	0	0	0	0	0	0
Sci Adv	2024-01-01	10550221	109519	8277	0	0	1	0	0	0	1	1	0	1	0	0	0	0	0	0	4	0	0	0	0	0	0	0	1	0	0	0	0	0	0	0	0	0
Sci Adv	2024-01-01	10550239	107700	9243	0	1	0	1	0	0	0	1	0	1	2	1	0	1	0	0	4	1	0	0	0	0	0	0	0	0	0	0	2	1	0	0	0	0
Sci Adv	2024-01-01	10558126	171712	12189	0	0	0	2	0	0	1	1	0	0	18	6	0	0	0	0	20	0	0	0	0	0	0	0	0	0	0	0	0	0	0	0	0	0
Sci Adv	2024-01-01	10558131	176840	13727	0	20	0	1	0	0	8	3	0	0	0	4	0	0	0	0	4	0	0	0	0	0	0	0	0	0	0	0	0	0	0	0	0	0
Sci Adv	2024-01-01	10550223	160075	11112	0	2	0	0	0	0	1	1	0	5	4	3	0	0	1	0	12	0	0	1	0	0	0	0	0	0	0	0	1	0	0	0	0	0
Sci Adv	2024-01-01	10550229	143184	11462	0	2	1	0	0	0	1	0	0	0	1	2	0	0	0	0	7	0	0	9	0	0	0	0	0	0	0	0	0	0	0	0	0	0
Sci Adv	2024-01-01	10558132	196646	12336	0	9	1	1	0	0	0	1	0	0	17	5	0	0	0	0	17	0	0	3	0	0	0	0	0	0	0	0	0	0	0	0	0	0
Sci Adv	2024-01-01	10550238	144516	11185	0	22	0	1	0	1	7	10	0	0	4	5	0	0	0	0	8	0	1	1	0	0	0	0	0	0	0	0	0	0	0	0	0	0
Sci Adv	2024-01-01	10550230	193648	14743	0	9	1	2	0	0	0	4	0	0	1	1	0	0	0	0	20	0	0	2	0	0	0	0	1	0	0	0	0	0	0	0	0	0
Sci Adv	2024-01-01	10558129	202814	15116	0	19	0	0	0	1	3	0	0	2	0	5	0	8	1	0	25	0	3	2	0	0	2	1	0	0	0	0	0	0	0	0	0	0
Sci Adv	2024-01-01	10550242	136208	10864	0	10	0	7	0	0	0	8	0	0	0	0	0	0	0	0	11	0	3	0	0	0	0	0	0	0	0	0	0	0	0	0	0	0
Sci Adv	2024-01-01	10550232	217601	14799	0	33	0	7	0	0	1	1	0	10	2	4	0	1	0	0	35	0	0	1	0	0	0	1	0	0	0	0	0	0	0	0	0	0
Sci Adv	2024-01-01	10558125	219528	13594	0	5	0	3	0	0	4	4	0	0	18	0	0	0	0	0	18	0	1	1	0	0	1	1	0	0	0	0	0	0	0	0	0	0
Sci Adv	2024-01-01	10558128	258731	14249	0	25	0	2	0	0	0	0	0	0	25	4	0	0	0	0	15	0	0	0	0	0	1	0	0	0	0	0	0	0	1	0	0	0
Sci Adv	2024-01-01	10558121	246157	15482	0	7	2	3	0	0	1	3	0	1	1	3	0	0	0	0	12	0	0	0	0	0	0	0	0	0	0	0	0	2	0	0	0	0
Sci Adv	2024-01-01	10558122	166312	12159	0	17	0	4	0	1	0	1	0	0	0	0	0	0	0	0	18	0	0	1	0	0	0	0	0	0	0	0	0	0	0	0	0	0
Sci Adv	2024-01-01	10558124	275099	18894	0	4	1	1	0	0	2	0	0	0	1	1	0	0	0	0	2	0	1	1	0	0	0	0	2	0	0	0	0	0	0	0	0	0
Sci Adv	2024-01-01	10550228	164038	10827	0	3	0	4	0	0	0	0	0	0	2	1	0	0	0	0	19	0	1	1	0	0	0	0	0	0	0	0	0	0	0	0	0	0
Sci Adv	2024-01-01	10550226	156071	6716	0	1	0	0	0	0	0	0	0	0	2	1	0	0	1	0	3	0	0	0	0	0	0	0	0	0	0	0	0	0	0	0	0	0
Sci Adv	2024-01-01	10550235	198288	14835	0	25	0	4	0	1	1	1	0	4	1	3	0	0	1	0	14	0	0	0	0	0	0	0	3	0	0	0	0	0	0	0	1	0
Sci Adv	2024-01-01	10558118	200155	10435	0	8	0	5	0	0	2	4	0	0	3	2	0	0	0	0	27	0	0	4	0	0	0	0	0	0	0	0	0	0	0	0	0	0
Sci Adv	2024-01-01	10558127	190644	16051	0	20	1	2	0	3	0	10	0	10	1	8	0	0	0	0	12	0	0	2	0	0	0	0	0	0	0	0	0	0	0	0	0	0
Sci Adv	2024-01-01	10550241	201085	14625	0	3	0	0	0	0	1	4	0	0	2	1	0	0	0	0	19	0	2	0	0	0	0	0	0	0	0	0	2	0	0	0	0	0
Sci Adv	2024-01-01	10569699	7212	634	0	1	0	0	0	0	0	0	0	0	0	0	0	0	0	0	4	0	0	3	0	0	0	0	0	0	0	0	0	0	0	0	0	0
Sci Adv	2024-01-01	10569702	221350	13117	0	3	1	2	0	0	0	4	0	0	4	0	0	0	0	0	36	0	0	1	0	0	0	0	0	0	0	0	0	0	1	0	0	0
Sci Adv	2024-01-01	10569703	115940	7666	0	1	0	0	0	0	2	0	0	1	0	0	0	0	0	0	8	0	1	0	0	0	0	0	0	0	0	0	0	0	0	0	0	0
Sci Adv	2024-01-01	10575589	207272	15293	0	1	2	0	0	0	0	0	0	0	3	2	0	0	0	0	8	0	1	1	0	0	0	0	0	0	0	0	0	0	0	0	0	0
Sci Adv	2024-01-01	10569704	240578	17001	0	11	0	0	0	1	2	1	0	1	21	0	0	0	0	0	23	0	0	2	0	0	0	0	1	0	0	0	0	0	0	0	0	0
Sci Adv	2024-01-01	10575585	194244	13894	0	3	0	2	0	0	1	3	0	3	0	0	0	0	0	0	66	0	0	1	0	0	0	0	0	0	0	0	1	0	0	0	0	0
Sci Adv	2024-01-01	10569701	190127	13838	0	8	0	0	0	0	2	1	0	0	2	2	0	0	0	0	12	0	1	0	0	0	0	0	0	0	0	0	0	0	0	0	0	0
Sci Adv	2024-01-01	10569712	228218	13548	0	9	0	1	0	4	0	5	0	0	3	1	0	0	0	0	33	0	0	0	0	0	0	0	0	0	0	0	0	0	0	0	0	0
Sci Adv	2024-01-01	10575579	154255	11661	0	5	0	4	0	4	0	1	0	0	1	3	0	0	0	0	8	0	0	0	0	0	0	0	0	0	0	0	0	0	0	0	0	0
Sci Adv	2024-01-01	10575583	118502	9234	0	6	0	1	0	0	4	8	0	0	0	1	0	0	2	0	8	0	0	0	0	0	0	0	0	0	0	0	0	0	0	0	0	0
Sci Adv	2024-01-01	10575584	152712	9026	0	1	0	0	0	0	1	0	0	0	4	1	0	0	0	0	4	0	0	0	0	0	0	0	2	0	0	0	0	1	0	0	0	0
Sci Adv	2024-01-01	10575592	226896	17085	0	13	3	3	0	0	3	3	0	2	1	3	0	0	1	0	16	0	1	2	0	0	0	0	0	0	0	0	0	0	0	0	0	0
Sci Adv	2024-01-01	10569706	174732	13377	0	3	0	3	0	0	0	0	0	2	9	11	0	0	0	0	57	0	1	3	0	1	0	0	0	0	0	0	0	0	0	0	2	0
Sci Adv	2024-01-01	10569700	161644	12627	0	2	0	1	0	0	0	1	0	0	2	2	0	0	1	0	7	0	0	0	0	0	0	0	0	0	0	0	1	0	0	0	0	0
Sci Adv	2024-01-01	10569708	116211	8521	0	2	0	0	0	0	1	0	0	1	0	1	0	0	0	0	0	0	0	0	0	0	0	0	0	0	0	0	0	0	0	0	0	0
Sci Adv	2024-01-01	10575588	199762	17722	0	40	0	0	0	0	0	1	0	1	0	2	0	0	0	0	34	0	11	0	0	0	0	0	0	0	0	0	0	0	0	0	0	0
Sci Adv	2024-01-01	10575576	125762	9865	0	3	0	0	0	0	0	0	0	1	3	0	0	0	0	0	5	0	0	1	0	0	1	0	0	0	0	0	0	0	0	0	0	0
Sci Adv	2024-01-01	10575577	132954	10571	0	12	0	0	0	0	0	3	0	5	1	6	0	0	1	0	3	0	0	4	0	0	0	0	0	0	0	0	0	2	0	0	0	0
Sci Adv	2024-01-01	10569715	219070	15815	0	12	3	0	0	0	0	0	0	0	8	8	0	1	0	0	15	0	0	0	0	0	0	1	0	0	0	0	0	0	0	0	0	0
Sci Adv	2024-01-01	10569713	251172	14695	0	3	0	4	0	0	1	0	0	1	42	1	0	0	2	0	25	0	1	2	0	0	2	1	0	0	0	0	0	0	1	0	0	0
Sci Adv	2024-01-01	10575578	128048	10364	0	5	1	1	0	0	3	0	0	2	0	3	0	0	0	0	21	0	0	0	0	0	0	0	0	0	0	0	0	0	0	0	0	0
Sci Adv	2024-01-01	10569711	146527	10878	0	9	0	3	0	0	1	1	0	0	3	1	0	1	0	0	13	0	0	2	0	0	1	0	0	0	0	0	0	0	0	1	0	0
Sci Adv	2024-01-01	10575581	148682	12109	0	1	1	0	0	0	1	0	0	1	1	2	0	0	0	0	18	0	0	3	0	0	0	1	0	0	0	0	0	0	0	0	0	0
Sci Adv	2024-01-01	11090371	139709	11542	0	1	1	0	0	0	0	0	0	0	4	1	0	0	0	0	4	0	0	0	0	0	1	0	0	0	0	0	0	1	0	0	0	0
Sci Adv	2024-01-01	10569709	122918	9889	0	4	0	0	0	1	1	18	0	0	0	1	0	0	0	0	4	0	0	0	0	0	0	0	0	0	0	0	0	0	0	0	1	0
Sci Adv	2024-01-01	10584334	118624	10092	0	4	0	0	0	0	0	1	0	0	7	2	0	0	0	0	7	0	0	2	0	0	0	0	0	0	0	0	0	0	0	0	0	0
Sci Adv	2024-01-01	10584343	170028	10826	0	4	1	0	0	0	1	1	0	0	4	4	0	0	0	0	10	0	0	1	0	0	2	0	1	0	0	0	0	0	0	0	0	0
Sci Adv	2024-01-01	10584348	202913	11844	0	4	3	2	0	0	2	7	0	1	0	1	0	0	0	0	9	0	0	1	0	0	0	0	0	0	0	0	0	0	0	0	0	0
Sci Adv	2024-01-01	10588954	179589	12957	0	3	1	1	0	0	0	1	0	4	0	1	0	0	0	0	37	0	0	1	0	0	0	0	0	0	0	0	0	0	0	0	0	0
Sci Adv	2024-01-01	10584345	186070	14709	0	8	1	6	0	1	0	0	0	8	0	0	0	0	0	0	31	0	0	1	0	0	0	0	1	0	0	0	0	0	0	0	0	0
Sci Adv	2024-01-01	10588956	192112	15169	0	10	1	1	0	1	1	1	0	9	1	0	0	0	0	0	41	0	0	1	0	0	0	0	0	0	0	0	0	0	0	0	0	0
Sci Adv	2024-01-01	10584344	188212	13641	0	12	0	1	0	0	6	5	0	3	1	2	0	0	1	0	28	0	0	0	0	0	0	0	0	0	0	0	0	0	0	0	0	0
Sci Adv	2024-01-01	10584339	130506	9278	0	1	0	0	0	0	2	0	0	0	1	6	0	0	0	0	5	0	0	1	0	0	0	1	0	0	0	0	0	0	0	0	0	0
Sci Adv	2024-01-01	10588942	142682	10354	0	1	6	0	0	0	3	0	0	0	2	3	0	0	0	0	7	0	2	2	0	0	0	0	0	0	0	0	0	1	1	0	0	0
Sci Adv	2024-01-01	10584350	208856	16836	0	24	0	0	0	1	2	6	0	2	0	9	0	0	0	0	38	0	0	1	0	0	0	0	1	0	0	0	0	0	0	0	0	0
Sci Adv	2024-01-01	10584346	187177	12152	0	13	0	1	0	0	4	1	0	1	0	3	0	0	0	0	28	0	0	1	0	0	0	0	0	0	0	0	0	0	0	0	0	0
Sci Adv	2024-01-01	10584338	150858	11372	0	2	1	2	0	4	1	0	0	2	0	6	0	0	0	0	6	0	1	0	0	0	0	0	0	0	0	0	0	0	0	0	0	0
Sci Adv	2024-01-01	10588955	202557	13444	0	15	1	1	0	2	0	0	0	0	6	2	0	0	0	0	12	0	0	4	0	0	0	0	0	0	0	0	1	0	0	0	0	0
Sci Adv	2024-01-01	10584333	160289	10456	0	14	0	0	0	0	6	1	0	1	11	4	0	0	2	0	10	0	0	2	0	0	0	4	0	0	0	0	0	0	0	0	0	0
Sci Adv	2024-01-01	10584347	128972	9966	0	5	0	4	0	0	0	3	0	0	0	0	0	0	1	0	1	0	0	4	0	0	0	0	0	0	0	1	0	0	0	0	0	0
Sci Adv	2024-01-01	10584336	140526	9129	0	2	0	0	0	0	2	0	0	5	1	3	0	0	0	0	3	0	0	1	0	0	0	0	0	0	0	0	0	0	0	0	0	0
Sci Adv	2024-01-01	10588950	174483	13035	0	8	0	1	0	0	6	0	0	0	1	5	0	0	0	0	18	0	0	2	0	0	0	0	0	0	1	0	0	1	0	0	0	0
Sci Adv	2024-01-01	10588951	134084	11056	0	8	1	1	0	1	0	8	0	2	1	1	0	0	0	0	4	0	1	2	0	0	0	0	0	0	0	0	0	0	0	0	0	0
Sci Adv	2024-01-01	10588943	136214	9632	0	2	4	0	0	0	1	1	0	0	7	0	0	0	0	0	21	0	0	1	0	0	0	2	1	0	0	0	0	0	0	0	0	0
Sci Adv	2024-01-01	10588945	169314	10738	0	5	0	3	0	0	4	0	0	2	1	2	0	0	0	0	12	0	0	0	0	0	0	0	1	0	0	0	0	0	1	0	0	0
Sci Adv	2024-01-01	10588947	173333	14824	0	8	0	0	0	0	10	29	0	0	25	2	0	0	0	0	49	0	0	0	0	0	1	0	0	0	0	0	0	0	0	2	0	21
Sci Adv	2024-01-01	10584349	150377	8708	0	1	0	0	0	2	0	1	0	0	0	3	0	0	0	0	19	0	0	6	0	0	0	0	2	0	0	0	0	0	1	0	0	0
Sci Adv	2024-01-01	10588948	222346	16520	0	8	0	4	0	0	7	0	0	1	0	5	0	0	0	0	33	0	0	0	0	0	0	0	0	0	0	0	0	0	0	0	0	0
Sci Adv	2024-01-01	10588952	172204	12351	0	6	0	2	0	0	0	0	0	1	0	1	0	0	0	0	6	0	0	1	0	0	0	0	0	0	0	0	0	0	0	0	0	0
Sci Adv	2024-01-01	10588949	158191	12843	0	10	1	3	0	0	0	4	0	0	8	0	0	0	2	0	33	0	0	7	0	0	62	0	0	0	0	0	0	0	0	0	0	0
Sci Adv	2024-01-01	10610901	127582	7653	0	9	0	0	0	0	0	3	0	1	3	3	0	0	1	0	78	0	0	0	0	0	0	0	0	0	0	0	0	0	0	0	0	0
Sci Adv	2024-01-01	10619935	187616	15599	0	3	0	3	0	1	3	6	0	4	4	8	0	0	0	0	8	0	0	1	0	0	0	0	1	0	0	0	0	0	0	0	0	0
Sci Adv	2024-01-01	10619928	164316	9453	0	0	2	0	0	0	0	0	0	0	0	3	0	0	0	0	5	0	0	0	0	0	0	0	0	0	0	0	0	0	0	0	0	0
Sci Adv	2024-01-01	10619936	203427	14640	0	6	1	2	0	0	2	0	0	8	0	11	0	0	0	0	18	0	0	5	0	0	1	0	0	0	0	0	0	0	0	0	0	0
Sci Adv	2024-01-01	10619940	135265	10927	0	2	1	0	0	0	0	3	0	4	0	3	0	0	0	0	11	0	0	3	0	0	0	0	1	0	0	0	0	0	0	0	0	0
Sci Adv	2024-01-01	10599626	179538	12580	0	14	0	2	0	0	0	0	0	0	0	1	0	0	0	0	11	0	0	1	0	0	0	0	0	0	0	0	0	0	0	0	0	0
Sci Adv	2024-01-01	10619922	113322	8957	0	1	0	0	0	0	2	0	0	0	6	5	0	0	0	0	6	0	0	0	0	0	0	0	0	0	0	0	0	0	0	0	0	0
Sci Adv	2024-01-01	10610921	266789	19190	0	2	0	0	0	0	0	1	0	1	18	3	0	0	0	0	21	0	0	1	0	0	0	1	0	0	0	0	1	0	0	0	0	1
Sci Adv	2024-01-01	10599625	259940	12855	0	7	3	0	0	0	4	3	0	0	12	3	0	0	2	0	17	0	0	3	0	0	0	0	0	0	0	0	1	0	0	0	0	0
Sci Adv	2024-01-01	10599618	119145	8735	0	1	0	0	0	1	4	2	0	0	5	1	0	0	0	0	10	0	0	2	0	0	0	0	0	0	0	0	0	0	0	0	0	0
Sci Adv	2024-01-01	10599620	173572	13205	0	9	0	0	0	0	1	0	0	1	2	0	0	0	0	0	15	0	0	0	0	0	2	0	0	0	0	0	0	0	0	1	0	0
Sci Adv	2024-01-01	10610896	164205	10358	0	4	2	0	0	0	1	1	0	2	0	4	0	0	0	0	11	0	1	4	0	0	0	0	0	0	0	0	0	0	0	0	0	0
Sci Adv	2024-01-01	10619931	288233	19061	0	11	1	0	0	0	1	1	0	0	3	14	0	0	1	1	14	0	1	0	0	0	0	1	2	0	0	0	0	1	0	0	0	0
Sci Adv	2024-01-01	10610912	145665	12561	0	5	0	3	0	0	1	0	0	2	0	8	0	0	0	0	6	0	0	1	0	0	0	0	0	0	0	0	0	1	0	0	0	0
Sci Adv	2024-01-01	10619930	115103	8976	0	16	0	7	0	0	0	0	0	1	8	1	0	0	0	0	6	0	1	1	0	0	1	0	0	0	0	0	0	0	0	0	0	1
Sci Adv	2024-01-01	10619933	193008	14994	0	2	0	1	0	0	0	0	0	0	2	2	0	0	0	0	29	0	0	0	0	0	0	0	2	0	0	0	0	0	0	0	0	0
Sci Adv	2024-01-01	10599627	237991	18698	0	16	1	2	0	0	1	4	0	15	1	8	0	0	0	0	15	0	0	0	0	0	1	0	0	0	0	0	0	0	0	0	0	0
Sci Adv	2024-01-01	10619923	170761	12803	0	6	0	1	0	0	0	1	0	0	0	0	0	0	0	0	19	0	0	0	0	0	0	0	2	0	0	0	0	1	0	0	0	0
Sci Adv	2024-01-01	10610922	176831	12137	0	0	0	1	0	0	1	1	0	0	1	2	0	0	1	0	11	0	0	0	0	0	1	0	0	0	0	0	0	0	0	0	0	0
Sci Adv	2024-01-01	10917425	2622	168	0	0	0	0	0	0	0	0	0	0	0	0	0	0	0	0	0	0	0	0	0	0	0	0	0	0	0	0	0	0	0	0	0	0
Sci Adv	2024-01-01	10599624	168424	12176	0	5	1	3	0	2	1	0	0	0	0	10	0	0	1	0	33	0	0	1	0	0	0	0	0	0	0	0	0	1	0	0	0	0
Sci Adv	2024-01-01	10610910	207255	16425	0	24	1	0	0	0	0	1	0	1	4	0	0	0	1	0	17	0	0	0	0	0	0	0	0	0	0	0	1	0	0	0	1	0
Sci Adv	2024-01-01	10599617	139924	9821	0	6	0	6	0	0	1	5	0	9	0	2	0	0	1	0	12	0	0	1	0	0	4	0	0	0	0	0	1	0	0	0	0	0
Sci Adv	2024-01-01	10599619	138789	11525	0	10	0	3	0	0	1	2	0	0	17	0	0	0	0	0	8	0	0	3	0	0	0	0	0	0	0	0	0	0	0	0	0	0
Sci Adv	2024-01-01	10599613	173428	11577	0	12	0	1	0	0	2	2	0	3	17	1	0	0	0	0	27	0	0	3	0	0	0	0	0	0	0	0	0	0	1	0	0	0
Sci Adv	2024-01-01	10917427	2652	168	0	0	0	0	0	0	0	0	0	0	0	0	0	0	0	0	0	0	0	0	0	0	0	0	0	0	0	0	0	0	0	0	0	0
Sci Adv	2024-01-01	10624346	157191	10306	0	0	4	0	0	0	0	0	0	0	2	2	0	0	2	0	1	0	0	1	0	0	1	0	0	0	0	0	0	0	0	0	0	0
Sci Adv	2024-01-01	10631739	244297	13387	0	21	1	1	0	0	2	0	0	0	6	7	0	0	0	0	10	0	2	1	0	0	0	0	0	0	0	0	0	0	0	0	0	0
Sci Adv	2024-01-01	10631729	177104	13090	0	4	0	11	0	0	1	2	0	1	1	3	0	1	0	0	26	0	0	2	0	0	0	0	0	0	0	0	0	0	0	0	0	0
Sci Adv	2024-01-01	10624338	113856	9158	0	11	1	1	0	0	3	3	0	1	7	1	0	0	0	0	10	0	0	3	0	0	4	0	0	0	0	0	0	0	0	0	0	0
Sci Adv	2024-01-01	10624339	111807	8148	0	1	1	0	0	0	0	2	0	1	1	0	0	0	0	0	2	0	0	0	0	0	0	0	0	0	0	0	0	0	0	0	0	0
Sci Adv	2024-01-01	10631740	130084	9811	0	2	1	0	0	0	2	0	0	2	0	6	0	0	0	0	15	0	0	0	0	0	0	0	1	0	0	0	0	0	0	0	0	0
Sci Adv	2024-01-01	10631720	143016	8911	0	4	1	0	0	0	3	0	0	0	0	6	0	0	0	0	4	0	1	0	0	0	0	0	1	0	0	0	0	0	0	0	0	0
Sci Adv	2024-01-01	10631732	118204	9401	0	6	0	0	0	0	3	9	0	0	1	1	0	0	0	0	10	0	1	2	0	0	1	0	0	0	0	0	0	0	0	1	0	0
Sci Adv	2024-01-01	10624340	155714	13684	0	4	5	1	0	0	11	0	0	0	2	2	0	0	0	0	13	0	0	3	0	0	1	0	0	0	0	0	0	0	0	0	0	0
Sci Adv	2024-01-01	10619932	159428	11686	0	4	1	2	0	0	5	2	0	0	5	1	0	0	1	0	13	0	0	4	0	0	0	0	0	0	0	0	0	0	0	0	0	0
Sci Adv	2024-01-01	10624347	83160	5831	0	2	0	0	0	0	1	0	0	1	5	5	0	0	0	0	3	0	0	1	0	0	0	0	0	0	0	0	0	0	0	0	0	0
Sci Adv	2024-01-01	10619934	124748	10432	0	5	0	1	0	0	0	3	0	0	4	0	0	0	0	0	15	0	1	0	0	0	0	0	0	0	0	0	0	0	0	0	0	0
Sci Adv	2024-01-01	10631722	156683	12511	0	6	0	3	0	0	8	2	0	3	1	14	0	0	0	0	7	0	0	0	0	0	0	1	0	0	0	0	0	1	0	0	0	0
Sci Adv	2024-01-01	10624344	154578	13611	0	16	0	6	0	0	3	0	0	1	1	6	0	0	1	0	6	0	0	3	0	0	0	0	0	0	0	0	0	0	0	0	0	0
Sci Adv	2024-01-01	10631733	145953	10224	0	2	0	0	0	0	0	0	0	2	3	1	0	0	0	0	18	0	0	0	0	0	0	1	0	0	0	0	0	0	0	0	0	0
Sci Adv	2024-01-01	10631737	227751	14587	0	5	0	0	0	0	0	1	0	0	14	2	0	0	1	0	18	0	0	1	0	0	1	0	0	0	0	0	0	0	0	0	0	0
Sci Adv	2024-01-01	10619943	185117	15745	0	7	1	0	0	2	0	1	0	0	0	1	0	1	0	0	18	0	1	8	0	0	0	0	0	0	0	0	0	0	0	0	0	0
Sci Adv	2024-01-01	10624353	213715	15558	0	3	1	1	0	0	1	3	0	2	0	6	0	0	0	0	9	0	0	0	0	0	0	1	0	0	0	0	0	0	1	0	0	0
Sci Adv	2024-01-01	10619927	136740	8465	1	1	1	1	0	0	4	1	0	0	0	2	0	0	0	0	4	0	0	2	0	0	0	0	0	0	0	0	0	1	0	0	0	0
Sci Adv	2024-01-01	10624342	102237	8123	0	3	0	0	0	0	0	0	0	0	2	0	0	0	0	0	6	0	0	0	0	0	0	0	0	0	0	0	0	0	0	0	0	0
Sci Adv	2024-01-01	10624350	142789	10712	0	3	0	1	0	0	0	1	0	0	8	0	0	0	3	0	13	0	0	2	0	0	0	2	0	0	0	0	0	2	0	0	0	0
Sci Adv	2024-01-01	10619939	196921	15880	0	7	2	1	0	1	2	0	0	4	3	13	0	0	0	0	28	0	0	3	0	0	0	0	0	0	0	0	0	0	0	0	0	0
Sci Adv	2024-01-01	10656067	205550	14268	0	1	3	1	0	0	1	0	0	0	46	1	0	0	2	0	14	0	0	0	0	0	0	1	0	0	0	0	0	0	0	0	0	1
Sci Adv	2024-01-01	10651128	234140	16534	0	6	2	2	0	0	0	2	0	0	0	1	0	0	0	0	14	0	0	2	0	0	0	0	0	0	0	0	0	0	0	0	0	0
Sci Adv	2024-01-01	10651135	225084	15613	0	5	1	0	0	1	3	2	0	1	1	5	0	0	0	0	10	0	0	0	0	0	0	0	0	0	0	0	0	0	0	0	0	0
Sci Adv	2024-01-01	10656070	196165	12631	0	9	0	2	0	0	1	1	0	0	5	1	0	1	0	0	20	0	0	5	0	0	1	1	0	0	0	0	0	0	0	0	0	0
Sci Adv	2024-01-01	10631719	200437	14659	0	11	0	0	0	1	1	2	0	0	2	3	0	0	1	0	6	0	2	2	0	0	2	0	0	0	1	0	0	1	0	0	0	0
Sci Adv	2024-01-01	10637741	130132	10703	0	15	0	2	0	0	0	0	0	0	6	11	0	0	0	0	10	0	0	1	0	1	1	0	0	0	0	0	0	0	0	0	0	0
Sci Adv	2024-01-01	10651133	168704	10604	0	1	1	0	0	0	2	0	0	0	1	4	0	0	0	0	6	0	0	3	0	0	1	0	0	0	0	0	0	0	0	2	0	0
Sci Adv	2024-01-01	10631721	138788	9385	0	1	1	0	0	0	1	0	0	0	4	2	0	0	0	0	4	0	1	4	0	0	1	0	0	0	0	0	0	2	1	0	0	0
Sci Adv	2024-01-01	10656069	206727	13096	0	3	0	4	0	2	0	0	0	0	1	2	0	0	1	0	12	0	0	2	0	0	0	0	0	0	0	0	0	0	0	0	0	0
Sci Adv	2024-01-01	10656060	5068	425	0	0	0	0	0	0	0	0	0	0	0	0	0	0	0	0	0	0	0	0	0	0	0	0	0	0	0	0	0	0	0	1	0	0
Sci Adv	2024-01-01	10656062	110181	7898	0	4	5	0	0	0	0	2	0	0	7	1	0	0	0	0	4	0	0	0	0	0	0	0	0	0	0	0	0	0	0	0	0	0
Sci Adv	2024-01-01	10631730	253550	15488	0	18	2	1	0	0	0	0	0	0	12	3	0	0	2	0	18	0	0	5	0	0	2	0	0	0	0	0	0	0	0	0	0	0
Sci Adv	2024-01-01	10637742	115225	8995	0	5	0	2	0	0	0	4	0	18	10	1	0	0	0	0	28	0	0	0	0	0	0	0	0	0	0	0	0	0	0	0	0	0
Sci Adv	2024-01-01	10637750	133026	9607	0	9	0	6	0	0	0	2	0	0	1	2	0	0	0	0	22	0	0	0	0	0	0	0	0	0	0	0	0	0	0	1	0	0
Sci Adv	2024-01-01	10656073	165490	12506	0	10	0	2	0	2	8	1	0	0	1	1	0	0	0	0	34	0	0	0	0	0	1	1	0	0	0	0	0	0	0	0	0	0
Sci Adv	2024-01-01	10651117	148980	10743	0	0	0	2	0	0	0	0	0	2	6	1	0	0	1	0	12	0	0	1	0	0	0	0	0	0	0	0	0	0	0	0	0	0
Sci Adv	2024-01-01	10631724	164264	12417	0	1	4	2	0	0	1	0	0	0	0	0	0	0	0	0	35	0	0	1	0	0	0	0	0	0	0	0	0	0	0	0	0	0
Sci Adv	2024-01-01	10651127	168816	12274	0	3	0	0	0	0	1	0	0	0	1	1	0	0	0	0	2	0	1	0	0	0	0	0	0	0	0	0	0	0	0	0	0	0
Sci Adv	2024-01-01	10651130	229808	17898	0	13	1	3	0	0	5	1	0	1	1	7	0	1	0	0	14	0	0	2	0	0	0	0	1	0	0	0	0	0	0	0	0	0
Sci Adv	2024-01-01	10631736	216833	21845	0	16	0	11	0	1	3	2	0	1	9	5	0	0	2	0	43	0	0	2	0	0	3	0	0	0	0	0	0	0	1	0	0	0
Sci Adv	2024-01-01	10651129	233180	16429	0	1	0	0	0	1	0	8	0	2	0	1	0	0	0	0	26	0	1	0	0	0	0	0	0	0	0	0	0	0	0	0	0	0
Sci Adv	2024-01-01	10656072	145043	12072	0	4	0	0	0	0	3	18	0	0	0	1	0	0	2	0	7	0	0	1	0	0	0	0	3	0	0	0	0	0	0	0	0	0
Sci Adv	2024-01-01	10651118	182618	15605	0	0	1	0	0	0	2	0	0	0	7	1	0	0	0	0	2	0	0	1	0	0	24	0	0	0	0	0	0	0	0	0	0	0
Sci Adv	2024-01-01	10846899	2909	182	0	0	0	0	0	0	0	0	0	0	0	0	0	0	0	0	0	0	0	0	0	0	0	0	0	0	0	0	0	0	0	0	0	0
Sci Adv	2024-01-01	10651121	193301	14512	0	11	0	4	0	0	5	2	0	1	1	4	0	0	2	0	29	0	0	1	0	0	1	0	0	0	0	0	0	0	0	0	0	0
Sci Adv	2024-01-01	10651126	216290	14012	0	21	4	0	0	1	3	3	0	0	7	4	0	0	0	0	25	0	0	0	0	0	1	0	0	0	0	0	0	0	0	0	0	0
Sci Adv	2024-01-01	10664993	167577	15636	0	2	0	2	0	0	0	2	0	0	8	4	0	1	0	0	31	0	0	0	0	0	0	0	0	0	0	0	0	1	0	0	1	0
Sci Adv	2024-01-01	10651134	68474	5204	0	0	0	0	0	0	0	1	0	0	0	1	0	0	0	0	2	0	0	1	0	0	0	0	0	0	0	0	0	0	0	0	0	0
Sci Adv	2024-01-01	10664990	197534	12450	0	8	0	1	0	0	0	1	0	1	2	1	0	1	0	0	23	0	1	0	0	0	1	0	0	0	0	0	0	0	0	0	0	0
Sci Adv	2024-01-01	10664999	122157	8291	0	3	0	0	0	2	0	0	0	0	1	1	0	0	0	0	6	0	0	1	0	0	0	0	0	0	0	0	0	0	0	0	0	0
Sci Adv	2024-01-01	10651115	106544	7031	0	2	0	0	0	0	1	0	0	0	1	0	0	0	3	0	1	0	0	1	0	0	0	0	0	0	0	0	1	3	0	0	0	0
Sci Adv	2024-01-01	10664980	93449	6805	0	0	2	0	0	0	0	0	0	0	0	0	0	0	0	0	7	0	0	0	0	0	0	0	0	0	0	0	0	0	0	0	0	0
Sci Adv	2024-01-01	10665002	178071	13664	0	8	1	1	0	2	0	3	0	1	0	9	0	0	0	0	19	0	0	0	0	0	0	0	0	0	0	0	0	0	0	0	0	0
Sci Adv	2024-01-01	10664991	317642	18679	0	1	0	0	0	0	0	0	0	0	0	0	0	0	0	0	11	0	0	0	0	0	1	0	0	0	0	0	0	0	0	0	0	0
Sci Adv	2024-01-01	10664996	213857	15794	0	28	0	6	0	3	3	0	0	0	0	2	0	0	0	0	11	0	0	2	0	0	0	0	0	0	0	0	0	0	0	0	0	0
Sci Adv	2024-01-01	10665000	194696	11915	0	4	0	0	0	0	1	0	0	0	0	0	0	0	3	4	5	0	0	0	0	0	0	0	1	0	0	0	1	0	0	0	0	0
Sci Adv	2024-01-01	10651119	126406	8289	0	2	0	0	0	0	0	0	0	0	1	0	0	0	0	0	0	0	0	2	0	0	0	0	0	0	0	0	5	1	0	0	0	0
Sci Adv	2024-01-01	10664983	145458	8774	0	0	0	0	0	0	6	0	0	0	0	3	0	0	0	0	2	0	0	1	0	0	0	0	0	0	0	0	0	0	0	0	0	0
Sci Adv	2024-01-01	10651125	177593	14740	0	7	1	1	0	1	0	2	0	2	0	4	0	0	1	0	15	0	0	2	0	0	0	0	0	0	0	0	0	0	0	0	0	1
Sci Adv	2024-01-01	10664988	119660	8604	0	5	0	1	0	5	0	10	0	1	0	3	0	0	0	0	1	0	0	0	0	0	1	0	0	0	0	0	0	0	0	0	0	0
Sci Adv	2024-01-01	10664995	111343	7614	0	1	0	0	0	0	0	0	0	1	0	0	0	0	0	0	0	0	0	0	0	0	0	0	0	0	0	0	0	0	0	0	0	0
Sci Adv	2024-01-01	10651132	155067	10993	0	1	0	2	0	0	0	0	0	8	3	0	0	0	0	0	5	0	0	0	0	0	0	0	0	0	0	0	0	0	0	0	0	1
Sci Adv	2024-01-01	10664984	148694	12165	0	12	0	5	0	2	2	2	0	19	1	2	0	0	1	0	12	0	1	5	0	0	2	2	0	0	0	0	0	0	0	0	0	0
Sci Adv	2024-01-01	10651114	210924	15518	0	1	0	8	0	0	0	0	0	2	1	2	0	0	2	0	13	0	0	2	0	0	0	0	0	0	0	0	0	0	0	0	0	0
Sci Adv	2024-01-01	10665001	176331	9918	0	1	0	0	0	0	1	0	0	0	0	3	0	0	0	0	15	0	0	1	0	0	0	0	1	0	0	0	0	0	0	0	0	0
Sci Adv	2024-01-01	10672166	189843	16279	0	25	0	0	0	1	3	4	0	0	1	1	0	0	0	0	30	0	1	3	0	0	0	1	0	0	0	0	0	0	0	0	0	0
Sci Adv	2024-01-01	10691770	154172	11848	0	2	0	1	0	0	1	0	0	0	2	0	0	0	0	0	14	0	0	5	0	0	0	0	0	0	0	0	0	0	0	0	0	0
Sci Adv	2024-01-01	10691764	108033	8975	0	24	1	1	0	0	1	14	0	0	26	0	0	0	1	0	2	0	0	6	0	0	2	0	0	0	0	0	0	0	0	0	0	0
Sci Adv	2024-01-01	10686566	179022	13430	0	5	0	0	0	0	1	0	0	7	1	4	0	0	0	0	4	0	0	2	0	0	0	1	0	0	0	0	0	0	0	0	0	0
Sci Adv	2024-01-01	10691773	208232	14310	0	11	0	0	0	0	1	0	0	0	18	3	0	1	3	0	16	0	0	3	0	0	0	0	1	3	0	0	0	0	0	0	0	0
Sci Adv	2024-01-01	10691781	192565	13110	0	15	0	2	0	1	1	0	0	0	0	4	0	0	0	0	13	0	4	3	0	0	0	0	0	0	0	0	0	0	0	0	0	0
Sci Adv	2024-01-01	10686558	176064	13725	0	6	0	4	0	0	1	2	0	2	17	6	0	0	0	0	12	0	1	0	0	0	0	0	0	10	0	0	0	0	0	0	0	0
Sci Adv	2024-01-01	10672163	186657	14322	0	27	0	4	0	1	4	0	0	2	0	4	0	0	0	0	8	0	3	1	0	0	0	0	0	0	0	0	0	0	0	0	0	0
Sci Adv	2024-01-01	10672161	185719	12859	0	5	0	1	0	1	0	7	0	0	3	0	0	0	0	0	9	0	1	0	0	0	0	0	0	0	0	0	0	0	0	0	0	0
Sci Adv	2024-01-01	10672170	210188	13958	0	0	0	9	0	0	0	0	0	3	0	1	0	0	0	0	7	0	0	1	0	0	0	0	0	0	0	0	0	0	0	0	0	0
Sci Adv	2024-01-01	10691774	102716	7782	0	3	0	0	0	0	4	0	0	1	3	1	0	0	0	0	9	0	0	0	0	0	0	0	0	0	0	0	0	0	0	0	0	0
Sci Adv	2024-01-01	10672173	200856	15643	0	5	0	2	0	1	0	1	0	0	9	16	0	0	1	0	21	0	0	6	0	0	1	5	0	0	0	0	1	0	1	0	0	0
Sci Adv	2024-01-01	10664994	195644	9154	0	0	2	0	0	0	0	1	0	0	8	3	0	0	0	0	8	0	0	4	0	0	0	0	0	0	0	0	0	0	0	0	0	0
Sci Adv	2024-01-01	10686557	155443	12134	0	11	0	3	0	0	0	2	0	1	0	4	0	0	0	0	14	0	0	0	0	0	1	0	0	0	0	0	0	0	0	0	0	1
Sci Adv	2024-01-01	10686568	255753	16116	0	10	0	0	0	1	1	0	0	0	3	6	0	0	0	0	22	0	1	0	0	0	2	0	0	0	0	0	0	0	0	1	0	1
Sci Adv	2024-01-01	10664987	222137	13574	0	13	0	4	0	1	1	0	0	2	2	1	0	0	0	0	7	0	2	1	0	0	2	0	0	0	0	0	0	0	0	0	1	0
Sci Adv	2024-01-01	10691772	169849	10590	0	2	3	0	0	0	1	0	0	0	5	1	0	0	0	0	4	0	0	0	0	0	0	0	0	0	0	0	2	0	0	0	0	0
Sci Adv	2024-01-01	10691766	231226	15842	0	13	0	1	0	0	0	8	0	1	0	4	0	0	0	0	49	0	0	0	0	0	0	0	0	0	0	0	0	0	0	0	0	0
Sci Adv	2024-01-01	10672168	191917	14346	0	11	0	0	0	0	0	0	0	2	1	0	0	0	0	0	12	0	0	0	0	0	0	1	0	0	0	0	0	0	0	4	0	0
Sci Adv	2024-01-01	10686567	421152	19242	0	17	2	4	0	0	2	3	0	0	11	0	0	0	0	0	16	0	0	2	0	0	0	1	0	0	0	0	0	0	0	0	0	0
Sci Adv	2024-01-01	10708189	204036	12459	0	7	0	0	0	0	0	3	0	1	1	2	0	0	0	0	26	0	0	0	0	0	0	0	0	0	0	0	0	0	0	0	0	0
Sci Adv	2024-01-01	10699784	181623	13350	0	5	0	11	0	0	1	1	0	0	0	6	0	0	0	0	14	0	0	0	0	0	0	0	0	0	0	0	0	0	0	0	0	0
Sci Adv	2024-01-01	10708185	177829	10784	0	10	0	1	0	0	3	7	0	1	7	4	0	0	0	0	24	0	0	0	0	0	2	0	0	0	0	0	0	0	0	0	0	0
Sci Adv	2024-01-01	10699778	134642	9055	0	0	2	1	0	0	0	0	0	0	8	2	0	0	0	0	6	0	0	3	0	0	0	0	0	0	0	0	0	0	0	0	0	0
Sci Adv	2024-01-01	10708198	143220	9840	0	4	2	0	0	0	1	1	0	0	1	2	0	0	1	0	11	0	0	2	0	0	0	0	0	0	0	0	0	0	0	0	0	0
Sci Adv	2024-01-01	10708181	202710	14612	0	11	2	3	0	0	1	3	0	12	6	9	0	0	1	0	36	0	1	1	0	0	0	2	0	0	0	0	0	0	0	0	0	0
Sci Adv	2024-01-01	10708175	103397	7920	0	10	0	1	0	0	1	2	0	1	34	2	0	0	1	0	39	0	0	0	0	0	0	0	1	0	0	0	1	0	0	0	0	0
Sci Adv	2024-01-01	10708174	152826	10313	0	17	0	5	0	0	1	1	0	1	18	1	0	0	0	0	9	0	0	1	0	0	0	0	0	0	0	0	0	0	0	0	0	0
Sci Adv	2024-01-01	10699770	95727	7604	0	11	0	0	0	0	0	0	0	0	0	3	0	0	0	0	8	0	0	1	0	0	0	0	0	0	0	0	0	0	0	0	0	0
Sci Adv	2024-01-01	10699785	150698	10999	0	1	1	3	0	0	0	1	0	0	18	0	0	0	0	0	9	0	2	3	0	0	0	1	0	0	0	0	0	0	0	0	0	1
Sci Adv	2024-01-01	10699773	127260	9798	0	0	0	0	0	0	1	0	0	0	6	5	0	0	0	0	29	0	0	0	0	0	1	0	0	0	0	0	0	0	0	0	0	0
Sci Adv	2024-01-01	10699777	176788	12397	0	6	0	2	0	0	0	0	0	1	5	1	0	0	0	0	10	0	0	1	0	0	0	0	0	0	0	0	0	0	1	1	0	0
Sci Adv	2024-01-01	10708191	126393	9047	0	4	0	0	0	0	0	0	0	0	0	4	0	0	0	0	32	0	1	0	0	0	0	0	0	0	0	0	1	0	0	0	0	0
Sci Adv	2024-01-01	10699789	26783	2199	0	0	0	0	0	0	0	0	0	0	0	0	0	0	0	0	12	0	0	2	0	0	0	0	0	0	0	0	0	0	0	0	0	0
Sci Adv	2024-01-01	10699790	219141	16066	0	7	0	2	0	0	0	1	0	0	0	1	0	1	0	0	12	0	0	1	0	0	1	0	0	0	0	0	0	0	0	0	0	0
Sci Adv	2024-01-01	10699786	195099	14032	0	2	2	1	0	1	2	9	0	0	0	0	0	0	0	0	23	0	1	0	0	0	2	0	0	0	0	0	0	0	0	0	0	0
Sci Adv	2024-01-01	10699771	137348	9217	0	2	0	0	0	0	0	0	0	0	1	1	0	0	0	0	2	0	0	0	0	0	0	0	1	0	0	0	0	0	0	0	0	0
Sci Adv	2024-01-01	10708208	135004	11374	0	6	0	0	0	0	1	3	0	3	1	0	0	0	0	0	5	0	1	0	0	0	0	0	0	0	0	0	0	0	0	1	0	0
Sci Adv	2024-01-01	10699787	241067	17499	0	11	0	11	0	0	2	12	0	4	2	5	0	0	0	0	13	0	0	3	0	0	1	0	1	0	0	0	0	0	0	0	0	0
Sci Adv	2024-01-01	10699788	251123	17568	0	23	1	1	0	3	4	3	0	1	1	10	0	0	1	0	31	0	3	2	0	0	1	2	0	0	0	0	0	0	0	0	0	0
Sci Adv	2024-01-01	10708209	200078	15337	0	21	2	13	0	1	0	1	0	15	0	3	0	0	1	0	17	0	0	1	0	0	0	0	0	0	0	0	0	0	0	0	0	0
Sci Adv	2024-01-01	10708182	141307	12527	0	7	0	3	0	1	3	4	0	0	5	2	0	2	0	0	7	0	0	0	0	0	0	0	1	0	0	0	0	0	0	0	0	0
Sci Adv	2024-01-01	10846869	134582	8820	0	5	0	1	0	0	0	2	0	1	4	1	0	0	1	0	4	0	0	1	0	0	0	2	0	0	0	0	0	0	0	0	0	0
Sci Adv	2024-01-01	10708167	4488	342	0	0	0	0	0	0	0	0	0	0	0	0	0	0	0	0	0	0	0	0	0	0	0	0	0	0	0	0	0	0	0	0	0	0
Sci Adv	2024-01-01	10699782	215017	16281	0	12	0	2	0	0	5	0	0	4	0	1	0	0	0	0	14	0	0	0	0	0	0	0	0	0	0	0	0	0	0	0	0	0
Sci Adv	2024-01-01	10848707	132071	9453	0	2	3	1	0	0	1	0	0	0	1	1	0	1	1	0	13	0	0	2	0	0	0	0	0	0	0	0	0	0	0	3	0	0
Sci Adv	2024-01-01	10848717	125646	8238	0	1	0	0	0	0	2	0	0	0	2	0	0	0	0	0	10	0	0	0	0	0	0	0	0	0	0	0	3	0	0	0	0	0
Sci Adv	2024-01-01	10848711	220670	13621	0	15	0	2	0	0	1	1	0	0	0	5	0	0	0	0	17	0	1	1	0	0	0	0	0	0	0	0	0	0	0	0	0	0
Sci Adv	2024-01-01	10848701	156890	10869	0	5	0	2	0	0	1	3	0	0	0	3	0	0	0	0	4	0	0	1	0	0	0	0	0	0	0	0	0	0	0	0	0	0
Sci Adv	2024-01-01	10848725	133507	9292	0	2	3	1	0	0	0	0	0	0	0	2	0	0	0	0	10	0	0	0	0	0	0	0	0	0	0	0	0	0	0	0	0	0
Sci Adv	2024-01-01	11649070	172355	12712	0	9	0	2	0	0	0	0	0	1	23	3	0	0	1	0	23	0	0	0	0	0	0	0	0	0	0	0	0	0	0	0	0	1
Sci Adv	2024-01-01	10917426	4005	295	0	0	0	0	0	0	0	0	0	0	0	0	0	0	0	0	0	0	0	0	0	0	0	0	0	0	0	0	0	0	0	0	0	0
Sci Adv	2024-01-01	10848765	137270	9850	0	2	0	0	0	0	0	1	0	1	0	7	0	0	0	0	1	0	0	0	0	0	0	0	0	0	0	0	0	0	0	0	0	0
Sci Adv	2024-01-01	10848735	237498	19967	0	6	3	0	0	0	6	0	0	0	0	4	0	0	0	0	25	0	0	2	0	0	0	0	0	0	0	0	0	0	0	0	0	0
Sci Adv	2024-01-01	10848727	203724	13151	0	14	0	3	0	0	2	2	0	0	2	3	0	0	0	0	16	0	0	0	0	0	1	0	0	0	0	0	0	0	0	0	0	0
Sci Adv	2024-01-01	10848709	141413	11787	0	3	4	0	0	0	1	1	0	3	3	1	0	0	1	0	27	0	0	5	0	0	1	1	0	0	0	0	0	0	0	0	0	0
Sci Adv	2024-01-01	10848721	219154	16557	0	21	0	2	0	0	5	0	0	0	2	6	0	0	0	0	24	0	2	0	0	0	0	0	0	0	0	0	0	0	0	0	0	0
Sci Adv	2024-01-01	10848710	108583	9781	0	2	0	2	0	0	2	2	0	1	32	2	0	0	0	0	22	0	0	2	0	0	1	0	0	0	0	0	1	0	0	0	0	0
Sci Adv	2024-01-01	10848729	133889	7902	0	1	1	0	0	0	0	0	0	0	4	0	0	0	0	0	6	0	0	1	0	0	0	0	0	0	0	0	0	0	0	0	0	0
Sci Adv	2024-01-01	10848702	130044	7498	0	2	0	0	0	0	0	0	0	0	1	1	0	0	0	0	5	0	0	0	0	0	2	0	0	0	0	0	0	3	0	0	0	0
Sci Adv	2024-01-01	10848744	208763	15818	0	9	1	0	0	0	1	6	0	0	1	10	0	0	2	0	7	0	1	2	0	0	0	0	0	0	0	0	0	0	1	0	0	0
Sci Adv	2024-01-01	10848738	177015	14836	0	6	2	1	0	0	0	2	0	0	9	1	0	0	1	0	12	0	0	2	0	0	0	0	2	0	0	0	0	1	0	1	0	0
Sci Adv	2024-01-01	10848736	244327	19517	0	16	1	5	0	0	0	9	0	10	5	2	0	0	0	0	14	0	0	6	0	0	2	0	1	0	0	0	0	0	0	0	0	0
Sci Adv	2024-01-01	10848720	216940	13588	0	6	1	1	0	0	7	3	0	4	1	7	0	0	0	0	34	0	0	1	0	0	0	0	0	0	0	0	0	0	0	0	0	0
Sci Adv	2024-01-01	10848715	143232	8497	0	1	4	0	0	0	0	0	0	0	3	1	0	0	0	0	9	0	0	1	0	0	0	0	0	0	0	0	0	0	0	0	0	0
Sci Adv	2024-01-01	10718484	10632	1277	0	0	0	0	0	0	0	0	0	0	0	0	0	0	0	0	1	0	0	0	0	0	0	0	0	0	0	0	0	0	0	0	0	2
Sci Adv	2024-01-01	10848723	185912	14172	0	1	0	0	0	1	1	0	0	0	0	11	0	0	0	0	4	0	0	0	0	0	0	4	0	0	0	0	0	0	0	0	0	0
Sci Adv	2024-01-01	10848726	158634	9285	0	5	0	0	0	0	1	1	0	0	9	0	0	0	1	0	12	0	0	6	0	0	0	0	0	0	0	0	0	0	0	0	0	0
Sci Adv	2024-01-01	10848704	121367	7797	0	7	0	0	0	0	2	0	0	0	4	1	0	0	0	0	8	0	0	1	0	0	0	0	0	0	0	0	0	0	0	0	0	0
Sci Adv	2024-01-01	10848780	4627	349	0	0	0	0	0	0	0	0	0	0	0	0	0	0	0	0	0	0	0	0	0	0	0	0	0	0	0	0	0	0	0	1	0	0
Sci Adv	2024-01-01	10732521	200581	17152	0	5	0	5	0	2	4	10	0	2	1	9	0	0	0	0	16	0	0	1	0	1	2	0	1	0	0	0	0	0	0	0	0	0
Sci Adv	2024-01-01	10732536	166770	14378	0	9	0	0	0	0	2	4	0	1	0	4	0	0	0	0	23	0	1	4	0	0	0	0	0	0	0	0	0	0	0	0	0	0
Sci Adv	2024-01-01	10732519	112140	8866	0	0	1	0	0	0	1	0	0	0	2	1	0	0	1	0	4	0	0	0	0	0	0	0	1	0	0	0	0	0	0	0	0	1
Sci Adv	2024-01-01	10745691	228805	15420	0	9	0	11	0	0	2	0	0	0	3	6	0	0	0	0	35	0	0	5	0	0	1	0	0	0	0	0	0	0	0	0	0	0
Sci Adv	2024-01-01	10732529	125300	8194	0	1	0	0	0	0	3	0	0	0	0	2	0	0	0	0	5	0	0	0	0	0	0	0	0	0	0	0	0	0	0	0	0	0
Sci Adv	2024-01-01	10745696	174912	9943	0	0	3	0	0	0	0	0	0	0	1	0	0	0	0	0	4	0	0	0	0	0	0	0	0	0	0	0	0	0	0	0	0	0
Sci Adv	2024-01-01	10732535	235592	16112	0	5	2	0	0	0	2	4	0	0	62	2	0	0	1	0	244	0	0	0	0	0	0	0	0	0	0	0	0	0	0	0	0	0
Sci Adv	2024-01-01	10732525	125170	8411	0	0	1	1	0	0	1	0	0	1	0	0	0	0	0	0	2	0	0	0	0	0	0	0	1	0	0	0	0	0	0	0	0	0
Sci Adv	2024-01-01	10745684	78499	6900	0	0	1	1	0	0	0	0	0	0	1	0	0	1	0	0	5	0	0	0	0	0	0	0	0	0	0	0	0	0	0	0	0	0
Sci Adv	2024-01-01	10745681	142787	10580	0	1	0	0	0	0	5	0	0	0	1	2	0	0	0	0	14	0	0	3	0	0	0	0	0	0	0	0	0	0	0	0	0	0
Sci Adv	2024-01-01	10732524	167454	10585	0	9	0	1	0	1	0	1	0	0	0	8	0	0	0	0	12	0	1	1	0	0	0	0	0	0	0	0	0	0	0	0	0	0
Sci Adv	2024-01-01	10732527	126431	8911	0	1	0	0	0	1	1	1	0	2	14	0	0	0	0	0	6	0	0	1	0	0	0	0	0	0	0	0	0	1	0	0	0	0
Sci Adv	2024-01-01	10745671	4355	331	0	0	0	0	0	0	0	0	0	0	0	0	0	0	0	0	0	0	0	0	0	0	0	0	0	0	0	0	0	0	0	0	0	0
Sci Adv	2024-01-01	10732533	180870	14830	0	6	1	1	0	0	1	2	0	6	2	4	0	0	0	0	22	0	0	6	0	0	0	0	0	0	0	0	0	0	0	0	0	0
Sci Adv	2024-01-01	10732523	323226	10561	0	0	0	0	0	0	0	0	0	0	0	0	0	0	0	0	2	0	0	1	0	0	0	0	0	0	0	0	0	1	0	0	0	0
Sci Adv	2024-01-01	10732520	143171	13613	1	4	3	0	0	0	5	9	0	4	25	1	0	0	1	0	20	0	0	1	0	0	1	0	0	0	0	0	0	0	0	1	0	0
Sci Adv	2024-01-01	10732513	19727	1921	0	0	0	0	0	0	0	1	0	0	0	0	0	0	0	0	3	0	0	0	0	0	0	0	0	0	0	0	0	0	0	0	0	0
Sci Adv	2024-01-01	10732516	161760	12258	0	2	0	0	0	0	0	0	0	0	0	5	0	0	0	0	10	0	0	2	0	0	2	0	2	0	0	0	0	0	0	0	0	0
Sci Adv	2024-01-01	10745716	245532	16656	0	15	2	0	0	0	0	1	0	1	1	6	0	0	0	0	20	0	0	3	0	0	0	0	0	0	0	0	0	0	0	0	0	0
Sci Adv	2024-01-01	10745693	132544	10172	0	4	0	0	0	1	0	0	0	1	4	7	0	0	0	0	8	0	0	2	0	0	0	0	0	0	0	0	0	0	0	0	0	0
Sci Adv	2024-01-01	10745694	189833	12409	0	15	1	4	0	0	1	0	0	1	19	4	0	0	0	0	10	0	0	3	0	0	2	0	0	0	0	0	0	0	0	0	0	0
Sci Adv	2024-01-01	10745711	186568	14269	0	6	1	11	0	0	1	6	0	6	5	2	0	0	0	0	23	0	0	2	0	0	1	0	0	0	0	0	0	0	0	0	0	0
Sci Adv	2024-01-01	10745699	149947	12161	1	9	0	2	0	0	0	0	0	0	6	3	0	1	0	0	30	0	0	1	0	0	0	0	0	0	0	0	0	0	0	0	0	0
Sci Adv	2024-01-01	10745701	242349	14058	0	9	0	3	0	1	1	1	0	0	1	4	0	0	1	0	23	0	0	1	0	0	1	0	0	0	0	0	0	0	0	0	0	1
Sci Adv	2024-01-01	10732531	160763	12289	0	10	0	0	0	0	0	4	0	1	0	6	0	0	0	0	28	0	0	2	0	0	1	0	0	0	0	0	0	0	0	0	0	0
