journal	date	pmc_id	Nchars	Nwords	delve	analyse	acknowledge	assess	appraise	dissect	explore	examine	extricate	expose	estimate	investigate	inquire	inspect	interpret	scrutinise	study	unearth	uncover	understand	ponder	research	reason	retrieve	avoid	discount	disregard	dismiss	ignore	neglect	overlook	omit	skip	reject
Sci Adv	2024-07-01	10990276	231905	16173	0	6	1	7	0	0	3	4	0	0	4	3	0	0	5	0	23	0	0	0	0	0	0	0	0	0	0	0	0	0	0	0	0	0
Sci Adv	2024-07-01	10990274	165832	12642	0	6	1	3	0	0	0	2	0	0	20	3	0	0	0	0	28	0	1	0	0	0	2	0	4	0	0	0	0	0	0	1	0	0
Sci Adv	2024-07-01	10990262	169856	13893	0	21	1	2	0	0	9	5	0	0	7	4	0	0	3	0	13	0	0	10	0	0	0	0	0	0	0	0	0	0	0	0	0	0
Sci Adv	2024-07-01	10990278	237951	13466	0	12	1	0	0	0	2	12	0	0	0	3	0	0	1	0	32	0	0	2	0	0	0	0	0	0	0	0	0	0	0	0	0	0
Sci Adv	2024-07-01	10997192	147330	10408	0	1	5	0	0	0	2	1	0	0	2	0	0	0	0	0	1	0	0	0	0	0	0	0	0	0	0	0	0	1	0	2	0	0
Sci Adv	2024-07-01	10990277	222047	17111	0	7	0	4	0	0	1	6	0	1	0	4	0	0	0	0	0	0	1	3	0	0	1	0	0	1	0	0	0	0	0	0	0	0
Sci Adv	2024-07-01	10990286	268289	13285	0	3	0	0	0	0	0	0	0	0	4	2	0	0	0	0	12	0	0	5	0	0	0	0	0	0	0	0	0	1	0	0	0	0
Sci Adv	2024-07-01	11092980	316567	23224	0	41	0	1	0	2	1	7	0	1	9	14	0	1	1	0	39	0	1	1	0	0	0	1	0	0	0	0	1	1	0	0	0	0
Sci Adv	2024-07-01	10990279	184053	12588	0	1	0	1	0	0	0	1	0	0	0	3	0	0	0	0	10	0	0	0	0	0	0	0	1	0	0	0	0	0	0	0	0	0
Sci Adv	2024-07-01	10990273	147050	11565	0	4	2	1	0	1	3	6	0	4	0	2	1	0	0	0	20	0	0	2	0	0	0	0	0	0	0	0	0	0	0	0	0	0
Sci Adv	2024-07-01	10990281	201334	15893	0	14	0	1	0	0	1	5	0	1	0	7	0	0	0	0	11	0	1	3	0	0	0	0	0	0	0	0	0	0	0	0	0	0
Sci Adv	2024-07-01	10997201	238915	13619	0	4	1	1	0	0	2	1	0	0	3	1	0	0	0	0	3	0	0	0	0	0	0	0	0	0	0	0	0	0	1	0	0	0
Sci Adv	2024-07-01	10997200	157676	10885	0	3	1	1	0	3	5	5	0	0	0	5	0	0	0	0	21	0	1	1	0	0	1	0	0	0	0	0	0	0	1	0	0	0
Sci Adv	2024-07-01	10997207	222991	17981	0	32	1	0	0	0	0	6	0	1	1	1	0	0	0	0	34	0	3	2	0	0	0	0	0	0	0	0	0	0	0	0	0	0
Sci Adv	2024-07-01	10990280	161580	10564	0	2	1	0	0	0	1	0	0	0	0	0	0	0	0	0	7	0	1	1	0	0	0	0	0	0	0	0	0	0	0	0	0	0
Sci Adv	2024-07-01	10990264	114284	8271	0	1	0	0	0	0	2	2	0	0	3	2	0	0	0	0	3	0	0	0	0	0	0	0	0	0	0	0	0	0	0	0	0	0
Sci Adv	2024-07-01	10997197	194108	14739	0	5	0	1	0	0	1	2	0	3	0	1	0	1	0	0	16	0	1	0	0	0	0	8	0	0	0	0	0	0	0	0	0	0
Sci Adv	2024-07-01	10990271	107864	8549	0	3	0	1	0	0	0	1	0	2	0	5	0	0	0	0	0	0	0	0	0	0	0	0	2	0	0	0	0	0	0	0	0	0
Sci Adv	2024-07-01	10990289	233049	18131	0	24	1	0	0	2	1	6	0	0	1	2	0	0	0	0	50	0	0	1	0	0	3	0	0	0	0	0	0	0	0	0	0	0
Sci Adv	2024-07-01	10997211	138574	12408	0	19	0	10	0	1	24	5	0	1	1	7	0	0	0	0	13	0	0	1	0	0	0	0	0	0	0	0	0	0	1	0	0	0
Sci Adv	2024-07-01	10997203	107355	6657	0	2	2	1	0	0	0	0	0	0	0	1	0	0	0	0	6	0	0	0	0	0	1	0	0	0	0	0	0	0	0	0	0	0
Sci Adv	2024-07-01	10990275	225841	15439	0	6	0	0	0	0	0	3	0	1	0	4	0	0	0	0	15	0	0	3	0	0	0	0	0	0	0	0	0	0	0	0	0	0
Sci Adv	2024-07-01	10997190	99902	7361	0	2	1	0	0	0	0	0	0	0	3	1	0	0	0	0	1	0	0	2	0	0	0	0	0	0	0	0	0	0	0	0	0	0
Sci Adv	2024-07-01	10990266	108747	10020	0	5	0	4	0	0	2	1	0	0	7	1	0	0	0	0	18	0	0	4	0	0	1	0	0	0	0	0	0	0	0	0	0	0
Sci Adv	2024-07-01	10990267	231585	15246	0	3	1	0	0	0	0	0	0	0	10	0	0	0	0	0	1	0	0	4	0	0	0	0	0	0	0	0	0	1	0	0	0	0
Sci Adv	2024-07-01	11006224	167049	12041	0	6	0	6	0	2	1	0	0	0	0	0	0	0	0	0	3	0	1	0	0	0	0	0	0	0	0	0	0	0	0	0	0	0
Sci Adv	2024-07-01	11014453	4423	330	0	0	0	0	0	0	0	0	0	0	0	0	0	0	0	0	0	0	0	0	0	0	0	0	0	0	0	0	0	0	0	0	0	0
Sci Adv	2024-07-01	11006231	127276	9130	0	3	1	0	0	0	2	0	0	2	1	3	0	0	0	0	14	0	0	1	0	0	1	0	0	0	0	0	0	0	0	0	0	0
Sci Adv	2024-07-01	11006219	241051	14059	0	1	0	1	0	0	2	2	0	0	1	0	0	0	2	0	20	0	1	9	0	0	0	0	4	0	0	0	0	0	0	0	0	0
Sci Adv	2024-07-01	11014455	263551	18496	0	22	1	1	0	2	1	2	0	0	0	2	0	0	0	0	7	0	0	2	0	0	0	0	0	0	0	0	0	0	0	0	0	0
Sci Adv	2024-07-01	11014441	243525	15955	0	44	1	1	0	0	0	0	0	0	17	1	0	0	0	0	14	0	0	0	0	0	0	2	0	0	1	0	1	0	0	0	0	0
Sci Adv	2024-07-01	11014440	195491	17329	0	14	0	1	0	0	1	3	0	0	0	4	0	0	0	0	21	0	0	1	0	0	0	0	0	0	0	0	0	0	0	0	0	0
Sci Adv	2024-07-01	11014442	104983	7791	0	1	1	0	0	0	0	4	0	0	1	2	0	0	0	0	6	0	0	0	0	0	0	0	0	0	0	0	0	0	0	0	0	0
Sci Adv	2024-07-01	11006230	93932	7945	0	4	0	0	0	0	0	5	0	0	0	3	0	0	0	0	9	0	0	0	0	0	0	0	0	0	0	0	0	0	0	0	0	0
Sci Adv	2024-07-01	11636708	130872	8593	0	0	3	0	0	0	1	0	0	0	0	0	0	0	0	0	0	0	0	0	0	0	0	1	0	0	0	0	0	0	0	0	0	0
Sci Adv	2024-07-01	11014448	173262	11249	0	2	0	6	0	0	5	1	0	0	12	4	0	0	0	0	7	0	0	0	0	0	0	0	0	0	0	0	0	0	0	0	0	0
Sci Adv	2024-07-01	11014444	116449	7184	0	0	1	0	0	0	0	0	0	0	0	1	0	0	0	0	7	0	0	0	0	0	0	0	0	0	0	0	0	0	0	0	0	0
Sci Adv	2024-07-01	11006217	105855	8064	0	1	0	0	0	1	0	0	0	2	1	1	0	0	0	0	9	0	1	3	0	0	1	0	1	0	0	0	0	0	0	0	0	0
Sci Adv	2024-07-01	11014452	216638	21405	0	29	1	1	0	0	0	0	0	1	0	8	0	0	0	0	8	0	0	0	0	0	0	2	0	0	0	0	0	0	0	1	0	0
Sci Adv	2024-07-01	11006210	103250	7354	0	1	2	1	0	0	3	2	0	0	0	5	0	0	0	0	2	0	0	1	0	0	1	0	0	0	0	0	0	0	0	0	0	0
Sci Adv	2024-07-01	11006216	157436	13739	0	5	1	1	0	0	0	2	0	2	9	1	0	0	4	0	30	0	0	1	0	0	1	0	0	0	0	0	0	0	0	0	0	1
Sci Adv	2024-07-01	11006232	190391	14772	0	6	2	0	0	0	0	0	0	2	0	0	0	0	0	0	9	0	0	2	0	0	0	0	0	0	0	0	0	0	0	1	0	2
Sci Adv	2024-07-01	11014446	131805	8396	0	0	4	0	0	0	0	0	0	0	2	0	0	0	0	0	0	0	0	0	0	0	0	12	0	0	0	0	0	0	0	0	0	0
Sci Adv	2024-07-01	11014456	284985	21355	0	54	2	0	0	3	0	17	0	2	4	2	0	0	0	0	12	0	2	1	0	0	1	0	0	0	0	0	0	0	0	0	0	0
Sci Adv	2024-07-01	11014438	108532	8555	0	0	2	0	0	0	2	1	0	0	0	0	0	0	0	0	7	0	0	3	0	0	2	0	0	0	0	0	1	0	0	0	0	0
Sci Adv	2024-07-01	11006233	308424	21255	0	24	2	1	0	0	4	11	0	0	21	0	0	2	1	0	21	0	1	2	0	0	1	0	0	0	0	0	0	0	0	0	0	0
Sci Adv	2024-07-01	11006209	131339	9746	0	5	3	0	0	0	3	3	0	0	6	0	0	0	1	0	11	0	0	4	0	0	2	0	0	0	0	0	0	0	0	0	0	0
Sci Adv	2024-07-01	11006229	113672	8688	0	1	0	0	0	0	1	0	0	1	1	0	0	0	0	0	4	0	0	0	0	0	0	0	0	0	0	0	0	0	0	0	0	0
Sci Adv	2024-07-01	11006213	175198	11738	2	8	1	3	0	0	2	3	0	4	0	1	0	0	0	0	14	0	0	3	0	0	1	0	0	0	0	0	0	0	0	0	0	0
Sci Adv	2024-07-01	11006215	196519	17066	1	7	0	11	0	0	6	9	0	6	0	6	0	1	0	1	12	0	1	6	0	0	0	0	1	0	0	0	0	1	0	0	0	0
Sci Adv	2024-07-01	11029811	184432	13433	0	24	0	6	0	4	0	25	0	2	2	2	0	0	0	0	22	0	2	1	0	0	0	1	0	0	0	0	0	0	0	0	0	0
Sci Adv	2024-07-01	11023558	139439	10961	0	3	0	4	0	3	2	2	0	6	0	2	0	0	0	0	6	0	0	0	0	0	0	0	0	0	0	0	0	0	0	0	0	0
Sci Adv	2024-07-01	11029804	194678	13585	0	3	0	4	0	0	1	3	0	0	0	4	0	0	0	0	27	0	0	0	0	0	0	0	0	0	0	0	0	0	0	0	0	2
Sci Adv	2024-07-01	11023532	296541	16676	0	30	0	1	0	0	3	1	0	0	0	1	0	0	1	0	30	0	0	2	0	0	0	0	0	0	0	0	0	0	0	0	0	0
Sci Adv	2024-07-01	11639672	123910	6795	0	3	0	0	0	0	2	0	0	0	0	2	0	0	0	0	1	0	0	2	0	0	0	0	0	0	0	0	1	0	0	0	0	0
Sci Adv	2024-07-01	11029801	147986	9506	0	0	0	0	0	0	5	0	0	0	0	2	0	0	1	0	9	0	1	0	0	0	0	0	0	0	0	0	0	0	0	0	0	0
Sci Adv	2024-07-01	11023557	232347	13885	0	1	2	1	0	0	0	1	0	0	39	1	0	0	1	0	14	0	0	4	0	0	1	0	0	0	0	0	0	0	0	0	0	0
Sci Adv	2024-07-01	11023491	113021	6931	0	1	0	0	0	0	1	0	0	0	0	3	0	0	0	0	0	0	0	0	0	0	0	0	0	0	0	0	0	0	0	0	0	0
Sci Adv	2024-07-01	11029808	155929	14059	0	12	0	8	0	1	5	4	0	1	0	0	0	0	0	0	19	0	0	1	0	0	0	0	0	0	0	0	0	0	0	0	0	0
Sci Adv	2024-07-01	11029806	170979	9959	0	0	0	0	0	0	3	0	0	0	0	2	0	0	0	0	5	0	1	1	0	0	0	0	0	0	0	0	0	0	0	0	0	0
Sci Adv	2024-07-01	11029814	179392	13728	0	6	0	1	0	0	0	1	0	1	0	2	0	0	0	0	7	0	0	1	0	0	0	0	0	0	0	0	0	0	0	0	0	0
Sci Adv	2024-07-01	11023509	149326	9356	0	8	0	0	0	0	2	0	0	0	0	2	0	0	0	0	12	0	0	0	0	0	0	0	0	0	0	0	0	0	0	0	0	0
Sci Adv	2024-07-01	11023515	178338	11031	1	2	0	0	0	0	1	0	0	0	2	3	0	0	0	0	13	0	1	4	0	0	0	0	0	0	0	0	0	0	0	0	0	0
Sci Adv	2024-07-01	11023502	206367	15747	0	15	3	0	0	0	3	1	0	0	3	6	0	0	0	0	24	0	1	3	0	0	0	0	0	0	0	0	0	0	0	0	0	1
Sci Adv	2024-07-01	11029812	279299	18804	0	6	0	3	0	0	1	2	0	0	14	0	0	0	0	0	56	0	0	0	0	0	0	0	0	0	0	0	0	1	0	0	0	0
Sci Adv	2024-07-01	11029803	143577	8930	0	3	0	1	0	0	1	0	0	0	0	1	0	0	0	0	22	0	0	4	0	0	0	0	0	0	0	0	0	0	0	1	0	0
Sci Adv	2024-07-01	11029809	146034	9733	0	5	0	0	0	0	0	0	0	0	0	1	0	0	1	0	3	0	0	0	0	0	0	1	4	0	0	0	0	1	0	1	0	0
Sci Adv	2024-07-01	11650804	170257	12319	0	4	0	0	0	0	0	0	0	0	4	6	0	0	0	0	12	0	0	1	0	0	0	0	0	0	0	0	0	1	0	0	0	0
Sci Adv	2024-07-01	11029799	136216	10455	0	3	3	0	0	0	0	0	0	1	2	3	0	0	1	0	15	0	0	0	0	0	2	0	0	0	0	0	0	0	0	0	0	1
Sci Adv	2024-07-01	11023556	153739	10342	0	2	1	0	0	0	2	2	0	0	2	2	0	0	0	0	13	0	0	0	0	0	0	0	0	0	0	0	0	0	0	0	0	0
Sci Adv	2024-07-01	11029810	197085	15165	0	5	2	3	0	3	2	0	0	4	1	3	0	0	0	0	6	0	0	2	0	0	0	0	1	0	0	0	0	0	0	0	0	0
Sci Adv	2024-07-01	11023523	133149	10777	0	6	0	0	0	0	1	4	0	2	1	5	0	0	0	0	16	0	0	3	0	0	0	3	1	0	0	0	0	0	0	0	0	0
Sci Adv	2024-07-01	11029807	115365	9629	0	1	0	0	0	0	0	0	0	0	2	1	0	0	0	0	5	0	0	4	0	0	23	0	1	0	0	0	0	0	0	0	0	0
Sci Adv	2024-07-01	11029802	330730	15809	0	38	1	1	0	0	1	3	0	0	20	3	0	0	1	0	51	0	0	2	0	0	0	0	3	0	0	0	0	0	0	0	0	0
Sci Adv	2024-07-01	11023516	175250	11851	0	1	1	0	0	0	1	0	0	1	2	3	0	0	0	0	9	0	0	1	0	0	0	0	0	0	1	0	0	0	0	0	0	0
Sci Adv	2024-07-01	11051679	209343	17611	0	3	0	2	0	0	0	1	0	0	0	2	0	0	0	0	21	0	2	1	0	0	1	0	0	0	0	0	0	0	0	0	0	1
Sci Adv	2024-07-01	11042729	113824	8467	0	8	1	5	0	0	0	1	0	0	10	3	0	0	1	0	13	0	0	0	0	1	0	0	0	0	0	0	1	0	0	0	0	0
Sci Adv	2024-07-01	11062570	147468	11397	0	5	1	1	0	0	1	2	0	0	64	1	0	0	0	0	8	0	0	1	0	0	0	0	0	0	0	0	1	0	0	0	0	0
Sci Adv	2024-07-01	11051665	161151	12596	0	17	0	3	0	0	2	0	0	1	6	0	0	0	0	0	54	0	0	1	0	0	1	0	0	0	0	0	0	0	0	0	0	0
Sci Adv	2024-07-01	11051661	125506	8858	0	2	1	0	0	0	2	2	0	0	0	2	0	0	0	0	5	0	0	1	0	0	0	0	0	0	0	0	0	0	0	0	0	0
Sci Adv	2024-07-01	11062575	128678	10372	0	0	0	1	0	0	0	0	0	2	2	1	0	1	0	0	7	0	1	1	0	0	0	0	0	0	0	0	0	0	0	2	0	0
Sci Adv	2024-07-01	11042732	87457	8170	0	2	3	0	0	0	3	0	0	3	0	3	0	0	0	0	7	0	0	0	0	0	0	0	0	0	0	0	0	0	0	0	0	0
Sci Adv	2024-07-01	11042741	200867	13743	0	8	0	3	0	0	1	4	0	6	1	4	0	0	1	0	16	0	0	2	0	0	0	0	0	0	0	0	0	0	0	0	0	0
Sci Adv	2024-07-01	11051666	171575	15097	0	11	0	3	0	4	3	5	0	0	1	9	0	0	1	0	42	0	0	1	0	0	0	0	1	0	0	0	0	0	0	0	0	0
Sci Adv	2024-07-01	11062582	112600	7047	0	0	0	0	0	0	1	0	0	0	0	1	0	0	0	0	5	0	0	0	0	0	1	0	0	0	0	0	0	0	0	0	0	0
Sci Adv	2024-07-01	11042747	221484	14117	0	16	0	0	0	1	1	0	0	0	7	2	0	0	0	0	21	0	0	3	0	0	0	1	0	0	0	0	0	0	0	0	0	0
Sci Adv	2024-07-01	11062585	127365	10059	0	10	0	0	0	0	2	8	0	0	0	3	0	0	1	0	13	0	0	0	0	0	0	0	0	0	0	0	0	0	0	0	0	0
Sci Adv	2024-07-01	11062572	128250	10013	0	6	0	4	0	0	0	0	0	0	0	0	0	0	0	0	7	0	0	0	0	0	1	0	0	0	0	0	0	0	0	0	0	0
Sci Adv	2024-07-01	11051664	163216	12431	0	5	1	1	0	0	1	10	0	1	1	1	0	0	0	0	18	0	0	0	0	0	0	0	0	0	0	0	0	0	0	0	0	0
Sci Adv	2024-07-01	11042734	171564	11667	0	4	0	1	0	0	3	1	0	0	8	1	0	0	0	0	26	0	0	2	0	0	0	0	0	0	0	0	0	2	0	0	0	0
Sci Adv	2024-07-01	11051672	135346	9038	0	4	1	0	0	0	2	0	0	0	0	2	0	0	0	0	2	0	1	3	0	0	0	0	2	0	0	0	0	0	0	0	0	0
Sci Adv	2024-07-01	11062584	152585	10108	0	3	2	0	0	0	3	5	0	0	1	3	0	0	0	0	4	0	0	5	0	0	0	0	0	0	0	0	0	0	0	0	0	0
Sci Adv	2024-07-01	11042727	19330	1805	0	1	2	0	0	0	0	0	0	0	0	0	0	0	0	0	0	0	0	5	0	0	1	0	0	1	0	0	0	0	0	0	0	0
Sci Adv	2024-07-01	11051677	190763	15129	0	11	1	5	0	11	4	10	0	1	0	10	0	0	0	0	9	0	0	0	0	0	0	0	0	0	0	0	0	0	0	0	0	0
Sci Adv	2024-07-01	11042751	115551	9918	0	3	1	1	0	0	0	0	0	3	3	5	0	0	0	0	15	0	0	2	0	0	0	0	0	0	2	0	0	0	0	0	0	0
Sci Adv	2024-07-01	11042745	161254	9794	0	7	0	0	0	0	0	0	0	1	7	3	0	0	0	0	16	0	0	3	0	0	0	1	0	0	0	0	0	0	0	0	0	0
Sci Adv	2024-07-01	11062564	42247	3409	0	1	0	0	0	0	0	0	0	1	0	0	0	0	0	0	0	0	0	3	0	0	0	0	0	0	0	0	0	0	0	0	0	0
Sci Adv	2024-07-01	11042735	170590	11102	0	1	2	0	0	0	0	0	0	1	0	1	0	0	0	0	4	0	2	1	0	0	0	0	0	0	0	0	0	0	0	0	0	0
Sci Adv	2024-07-01	11062569	130267	11867	0	3	0	0	0	0	0	0	0	3	3	3	0	0	0	0	11	0	0	3	0	0	0	0	0	0	0	0	0	0	0	0	0	0
Sci Adv	2024-07-01	11062576	117155	6702	0	2	0	0	0	0	2	0	0	2	0	1	0	0	1	0	6	0	0	0	0	0	0	0	0	0	0	0	0	0	0	1	0	0
Sci Adv	2024-07-01	11078187	171542	11672	0	3	0	0	0	0	2	6	0	0	0	2	0	0	0	0	11	0	0	2	0	0	0	0	0	0	0	0	0	0	0	0	0	0
Sci Adv	2024-07-01	11068004	5098	424	0	0	0	0	0	0	0	0	0	0	0	0	0	0	0	0	3	0	0	0	0	0	0	0	0	0	0	0	0	0	0	0	0	0
Sci Adv	2024-07-01	11062581	222480	19586	0	32	1	5	0	0	0	6	0	1	18	6	0	0	1	0	35	0	0	5	0	0	1	8	1	0	0	1	0	0	0	0	0	0
Sci Adv	2024-07-01	11068013	191828	16854	0	17	1	5	0	0	1	0	0	4	6	3	0	0	0	1	21	0	0	3	0	0	0	1	0	0	0	0	0	0	0	0	0	0
Sci Adv	2024-07-01	11062567	122892	7283	0	1	2	0	0	0	0	0	0	0	2	3	0	0	1	0	6	0	0	1	0	0	0	0	0	0	0	0	0	0	0	0	0	0
Sci Adv	2024-07-01	11078176	7642	869	0	0	0	0	0	0	0	0	0	0	0	0	0	0	0	0	0	0	0	0	0	0	0	0	0	0	0	0	0	0	0	0	0	1
Sci Adv	2024-07-01	11062587	168654	11571	0	1	2	0	0	1	0	0	0	17	1	1	0	0	0	0	5	0	0	0	0	0	0	0	0	0	0	0	0	0	0	0	0	0
Sci Adv	2024-07-01	11068014	223163	13050	0	5	1	0	0	0	1	1	0	0	0	1	0	0	0	0	13	0	0	1	0	0	0	0	0	0	0	0	0	0	0	0	0	0
Sci Adv	2024-07-01	11078185	159240	12970	0	4	1	0	0	2	2	2	0	7	0	3	0	0	0	0	14	0	0	2	0	0	0	2	0	0	0	0	0	0	0	0	0	0
Sci Adv	2024-07-01	11062565	100713	7851	0	9	0	8	0	0	0	0	0	2	1	2	0	0	0	0	49	0	0	0	0	0	0	0	0	0	0	0	0	0	0	0	0	0
Sci Adv	2024-07-01	11067992	126408	8540	0	1	0	2	0	0	0	0	0	0	0	3	0	0	0	0	3	0	0	0	0	0	0	0	0	0	0	0	0	0	0	0	0	0
Sci Adv	2024-07-01	11062568	79344	6046	0	1	0	2	0	0	3	0	0	1	5	2	0	0	0	0	8	0	0	1	0	0	0	0	0	0	0	0	0	0	0	0	0	0
Sci Adv	2024-07-01	11092333	126463	7513	0	0	0	0	0	0	0	0	0	0	5	1	0	1	0	0	7	0	3	6	0	0	0	0	2	0	0	0	0	0	0	0	0	0
Sci Adv	2024-07-01	11068011	151612	14391	0	23	0	5	0	0	0	1	0	0	0	0	0	0	0	0	10	0	1	1	0	0	0	0	0	0	0	0	0	0	0	0	0	0
Sci Adv	2024-07-01	11068008	214216	13595	0	13	2	3	0	0	8	4	0	1	10	0	0	0	1	0	46	0	0	0	0	0	0	0	0	0	0	0	0	0	0	0	0	0
Sci Adv	2024-07-01	11062571	162596	12807	0	5	5	0	0	0	2	4	0	1	15	1	0	0	0	0	18	0	0	0	0	0	0	1	0	0	0	0	0	0	1	0	0	0
Sci Adv	2024-07-01	11078196	157902	11453	0	1	2	0	0	0	2	1	0	0	2	1	0	0	0	0	0	0	0	0	0	0	0	0	0	0	0	0	0	0	0	0	0	0
Sci Adv	2024-07-01	11068006	190936	15792	0	8	0	15	0	0	0	0	0	8	70	0	0	0	0	0	28	0	0	0	0	0	0	0	0	0	0	0	0	0	0	1	0	0
Sci Adv	2024-07-01	11068007	115489	9343	0	3	1	3	0	0	0	1	0	0	0	1	0	0	0	0	18	0	2	4	0	0	0	0	1	0	1	0	2	0	0	0	0	0
Sci Adv	2024-07-01	11078194	170594	13537	1	3	0	4	0	2	4	4	0	4	0	5	0	0	0	0	21	0	0	3	0	0	0	0	0	0	0	0	0	0	0	0	0	0
Sci Adv	2024-07-01	11078193	237880	16588	0	14	0	1	0	0	3	16	0	1	1	1	0	0	1	0	9	0	0	0	0	0	0	0	0	0	0	0	0	0	0	0	0	0
Sci Adv	2024-07-01	11086616	100674	7658	0	0	0	0	0	0	1	0	0	0	0	0	0	0	0	0	5	0	0	0	0	0	0	1	0	0	0	0	0	0	0	1	0	0
Sci Adv	2024-07-01	11095458	153975	9798	0	5	1	1	0	0	1	5	0	0	8	0	0	0	0	0	3	0	0	4	0	0	0	0	0	0	0	0	0	0	0	2	0	0
Sci Adv	2024-07-01	11086624	187220	9140	1	3	1	0	0	0	2	1	0	0	13	6	0	0	0	0	6	0	0	4	0	0	0	0	0	0	0	0	0	0	0	0	0	0
Sci Adv	2024-07-01	11078189	207802	16386	0	2	0	0	0	0	0	1	0	0	6	10	0	0	2	0	25	0	0	3	0	0	0	0	0	0	0	0	0	0	0	0	0	0
Sci Adv	2024-07-01	11095450	131334	8716	0	0	3	0	0	0	1	0	0	0	0	0	0	0	0	0	4	0	0	0	0	0	0	0	0	0	0	0	0	0	0	0	0	0
Sci Adv	2024-07-01	11078191	179317	13108	0	5	0	0	0	0	0	2	0	0	1	7	0	0	1	0	23	0	0	3	0	0	0	0	0	0	0	0	1	2	0	0	0	0
Sci Adv	2024-07-01	11095466	217660	11680	0	10	0	3	0	0	1	0	0	2	7	1	0	0	0	0	12	0	0	2	0	0	1	0	0	0	0	0	0	0	0	0	0	0
Sci Adv	2024-07-01	11078180	199853	14105	0	8	0	0	0	0	1	6	0	0	1	0	0	0	2	0	24	0	0	2	0	0	0	1	0	0	0	0	0	0	0	0	0	0
Sci Adv	2024-07-01	11095455	159656	11196	0	2	0	3	0	0	0	1	0	0	3	2	0	0	0	0	11	0	0	1	0	0	4	0	0	0	0	0	0	0	0	1	0	0
Sci Adv	2024-07-01	11095449	134181	9466	0	1	0	0	0	0	0	0	0	0	9	0	0	0	1	0	2	0	0	1	0	0	0	0	0	0	0	0	0	0	0	0	0	0
Sci Adv	2024-07-01	11078184	138516	9283	0	0	0	0	0	0	1	0	0	1	1	4	0	0	0	0	10	0	0	0	0	0	0	0	0	0	0	0	0	0	0	0	0	0
Sci Adv	2024-07-01	11095461	301520	22384	0	64	0	0	0	0	8	1	0	0	7	5	0	1	2	0	44	0	0	2	0	0	2	0	1	0	0	0	0	0	1	0	0	3
Sci Adv	2024-07-01	11095485	120696	7296	0	0	0	0	0	0	4	0	0	0	1	7	0	0	0	0	0	0	0	1	0	0	0	1	0	0	0	0	1	0	0	0	0	0
Sci Adv	2024-07-01	11095459	260272	17926	0	27	0	4	0	0	0	0	0	0	0	6	0	0	1	0	14	0	0	0	0	0	1	1	1	0	0	0	0	0	0	0	0	10
Sci Adv	2024-07-01	11078188	190361	16774	0	11	0	4	0	0	12	5	0	0	1	0	0	0	0	0	10	0	0	0	0	0	3	0	0	0	0	0	2	0	0	1	5	0
Sci Adv	2024-07-01	11086626	207594	18246	0	0	0	0	0	0	2	0	0	0	5	4	0	0	5	0	6	0	0	1	0	0	0	0	0	0	0	0	1	1	0	2	0	0
Sci Adv	2024-07-01	11086621	205717	16657	0	21	3	3	0	0	7	3	0	3	2	7	0	0	0	0	19	0	1	3	0	0	1	0	0	0	0	0	0	0	0	0	0	1
Sci Adv	2024-07-01	11095468	128168	9762	0	2	2	0	0	0	0	1	0	2	2	9	0	0	0	0	4	0	0	0	0	0	0	0	0	0	0	0	0	0	0	0	0	0
Sci Adv	2024-07-01	11095489	293174	17252	0	1	0	0	0	0	1	0	0	3	0	0	0	0	0	0	28	0	0	3	0	0	0	0	1	0	0	0	0	0	0	0	0	0
Sci Adv	2024-07-01	11326043	37130	2459	0	1	0	0	0	0	0	0	0	0	0	0	0	0	0	0	2	0	0	1	0	0	0	0	0	0	0	0	0	0	0	0	0	0
Sci Adv	2024-07-01	11086618	302667	24327	0	9	2	2	0	0	0	14	0	2	12	1	0	0	2	0	43	0	0	11	0	0	0	0	0	0	0	0	6	0	0	0	0	0
Sci Adv	2024-07-01	11086601	120092	7252	0	1	1	0	0	0	7	3	0	0	0	4	0	0	0	1	16	0	0	0	0	0	0	0	0	0	0	0	1	0	0	0	0	0
Sci Adv	2024-07-01	11086623	134695	11619	0	4	3	0	0	0	4	2	0	6	0	3	0	0	0	0	24	0	2	1	0	0	0	0	0	0	0	0	0	0	0	0	0	0
Sci Adv	2024-07-01	11318689	144980	11229	0	2	0	1	0	0	0	1	0	0	24	0	0	0	0	0	11	0	0	2	0	0	0	0	0	0	0	1	1	0	0	0	0	0
Sci Adv	2024-07-01	11095463	230492	14649	0	8	0	2	0	5	1	0	0	2	0	8	0	0	0	0	9	0	0	0	0	0	0	0	0	0	0	0	0	0	0	0	0	0
Sci Adv	2024-07-01	11100573	145094	10752	0	3	0	0	0	1	6	0	0	1	0	2	0	0	0	0	17	0	0	1	0	0	0	0	1	0	0	0	0	0	0	0	0	0
Sci Adv	2024-07-01	11100559	176593	10180	0	0	1	0	0	0	1	0	0	0	0	2	0	0	0	0	4	0	0	0	0	0	0	0	0	0	0	0	1	0	0	0	0	0
Sci Adv	2024-07-01	11100562	115460	9483	0	4	1	1	0	0	1	1	0	0	0	9	0	0	0	0	7	0	0	2	0	0	0	0	0	0	0	0	0	0	1	0	0	0
Sci Adv	2024-07-01	11100565	200909	14616	0	8	0	1	0	0	0	5	0	1	0	1	0	0	0	0	15	0	0	1	0	0	0	0	1	0	0	0	0	0	0	0	0	0
Sci Adv	2024-07-01	11095460	211483	14259	0	15	1	10	0	0	2	4	0	0	16	5	0	0	0	0	25	0	0	4	0	0	0	0	0	0	0	0	0	0	0	1	0	0
Sci Adv	2024-07-01	11100570	230936	18755	0	14	0	0	0	1	16	3	0	2	0	6	0	0	0	0	9	0	0	1	0	0	0	0	0	0	0	0	0	0	0	0	0	0
Sci Adv	2024-07-01	11100567	165212	13289	0	10	0	0	0	1	9	7	0	0	0	3	0	0	1	0	10	0	0	1	0	0	0	0	0	0	0	0	0	0	0	0	0	0
Sci Adv	2024-07-01	11100564	138301	9495	0	4	0	2	0	0	3	0	0	0	2	2	0	0	0	0	16	0	0	1	0	0	0	0	0	0	0	0	1	1	1	0	0	0
Sci Adv	2024-07-01	11095448	119425	9213	0	7	1	5	0	0	1	0	0	0	0	4	0	0	0	0	27	0	0	0	0	0	0	0	0	0	0	0	0	0	1	0	0	0
Sci Adv	2024-07-01	11100566	151035	9960	0	20	0	1	0	0	2	0	0	0	0	0	0	0	0	0	25	0	2	1	0	0	1	0	0	0	0	0	0	0	0	0	0	0
Sci Adv	2024-07-01	11095474	254988	16623	0	14	0	2	0	0	1	2	0	0	0	7	0	0	0	0	8	0	0	1	0	0	0	0	0	0	0	0	0	0	0	0	0	0
Sci Adv	2024-07-01	11100571	188780	14170	0	24	1	5	0	0	1	10	0	0	2	1	0	0	0	0	45	0	0	2	0	0	0	1	0	0	0	0	0	0	0	0	0	0
Sci Adv	2024-07-01	11095500	219915	15426	0	6	0	3	0	0	0	1	0	1	0	5	0	0	0	0	12	0	0	0	0	1	0	0	0	0	0	0	0	0	0	0	0	0
Sci Adv	2024-07-01	11100554	151407	12501	0	5	1	4	0	0	0	0	0	9	6	4	0	0	0	0	14	0	0	8	0	0	0	0	0	0	0	0	0	0	0	0	0	0
Sci Adv	2024-07-01	11100553	114815	8877	0	1	1	0	0	0	1	3	0	0	1	3	0	0	0	0	21	0	0	2	0	0	0	0	0	0	0	0	0	0	0	0	0	0
Sci Adv	2024-07-01	11095486	123209	9049	0	2	0	0	0	0	0	1	0	1	0	1	0	0	0	0	22	0	0	5	0	0	1	0	1	0	0	0	2	0	0	0	0	0
Sci Adv	2024-07-01	11100569	292410	18579	0	52	1	7	0	0	0	0	0	0	5	4	0	0	0	0	16	0	1	1	0	0	0	1	2	0	0	0	0	0	0	0	0	0
Sci Adv	2024-07-01	11095445	83194	6631	0	3	0	0	0	0	0	0	0	0	0	0	0	0	0	0	8	0	0	0	0	0	0	0	0	0	0	0	0	0	0	0	0	0
Sci Adv	2024-07-01	11100556	158402	10899	0	3	0	1	0	0	2	1	0	1	1	3	0	0	1	0	14	0	0	3	0	0	0	0	0	1	0	0	0	0	0	0	0	0
Sci Adv	2024-07-01	11114214	102447	7467	0	0	0	0	0	0	0	0	0	0	0	1	0	0	0	0	2	0	0	0	0	0	1	0	1	0	0	0	0	3	0	0	0	0
Sci Adv	2024-07-01	11122685	148501	12222	0	9	0	1	0	0	0	0	0	0	2	3	0	1	0	0	16	0	0	0	0	0	0	0	0	0	0	0	0	0	0	0	0	0
Sci Adv	2024-07-01	11114236	240610	13052	0	4	0	1	0	0	1	2	0	0	50	0	0	0	0	0	39	0	2	0	0	0	0	0	0	0	0	0	0	0	0	0	0	0
Sci Adv	2024-07-01	11141613	92793	6888	0	7	1	0	0	0	0	5	0	0	4	0	0	0	1	0	9	0	0	3	0	0	0	0	0	0	0	0	0	0	0	0	0	0
Sci Adv	2024-07-01	11135397	85323	6270	0	0	2	0	0	0	0	0	0	0	0	1	0	0	0	0	1	0	0	0	0	0	1	0	1	0	0	0	0	0	0	0	0	0
Sci Adv	2024-07-01	11114220	148296	10138	0	7	0	1	0	0	0	1	0	2	1	4	0	0	0	0	18	0	0	0	0	0	0	0	0	0	0	0	0	0	0	0	0	0
Sci Adv	2024-07-01	11141619	4536	353	0	0	0	0	0	0	0	0	0	0	0	0	0	0	0	0	0	0	0	0	0	0	0	0	0	0	0	0	0	0	0	0	0	0
Sci Adv	2024-07-01	11314625	195713	15347	0	18	0	4	0	0	2	3	0	0	1	0	0	0	0	0	29	0	0	1	0	0	0	2	0	0	0	0	0	0	0	0	0	0
Sci Adv	2024-07-01	11114235	161960	10295	0	3	0	1	0	0	0	0	0	0	0	0	0	0	1	1	8	0	0	0	0	0	0	13	0	0	0	0	0	1	1	0	0	0
Sci Adv	2024-07-01	11114232	197046	13357	0	6	0	0	0	0	1	1	0	3	0	3	0	0	2	0	8	0	0	0	0	0	0	0	0	0	0	0	0	0	0	0	0	0
Sci Adv	2024-07-01	11122684	218506	10899	0	2	1	0	0	0	1	0	0	0	1	2	0	0	0	0	10	0	0	1	0	0	1	0	0	0	0	0	0	0	0	0	0	0
Sci Adv	2024-07-01	11122670	261575	20715	0	16	0	8	0	2	10	1	0	0	3	4	0	0	3	0	15	0	0	0	0	0	2	0	0	0	0	0	0	0	0	0	0	0
Sci Adv	2024-07-01	11135403	180386	13821	0	14	0	6	0	0	0	3	0	2	0	10	0	0	0	0	11	0	0	0	0	0	0	0	0	0	0	0	0	0	0	0	0	0
Sci Adv	2024-07-01	11122674	141717	8165	0	4	0	1	0	0	1	0	0	1	3	2	0	0	0	0	3	0	0	0	0	0	0	0	0	0	0	0	0	0	0	0	0	0
Sci Adv	2024-07-01	11114219	113279	7518	0	3	0	0	0	0	1	1	0	0	0	0	0	0	0	0	4	0	1	0	0	0	0	0	1	0	0	0	0	0	0	0	0	0
Sci Adv	2024-07-01	11141633	188095	13851	0	16	1	0	0	0	0	2	0	0	5	10	0	0	1	0	29	0	0	1	0	0	1	0	0	0	0	0	0	0	0	0	0	0
Sci Adv	2024-07-01	11122662	122516	8289	0	2	5	0	0	0	0	1	0	0	5	2	0	0	0	0	2	0	0	2	0	0	0	0	0	0	0	0	0	0	0	0	0	0
Sci Adv	2024-07-01	11122667	184466	12540	0	0	0	5	0	0	0	0	0	0	49	1	0	0	0	0	12	0	0	1	0	0	0	0	0	0	0	0	0	0	0	1	0	0
Sci Adv	2024-07-01	11122666	109732	7627	0	2	0	0	0	0	4	4	0	2	0	2	0	0	0	0	3	0	1	1	0	0	0	0	2	0	0	0	0	0	0	0	0	0
Sci Adv	2024-07-01	11135390	149790	10152	0	14	0	0	0	0	0	0	0	0	6	0	0	0	1	0	6	0	0	2	0	0	0	0	0	0	1	0	2	0	0	0	0	0
Sci Adv	2024-07-01	11135428	195624	12261	0	11	0	3	0	0	4	3	0	0	0	6	0	0	0	0	26	0	0	1	0	0	0	0	0	0	0	0	0	0	0	0	0	0
Sci Adv	2024-07-01	11135405	152003	12450	0	8	0	1	0	0	1	3	0	0	3	0	0	0	3	0	18	0	0	1	0	0	1	0	0	0	0	0	0	0	0	0	0	0
Sci Adv	2024-07-01	11114237	251240	15981	0	18	0	4	0	0	1	1	0	0	3	6	0	0	0	0	28	0	1	3	0	0	0	3	0	0	0	0	0	1	0	0	0	0
Sci Adv	2024-07-01	11135395	142992	8285	0	4	1	0	0	0	0	2	0	2	0	0	0	0	1	0	5	0	0	0	0	0	0	0	1	0	0	0	0	0	0	0	0	4
Sci Adv	2024-07-01	11141632	242640	14213	0	1	0	1	0	0	1	5	0	1	12	0	0	0	0	0	46	0	0	0	0	0	2	0	0	0	0	0	0	1	0	0	0	0
Sci Adv	2024-07-01	11160455	279474	20255	0	0	1	15	0	2	1	2	0	1	0	0	0	0	1	0	8	0	0	2	0	0	0	0	0	0	0	0	0	0	0	0	0	0
Sci Adv	2024-07-01	11152119	180222	11883	0	1	0	0	0	0	0	0	0	0	0	1	0	0	0	0	4	0	1	0	0	0	1	0	0	0	0	0	0	0	0	0	0	0
Sci Adv	2024-07-01	11152136	231599	16831	0	36	1	2	0	3	0	1	0	1	3	7	0	1	1	0	8	0	0	1	0	0	2	1	0	0	0	0	0	0	0	0	0	0
Sci Adv	2024-07-01	11152120	158716	11622	0	16	0	4	0	0	4	2	0	1	0	7	0	0	0	0	16	0	1	2	0	0	0	0	0	0	0	0	0	0	0	0	0	0
Sci Adv	2024-07-01	11152129	195746	16198	0	6	3	0	0	0	0	0	0	0	3	8	0	0	0	0	5	0	0	1	0	0	0	2	1	0	0	0	0	0	0	1	0	0
Sci Adv	2024-07-01	11160465	98421	7766	0	2	0	0	0	0	2	0	0	0	0	14	0	0	0	0	3	0	0	1	0	0	0	0	0	0	0	0	0	0	0	0	0	0
Sci Adv	2024-07-01	11160469	133924	8785	0	9	0	0	0	0	1	2	0	0	0	6	0	0	0	0	4	0	0	1	0	0	0	0	0	0	0	0	0	0	0	0	0	0
Sci Adv	2024-07-01	11152139	314665	20512	0	2	0	0	0	0	0	0	0	6	0	0	0	0	0	0	6	0	0	6	0	0	0	0	0	0	0	0	0	0	0	0	0	0
Sci Adv	2024-07-01	11160467	208787	14510	2	15	3	8	0	0	1	2	0	0	33	1	0	0	1	0	39	0	1	0	0	0	0	0	0	0	1	0	1	0	0	0	0	0
Sci Adv	2024-07-01	11160474	201469	14612	0	4	2	2	0	0	0	0	0	1	0	5	0	0	0	0	27	0	0	0	0	0	0	0	0	0	0	0	0	0	0	0	0	0
Sci Adv	2024-07-01	11160461	75823	6042	0	0	0	1	0	0	0	0	0	0	4	3	0	0	2	0	1	0	0	0	0	0	0	0	0	0	0	0	0	0	0	0	0	0
Sci Adv	2024-07-01	11152121	143856	11084	0	15	0	0	0	0	0	0	0	0	0	0	0	0	0	0	10	0	0	1	0	0	0	0	0	0	0	0	0	0	0	0	0	0
Sci Adv	2024-07-01	11152133	88141	7770	0	1	2	3	0	0	2	4	0	3	4	1	0	0	0	0	63	0	0	2	0	0	0	0	0	0	0	0	0	0	0	0	1	0
Sci Adv	2024-07-01	11152135	186167	13850	0	11	0	2	0	0	9	2	0	1	0	5	0	0	0	0	9	0	0	2	0	0	0	0	4	0	0	0	0	0	0	0	0	0
Sci Adv	2024-07-01	11650896	123384	8215	0	0	0	0	0	0	6	3	0	0	0	4	0	0	0	0	11	0	0	1	0	0	0	0	0	0	0	0	0	0	0	0	0	0
Sci Adv	2024-07-01	11152138	171584	13350	0	19	1	5	0	0	2	2	0	2	0	2	0	0	0	0	7	0	0	2	0	0	0	0	0	0	0	0	0	0	0	0	0	0
Sci Adv	2024-07-01	11152122	168770	14243	0	11	0	0	0	1	3	5	0	2	4	1	0	0	0	0	23	0	1	3	0	0	0	0	0	0	0	0	0	1	0	0	0	0
Sci Adv	2024-07-01	11152117	138546	11583	0	3	0	0	0	0	3	0	0	0	0	0	0	0	0	0	1	0	0	0	0	0	0	0	1	0	0	0	0	0	0	0	0	0
Sci Adv	2024-07-01	11160463	162961	10739	0	0	0	2	0	0	1	0	0	0	0	2	0	0	0	0	11	0	0	3	0	0	0	0	0	0	0	0	0	0	0	0	0	0
Sci Adv	2024-07-01	11152130	143183	11421	0	0	2	0	0	0	0	1	0	0	0	0	0	0	1	0	3	0	0	0	0	0	0	0	1	0	1	0	2	0	1	0	0	0
Sci Adv	2024-07-01	11160462	206241	15508	0	2	0	0	0	0	0	0	0	0	14	1	0	0	1	0	33	0	0	1	0	0	1	0	0	0	0	0	0	1	0	0	0	0
Sci Adv	2024-07-01	11152127	173656	13173	0	5	1	1	0	0	6	4	0	0	0	7	0	0	0	0	24	0	0	2	0	0	0	1	0	0	0	0	0	0	0	0	0	0
Sci Adv	2024-07-01	11152124	160478	12793	0	31	0	1	0	0	0	1	0	2	0	11	0	0	0	0	21	0	3	0	0	0	1	0	0	0	0	0	0	0	0	0	0	0
Sci Adv	2024-07-01	11152137	163521	12787	0	7	1	4	0	0	2	0	0	1	0	4	0	0	0	0	20	0	0	1	0	0	0	0	0	0	0	0	0	0	0	0	0	0
Sci Adv	2024-07-01	11152134	133018	7836	0	0	0	1	0	0	2	1	0	0	0	0	0	0	0	0	4	0	1	0	0	0	0	0	1	0	0	0	0	0	0	0	0	0
Sci Adv	2024-07-01	11168461	227571	16182	0	8	0	5	0	2	4	4	0	1	1	5	0	0	0	0	18	0	0	3	0	0	0	1	0	0	0	0	0	0	0	0	0	0
Sci Adv	2024-07-01	11168474	122572	9351	0	1	0	0	0	0	0	0	0	0	0	0	0	0	0	0	1	0	0	1	0	0	0	0	0	0	0	0	0	0	0	0	0	0
Sci Adv	2024-07-01	11168463	200214	20433	0	35	0	12	0	0	1	32	0	0	6	2	0	1	3	0	94	0	0	4	0	0	2	0	1	0	0	0	2	0	0	0	0	0
Sci Adv	2024-07-01	11177933	152965	14085	0	5	1	4	0	1	0	7	0	2	14	5	0	1	0	0	21	0	0	2	0	0	0	0	1	0	0	0	0	0	0	0	0	0
Sci Adv	2024-07-01	11168466	358771	17927	0	6	1	4	0	0	3	18	0	0	8	14	0	0	1	0	25	0	1	0	0	0	0	0	0	0	0	0	1	0	0	0	0	0
Sci Adv	2024-07-01	11168457	94652	7973	0	2	0	0	0	0	0	0	0	5	0	0	0	0	0	0	4	0	0	0	0	0	0	1	0	0	0	0	0	0	0	1	0	0
Sci Adv	2024-07-01	11177898	134585	10762	0	2	0	1	0	0	1	0	0	0	2	2	0	0	0	0	3	0	0	0	0	0	0	0	1	0	0	0	0	0	0	0	0	0
Sci Adv	2024-07-01	11177945	140426	9619	0	3	0	0	0	0	1	1	0	0	3	3	0	0	0	0	2	0	0	0	0	0	0	0	0	0	0	0	0	0	0	0	0	0
Sci Adv	2024-07-01	11177938	171864	13969	0	7	0	0	0	0	0	2	0	0	0	11	0	0	0	0	18	0	0	0	0	0	0	0	3	0	0	0	0	0	0	0	0	0
Sci Adv	2024-07-01	11168476	235417	13612	0	6	1	3	0	0	0	0	0	1	3	3	0	0	1	0	31	0	0	1	0	0	1	0	0	0	0	0	0	0	0	0	0	0
Sci Adv	2024-07-01	11168452	117886	8261	0	5	0	0	0	0	2	0	0	1	0	1	0	0	0	0	10	0	0	0	0	0	0	0	0	0	0	0	0	0	0	0	0	0
Sci Adv	2024-07-01	11168455	149778	10898	0	11	0	0	0	0	1	0	0	0	1	7	0	0	0	0	11	0	0	4	0	0	0	0	0	0	0	0	0	0	0	0	0	0
Sci Adv	2024-07-01	11177941	223576	13035	0	28	3	0	0	0	0	2	0	0	2	0	0	0	4	0	7	0	0	0	0	0	0	0	0	0	0	0	0	0	1	0	0	0
Sci Adv	2024-07-01	11177944	143185	9996	0	3	0	1	0	0	1	0	0	0	1	3	0	0	0	0	10	0	0	1	0	0	0	0	0	0	0	0	0	0	0	0	0	2
Sci Adv	2024-07-01	11168465	215007	18560	0	65	0	7	0	0	0	1	0	1	3	10	0	0	0	0	23	0	0	1	0	0	0	0	0	0	0	0	0	0	0	0	0	0
Sci Adv	2024-07-01	11177934	110989	8443	0	4	0	0	0	0	2	3	0	0	1	0	0	0	1	0	10	0	0	7	0	0	0	0	0	0	0	0	0	0	0	0	0	0
Sci Adv	2024-07-01	11168472	97387	7577	0	3	0	0	0	0	0	0	0	4	0	0	0	0	0	0	6	0	0	0	0	0	0	0	0	0	0	0	1	0	0	0	0	0
Sci Adv	2024-07-01	11168454	112105	8124	0	3	0	0	0	0	0	9	0	1	0	3	0	0	0	0	5	0	0	0	0	0	0	0	0	0	0	0	0	0	0	0	0	0
Sci Adv	2024-07-01	11168458	134167	9592	0	0	0	0	0	0	2	1	0	0	0	2	0	0	0	0	8	0	0	1	0	0	0	0	0	0	0	0	0	0	0	0	0	0
Sci Adv	2024-07-01	11168456	132856	10730	0	7	0	0	0	0	0	13	0	0	0	2	0	0	0	0	11	0	0	1	0	0	0	0	0	0	0	0	0	0	0	0	0	0
Sci Adv	2024-07-01	11168471	203828	13989	0	2	1	3	0	0	2	4	0	0	4	10	0	0	1	0	40	0	0	5	0	0	0	1	0	0	0	0	0	0	0	0	0	0
Sci Adv	2024-07-01	11177896	112452	8810	0	2	0	0	0	0	0	7	0	0	1	0	0	0	0	0	11	0	0	4	0	0	0	4	0	0	0	0	0	0	2	0	0	0
Sci Adv	2024-07-01	11177890	4304	312	0	0	0	0	0	0	0	0	0	0	0	0	0	0	0	0	0	0	0	0	0	0	0	0	0	0	0	0	0	0	0	0	0	0
Sci Adv	2024-07-01	11177930	81854	5649	0	4	0	0	0	0	1	2	0	1	1	1	0	0	1	0	9	0	0	0	0	0	0	0	0	0	0	0	0	0	0	0	0	0
Sci Adv	2024-07-01	11177936	172505	10533	0	8	3	0	0	0	2	0	0	0	0	2	0	0	0	0	11	0	0	3	0	0	0	0	1	0	0	0	0	0	0	0	0	0
Sci Adv	2024-07-01	11186493	153755	12510	0	8	0	2	0	0	1	0	0	0	28	3	0	0	0	0	13	0	0	3	0	0	1	0	0	0	0	0	0	0	0	0	0	0
Sci Adv	2024-07-01	11192075	107353	9067	0	3	1	2	0	0	1	1	0	4	0	0	0	0	0	0	19	0	0	0	0	0	1	0	2	0	0	0	0	0	0	0	0	0
Sci Adv	2024-07-01	11192081	229011	14654	0	8	3	1	0	0	2	0	0	0	8	4	0	0	0	0	41	0	0	7	0	0	0	0	0	0	0	0	0	0	0	0	0	0
Sci Adv	2024-07-01	11192086	162916	13253	0	0	0	0	0	1	6	2	0	0	0	0	0	0	2	0	18	0	0	2	0	0	0	0	0	0	0	0	0	0	0	0	0	0
Sci Adv	2024-07-01	11186490	107318	8799	0	0	2	0	0	0	7	3	0	0	0	0	0	0	2	0	7	0	0	2	0	0	0	1	0	0	0	0	1	0	0	0	0	0
Sci Adv	2024-07-01	11186494	152856	14068	0	17	0	5	0	3	0	1	0	8	1	5	0	0	0	0	33	0	0	1	0	0	0	0	0	0	0	0	0	0	0	0	0	0
Sci Adv	2024-07-01	11192084	141012	11768	0	2	4	0	0	0	1	0	0	1	0	1	0	0	2	0	21	0	0	3	0	0	0	0	0	0	0	0	1	0	1	0	0	0
Sci Adv	2024-07-01	11186509	233272	17247	0	28	1	1	0	2	0	2	0	3	1	3	0	0	0	0	22	0	7	0	0	0	0	0	0	0	0	0	0	0	0	0	0	0
Sci Adv	2024-07-01	11192080	234497	15270	0	33	0	4	0	1	2	0	0	0	1	21	0	0	0	0	28	0	1	0	0	0	0	1	0	0	0	0	0	2	0	0	0	0
Sci Adv	2024-07-01	11186491	204322	15312	0	15	1	3	0	0	3	0	0	0	3	7	0	0	2	0	36	0	0	1	0	0	0	0	1	0	0	0	0	0	1	1	0	0
Sci Adv	2024-07-01	11186481	144944	11161	0	3	0	0	0	0	4	1	0	7	8	3	0	0	1	0	5	0	0	0	0	0	2	0	0	0	0	0	2	0	0	0	0	0
Sci Adv	2024-07-01	11186497	231739	18668	0	7	0	3	0	1	3	0	0	4	5	1	0	0	0	0	9	0	0	1	0	0	1	0	0	0	0	0	0	1	0	2	0	0
Sci Adv	2024-07-01	11192073	179732	12056	0	4	0	0	0	0	4	0	0	3	0	4	0	0	0	0	8	0	0	1	0	0	0	0	0	0	0	0	0	0	0	2	0	0
Sci Adv	2024-07-01	11186498	194500	11627	0	2	0	0	0	0	1	0	0	0	0	0	0	0	0	0	4	0	0	0	0	0	0	0	0	0	0	0	0	0	0	0	0	0
Sci Adv	2024-07-01	11186489	159390	11754	0	0	1	0	0	0	0	0	0	0	0	1	0	0	0	0	5	0	0	1	0	0	1	0	0	0	0	0	1	0	0	0	0	0
Sci Adv	2024-07-01	11192077	227712	14891	0	23	1	4	0	6	1	0	0	0	0	3	0	0	1	0	19	0	0	1	0	0	0	2	0	0	0	0	0	0	0	0	0	0
Sci Adv	2024-07-01	11192074	143704	14024	0	6	0	0	0	0	2	3	0	1	4	0	0	0	0	0	23	0	0	0	0	0	1	0	0	0	0	0	0	0	0	0	0	0
Sci Adv	2024-07-01	11192082	388070	26160	0	15	0	1	0	1	4	3	0	0	2	0	0	1	0	0	45	0	1	6	0	0	0	1	0	0	0	0	0	0	0	0	0	0
Sci Adv	2024-07-01	11186501	447531	25841	0	30	2	2	0	0	5	1	0	0	25	1	0	0	3	0	21	0	1	1	0	0	0	0	0	0	0	0	1	0	0	0	0	2
Sci Adv	2024-07-01	11186503	178924	15317	0	8	0	4	0	0	7	17	0	3	0	3	0	0	0	0	20	0	0	2	0	0	0	0	0	0	0	0	0	0	1	0	0	0
Sci Adv	2024-07-01	11186496	163908	10039	0	0	0	0	0	0	0	0	0	0	0	0	0	0	0	0	2	0	0	0	0	0	0	0	1	0	0	0	0	0	0	0	0	0
Sci Adv	2024-07-01	11192083	250548	13663	0	1	0	0	0	0	0	8	0	1	5	1	0	0	1	0	15	0	0	1	0	0	0	0	0	0	0	0	0	0	0	0	0	0
Sci Adv	2024-07-01	11192076	138736	9293	0	3	2	0	0	0	0	0	0	0	2	6	0	0	0	0	2	0	0	1	0	0	0	0	0	0	0	0	0	0	0	0	0	0
Sci Adv	2024-07-01	11192072	90414	7470	0	0	0	0	0	0	1	0	0	0	11	2	0	0	0	0	16	0	0	0	0	0	1	0	0	0	0	0	0	0	0	0	0	0
Sci Adv	2024-07-01	11186500	145454	10227	0	8	0	1	0	0	0	1	0	0	0	1	0	0	0	0	1	0	0	1	0	0	1	0	0	0	0	0	0	0	0	0	0	0
Sci Adv	2024-07-01	11204282	125730	8449	1	1	0	1	0	0	0	0	0	3	1	1	0	0	0	0	6	0	0	0	0	0	0	0	0	0	0	0	0	0	0	0	0	0
Sci Adv	2024-07-01	11204292	172590	14822	0	10	0	1	0	2	3	4	0	0	0	6	0	0	0	0	16	0	0	1	0	0	0	0	0	0	0	0	0	0	0	0	0	0
Sci Adv	2024-07-01	11204288	106336	7544	0	1	0	0	0	0	1	0	0	1	1	2	0	0	0	0	1	0	0	0	0	0	0	0	0	0	0	0	0	0	0	0	0	0
Sci Adv	2024-07-01	11204207	166699	10965	0	0	1	0	0	0	0	0	0	0	1	0	0	0	0	0	18	0	0	2	0	0	0	0	0	0	0	0	0	0	0	0	0	0
Sci Adv	2024-07-01	11204201	112954	10205	0	8	0	1	0	0	8	1	0	0	0	2	0	0	0	0	19	0	0	0	0	0	0	0	0	0	0	0	0	0	0	0	0	0
Sci Adv	2024-07-01	11212730	201890	11414	0	3	5	0	0	0	0	0	0	0	1	5	0	0	0	0	3	0	0	2	0	0	0	0	0	0	0	0	0	1	0	0	0	1
Sci Adv	2024-07-01	11204298	292327	23314	0	9	0	5	0	1	4	7	0	11	0	13	0	0	1	0	29	0	0	3	0	0	1	0	0	0	0	0	0	0	0	0	0	0
Sci Adv	2024-07-01	11212734	111052	8446	0	2	0	1	0	0	2	0	0	1	0	0	0	0	0	0	2	0	0	1	0	0	0	3	0	0	0	0	0	0	0	0	0	0
Sci Adv	2024-07-01	11204291	220017	14032	0	10	2	0	0	0	0	1	0	0	1	0	0	0	0	0	9	0	0	0	0	0	0	0	0	0	0	0	0	0	0	0	0	0
Sci Adv	2024-07-01	11204215	207640	16299	0	9	0	4	0	3	8	3	0	6	0	0	0	0	0	0	11	0	1	0	0	0	0	0	1	0	0	0	0	0	0	0	0	0
Sci Adv	2024-07-01	11212728	159195	9946	0	0	0	0	0	0	0	2	0	0	11	0	0	0	0	0	3	0	0	3	0	0	1	0	1	0	0	1	0	0	0	0	0	0
Sci Adv	2024-07-01	11204300	392550	19950	0	14	0	6	0	0	7	4	0	0	2	5	0	0	0	0	10	0	1	14	0	0	1	2	0	0	0	0	0	0	0	0	0	0
Sci Adv	2024-07-01	11204287	140969	9534	0	2	3	0	0	0	0	0	0	0	2	0	0	0	1	0	0	0	0	0	0	0	0	3	0	0	0	0	0	2	0	0	0	0
Sci Adv	2024-07-01	11212737	190856	16083	0	15	0	0	0	0	2	5	0	1	0	16	0	0	0	0	22	0	0	3	0	1	0	0	0	0	0	0	0	0	0	0	0	0
Sci Adv	2024-07-01	11212723	127590	10683	0	8	0	3	0	0	0	2	0	5	0	6	0	0	0	0	8	0	0	2	0	0	1	0	0	0	0	0	0	0	0	0	0	0
Sci Adv	2024-07-01	11204206	149543	13036	0	3	0	2	0	0	1	8	0	0	6	1	0	0	1	0	62	0	0	0	0	0	2	2	2	0	0	0	0	0	0	0	0	0
Sci Adv	2024-07-01	11204295	211583	15093	0	4	0	1	0	1	0	6	0	0	3	5	0	0	0	0	15	0	2	3	0	0	1	0	0	0	0	0	0	0	0	0	0	0
Sci Adv	2024-07-01	11212768	203985	15644	0	10	0	3	0	1	0	14	0	0	1	4	0	1	0	0	42	0	0	0	0	0	0	0	0	0	0	0	0	0	0	0	0	0
Sci Adv	2024-07-01	11204290	121161	8962	0	12	0	0	0	0	2	1	0	0	0	1	0	0	0	0	4	0	2	1	0	0	1	0	0	0	0	0	0	0	0	0	0	0
Sci Adv	2024-07-01	11212735	261661	19397	0	22	2	2	0	3	0	4	0	0	15	3	0	0	1	0	37	0	0	5	0	0	0	0	0	0	0	0	0	0	0	0	0	0
Sci Adv	2024-07-01	11204283	155217	11795	0	1	1	0	0	0	1	0	0	0	6	2	0	0	0	0	3	0	0	0	0	0	0	0	0	0	0	0	1	0	0	0	0	0
Sci Adv	2024-07-01	11212709	134564	9831	0	4	0	0	0	0	1	3	0	0	0	1	0	0	0	0	24	0	0	1	0	0	0	0	0	0	0	0	0	0	0	0	0	0
Sci Adv	2024-07-01	11636984	152196	10008	0	0	0	1	0	0	1	0	0	1	15	0	0	0	0	0	16	0	0	0	0	0	0	1	0	0	0	0	0	0	1	0	0	0
Sci Adv	2024-07-01	11212731	186692	12815	0	13	0	1	0	0	4	2	0	1	0	10	0	0	0	0	16	0	0	0	0	0	0	0	0	0	0	0	0	0	0	0	0	0
Sci Adv	2024-07-01	11212769	197865	12498	0	3	0	1	0	0	0	0	0	0	1	0	0	0	0	0	9	0	0	0	0	1	3	0	0	0	0	0	0	0	0	0	0	0
